***** PARAMETERS PRP *****

Number of Customers = 20
Number of Products = 8
Number of Vehicles = 5
Number of Periods = 12

B = Production capacity
	26536

b_p = Time required to produce item p
 	1	1	1	1	1	1	1	1

c_p = Production cost of item p
 	80	80	80	80	80	30	80	80

s_p = Setup cost of item p
 	800	800	800	800	800	300	800	800

M = Big number
	106144

U_pi = Maximum inventory upper bound of item p at site i
 	106144	158	210	187	271	131	145	257	270	272	113	256	164	254	135	293	329	244	235	345	243
	106144	197	117	148	121	238	312	142	243	308	302	233	162	240	104	223	119	270	166	120	206
	106144	168	158	268	81	103	99	122	112	191	132	158	264	126	190	308	85	88	216	249	94
	106144	109	180	134	116	344	88	222	212	308	251	268	256	162	196	283	255	199	166	155	139
	106144	316	157	146	159	317	158	156	187	160	210	197	303	252	271	171	260	202	102	83	99
	106144	227	289	213	163	202	154	184	198	272	124	173	255	127	158	308	184	179	148	87	110
	106144	196	204	121	286	109	100	164	151	168	119	274	269	106	97	184	151	114	218	264	165
	106144	211	273	133	206	175	241	141	217	144	140	342	84	176	311	161	119	247	199	207	180

I_pi0 = Initial inventory of item p at site i
 	0	131	125	32	188	64	99	135	57	46	58	104	139	98	39	148	171	157	123	116	35
	0	114	92	124	70	20	170	119	43	238	134	206	55	41	90	40	74	36	70	74	185
	0	59	125	96	64	97	85	29	73	138	132	113	237	98	88	41	69	17	123	141	27
	0	19	175	61	10	324	82	33	144	226	67	166	173	17	11	168	155	155	146	128	94
	0	288	156	67	51	212	98	100	106	58	127	183	56	215	203	157	231	103	68	66	98
	0	203	36	89	135	134	77	85	197	250	109	115	221	98	34	212	70	18	115	75	80
	0	142	53	66	223	67	56	83	91	165	29	52	33	75	30	153	72	80	114	73	25
	0	62	191	108	61	107	81	12	156	77	135	201	47	83	228	68	64	173	192	161	88

h_pi = Inventory cost of item p at site i
 	8	0	0	0	0	0	0	0	0	0	0	0	0	0	0	0	0	0	0	0	0
	8	0	0	0	0	0	0	0	0	0	0	0	0	0	0	0	0	0	0	0	0
	8	0	0	0	0	0	0	0	0	0	0	0	0	0	0	0	0	0	0	0	0
	8	0	0	0	0	0	0	0	0	0	0	0	0	0	0	0	0	0	0	0	0
	8	0	0	0	0	0	0	0	0	0	0	0	0	0	0	0	0	0	0	0	0
	3	0	0	0	0	0	0	0	0	0	0	0	0	0	0	0	0	0	0	0	0
	8	0	0	0	0	0	0	0	0	0	0	0	0	0	0	0	0	0	0	0	0
	8	0	0	0	0	0	0	0	0	0	0	0	0	0	0	0	0	0	0	0	0

C = Vehicle capacity
	2760

f = Fixed transportation cost
	20622

a_ik = Transportation cost for traveling from node i to node k
 	0	623	86	620	196	141	195	366	233	323	393	525	326	274	201	589	198	608	209	510	508
	623	0	706	46	817	756	613	982	430	931	236	280	895	427	815	165	818	174	422	197	115
	86	706	0	701	112	87	209	281	302	238	474	591	251	336	138	664	113	682	295	584	592
	620	46	701	0	813	756	596	975	417	922	228	241	882	408	816	121	813	129	425	163	123
	196	817	112	813	0	98	288	173	409	140	586	696	195	440	89	773	12	791	404	694	704
	141	756	87	756	98	0	296	261	373	236	531	665	286	412	61	729	107	748	335	650	641
	195	613	209	596	288	296	0	411	186	350	381	431	289	189	343	529	281	544	288	451	508
	366	982	281	975	173	261	411	0	563	63	748	839	167	586	222	926	169	943	575	847	869
	233	430	302	417	409	373	186	563	0	508	196	292	466	52	432	365	407	383	154	285	323
	323	931	238	922	140	236	350	63	508	0	696	779	111	528	210	870	133	886	530	790	818
	393	236	474	228	586	531	381	748	196	696	0	207	661	201	591	210	586	231	208	141	128
	525	280	591	241	696	665	431	839	292	779	207	0	717	257	723	127	693	132	386	93	245
	326	895	251	882	195	286	289	167	466	111	661	717	0	476	281	817	184	832	520	739	787
	274	427	336	408	440	412	189	586	52	528	201	257	476	0	470	343	437	359	203	264	326
	201	815	138	816	89	61	343	222	432	210	591	723	281	470	0	789	100	808	394	710	701
	589	165	664	121	773	729	529	926	365	870	210	127	817	343	789	0	771	22	416	80	173
	198	818	113	813	12	107	281	169	407	133	586	693	184	437	100	771	0	789	407	692	704
	608	174	682	129	791	748	544	943	383	886	231	132	832	359	808	22	789	0	437	99	192
	209	422	295	425	404	335	288	575	154	530	208	386	520	203	394	416	407	437	0	343	308
	510	197	584	163	694	650	451	847	285	790	141	93	739	264	710	80	692	99	343	0	153
	508	115	592	123	704	641	508	869	323	818	128	245	787	326	701	173	704	192	308	153	0

coordXY = Coordinates (x,y): line zero => x line one => y column => customers
 	293	457	250	412	218	306	120	118	244	103	355	191	24	203	304	293	207	284	391	283	434
	668	68	742	60	849	808	579	989	441	928	280	154	851	410	868	80	846	61	484	159	180

d_pit = Demand of item p at customer i in period t
 	90	41	63	31	37	36	88	91	12	24	35	83
	57	68	58	96	50	18	46	70	41	19	29	78
	32	37	36	76	21	34	22	43	96	42	28	94
	96	92	92	52	41	73	21	16	34	11	88	35
	64	90	51	10	22	67	10	16	56	55	67	17
	99	75	31	59	99	95	27	53	40	96	99	95
	43	57	15	20	64	55	63	47	85	51	92	24
	45	12	94	12	35	89	92	36	56	65	46	67
	46	76	26	48	82	31	84	41	63	44	81	30
	58	91	30	31	31	22	27	96	85	80	57	71
	41	23	40	40	54	93	42	54	61	38	89	40
	18	28	93	58	17	16	26	39	36	71	21	70
	98	50	23	88	82	71	85	23	10	51	11	17
	25	14	90	88	84	99	61	42	65	49	96	94
	29	58	61	86	58	76	72	71	86	57	28	22
	26	81	64	90	49	23	90	82	96	22	68	99
	64	93	90	95	17	43	55	50	69	33	40	84
	74	49	88	55	15	84	73	25	71	90	48	34
	42	74	97	84	54	84	34	52	92	42	85	88
	35	30	86	62	65	84	74	24	74	90	84	22

	36	15	63	26	29	99	43	40	84	18	77	60
	92	18	75	43	97	31	97	56	28	36	32	95
	37	87	87	33	82	53	99	13	11	41	31	18
	70	28	73	89	46	20	90	64	43	48	94	59
	20	97	12	41	43	36	35	84	72	21	26	83
	72	69	29	22	13	71	63	66	86	86	99	73
	55	38	26	34	78	30	62	38	12	59	59	75
	43	28	58	27	58	90	91	92	99	92	35	15
	34	63	64	77	66	79	38	28	98	86	74	31
	84	50	29	30	24	81	97	87	81	24	54	83
	59	60	87	40	88	24	65	64	83	19	77	34
	55	95	86	21	14	83	41	57	41	57	67	32
	41	96	87	22	27	69	74	70	94	56	64	21
	90	22	36	53	35	90	13	77	31	37	69	68
	40	72	45	72	73	54	50	17	84	57	45	60
	56	18	34	71	20	36	70	51	26	35	26	34
	36	77	12	63	84	84	72	65	37	24	59	35
	70	49	97	80	39	33	23	62	66	45	39	61
	74	92	29	71	87	74	54	74	37	31	37	58
	73	92	20	24	83	99	18	56	40	18	31	63

	59	55	18	17	23	14	22	12	82	56	79	67
	67	58	55	20	71	69	12	25	31	93	81	48
	12	46	38	32	56	80	50	17	84	80	83	64
	64	34	25	27	47	31	38	32	77	41	51	20
	97	27	86	90	45	17	21	71	53	53	32	27
	23	62	55	53	16	63	17	93	68	57	56	31
	29	39	68	41	16	12	88	72	51	44	16	13
	73	53	16	57	56	96	62	38	22	71	89	36
	91	47	58	82	77	25	59	42	61	55	90	76
	56	76	97	42	98	81	96	33	53	56	48	56
	82	31	84	63	41	17	75	24	22	20	77	94
	95	55	87	93	75	65	41	59	75	34	45	67
	98	92	49	25	37	46	40	92	37	61	85	93
	88	49	28	94	44	47	51	37	98	91	45	87
	41	53	59	78	90	54	29	84	79	49	93	29
	69	17	22	78	37	64	47	42	62	36	16	20
	17	78	13	66	65	42	86	41	27	12	62	17
	96	27	21	97	21	61	52	84	95	32	40	21
	84	20	37	58	85	49	61	40	60	41	39	23
	27	20	44	79	26	66	68	99	11	14	93	16

	19	84	25	83	73	74	95	72	28	13	45	41
	62	58	55	39	60	50	60	66	57	75	53	84
	61	80	89	17	90	97	33	63	12	90	76	98
	10	14	99	59	100	67	18	95	60	17	62	97
	86	99	71	68	91	27	24	96	53	95	50	65
	21	61	59	25	84	85	48	12	30	39	36	27
	17	16	19	95	86	56	12	71	24	37	81	18
	55	51	38	17	66	70	83	43	14	98	33	67
	65	61	26	74	95	35	56	89	98	22	37	82
	67	69	46	97	47	32	96	89	92	22	49	47
	33	95	38	72	29	87	43	26	50	52	93	26
	31	69	51	22	58	28	98	63	33	41	78	42
	17	54	28	17	99	53	57	75	56	90	13	87
	11	70	15	90	44	43	37	68	12	77	62	59
	76	59	33	92	47	38	93	49	90	16	74	13
	95	60	27	72	80	59	82	64	66	32	75	53
	82	73	53	35	89	34	81	84	87	79	79	19
	78	45	23	32	78	26	47	99	71	78	23	65
	56	12	60	97	19	54	24	29	96	97	38	39
	94	51	54	16	79	66	65	72	64	88	93	90

	96	37	72	83	42	53	82	38	29	92	89	46
	82	56	18	30	78	48	73	55	16	45	85	41
	67	92	61	19	10	26	18	42	60	47	45	98
	29	22	29	35	68	87	84	13	11	81	84	93
	84	96	32	67	49	63	37	52	74	86	57	63
	98	80	29	71	16	68	17	88	74	38	28	24
	39	50	11	36	88	82	36	78	83	41	20	59
	19	87	51	13	54	49	21	49	14	40	21	30
	46	12	59	36	81	36	86	39	37	42	92	73
	52	75	30	28	94	68	26	27	14	41	99	75
	13	39	81	50	100	15	84	43	14	60	62	29
	56	75	14	90	19	70	47	98	38	55	68	98
	81	91	43	14	42	97	13	86	67	75	87	61
	94	51	58	36	51	59	94	79	86	66	55	84
	98	59	69	42	91	23	63	58	45	15	40	79
	72	90	69	21	69	74	14	95	54	22	20	24
	80	23	66	62	82	60	86	43	47	17	19	20
	68	27	18	80	53	24	39	12	96	51	68	77
	66	70	20	10	47	13	60	43	77	22	45	26
	74	24	17	76	85	47	84	53	15	59	44	16

	16	80	35	72	39	31	63	72	68	18	88	100
	36	81	95	35	87	14	54	88	88	79	25	11
	69	20	21	68	17	54	44	48	34	73	33	29
	44	43	22	26	96	58	36	69	63	44	55	97
	86	48	71	69	35	52	16	38	50	84	36	20
	77	94	47	14	39	89	13	32	67	24	56	64
	85	92	99	23	91	14	90	47	34	46	54	61
	86	33	78	32	52	16	73	35	20	10	29	10
	88	62	100	59	25	94	41	47	74	93	96	36
	57	52	93	81	57	54	72	20	65	59	77	57
	44	48	23	31	44	78	17	31	63	86	35	19
	70	19	71	61	57	89	47	99	23	19	37	19
	98	72	19	18	47	87	71	92	36	92	42	89
	34	32	46	81	91	25	20	56	59	58	33	97
	36	66	16	94	96	92	81	14	46	76	58	64
	70	79	36	47	91	60	89	27	74	80	46	35
	18	49	53	70	55	19	16	36	16	87	59	60
	86	29	57	20	69	72	22	34	51	26	57	67
	19	37	19	85	73	53	14	68	61	19	11	62
	19	61	21	12	99	59	17	32	96	86	66	94

	64	78	79	80	91	76	97	58	66	22	61	12
	53	12	37	22	51	66	15	61	89	69	56	80
	66	79	50	77	49	63	13	91	37	41	90	71
	71	61	56	35	15	48	61	57	89	73	66	54
	42	25	22	65	48	44	69	84	70	66	22	95
	56	83	68	11	47	41	53	36	94	30	34	46
	21	62	95	11	13	70	70	53	47	56	57	100
	91	69	88	88	75	58	88	75	70	41	64	99
	91	74	39	19	37	96	73	36	20	92	26	69
	29	55	32	66	67	33	21	31	78	22	22	19
	52	75	27	30	33	71	95	65	95	35	55	25
	33	17	17	81	69	76	70	94	11	94	61	22
	46	29	69	22	69	36	25	56	98	95	55	36
	30	41	50	43	19	83	25	93	72	82	19	25
	74	79	38	75	76	96	75	28	39	25	95	35
	72	79	68	49	44	58	27	23	21	61	70	31
	80	38	58	29	80	20	84	33	81	77	43	63
	11	11	44	48	32	77	69	62	88	95	81	36
	73	63	19	43	47	26	44	91	86	63	22	56
	13	12	85	87	50	34	50	46	77	62	79	63

	62	67	16	28	80	86	22	74	98	56	30	15
	95	76	20	98	66	14	39	52	65	12	67	50
	12	96	90	22	28	95	93	65	85	99	36	74
	61	21	62	77	65	76	67	40	80	99	100	77
	12	81	14	69	98	83	38	18	70	84	38	94
	52	29	23	82	49	23	65	50	27	56	69	54
	12	75	71	98	24	53	92	93	98	87	82	62
	68	35	53	63	56	88	46	55	13	63	72	38
	77	58	17	23	80	39	15	83	51	33	48	50
	83	52	80	80	24	88	97	94	38	69	46	91
	29	96	14	62	75	91	83	91	49	90	54	87
	47	43	51	50	23	85	43	11	51	16	28	58
	83	79	31	26	28	16	44	85	69	98	61	85
	85	49	94	90	94	68	46	18	18	98	56	31
	68	58	42	34	61	70	37	94	13	93	48	26
	64	25	56	95	99	25	43	95	60	87	21	46
	39	69	65	23	89	46	27	76	54	93	79	80
	47	64	81	19	23	45	48	41	76	25	55	73
	83	78	72	89	59	63	85	87	40	19	72	81
	47	41	31	96	98	43	98	16	39	99	42	71

