***** PARAMETERS PRP *****

Number of Customers = 30
Number of Products = 10
Number of Vehicles = 5
Number of Periods = 12

B = Production capacity
	49293

b_p = Time required to produce item p
 	1	1	1	1	1	1	1	1	1	1

c_p = Production cost of item p
 	300	300	800	800	800	800	800	300	800	300

s_p = Setup cost of item p
 	300	300	800	800	800	800	800	300	800	300

M = Big number
	197171

U_pi = Maximum inventory upper bound of item p at site i
 	197171	86	129	102	162	105	179	228	113	160	238	247	238	140	197	245	230	229	94	161	231	275	223	242	127	138	212	152	208	97	337
	197171	262	288	138	116	91	109	183	135	259	174	233	203	244	156	153	107	258	113	145	207	97	224	222	170	285	255	109	153	225	264
	197171	107	253	115	89	138	255	206	229	88	169	200	250	149	280	168	287	254	87	143	102	178	128	110	258	230	119	176	208	99	313
	197171	229	244	200	255	120	99	244	268	335	109	174	191	140	113	146	238	160	176	181	132	206	272	128	115	271	120	314	149	206	209
	197171	277	137	221	310	159	189	290	167	170	262	339	112	103	266	114	164	272	206	147	248	224	196	99	97	248	171	285	191	242	257
	197171	270	183	269	271	243	105	196	179	276	295	177	170	240	296	199	236	209	146	247	228	267	305	156	223	280	299	195	154	344	235
	197171	248	235	143	137	193	188	137	121	180	230	193	126	280	279	220	213	116	224	205	260	236	261	235	300	180	103	259	230	229	124
	197171	113	101	121	176	162	317	114	179	152	103	177	121	63	145	205	97	112	249	184	281	115	221	99	245	159	102	131	222	205	162
	197171	223	147	241	101	117	263	313	247	313	205	176	178	258	320	107	107	145	168	180	228	186	259	117	235	204	118	161	257	131	267
	197171	238	212	230	131	373	87	176	308	153	196	184	201	235	201	169	224	260	168	202	197	112	87	247	90	137	183	236	141	128	133

I_pi0 = Initial inventory of item p at site i
 	0	29	110	47	145	11	12	190	27	135	73	93	123	13	176	83	200	158	72	32	196	141	74	85	65	32	139	62	75	88	60
	0	32	248	112	102	45	31	24	90	227	161	233	117	46	75	130	91	83	53	73	82	24	170	182	108	51	95	36	153	40	91
	0	106	250	57	77	33	197	140	210	50	126	148	173	129	32	60	120	99	58	50	60	169	122	96	193	71	53	74	190	48	128
	0	152	228	93	67	33	15	232	21	159	78	96	77	21	111	12	58	138	78	160	92	115	115	95	86	95	57	12	48	154	177
	0	238	110	219	224	117	176	196	14	87	169	299	79	35	53	93	54	240	61	65	161	130	110	44	39	103	144	82	34	21	52
	0	193	14	197	207	220	73	50	18	181	219	159	124	210	173	55	181	81	30	166	30	136	158	116	53	40	119	155	75	287	160
	0	209	77	53	48	154	82	39	71	138	121	43	109	43	223	76	95	76	176	132	65	15	123	208	212	124	12	188	137	139	74
	0	51	74	71	133	115	205	74	24	113	75	146	84	48	49	125	13	13	173	80	244	68	158	86	32	40	79	95	76	13	154
	0	181	24	172	57	56	66	54	142	16	93	164	146	26	201	26	24	100	11	92	183	175	181	116	146	55	96	92	28	13	53
	0	131	204	170	91	143	81	170	198	93	106	60	153	74	102	53	185	212	92	199	180	63	86	140	19	104	135	62	49	83	77

h_pi = Inventory cost of item p at site i
 	3	8	6	2	1	3	4	9	6	2	8	1	9	5	1	3	5	4	4	3	6	7	2	6	5	6	6	8	1	4	7
	3	3	6	8	2	7	7	7	1	7	5	7	9	8	4	6	6	2	6	1	3	6	7	1	8	4	2	6	6	1	1
	8	8	4	8	2	1	8	8	4	9	8	7	5	9	3	8	1	7	3	9	4	2	5	6	1	4	9	7	5	9	4
	8	9	5	8	1	1	7	6	9	1	4	1	9	6	3	2	2	4	9	6	6	3	5	7	2	5	5	3	7	7	9
	8	5	6	2	3	8	2	4	6	6	5	5	9	6	9	9	9	5	9	1	6	9	6	1	9	1	8	2	5	2	6
	8	1	3	9	2	4	4	9	7	6	5	8	5	4	6	7	3	9	5	9	8	7	3	9	3	1	6	3	8	8	8
	8	3	6	5	8	8	2	5	2	9	5	6	8	9	1	9	3	9	7	8	1	7	2	1	9	9	3	5	6	3	7
	3	5	5	3	9	7	4	2	2	6	5	3	9	7	1	8	6	5	6	4	3	7	9	2	9	8	1	4	5	2	7
	8	4	8	8	1	8	1	5	1	5	6	9	1	4	1	7	5	1	9	9	2	8	3	2	6	4	8	8	4	9	5
	3	1	9	8	7	4	6	2	6	8	6	1	1	4	5	8	7	1	3	8	3	9	2	3	2	4	1	4	1	3	8

C = Vehicle capacity
	3730

f = Fixed transportation cost
	31682

a_ik = Transportation cost for traveling from node i to node k
 	0	644	331	183	362	210	243	324	322	525	529	588	35	148	271	462	107	214	691	147	253	612	212	552	580	260	156	578	318	530	128
	644	0	957	815	932	831	406	543	913	142	207	81	610	537	880	388	552	827	282	642	865	155	625	113	318	534	711	145	945	192	541
	331	957	0	248	395	268	569	626	97	827	858	908	363	475	84	788	438	287	1022	323	96	940	491	873	910	571	375	904	252	859	417
	183	815	248	0	204	35	409	395	293	703	678	752	214	283	235	574	263	51	824	288	220	765	256	715	704	348	136	733	135	682	310
	362	932	395	204	0	169	540	427	468	839	765	861	385	403	414	623	405	157	883	487	404	853	310	824	757	408	230	828	146	773	486
	210	831	268	35	169	0	426	393	321	723	688	767	239	296	263	577	281	20	830	321	250	776	254	730	708	350	135	745	115	693	337
	243	406	569	409	540	426	0	246	543	300	291	346	209	137	500	273	146	423	462	286	483	372	252	310	365	194	312	336	540	291	168
	324	543	626	395	427	393	246	0	638	486	352	464	306	191	583	196	238	379	456	446	565	438	139	430	330	67	260	419	493	363	347
	322	913	97	293	468	321	543	638	0	779	833	871	349	469	60	783	426	340	1003	272	76	911	510	837	898	577	404	874	332	832	380
	525	142	827	703	839	723	300	486	779	0	223	140	492	437	749	376	443	720	367	508	734	228	542	131	355	461	612	194	836	207	413
	529	207	858	678	765	688	291	352	833	223	0	126	496	396	791	183	425	680	179	571	773	89	456	104	133	357	558	68	800	17	455
	588	81	908	752	861	767	346	464	871	140	126	0	554	472	834	308	491	761	231	601	818	92	552	37	245	458	643	69	881	111	493
	35	610	363	214	385	239	209	306	349	492	496	554	0	122	300	434	77	241	659	148	282	579	205	518	550	240	169	544	349	497	102
	148	537	475	283	403	296	137	191	469	437	396	472	122	0	418	315	48	290	550	256	400	483	129	435	436	124	176	451	410	400	160
	271	880	84	235	414	263	500	583	60	749	791	834	300	418	0	732	377	282	958	242	19	870	452	800	850	523	345	834	282	790	342
	462	388	788	574	623	577	273	196	783	376	183	308	434	315	732	0	357	565	260	549	714	258	326	280	135	227	442	249	683	197	433
	107	552	438	263	405	281	146	238	426	443	425	491	77	48	377	357	0	278	585	209	359	509	161	454	474	171	176	476	395	427	119
	214	827	287	51	157	20	423	379	340	720	680	761	241	290	282	565	278	0	819	331	268	768	241	725	697	338	124	738	121	685	341
	691	282	1022	824	883	830	462	456	1003	367	179	231	659	550	958	260	585	819	0	746	940	140	583	238	127	483	696	175	938	187	629
	147	642	323	288	487	321	286	446	272	508	571	601	148	256	242	549	209	331	746	0	228	645	352	568	650	380	300	607	410	568	118
	253	865	96	220	404	250	483	565	76	734	773	818	282	400	19	714	359	268	940	228	0	853	435	783	832	505	328	817	275	773	326
	612	155	940	765	853	776	372	438	911	228	89	92	579	483	870	258	509	768	140	645	853	0	544	99	166	445	646	40	888	84	531
	212	625	491	256	310	254	252	139	510	542	456	552	205	129	452	326	161	241	583	352	435	544	0	516	459	101	121	518	358	463	279
	552	113	873	715	824	730	310	430	837	131	104	37	518	435	800	280	454	725	238	568	783	99	516	0	231	423	607	64	844	87	458
	580	318	910	704	757	708	365	330	898	355	133	245	550	436	850	135	474	697	127	650	832	166	459	231	0	360	574	177	815	149	532
	260	534	571	348	408	350	194	67	577	461	357	458	240	124	523	227	171	338	483	380	505	445	101	423	360	0	215	421	456	365	282
	156	711	375	136	230	135	312	260	404	612	558	643	169	176	345	442	176	124	696	300	328	646	121	607	574	215	0	617	244	564	268
	578	145	904	733	828	745	336	419	874	194	68	69	544	451	834	249	476	738	175	607	817	40	518	64	177	421	617	0	858	56	494
	318	945	252	135	146	115	540	493	332	836	800	881	349	410	282	683	395	121	938	410	275	888	358	844	815	456	244	858	0	805	444
	530	192	859	682	773	693	291	363	832	207	17	111	497	400	790	197	427	685	187	568	773	84	463	87	149	365	564	56	805	0	453
	128	541	417	310	486	337	168	347	380	413	455	493	102	160	342	433	119	341	629	118	326	531	279	458	532	282	268	494	444	453	0

coordXY = Coordinates (x,y): line zero => x line one => y column => customers
 	208	139	110	300	493	333	218	460	28	84	306	200	206	287	80	442	247	350	420	62	90	290	406	208	438	400	359	267	359	290	129
	322	962	6	164	100	154	564	525	56	832	841	909	356	446	84	720	421	163	979	325	99	928	397	873	854	497	286	896	43	845	422

d_pit = Demand of item p at customer i in period t
 	29	14	14	18	99	73	28	61	82	17	38	42
	37	73	60	53	71	52	34	83	98	74	54	86
	47	57	69	52	49	19	28	78	78	36	74	25
	23	43	79	52	83	40	60	79	61	16	18	92
	11	95	95	54	96	47	12	83	32	19	75	11
	12	56	91	41	95	76	46	98	94	35	51	19
	18	94	78	30	26	57	68	87	46	42	53	85
	27	87	94	23	29	79	28	83	82	30	21	93
	69	66	44	19	15	30	85	70	37	18	92	95
	73	78	96	73	48	82	55	23	57	47	11	71
	40	53	12	60	48	71	99	44	65	97	63	88
	79	13	31	46	18	56	96	60	46	41	49	36
	13	21	43	54	55	22	70	32	82	63	32	74
	12	83	36	45	83	37	14	28	50	76	86	40
	83	12	44	75	26	76	57	51	74	39	25	27
	62	67	71	18	45	19	41	91	79	70	58	69
	32	73	53	75	55	97	100	40	59	46	36	21
	72	54	41	88	73	23	11	56	65	12	17	54
	15	17	87	44	73	29	24	38	85	19	33	19
	48	74	74	38	43	49	65	59	85	83	60	14
	67	14	60	69	64	40	39	68	86	44	26	84
	74	57	16	67	66	78	57	69	27	22	57	78
	85	35	53	41	41	28	52	77	40	37	80	11
	65	98	81	79	15	65	69	48	89	17	40	98
	32	14	65	25	84	88	60	54	82	13	16	17
	80	59	48	54	93	44	12	60	20	64	47	56
	62	38	98	20	11	48	31	98	66	53	71	13
	36	39	80	68	45	61	50	49	68	34	49	45
	19	69	32	71	42	19	66	62	60	50	73	18
	48	12	52	100	90	97	66	63	63	51	69	97

	32	64	88	44	84	88	12	29	78	32	63	15
	25	97	61	65	38	18	22	72	99	42	70	81
	68	44	34	72	20	71	86	33	17	15	30	60
	32	70	43	73	81	25	19	94	90	80	54	37
	45	46	47	39	50	37	23	51	41	33	71	62
	31	98	41	27	49	67	76	10	84	78	69	21
	24	77	86	63	69	17	50	80	13	82	85	85
	90	77	90	70	14	87	92	99	27	47	81	36
	69	65	93	99	65	36	76	21	31	33	18	15
	85	43	33	34	81	54	51	98	70	49	82	15
	40	49	89	55	26	78	96	24	27	99	87	30
	26	91	97	80	43	83	89	17	81	46	68	91
	46	18	97	34	38	22	30	95	56	79	52	19
	75	48	66	13	20	80	62	32	43	56	39	89
	74	56	85	43	85	82	73	94	92	66	73	96
	91	92	68	34	18	89	10	16	31	69	67	57
	83	63	86	21	24	38	84	61	35	87	23	14
	53	82	63	16	21	79	15	43	63	86	75	82
	51	22	88	15	95	96	26	61	21	53	16	37
	82	94	17	18	39	42	86	45	93	38	48	18
	24	30	15	44	45	82	57	58	85	48	46	50
	94	76	41	78	52	11	62	84	40	13	31	89
	86	51	45	80	77	32	54	78	47	56	25	35
	31	65	12	50	53	80	17	96	60	34	99	84
	51	66	13	71	24	96	14	91	51	70	42	96
	95	13	72	93	66	89	49	75	33	48	88	43
	21	15	89	50	100	87	76	42	64	27	25	59
	11	80	34	28	51	97	60	53	21	52	28	95
	40	57	80	19	39	34	39	31	73	11	99	19
	23	33	35	86	42	86	79	67	20	55	34	73

	22	52	32	49	99	72	47	35	53	13	66	99
	88	100	62	56	36	59	67	71	72	44	10	93
	41	16	86	89	64	62	92	39	44	31	73	50
	16	61	21	41	34	22	74	12	90	42	30	89
	33	32	38	26	57	26	77	89	94	15	23	40
	27	67	72	31	51	59	96	86	74	29	99	74
	45	65	30	87	35	40	97	25	83	21	21	70
	35	86	89	46	94	32	86	86	15	50	16	53
	23	27	89	28	40	78	25	51	36	58	15	55
	41	85	70	61	65	70	54	45	30	31	64	61
	67	26	55	96	19	29	18	78	10	25	46	11
	87	51	35	77	93	74	56	85	66	51	62	14
	79	20	12	18	44	60	54	23	17	65	39	17
	32	11	40	56	98	59	16	71	51	94	63	82
	60	43	13	46	92	73	85	19	12	94	68	66
	86	34	43	15	62	80	61	91	30	62	95	30
	30	69	84	76	61	81	50	95	95	27	45	49
	58	33	28	65	28	66	16	85	48	36	34	23
	50	15	37	13	45	30	13	11	25	49	14	40
	17	43	96	13	76	48	94	23	96	69	17	21
	93	76	45	65	53	46	85	28	12	74	41	94
	96	26	41	47	86	20	81	94	86	82	92	19
	15	47	34	36	56	24	74	27	59	23	12	32
	12	95	86	26	97	17	56	16	48	98	15	53
	54	17	41	40	46	43	100	24	49	34	12	91
	53	81	78	27	42	61	85	15	20	75	99	75
	74	81	13	38	26	33	95	18	38	14	12	85
	94	96	29	47	94	85	98	43	44	80	98	22
	12	36	60	29	46	27	98	93	37	51	41	66
	52	76	77	55	66	50	22	76	60	94	61	63

	60	92	46	72	53	25	31	99	40	35	49	85
	13	90	86	39	40	48	95	97	62	52	82	27
	23	13	40	17	76	26	97	65	84	73	69	16
	67	64	81	100	17	43	22	43	79	21	53	23
	33	92	75	49	27	35	89	90	60	88	18	62
	15	45	55	47	76	55	10	64	40	60	75	52
	37	83	91	21	33	87	50	87	90	38	43	71
	21	60	41	93	43	44	57	91	29	66	77	21
	88	71	74	47	94	63	79	70	75	17	96	29
	78	93	15	87	24	80	17	62	29	32	55	83
	96	80	44	18	26	18	60	50	78	90	47	90
	34	14	29	10	53	83	24	60	90	50	71	56
	21	15	58	26	52	13	30	99	93	77	38	37
	80	31	95	32	60	57	69	29	47	88	31	57
	12	26	87	37	84	55	35	49	33	64	22	78
	58	90	87	100	67	35	52	83	41	11	37	53
	92	46	82	26	74	75	42	58	41	37	23	45
	61	17	32	96	93	87	51	41	38	81	35	72
	17	87	28	28	77	51	80	35	21	76	15	27
	22	44	26	65	48	21	26	45	68	27	50	87
	26	89	96	40	93	72	38	89	92	85	22	83
	63	52	13	42	52	44	87	62	76	38	47	77
	95	39	87	68	88	45	58	51	75	22	93	44
	86	80	43	19	83	20	48	59	73	88	20	70
	95	29	49	22	56	59	19	82	30	73	75	62
	57	42	57	79	33	66	76	62	40	98	33	75
	12	97	37	78	90	74	70	29	14	93	70	89
	48	84	21	29	46	65	22	38	71	91	61	18
	91	27	36	90	22	70	43	31	30	35	84	58
	91	86	45	30	97	92	24	20	72	92	96	92

	94	78	66	53	83	17	13	72	11	20	78	80
	39	71	98	83	60	86	95	22	69	69	70	58
	98	56	65	71	38	32	67	59	32	31	66	47
	69	71	84	88	28	92	55	21	59	55	98	25
	98	19	78	75	74	28	59	28	17	54	44	60
	94	82	14	90	75	79	35	44	37	84	95	25
	58	52	40	46	46	87	65	62	84	97	14	44
	14	51	92	46	84	70	38	60	81	25	44	61
	87	33	72	33	61	96	33	91	22	42	94	17
	22	41	75	31	68	10	13	31	99	90	92	57
	59	98	90	52	17	98	93	97	79	58	31	42
	66	13	66	91	87	43	65	34	58	53	12	82
	35	85	50	13	51	31	69	63	71	64	55	30
	53	50	11	51	87	46	36	58	80	88	20	59
	44	49	35	70	18	94	80	27	25	76	80	85
	54	63	22	88	47	51	17	59	92	38	39	84
	77	88	19	56	70	88	71	96	46	69	64	72
	50	11	72	74	94	63	83	94	89	71	46	78
	65	89	93	70	70	88	38	93	56	73	93	55
	62	99	89	62	29	66	57	90	16	43	95	37
	31	99	45	25	35	49	12	91	91	67	83	44
	63	47	12	74	22	27	51	14	11	84	95	87
	44	13	97	67	20	16	71	26	80	71	52	38
	39	78	80	63	18	17	36	39	75	81	16	40
	25	25	53	20	66	20	24	39	87	56	81	99
	69	75	56	62	73	21	44	87	25	66	60	44
	82	65	40	59	12	38	84	68	74	31	79	51
	34	42	38	81	25	72	12	90	18	18	53	89
	21	55	42	98	28	39	58	96	43	48	22	31
	52	84	100	88	65	45	29	29	43	83	65	88

	96	60	37	60	80	76	23	89	97	78	41	74
	14	17	71	37	93	49	29	83	37	20	41	59
	92	71	34	74	58	64	71	75	78	100	64	26
	100	12	95	46	16	16	95	54	80	80	42	15
	89	54	77	26	64	52	70	74	58	36	62	68
	47	26	87	21	96	72	28	80	17	48	87	18
	50	50	84	85	44	20	37	21	52	85	25	35
	18	64	14	45	32	81	90	42	81	98	85	65
	21	21	94	45	88	94	30	52	92	70	19	37
	57	80	82	62	71	83	13	89	21	77	44	28
	88	71	28	52	97	45	42	17	53	98	61	55
	40	84	89	35	90	44	31	81	58	20	22	84
	48	85	17	60	14	99	15	44	73	21	25	74
	39	89	45	54	71	72	66	69	61	69	62	13
	55	57	100	92	62	84	31	91	85	61	58	18
	73	93	15	94	32	100	77	14	30	50	40	90
	81	36	32	49	88	58	59	87	88	97	80	82
	30	21	69	24	100	47	81	89	30	54	20	18
	23	23	20	100	18	37	70	71	64	53	53	61
	30	57	45	55	72	48	16	12	19	95	74	24
	82	28	26	83	20	19	31	98	46	91	83	33
	79	79	72	17	21	96	77	40	95	51	30	74
	19	59	38	86	93	62	96	78	13	25	19	35
	53	12	51	66	79	89	25	56	23	55	65	94
	40	13	54	36	63	93	12	81	75	45	87	72
	74	45	87	55	88	22	39	48	66	94	86	13
	58	97	90	65	99	90	88	70	27	47	29	19
	26	49	32	45	96	11	37	87	34	93	73	34
	45	98	66	78	86	86	77	79	48	65	16	82
	15	74	71	61	92	40	70	77	56	12	74	63

	68	44	97	55	91	28	84	24	61	43	62	86
	49	28	32	58	81	40	31	50	53	19	85	38
	53	87	36	95	95	90	77	31	80	54	73	86
	48	33	11	61	40	70	72	49	11	31	96	26
	18	54	82	79	39	73	80	70	47	52	98	79
	34	48	56	52	73	86	93	73	45	96	26	69
	13	26	76	71	13	60	10	86	63	40	76	14
	52	19	91	57	78	91	12	63	84	52	68	60
	39	99	87	19	60	13	41	89	100	64	37	73
	68	18	35	52	34	30	50	89	75	55	22	25
	43	32	37	31	10	80	23	10	79	54	21	44
	65	44	80	96	52	77	71	44	68	20	93	47
	16	27	92	85	26	69	74	78	47	33	80	45
	91	78	54	81	25	14	49	37	26	69	51	94
	76	50	96	44	87	70	16	50	41	73	21	35
	82	13	33	18	22	94	30	33	25	52	99	10
	76	88	75	65	14	11	76	64	56	84	39	47
	66	23	87	92	56	68	76	53	36	34	17	65
	89	43	23	53	35	88	47	66	19	44	37	72
	65	27	34	21	61	74	69	86	64	25	71	28
	15	71	93	97	29	81	78	69	39	84	14	37
	89	34	90	65	91	15	57	64	69	85	32	91
	68	45	49	46	85	74	70	47	73	68	62	19
	37	82	93	97	13	15	86	96	52	22	99	28
	61	63	51	31	39	100	80	72	60	55	75	32
	12	50	49	39	88	49	75	97	22	49	41	49
	27	93	68	43	40	10	23	53	48	36	94	87
	39	98	63	12	64	38	66	35	19	41	19	58
	43	96	21	47	94	26	28	22	67	27	67	12
	74	80	28	29	11	77	90	80	47	44	97	84

	30	21	78	66	97	63	56	99	43	47	29	51
	74	59	70	58	18	67	44	24	30	26	43	92
	71	70	83	42	26	43	95	32	83	100	28	53
	63	70	75	64	62	85	32	87	64	11	77	13
	73	42	30	23	56	57	35	22	42	18	60	28
	96	33	76	88	97	76	57	16	36	73	84	28
	74	87	73	95	50	27	34	75	82	45	13	28
	24	71	47	15	72	77	46	71	19	38	44	12
	78	14	21	12	31	18	83	80	24	74	93	80
	75	33	32	42	92	55	24	29	92	36	69	38
	41	73	32	62	50	82	77	51	51	14	86	88
	38	46	96	87	98	57	16	47	61	67	49	65
	11	37	68	11	14	42	33	12	59	34	32	23
	14	35	70	27	44	92	85	80	19	49	31	33
	16	84	25	62	28	89	20	69	13	61	76	72
	13	85	88	24	98	20	53	37	24	22	45	71
	13	92	62	71	29	66	17	98	66	37	69	53
	53	95	25	82	71	85	56	36	54	79	96	15
	80	75	17	15	54	48	35	22	57	60	33	55
	84	66	46	48	85	87	92	90	82	56	45	63
	40	28	93	78	42	47	48	36	94	98	49	36
	66	92	72	29	24	16	46	73	51	26	83	84
	86	87	29	58	25	75	14	11	49	50	99	13
	32	81	53	72	82	19	77	76	84	41	30	89
	40	20	67	16	13	35	24	95	95	68	91	71
	61	18	69	13	93	41	33	55	29	46	79	72
	95	79	84	21	98	14	23	57	75	74	85	80
	24	52	27	14	13	38	77	96	62	72	21	37
	13	33	56	71	61	33	72	91	33	55	19	79
	82	72	11	40	66	57	50	66	73	51	69	11

	35	79	67	52	28	59	97	30	34	96	78	15
	24	13	21	89	30	41	88	27	44	42	73	97
	62	28	17	65	58	16	55	89	21	92	50	26
	13	44	91	25	73	73	46	40	69	69	27	34
	56	79	90	23	87	85	56	44	39	28	42	73
	66	32	41	50	51	33	31	51	57	49	72	97
	54	65	81	78	43	98	51	14	85	76	20	85
	49	25	68	99	87	72	96	89	34	54	33	35
	16	68	66	95	69	80	23	73	64	26	85	86
	14	79	34	22	99	28	74	44	63	55	89	14
	88	76	14	48	76	49	78	87	39	33	47	70
	82	64	53	74	87	27	13	34	19	11	42	29
	26	70	45	59	63	14	54	33	44	82	80	48
	96	76	14	15	25	92	60	43	79	100	87	82
	26	75	73	11	11	38	80	78	64	25	89	74
	24	53	51	72	65	50	28	65	66	26	56	83
	35	65	34	20	30	84	25	81	21	58	43	82
	11	74	95	45	37	38	76	18	57	45	90	86
	21	34	37	43	53	12	53	16	59	30	51	24
	34	93	23	33	65	67	61	76	99	66	16	50
	25	79	41	30	67	28	73	19	29	23	43	100
	85	69	27	99	76	64	40	99	36	55	68	58
	98	18	78	30	68	18	77	78	43	89	31	71
	65	21	60	40	61	66	62	37	47	47	17	42
	55	80	41	77	18	87	25	97	29	24	58	22
	96	35	88	77	82	58	62	13	54	55	14	76
	18	74	87	40	41	74	32	39	57	60	41	79
	28	34	79	48	51	61	24	30	81	30	71	79
	13	39	99	19	31	40	23	13	21	82	93	50
	53	50	27	37	97	28	97	52	59	27	100	14

	82	23	26	79	88	80	29	65	39	99	58	47
	93	23	88	81	78	85	72	61	94	58	88	26
	32	58	34	46	32	71	38	34	36	65	52	54
	91	94	89	43	91	98	10	93	35	95	28	19
	59	84	80	78	90	86	88	80	88	22	70	69
	81	16	59	12	25	72	46	75	14	30	41	53
	68	48	54	98	41	64	39	47	37	59	50	99
	66	35	97	55	77	94	19	49	36	88	83	40
	45	48	43	84	57	54	68	18	86	29	17	63
	54	42	10	73	38	53	66	25	81	23	84	40
	60	94	42	89	28	11	53	97	47	81	49	84
	62	91	63	59	33	50	99	85	72	68	38	84
	74	12	32	47	12	79	11	97	54	30	86	30
	18	27	57	57	26	52	38	41	68	24	40	34
	53	15	76	67	91	20	58	25	18	94	90	67
	69	42	35	39	27	37	43	15	80	64	19	68
	46	100	66	79	77	10	37	83	56	74	77	74
	92	98	42	56	45	19	61	36	83	19	99	23
	96	57	46	12	75	88	38	57	16	16	40	65
	26	95	35	24	60	95	19	83	30	59	40	25
	15	48	88	47	72	63	93	15	27	95	45	63
	62	24	36	73	26	20	50	34	47	35	80	37
	21	60	59	24	42	99	57	41	49	16	31	93
	19	42	33	68	17	38	52	28	15	70	57	98
	82	22	12	82	37	32	71	17	42	35	85	30
	34	50	51	84	43	90	65	21	33	81	82	99
	62	35	40	61	16	38	44	81	38	81	41	30
	49	68	20	28	60	67	24	70	23	37	38	80
	23	27	33	59	85	29	54	35	65	14	48	41
	15	62	95	65	91	76	47	85	90	51	57	65

