***** PARAMETERS PRP *****

Number of Customers = 30
Number of Products = 10
Number of Vehicles = 5
Number of Periods = 12

B = Production capacity
	50268

b_p = Time required to produce item p
 	1	1	1	1	1	1	1	1	1	1

c_p = Production cost of item p
 	30	80	80	80	80	80	80	30	80	30

s_p = Setup cost of item p
 	300	800	800	800	800	800	800	300	800	300

M = Big number
	201073

U_pi = Maximum inventory upper bound of item p at site i
 	201073	107	192	243	160	118	241	192	120	278	141	232	346	179	151	221	261	115	151	266	91	142	174	129	233	307	172	248	268	124	142
	201073	255	179	80	169	113	247	113	256	252	107	295	241	100	205	134	108	102	282	103	160	132	99	262	150	112	165	162	190	99	335
	201073	196	90	127	120	256	265	251	270	236	256	120	263	200	265	196	171	292	163	290	217	315	227	187	114	318	117	254	219	94	123
	201073	83	112	94	98	95	205	185	116	120	167	310	256	210	242	184	277	178	92	212	86	318	305	89	147	219	89	358	126	85	271
	201073	147	105	135	105	168	336	311	379	276	157	249	120	232	258	356	105	146	140	109	240	167	215	208	318	231	275	144	233	199	262
	201073	214	246	231	199	117	237	132	218	113	303	111	275	255	228	182	292	167	293	302	251	142	145	166	200	243	194	223	125	221	338
	201073	275	120	159	106	90	276	277	250	239	115	123	148	140	251	295	150	188	102	322	274	330	231	282	319	166	234	247	156	143	194
	201073	158	263	120	140	312	155	164	269	161	108	193	243	85	129	259	189	171	126	214	265	213	177	164	122	90	305	127	208	181	236
	201073	216	172	101	175	116	222	224	251	130	101	339	192	103	163	229	110	187	148	117	173	302	293	120	310	213	106	115	218	203	305
	201073	209	147	237	245	255	189	248	281	272	168	210	94	119	121	119	169	120	282	74	180	140	196	144	163	352	335	156	248	187	227

I_pi0 = Initial inventory of item p at site i
 	0	82	164	78	92	71	174	156	93	208	92	217	22	170	11	138	225	54	84	139	81	119	87	100	12	62	143	114	242	74	100
	0	60	52	62	150	76	187	72	95	196	51	61	86	65	163	98	78	88	144	59	121	108	40	149	111	88	130	113	155	76	279
	0	180	71	48	54	228	250	247	229	33	235	24	13	145	255	112	141	236	43	53	131	172	62	35	93	132	99	101	207	87	83
	0	48	71	28	43	16	92	94	11	82	71	186	82	93	85	137	67	59	65	47	54	234	99	84	135	164	61	86	82	41	243
	0	116	77	108	86	22	40	120	51	39	21	65	55	156	257	186	46	114	84	56	68	159	137	180	116	181	62	51	84	143	229
	0	99	20	85	150	111	19	97	191	64	226	83	66	250	70	140	83	160	97	184	195	133	76	110	149	82	83	13	118	58	68
	0	187	49	120	17	50	155	96	132	78	79	39	115	80	225	134	86	170	46	123	75	15	122	200	42	36	120	41	78	82	32
	0	138	240	48	66	102	151	135	155	124	103	94	24	27	72	82	131	42	29	92	140	154	97	156	46	10	201	82	83	163	21
	0	109	94	64	45	59	120	40	154	96	28	311	159	99	139	81	61	69	110	97	164	134	62	16	157	117	37	109	194	13	180
	0	157	124	77	90	59	156	119	16	143	164	160	55	117	96	64	78	90	168	42	110	52	151	88	97	233	250	109	66	97	121

h_pi = Inventory cost of item p at site i
 	3	6	8	3	7	3	5	6	6	6	5	3	4	8	9	7	8	9	9	3	5	1	4	3	3	8	8	3	2	7	1
	8	9	3	1	3	1	6	2	4	7	5	6	1	5	7	1	1	1	3	5	4	1	4	3	6	5	5	9	1	5	4
	8	9	7	8	2	7	7	8	7	5	4	7	1	3	9	7	7	7	5	8	7	1	6	2	7	2	9	3	5	6	4
	8	6	1	3	6	5	3	6	7	8	9	1	4	2	5	4	7	8	7	1	2	6	9	6	4	2	1	4	3	9	5
	8	9	5	7	5	7	9	7	3	3	5	8	3	3	9	7	8	8	2	1	9	4	4	1	3	8	3	4	1	2	1
	8	4	5	5	3	2	1	1	9	1	7	6	1	4	5	8	3	7	3	3	5	2	3	7	4	1	2	3	4	4	9
	8	2	7	3	7	7	6	1	2	9	1	9	9	5	6	1	6	7	2	2	3	7	9	8	5	1	8	2	7	5	1
	3	7	8	5	7	6	5	2	4	3	7	3	3	1	9	5	8	5	5	6	8	1	2	8	5	7	7	7	4	7	2
	8	2	8	3	5	6	4	8	7	8	6	9	6	3	1	2	6	6	8	5	2	5	5	8	8	7	2	3	9	2	8
	3	5	2	6	4	7	5	6	3	9	4	6	7	9	7	1	3	4	7	8	2	3	9	6	1	4	8	5	2	5	1

C = Vehicle capacity
	3790

f = Fixed transportation cost
	25885

a_ik = Transportation cost for traveling from node i to node k
 	0	253	165	82	313	324	336	235	384	137	348	470	454	163	45	270	57	276	469	340	143	228	298	399	240	289	166	394	159	188	71
	253	0	385	180	566	565	580	415	635	321	584	715	282	347	210	330	201	184	306	591	119	476	118	168	134	514	366	646	112	439	317
	165	385	0	242	241	184	311	90	274	261	342	336	507	277	195	222	195	329	516	282	294	121	454	498	401	130	37	290	313	112	164
	82	180	242	0	389	406	401	301	464	154	406	552	413	182	48	295	54	248	432	412	63	310	216	337	160	369	236	474	78	269	138
	313	566	241	389	0	146	102	306	99	297	146	209	739	289	357	462	368	558	750	46	452	122	596	707	529	205	277	98	466	138	253
	324	565	184	406	146	0	248	207	111	366	291	152	684	369	363	377	367	510	690	188	464	103	622	682	562	79	213	130	482	148	288
	336	580	311	401	102	248	0	388	186	275	45	293	784	259	379	531	392	603	797	67	462	204	589	733	519	302	347	177	472	200	266
	235	415	90	301	306	207	388	0	314	346	422	348	484	365	254	170	248	318	488	350	343	186	500	501	456	131	71	332	364	192	249
	384	635	274	464	99	111	186	314	0	388	229	111	781	383	427	482	435	603	789	120	526	161	677	766	612	189	308	20	542	197	332
	137	321	261	154	297	366	275	346	388	0	271	492	566	29	159	406	176	398	585	305	205	264	315	485	245	359	277	392	209	220	98
	348	584	342	406	146	291	45	422	229	271	0	335	800	250	389	559	404	620	814	110	466	241	585	742	514	343	377	220	474	231	277
	470	715	336	552	209	152	293	348	111	492	335	0	831	489	511	517	516	659	835	228	612	243	767	833	705	219	363	117	629	285	426
	454	282	507	413	739	684	784	484	781	566	800	831	0	594	415	321	399	182	27	775	370	625	383	150	416	613	474	796	375	602	524
	163	347	277	182	289	369	259	365	383	29	250	489	594	0	187	431	204	426	613	294	232	268	336	512	265	368	296	386	235	225	117
	45	210	195	48	357	363	379	254	427	159	389	511	415	187	0	260	18	241	432	384	102	270	260	355	206	323	189	438	120	231	113
	270	330	222	295	462	377	531	170	482	406	559	517	321	431	260	0	245	178	322	503	306	340	438	366	416	301	186	499	326	332	321
	57	201	195	54	368	367	392	248	435	176	404	516	399	204	18	245	0	225	416	395	99	276	259	343	209	324	185	446	119	239	127
	276	184	329	248	558	510	603	318	603	398	620	659	182	426	241	178	225	0	195	593	221	445	301	190	303	442	298	618	234	421	346
	469	306	516	432	750	690	797	488	789	585	814	835	27	613	432	322	416	195	0	786	392	634	408	176	440	617	482	805	397	613	540
	340	591	282	412	46	188	67	350	120	305	110	228	775	294	384	503	395	593	786	0	475	165	613	737	544	250	319	112	487	175	275
	143	119	294	63	452	464	462	343	526	205	466	612	370	232	102	306	99	221	392	475	0	370	161	281	115	423	283	536	22	330	200
	228	476	121	310	122	103	204	186	161	264	241	243	625	268	270	340	276	445	634	165	370	0	525	605	463	112	157	175	387	45	186
	298	118	454	216	596	622	589	500	677	315	585	767	383	336	260	438	259	301	408	613	161	525	0	246	72	583	442	685	141	483	346
	399	168	498	337	707	682	733	501	766	485	742	833	150	512	355	366	343	190	176	737	281	605	246	0	292	620	471	779	278	574	467
	240	134	401	160	529	562	519	456	612	245	514	705	416	265	206	416	209	303	440	544	115	463	72	292	0	528	393	619	94	420	281
	289	514	130	369	205	79	302	131	189	359	343	219	613	368	323	301	324	442	617	250	423	112	583	620	528	0	150	208	442	147	269
	166	366	37	236	277	213	347	71	308	277	377	363	474	296	189	186	185	298	482	319	283	157	442	471	393	150	0	324	303	147	180
	394	646	290	474	98	130	177	332	20	392	220	117	796	386	438	499	446	618	805	112	536	175	685	779	619	208	324	0	551	208	340
	159	112	313	78	466	482	472	364	542	209	474	629	375	235	120	326	119	234	397	487	22	387	141	278	94	442	303	551	0	346	214
	188	439	112	269	138	148	200	192	197	220	231	285	602	225	231	332	239	421	613	175	330	45	483	574	420	147	147	208	346	0	142
	71	317	164	138	253	288	266	249	332	98	277	426	524	117	113	321	127	346	540	275	200	186	346	467	281	269	180	340	214	142	0

coordXY = Coordinates (x,y): line zero => x line one => y column => customers
 	346	376	214	385	324	182	425	126	245	471	469	150	139	490	347	91	334	194	113	360	393	258	493	288	494	147	195	258	411	290	374
	528	277	626	456	840	807	854	608	898	583	853	955	125	604	484	442	473	298	121	867	394	738	269	134	340	737	595	912	383	707	593

d_pit = Demand of item p at customer i in period t
 	82	83	98	12	51	83	17	89	41	55	11	21
	92	72	97	43	66	31	37	73	98	71	71	16
	13	65	62	76	60	64	39	18	47	69	24	47
	92	57	20	73	30	37	78	44	61	84	26	38
	71	52	26	57	87	70	27	43	80	52	81	62
	10	74	90	75	54	95	81	69	36	32	66	42
	59	44	53	62	74	98	44	79	74	90	36	54
	36	57	86	61	40	92	24	23	70	85	73	73
	56	95	46	11	11	58	90	63	44	60	46	88
	22	70	85	20	32	14	66	71	39	45	76	22
	54	88	75	84	48	70	36	20	62	46	98	15
	22	88	77	76	65	74	12	77	53	97	92	97
	22	68	80	33	98	73	60	81	31	94	24	53
	11	80	55	45	27	67	67	97	35	24	13	84
	16	83	21	18	59	96	75	31	14	34	49	34
	84	39	72	30	62	95	50	19	93	67	78	94
	43	11	75	96	92	64	31	99	92	10	23	52
	84	35	28	33	27	51	94	80	83	11	54	22
	58	81	90	73	65	81	79	89	96	59	15	13
	81	71	51	14	38	26	81	68	37	14	36	31
	27	92	27	28	49	15	86	52	44	54	38	54
	87	50	43	26	28	81	52	92	71	53	64	50
	36	64	86	45	56	95	53	96	43	17	91	90
	12	33	11	94	23	60	53	38	55	19	68	94
	62	99	64	37	46	34	80	40	89	94	35	56
	82	61	58	75	22	88	90	12	44	13	69	75
	51	63	89	32	37	65	35	96	88	56	89	42
	98	33	13	98	53	43	62	20	91	18	56	59
	74	75	82	68	71	92	24	61	51	14	69	61
	22	47	31	61	53	48	87	44	28	72	31	43

	60	26	40	24	72	15	96	62	18	87	95	17
	52	25	26	97	20	44	85	91	48	98	61	70
	12	50	73	84	35	21	36	20	53	40	20	36
	36	61	53	85	29	78	58	52	23	78	54	70
	76	41	79	64	80	63	62	20	23	15	98	55
	90	97	61	63	71	58	55	79	36	64	48	18
	50	11	11	69	52	56	98	53	74	65	88	52
	95	41	27	25	64	95	73	16	44	38	63	33
	11	42	54	89	43	68	93	21	33	35	79	36
	51	59	12	30	60	60	63	65	95	38	58	51
	61	62	62	77	30	97	96	42	50	77	13	41
	10	58	18	20	25	64	98	23	56	95	100	11
	22	43	65	65	55	23	87	92	29	23	60	34
	83	80	58	78	90	77	91	30	64	64	63	41
	98	88	82	76	77	72	21	77	27	47	39	97
	78	74	68	24	61	76	66	23	43	22	91	20
	44	44	80	88	75	13	39	27	27	68	81	26
	61	83	55	91	23	75	57	75	18	23	97	18
	59	66	80	20	31	86	11	26	48	96	63	32
	70	51	48	32	75	24	54	34	65	86	48	53
	14	94	47	47	45	14	20	66	36	15	43	88
	40	19	23	56	73	51	19	53	31	86	59	81
	87	62	47	86	78	58	96	36	87	40	82	26
	48	10	53	85	79	12	63	13	90	88	18	40
	88	33	79	63	82	63	42	55	47	58	22	42
	61	69	75	52	100	22	58	29	54	40	68	30
	60	53	33	43	46	43	61	66	78	20	81	65
	65	90	32	43	34	92	75	78	84	40	97	29
	16	24	36	47	45	13	84	39	96	74	86	35
	92	92	95	59	78	41	56	81	35	43	41	91

	97	83	45	63	48	41	89	81	89	63	50	35
	57	14	47	55	36	10	81	57	52	94	21	13
	48	34	96	26	68	94	81	62	78	91	45	37
	54	88	23	83	75	19	44	20	46	79	88	99
	53	54	97	24	86	41	78	76	44	99	72	45
	79	88	26	57	75	86	27	90	73	45	78	72
	87	26	90	44	31	77	90	36	92	42	55	83
	58	99	72	14	53	34	94	71	31	31	43	49
	33	25	86	74	93	88	16	50	36	70	93	45
	89	71	75	67	48	26	82	22	98	60	66	63
	24	80	87	24	76	53	48	85	81	28	68	67
	13	26	18	72	82	70	59	31	12	74	85	90
	78	67	82	54	13	58	13	82	18	59	29	46
	82	32	92	49	73	45	18	36	18	82	19	89
	26	62	24	91	62	84	76	62	99	39	58	99
	78	63	48	79	14	70	23	27	90	62	40	91
	58	83	95	82	63	72	47	83	77	49	93	75
	43	68	24	30	53	98	91	71	37	15	71	51
	19	34	38	60	71	28	95	76	50	95	73	57
	26	58	47	48	22	55	60	11	13	50	42	89
	88	84	68	11	30	82	81	99	95	73	28	18
	62	27	75	57	92	71	31	27	50	19	94	75
	35	18	29	10	31	38	82	98	51	30	76	63
	93	27	83	41	60	11	74	50	59	83	63	38
	70	62	71	32	13	99	79	20	70	68	81	98
	99	74	13	46	74	64	79	21	45	55	99	30
	19	68	14	23	23	67	94	44	94	49	63	52
	12	54	55	86	91	19	35	73	50	26	75	80
	27	60	87	68	27	43	31	22	13	46	77	64
	83	93	43	19	82	11	43	82	56	82	58	83

	48	49	64	17	77	40	23	15	55	34	62	13
	71	68	81	85	57	69	14	49	47	28	72	28
	11	17	89	51	53	51	51	59	58	57	55	14
	25	18	75	39	75	23	40	70	53	50	27	94
	16	81	55	97	12	25	24	24	89	71	43	30
	92	98	57	50	67	27	78	79	64	27	92	90
	94	77	80	49	34	50	48	79	45	94	79	12
	11	80	100	93	50	66	68	24	22	84	59	37
	82	63	72	11	28	91	44	61	13	87	71	98
	71	49	43	58	62	90	77	10	35	66	20	86
	99	38	49	41	47	58	92	16	54	78	87	86
	35	12	35	35	88	96	92	20	62	17	53	70
	51	42	90	20	87	57	20	86	75	73	16	13
	85	30	89	86	60	48	12	56	54	24	97	86
	52	85	76	65	60	15	74	54	32	47	84	93
	67	49	58	93	72	66	45	98	47	25	25	20
	59	23	43	66	35	21	83	17	73	53	40	20
	65	36	78	15	49	26	22	26	55	56	43	80
	13	34	87	14	47	83	77	36	26	65	95	59
	54	78	42	16	18	30	63	48	28	56	47	38
	94	81	59	81	56	58	82	81	44	98	11	17
	99	92	93	52	23	32	48	15	40	90	69	79
	84	26	19	93	46	17	34	52	49	67	24	23
	61	49	25	28	64	33	19	93	13	94	65	43
	17	98	12	37	59	61	93	85	23	82	53	38
	49	12	75	65	17	79	22	70	19	31	33	60
	74	12	97	89	36	82	93	70	86	48	80	91
	82	62	45	68	94	89	87	63	45	41	15	67
	41	69	51	59	25	24	81	47	20	28	33	30
	72	75	96	52	13	22	94	46	42	23	48	67

	52	64	73	36	27	62	96	35	23	18	17	83
	77	95	23	33	11	44	75	17	95	54	90	16
	78	30	75	92	13	93	94	91	59	11	79	93
	86	62	23	66	33	52	33	68	34	55	45	75
	22	93	99	58	53	82	31	93	66	26	37	10
	40	37	96	97	83	67	54	74	92	60	41	65
	96	24	19	85	46	79	54	99	72	30	46	97
	51	98	51	97	11	98	97	92	87	82	57	89
	39	38	46	63	34	50	50	100	89	35	51	68
	21	83	85	59	57	27	23	68	23	91	76	15
	65	43	67	94	11	88	83	56	42	53	99	45
	12	43	95	52	25	68	100	82	99	28	99	16
	67	14	75	64	63	26	15	79	23	55	59	16
	91	86	56	24	57	47	70	41	82	56	67	98
	90	96	57	82	71	67	70	67	82	40	62	71
	46	62	56	45	47	77	31	93	54	32	48	36
	15	99	18	80	31	21	58	50	67	32	64	50
	84	79	99	25	64	30	95	94	87	70	86	25
	56	77	77	93	14	26	42	74	46	57	70	20
	68	88	18	63	48	65	43	65	98	43	97	24
	62	97	19	31	40	82	36	83	47	82	19	71
	82	23	32	82	14	93	43	17	16	38	62	15
	84	28	68	36	12	71	36	57	70	76	73	13
	84	32	63	34	71	48	99	70	86	100	55	20
	62	19	72	28	49	81	82	84	46	42	35	93
	62	97	35	91	97	62	48	61	87	69	43	73
	51	24	82	19	41	28	70	28	15	65	99	53
	22	48	14	83	32	19	74	85	92	54	23	13
	64	79	94	22	62	72	64	78	84	73	79	26
	90	35	34	70	56	57	11	48	70	46	31	80

	99	87	85	23	92	58	56	50	99	30	98	77
	20	98	57	18	28	27	51	46	33	66	94	52
	85	64	66	31	70	64	45	49	84	46	18	71
	49	81	20	50	33	46	84	92	22	38	64	17
	26	85	55	36	31	47	80	57	85	71	90	36
	19	38	35	86	98	15	81	43	79	99	85	33
	97	26	90	83	83	12	92	86	57	72	60	35
	88	91	12	55	59	38	39	87	83	41	47	13
	38	26	75	73	58	80	96	56	13	33	71	60
	82	74	70	57	48	84	55	89	83	87	88	91
	83	72	48	19	25	37	23	87	30	84	99	60
	66	80	67	90	95	63	89	90	74	20	10	80
	98	59	93	17	15	44	63	42	23	75	50	33
	21	22	27	26	76	77	18	28	63	100	66	22
	30	26	84	96	67	41	19	55	13	17	85	12
	83	81	96	29	76	57	51	25	45	96	33	29
	98	62	35	67	19	50	40	23	18	21	20	48
	11	36	50	87	22	42	66	93	73	98	84	40
	85	99	62	95	94	16	98	23	76	38	22	16
	83	98	14	58	50	86	57	87	81	34	45	61
	81	18	34	27	22	82	11	28	36	73	58	96
	76	38	24	16	45	99	47	75	42	45	45	28
	17	67	26	34	75	98	99	40	12	22	83	91
	14	88	47	27	48	19	48	19	76	60	20	13
	13	69	22	93	68	85	21	45	16	49	92	11
	10	73	15	70	18	14	20	44	78	55	44	24
	13	89	77	28	19	60	50	54	87	63	94	34
	51	46	21	81	58	84	97	87	20	69	48	89
	58	94	75	27	23	12	44	32	81	63	71	83
	68	97	92	90	81	77	68	36	26	99	65	12

	61	39	87	40	93	78	62	35	48	57	28	33
	21	28	80	98	77	62	68	21	68	68	69	62
	47	51	22	24	88	49	71	40	49	90	60	43
	17	52	47	79	86	56	56	34	31	100	16	61
	30	20	12	28	78	32	63	93	15	48	46	77
	59	84	12	57	100	74	88	17	60	15	39	57
	75	21	78	42	65	61	22	49	85	81	29	56
	34	98	23	72	28	89	91	94	78	27	93	22
	52	26	22	91	61	94	54	14	80	97	25	100
	24	55	99	21	87	24	93	62	62	68	24	68
	22	17	26	18	40	36	57	92	40	32	15	95
	69	46	49	44	83	21	36	26	92	36	57	32
	80	69	71	98	95	12	16	55	84	98	70	92
	53	81	37	54	57	87	92	63	12	60	88	69
	31	51	52	84	80	19	76	94	21	73	65	62
	48	38	41	99	12	32	80	50	10	63	86	39
	92	78	96	38	25	51	75	82	81	27	59	47
	46	74	15	35	56	21	55	11	24	11	27	33
	77	46	35	43	94	51	83	90	100	57	14	82
	75	58	51	64	65	79	85	94	43	84	94	31
	15	84	99	43	84	96	52	56	83	39	87	55
	35	87	29	21	86	84	58	38	61	39	65	91
	51	94	42	13	63	55	82	70	85	64	29	28
	42	64	89	88	79	94	96	69	13	20	89	22
	36	94	52	33	29	41	68	22	29	14	33	46
	11	91	18	67	82	45	53	76	94	61	46	57
	15	26	89	64	59	78	30	18	46	56	98	14
	41	37	99	16	72	69	62	53	56	37	72	10
	82	64	44	43	33	53	96	18	41	29	21	47
	11	21	32	55	24	66	91	28	76	54	39	86

	64	46	28	40	14	38	57	32	95	77	99	40
	95	99	46	33	30	87	100	94	35	30	79	61
	48	98	74	73	39	52	25	25	88	98	12	85
	21	45	48	54	24	46	52	76	42	16	67	69
	15	40	47	68	92	88	92	95	22	57	71	61
	64	14	73	90	16	63	55	15	48	59	34	89
	98	37	81	76	53	64	18	11	20	27	100	69
	51	12	92	66	77	23	31	76	25	43	79	71
	35	52	37	95	77	43	42	17	74	76	80	14
	33	24	46	54	98	59	51	99	98	49	13	26
	94	74	72	21	66	48	34	19	12	72	37	31
	24	28	100	24	71	29	47	70	100	12	38	40
	27	53	23	19	92	53	87	26	61	41	15	11
	72	69	66	85	59	39	80	64	47	76	49	66
	82	44	38	82	22	61	93	81	19	86	92	76
	14	36	81	89	89	97	34	67	57	96	70	26
	42	73	92	16	70	67	92	76	53	17	62	22
	29	74	15	23	16	22	24	90	84	20	80	28
	92	100	62	99	40	79	69	83	97	13	52	71
	40	66	18	16	65	88	77	37	18	82	99	29
	78	76	33	20	93	92	41	86	34	53	23	10
	35	62	66	82	92	32	80	46	35	69	67	43
	96	60	21	63	53	66	43	91	88	41	15	18
	13	33	81	86	98	32	12	85	57	60	89	86
	10	12	94	36	33	49	22	62	70	24	34	92
	65	75	44	17	97	78	80	43	88	49	75	22
	82	57	34	52	67	54	86	83	87	29	37	92
	59	24	24	24	24	11	84	15	32	92	31	79
	69	76	18	47	56	81	82	64	62	66	41	63
	21	97	25	50	67	38	27	98	91	52	71	72

	25	28	56	23	92	25	80	51	93	34	50	92
	94	42	74	29	11	15	82	72	46	82	94	45
	17	47	86	35	73	78	72	68	16	27	47	41
	45	60	56	79	84	11	70	37	79	75	52	53
	59	73	21	44	82	72	36	53	79	26	67	85
	42	64	14	54	50	74	53	86	48	67	73	40
	40	11	82	59	45	22	83	23	66	48	95	99
	96	26	32	25	66	31	59	37	13	55	65	98
	96	91	44	22	73	99	86	94	56	66	29	26
	28	89	16	22	20	79	49	53	49	83	76	44
	71	80	91	69	55	94	68	77	42	75	48	43
	19	97	43	84	88	81	92	61	23	89	15	74
	99	11	94	49	61	58	89	47	17	38	37	17
	40	55	44	20	86	65	95	28	28	83	58	50
	10	48	23	55	59	62	47	11	41	50	86	58
	61	50	67	36	43	87	86	22	42	52	93	20
	69	39	78	71	94	93	67	33	57	24	31	92
	22	12	12	64	55	89	86	13	88	69	57	26
	97	24	66	24	34	58	45	90	88	24	97	56
	67	47	50	87	22	38	71	99	37	32	81	60
	58	45	31	74	77	52	74	29	100	44	44	96
	62	77	32	28	53	34	98	60	33	92	90	44
	16	14	57	43	75	91	68	58	96	46	64	90
	28	86	43	50	29	86	59	73	80	81	95	34
	74	43	82	51	84	67	97	23	74	91	87	78
	18	19	81	39	67	91	77	84	99	16	22	25
	38	26	45	14	80	54	82	84	68	66	60	75
	30	67	97	54	51	48	79	71	24	56	26	50
	13	99	82	39	16	67	12	39	51	66	60	65
	58	53	19	50	98	78	33	91	20	48	88	96

	91	26	40	54	16	81	36	23	66	67	70	58
	23	53	48	41	10	65	73	65	100	36	54	19
	24	53	85	14	27	73	15	65	26	96	16	74
	90	19	18	65	65	72	68	18	59	44	48	23
	59	66	56	77	35	54	64	11	68	21	50	50
	73	54	29	76	68	25	45	58	44	17	39	39
	92	27	43	50	40	67	45	37	23	32	92	46
	16	32	90	67	60	59	97	66	20	40	61	66
	75	68	60	67	15	86	97	85	34	87	90	53
	67	97	77	69	90	56	55	12	36	12	82	19
	48	33	79	57	22	97	34	85	17	58	76	24
	55	51	11	73	81	86	25	39	38	79	15	12
	64	53	39	82	14	65	20	69	40	86	80	99
	96	100	19	50	96	58	38	14	88	54	47	65
	64	83	70	55	76	48	37	27	91	18	80	62
	78	39	60	61	27	62	76	58	72	16	47	79
	90	39	57	63	73	87	47	92	82	23	35	30
	95	20	53	27	47	29	89	100	63	55	73	25
	42	41	75	33	21	16	38	26	58	38	32	25
	98	12	96	30	72	56	52	13	98	65	47	82
	42	10	70	95	25	33	19	24	46	80	95	19
	75	76	16	34	82	59	23	37	46	33	54	52
	25	63	72	67	58	60	79	34	29	54	11	25
	46	51	63	24	33	69	78	36	84	51	84	32
	36	98	99	96	94	40	96	98	54	24	12	98
	75	86	45	44	86	45	52	30	79	99	100	63
	52	57	94	19	24	37	59	56	91	88	32	15
	66	41	11	98	26	36	17	69	35	37	90	69
	69	28	64	64	65	28	96	70	85	66	30	83
	57	40	24	63	73	58	90	35	62	86	58	35

