***** PARAMETERS PRP *****

Number of Customers = 30
Number of Products = 10
Number of Vehicles = 5
Number of Periods = 12

B = Production capacity
	49044

b_p = Time required to produce item p
 	1	1	1	1	1	1	1	1	1	1

c_p = Production cost of item p
 	800	300	300	800	800	800	800	800	800	300

s_p = Setup cost of item p
 	800	300	300	800	800	800	800	800	800	300

M = Big number
	196176

U_pi = Maximum inventory upper bound of item p at site i
 	196176	217	178	153	282	149	110	199	206	127	297	275	244	200	210	120	235	112	289	288	240	189	151	241	103	295	266	197	171	293	276
	196176	157	204	181	117	102	138	283	245	102	258	335	257	238	224	248	271	242	177	116	264	267	244	168	175	118	183	331	229	169	220
	196176	244	281	90	141	239	212	287	266	163	105	265	233	117	179	260	148	127	281	191	123	135	195	241	117	241	120	205	100	166	271
	196176	126	251	233	187	156	198	243	156	243	175	114	271	87	178	168	214	100	213	99	248	117	130	149	95	182	338	81	275	204	318
	196176	244	87	169	228	315	94	215	162	217	217	170	122	269	128	274	366	176	280	285	261	116	257	300	206	306	135	93	249	133	249
	196176	122	240	126	210	114	122	242	340	202	228	101	160	202	242	133	332	220	190	213	181	147	218	109	261	284	350	241	181	285	97
	196176	271	246	176	235	301	214	247	239	116	293	283	278	146	295	283	122	276	210	249	181	165	122	113	193	253	225	229	171	115	266
	196176	234	170	230	137	200	141	196	227	194	267	220	109	267	248	197	260	141	188	243	119	191	284	115	271	117	261	98	242	94	240
	196176	199	159	256	197	181	198	108	218	107	182	204	143	191	133	155	158	104	256	233	178	176	263	96	104	305	234	160	133	224	229
	196176	207	287	201	134	117	138	148	152	102	202	174	221	290	89	270	250	181	149	285	126	159	195	82	279	233	258	208	171	183	185

I_pi0 = Initial inventory of item p at site i
 	0	103	75	77	169	131	53	44	115	72	22	189	184	116	96	58	93	66	56	98	208	156	82	88	62	265	107	63	117	118	253
	0	135	71	35	89	65	136	70	234	57	126	177	70	33	186	109	207	147	19	78	96	47	207	151	120	81	31	213	126	68	162
	0	173	113	52	97	162	56	273	132	152	57	253	169	95	78	99	142	38	262	30	31	22	55	201	111	91	36	148	27	119	46
	0	51	73	14	26	102	181	122	75	96	74	46	230	63	61	97	167	99	99	88	37	88	70	29	72	173	170	55	171	97	226
	0	91	67	64	88	86	94	212	88	136	136	105	81	151	54	176	313	118	183	211	189	60	255	144	198	89	76	77	107	90	54
	0	92	224	58	197	96	68	38	113	20	58	77	101	177	226	92	88	212	90	160	27	102	52	65	78	180	94	136	81	252	68
	0	153	171	143	20	192	81	70	76	76	95	95	161	88	250	143	29	143	169	144	173	41	66	81	170	46	43	214	95	10	14
	0	209	79	100	82	144	75	176	100	163	231	127	40	80	82	154	195	133	170	10	97	174	74	49	258	114	106	90	149	94	221
	0	49	126	179	63	127	178	96	87	44	33	64	128	58	53	143	76	85	234	98	146	65	228	68	84	11	127	84	63	72	75
	0	170	63	96	118	89	124	89	78	86	123	105	109	194	67	182	232	130	56	33	83	108	166	63	241	105	132	187	90	81	47

h_pi = Inventory cost of item p at site i
 	8	2	2	6	2	4	8	8	8	5	1	5	3	2	9	1	8	1	9	1	9	1	1	8	6	2	9	5	9	9	3
	3	5	6	6	3	1	8	1	7	4	1	9	5	3	2	5	7	2	9	4	5	6	4	4	9	2	2	3	8	7	1
	3	1	3	6	2	6	4	2	7	8	7	2	1	6	3	2	5	6	2	6	1	3	9	1	2	5	2	9	9	3	3
	8	1	6	2	7	2	1	3	9	4	4	3	7	4	3	9	5	5	9	7	3	3	2	1	9	4	7	4	8	1	8
	8	9	5	6	3	3	2	5	4	9	2	3	4	7	6	2	8	3	9	5	8	7	1	8	6	8	8	5	7	8	1
	8	1	4	6	7	9	3	4	5	1	6	7	2	1	9	9	9	5	6	9	6	7	3	6	8	7	7	1	7	5	9
	8	4	7	5	8	3	5	1	4	6	4	1	8	4	8	6	3	5	1	4	4	6	1	9	3	2	3	7	8	5	5
	8	6	1	3	6	2	4	2	7	7	3	2	4	9	9	6	4	4	9	7	1	8	2	5	1	3	8	1	3	3	2
	8	2	6	1	5	8	1	7	6	4	9	4	9	9	5	8	9	7	2	7	1	9	1	2	9	1	8	1	8	2	6
	3	8	6	4	7	4	9	2	5	7	3	1	5	4	8	6	1	1	8	3	1	2	3	9	2	9	4	6	6	4	2

C = Vehicle capacity
	3660

f = Fixed transportation cost
	31248

a_ik = Transportation cost for traveling from node i to node k
 	0	89	308	256	619	214	682	470	285	186	106	158	476	329	232	441	396	97	263	342	485	521	410	640	608	734	267	220	658	417	327
	89	0	255	221	657	185	753	550	225	266	152	144	499	256	302	447	481	184	333	254	522	575	423	700	678	799	315	231	737	404	253
	308	255	0	74	566	109	772	626	38	393	264	165	382	96	382	296	598	365	406	263	446	545	296	677	699	789	325	196	800	211	104
	256	221	74	0	516	43	704	553	83	322	197	102	336	157	308	259	524	301	332	299	390	482	250	615	631	725	253	123	728	193	163
	619	657	566	516	0	520	336	397	593	486	515	526	185	662	417	279	477	568	396	815	136	156	271	198	301	294	353	433	446	376	669
	214	185	109	43	520	0	688	527	105	285	156	60	345	177	277	276	492	260	303	298	390	473	261	605	614	714	232	102	706	221	181
	682	753	772	704	336	688	0	235	786	499	603	665	455	860	452	545	343	596	421	975	365	241	516	139	76	93	459	587	134	636	865
	470	550	626	553	397	527	235	0	631	286	410	489	415	703	257	480	109	378	227	790	338	242	439	269	174	314	303	431	188	548	707
	285	225	38	83	593	105	786	631	0	387	253	154	410	75	382	327	596	349	407	229	470	564	324	696	713	807	333	203	808	246	80
	186	266	393	322	486	285	499	286	387	0	137	233	383	451	70	387	219	97	92	511	361	362	346	469	426	556	156	216	473	406	452
	106	152	264	197	515	156	603	410	253	137	0	99	371	315	155	339	355	107	186	381	381	424	307	548	528	647	166	123	596	326	316
	158	144	165	102	526	60	665	489	154	233	99	0	360	219	234	304	446	201	263	311	393	462	281	592	590	698	207	93	672	264	221
	476	499	382	336	185	345	455	415	410	383	371	360	0	478	318	98	458	446	310	635	90	215	87	331	395	443	230	268	531	195	486
	329	256	96	157	662	177	860	703	75	451	315	219	478	0	451	391	664	404	478	177	541	638	392	770	787	881	407	276	882	303	10
	232	302	382	308	417	277	452	257	382	70	155	234	318	451	0	330	217	158	32	534	292	297	287	409	377	502	95	190	442	360	454
	441	447	296	259	279	276	545	480	327	387	339	304	98	391	330	0	504	431	331	554	182	305	43	426	483	538	235	222	613	98	399
	396	481	598	524	477	492	343	109	596	219	355	446	458	664	217	504	0	300	195	729	394	323	462	372	283	423	291	405	276	557	666
	97	184	365	301	568	260	596	378	349	97	107	201	446	404	158	431	300	0	185	436	438	454	394	565	523	653	220	225	565	428	404
	263	333	406	332	396	303	421	227	407	92	186	263	310	478	32	331	195	185	0	564	276	271	288	380	346	471	101	212	412	370	481
	342	254	263	299	815	298	975	790	229	511	381	311	635	177	534	554	729	436	564	0	687	769	549	901	899	1008	517	395	975	474	167
	485	522	446	390	136	390	365	338	470	361	381	393	90	541	292	182	394	438	276	687	0	126	159	244	306	357	220	300	443	277	548
	521	575	545	482	156	473	241	242	564	362	424	462	215	638	297	305	323	454	271	769	126	0	276	133	181	244	261	374	320	396	644
	410	423	296	250	271	261	516	439	324	346	307	281	87	392	287	43	462	394	288	549	159	276	0	402	451	515	193	194	577	121	399
	640	700	677	615	198	605	139	269	696	469	548	592	331	770	409	426	372	565	380	901	244	133	402	0	118	114	388	506	257	521	776
	608	678	699	631	301	614	76	174	713	426	528	590	395	787	377	483	283	523	346	899	306	181	451	118	0	140	384	512	146	570	792
	734	799	789	725	294	714	93	314	807	556	647	698	443	881	502	538	423	653	471	1008	357	244	515	114	140	0	492	614	226	633	887
	267	315	325	253	353	232	459	303	333	156	166	207	230	407	95	235	291	220	101	517	220	261	193	388	384	492	0	131	476	270	411
	220	231	196	123	433	102	587	431	203	216	123	93	268	276	190	222	405	225	212	395	300	374	194	506	512	614	131	0	606	204	281
	658	737	800	728	446	706	134	188	808	473	596	672	531	882	442	613	276	565	412	975	443	320	577	257	146	226	476	606	0	695	886
	417	404	211	193	376	221	636	548	246	406	326	264	195	303	360	98	557	428	370	474	277	396	121	521	570	633	270	204	695	0	312
	327	253	104	163	669	181	865	707	80	452	316	221	486	10	454	399	666	404	481	167	548	644	399	776	792	887	411	281	886	312	0

coordXY = Coordinates (x,y): line zero => x line one => y column => customers
 	496	472	224	252	7	290	232	395	259	449	403	341	67	262	384	69	483	499	375	408	105	161	107	136	250	140	294	281	365	80	270
	342	257	199	267	721	285	970	801	185	521	392	315	547	111	545	450	737	438	575	12	628	740	470	870	897	983	516	386	986	353	106

d_pit = Demand of item p at customer i in period t
 	15	88	36	75	58	98	53	28	27	33	44	95
	11	19	45	51	71	37	50	95	87	76	96	72
	77	95	21	19	49	16	53	57	18	79	40	89
	36	82	51	87	62	34	21	43	49	91	91	30
	75	56	27	27	25	41	88	27	63	25	47	93
	53	72	31	93	77	69	13	28	31	70	71	52
	29	15	32	43	17	25	58	49	86	86	17	21
	63	40	12	96	50	75	31	70	12	53	84	33
	47	13	12	30	92	27	31	26	94	62	55	18
	22	89	34	54	95	86	76	42	42	51	43	78
	38	84	53	14	94	13	77	25	100	20	89	53
	66	77	41	74	36	90	95	89	79	27	19	38
	23	93	90	63	79	18	98	99	33	81	65	57
	96	92	74	37	67	89	87	61	33	93	69	40
	58	90	90	27	35	77	81	21	16	95	79	48
	65	28	96	44	14	49	39	86	58	49	96	80
	66	41	76	57	48	29	84	26	87	56	20	79
	56	17	68	64	51	25	56	31	92	76	74	84
	98	84	41	87	89	82	72	86	63	14	100	48
	83	88	37	69	99	94	38	13	61	47	73	17
	98	44	14	54	91	20	34	54	18	29	58	52
	26	56	84	87	12	86	31	29	80	25	47	40
	88	34	86	78	72	68	14	29	39	35	13	22
	35	13	14	34	54	31	30	12	33	91	13	51
	90	94	81	81	29	79	69	82	72	41	70	97
	48	59	54	78	55	22	29	45	70	60	79	39
	15	48	83	80	34	16	97	12	67	23	69	48
	68	49	32	15	27	80	62	20	14	36	44	65
	49	69	90	72	39	43	66	16	32	87	64	76
	81	95	77	39	42	44	69	34	63	95	97	91

	23	41	71	52	35	27	80	27	80	27	75	90
	27	44	76	25	37	21	92	66	20	73	72	58
	35	53	81	33	27	33	27	79	18	59	15	82
	20	69	82	94	99	15	79	80	16	52	83	15
	65	62	44	30	80	39	44	41	50	27	98	30
	12	95	29	73	46	47	81	37	18	53	34	25
	70	32	77	81	17	62	19	51	41	77	61	90
	44	54	83	53	68	50	89	26	32	91	80	64
	57	67	25	73	64	33	57	25	19	34	60	96
	54	10	62	39	41	14	83	42	62	73	100	38
	69	91	17	98	93	28	95	77	54	89	19	74
	70	29	67	49	24	41	16	23	64	94	44	95
	33	79	39	76	51	67	65	91	67	69	54	22
	68	42	17	59	69	41	91	72	82	22	70	38
	32	77	24	58	11	35	52	41	93	33	54	86
	98	76	16	17	89	41	13	93	47	72	32	57
	79	68	28	57	24	66	47	81	79	57	99	42
	19	71	61	89	14	46	56	73	89	21	73	97
	78	43	52	78	72	10	69	65	27	86	30	85
	10	61	25	59	64	36	56	83	81	88	47	24
	12	35	29	41	66	70	40	70	89	46	68	74
	83	60	64	65	45	84	26	40	42	92	93	37
	97	54	33	43	52	25	17	23	21	28	22	88
	76	44	96	23	64	27	82	54	57	28	48	99
	81	85	11	59	92	67	72	42	56	71	45	26
	31	38	77	58	87	86	91	71	44	12	80	55
	70	60	38	45	94	84	87	87	70	43	47	70
	27	99	25	48	62	34	95	84	49	55	63	46
	68	79	79	15	16	95	48	39	28	72	58	78
	59	12	62	29	55	28	95	78	10	98	62	72

	88	40	45	36	40	74	11	18	68	16	56	94
	82	31	53	54	90	67	98	58	65	11	13	53
	52	79	62	21	17	20	79	24	25	86	45	27
	20	29	12	36	97	44	52	93	35	17	28	99
	49	19	73	21	83	86	54	34	26	72	45	11
	11	45	70	25	56	100	82	32	18	48	95	53
	98	15	93	67	55	41	59	30	33	48	98	52
	11	82	39	38	72	70	56	55	44	57	83	31
	51	88	13	98	34	91	44	57	11	67	71	25
	57	52	45	43	50	92	28	49	50	16	66	83
	83	56	42	72	32	51	36	23	70	41	55	74
	95	74	40	59	30	62	89	93	59	63	13	21
	95	39	100	44	15	72	96	89	62	59	18	14
	78	18	83	31	77	31	48	82	84	93	73	17
	75	24	21	68	25	89	95	64	14	65	73	10
	16	75	51	38	13	17	41	22	18	35	20	98
	38	71	89	17	23	48	93	51	97	75	85	72
	93	24	82	63	12	11	95	52	89	70	20	63
	30	43	26	54	65	13	62	80	37	82	14	66
	31	99	95	45	47	26	79	61	20	79	67	91
	22	32	63	75	24	23	41	24	51	63	37	83
	38	17	17	17	64	61	78	70	26	63	43	91
	44	63	94	76	86	75	51	25	82	19	89	20
	27	84	83	91	87	32	58	38	52	57	23	68
	80	11	33	89	89	90	91	47	28	33	67	65
	36	99	92	72	16	24	85	32	54	66	51	90
	18	74	56	52	59	89	37	23	34	57	33	82
	27	22	17	27	68	87	87	92	33	28	36	73
	36	83	91	15	70	17	86	49	44	18	71	84
	46	39	72	96	64	62	27	64	53	19	20	89

	51	93	81	22	99	50	83	78	19	62	90	25
	57	16	72	36	80	33	53	34	69	23	96	34
	14	65	77	13	39	55	25	51	43	58	78	41
	26	44	19	52	64	63	16	55	47	77	71	27
	70	32	86	42	49	55	45	41	46	22	69	68
	55	50	76	42	21	38	30	33	38	71	92	49
	81	41	67	21	85	70	59	62	60	82	89	11
	26	49	30	22	16	24	74	35	30	39	41	83
	96	61	25	53	24	59	25	45	39	81	37	39
	39	35	41	68	14	28	87	47	94	14	43	16
	46	86	15	80	63	81	55	56	27	84	74	17
	62	67	25	76	45	56	33	99	55	59	14	60
	21	42	47	27	72	17	25	23	32	44	72	97
	43	18	85	52	17	54	91	41	65	24	22	21
	97	40	36	28	54	90	40	96	69	25	13	82
	15	59	65	28	83	21	35	89	93	67	63	25
	15	84	83	85	73	31	90	56	31	11	26	14
	55	44	70	78	25	14	78	31	30	85	68	61
	75	13	24	28	55	80	33	93	10	21	94	68
	37	56	93	34	39	41	44	79	68	24	62	18
	88	84	22	87	18	84	85	80	37	34	66	15
	70	86	58	57	98	29	72	98	66	14	62	68
	29	41	92	17	22	20	30	65	87	77	50	67
	72	55	29	75	30	19	51	91	14	55	58	20
	14	24	42	93	73	46	66	53	95	85	57	80
	58	81	31	98	73	90	28	56	91	64	47	94
	37	18	72	85	39	32	24	36	50	27	16	50
	72	99	91	21	18	27	14	64	49	63	78	65
	24	73	82	18	36	68	13	23	58	48	70	100
	53	30	85	58	97	92	31	77	47	76	48	69

	51	40	22	35	37	26	74	73	29	86	57	56
	42	25	35	19	55	65	36	40	31	38	49	84
	64	82	19	76	20	92	58	36	99	17	17	96
	61	27	51	50	39	35	80	70	90	28	82	71
	86	42	60	59	82	42	51	54	46	89	61	85
	61	33	54	18	13	60	12	75	98	21	55	63
	94	61	57	59	71	12	86	22	27	73	42	41
	88	81	50	41	68	72	39	15	38	40	21	94
	77	17	42	55	30	57	65	24	33	56	98	97
	49	22	65	74	25	49	51	91	86	47	73	20
	29	53	23	31	32	23	91	67	81	16	39	24
	81	48	19	50	32	95	67	48	92	57	90	51
	76	75	85	61	39	48	30	11	30	72	56	62
	42	12	22	53	40	47	99	81	15	13	48	39
	91	85	49	35	45	21	92	35	79	12	25	89
	82	76	87	68	95	67	52	51	87	72	57	84
	26	92	41	44	67	66	94	70	80	64	32	28
	35	62	53	33	91	28	66	76	71	57	77	23
	88	55	68	51	44	73	85	21	35	21	76	68
	13	76	100	27	74	75	64	77	19	28	41	32
	60	98	89	92	56	15	12	57	27	55	70	67
	63	97	95	15	44	37	55	19	51	62	33	45
	87	57	65	42	65	32	86	66	39	55	49	77
	49	72	77	42	44	43	76	18	95	72	19	10
	13	76	92	48	94	79	28	85	97	38	32	52
	31	45	77	49	54	38	17	26	95	30	15	61
	15	15	47	74	78	50	43	77	77	32	34	15
	69	26	12	70	88	72	76	96	76	51	42	69
	90	49	76	89	89	48	71	72	29	72	82	32
	54	60	48	42	50	94	39	15	68	23	64	40

	33	20	39	78	24	47	95	83	98	84	50	82
	64	85	55	20	56	81	81	61	35	73	56	53
	27	31	99	29	56	95	87	66	73	79	32	81
	93	65	39	76	24	96	68	89	58	84	65	83
	96	74	77	29	75	81	77	70	19	25	23	40
	68	43	39	90	88	66	92	25	42	36	77	68
	38	79	77	98	87	89	48	26	82	44	32	25
	99	14	59	25	62	88	88	92	59	76	92	63
	20	78	45	59	33	35	11	58	74	82	86	25
	58	28	22	24	69	27	33	93	13	48	47	84
	77	41	83	94	46	14	11	12	25	98	21	81
	88	13	85	68	13	58	81	23	52	49	45	66
	91	36	50	77	25	25	94	31	23	57	86	10
	99	46	81	38	27	66	88	94	13	84	52	38
	70	22	51	98	15	79	33	14	35	10	77	27
	88	76	13	34	73	54	97	70	77	69	74	72
	11	69	96	36	66	35	65	18	43	34	35	20
	90	33	41	38	86	55	32	94	84	85	48	72
	93	13	54	13	23	45	49	12	71	100	77	90
	27	17	53	98	98	33	99	57	74	36	39	91
	16	86	29	81	26	87	48	25	37	44	43	64
	36	16	80	54	26	19	37	22	93	97	27	15
	65	57	75	34	74	55	56	33	29	19	57	97
	25	53	90	46	19	35	93	44	81	52	18	71
	53	81	46	73	76	99	49	34	91	27	30	22
	94	75	92	44	99	89	25	68	83	53	55	62
	31	29	76	30	87	39	79	79	79	43	76	74
	81	99	33	56	63	98	46	70	18	42	38	79
	52	98	24	78	12	93	33	21	54	95	77	48
	68	39	20	16	98	90	44	23	18	37	33	93

	43	43	20	47	49	89	78	54	24	44	60	99
	91	52	28	61	98	34	74	61	88	28	42	81
	61	82	56	56	47	83	95	55	96	11	26	35
	20	71	31	66	49	50	88	21	29	11	48	81
	88	16	88	70	70	33	98	11	55	78	41	74
	57	24	40	86	48	39	72	47	60	18	66	84
	25	45	66	56	35	58	40	47	32	59	80	49
	76	93	34	94	57	71	48	34	58	29	85	37
	76	48	55	14	32	72	83	32	66	95	27	93
	95	31	23	58	49	79	56	96	63	83	21	49
	72	23	97	71	65	84	44	30	65	34	12	81
	74	87	32	69	61	45	89	57	93	91	63	72
	39	49	18	53	36	82	22	81	18	90	75	20
	88	84	78	60	64	14	32	18	74	63	52	82
	72	71	37	28	35	51	96	97	26	89	15	62
	29	53	88	68	93	75	83	39	59	34	39	73
	45	85	13	95	80	57	29	19	31	96	95	18
	36	94	39	57	57	43	51	47	28	87	50	40
	71	60	13	78	51	92	79	53	44	50	67	90
	91	32	50	47	87	31	10	42	50	54	16	32
	41	64	96	49	90	35	40	43	75	78	35	15
	66	92	37	59	57	69	52	27	56	89	90	37
	81	45	54	30	80	86	61	71	61	54	31	22
	40	60	48	22	12	75	33	65	26	93	12	94
	46	57	23	43	78	85	72	36	31	38	62	35
	43	83	34	34	77	26	69	30	88	52	40	98
	25	74	52	63	63	28	55	84	57	17	80	90
	95	90	39	61	100	46	24	10	22	35	88	75
	10	36	26	92	28	44	96	48	67	97	49	98
	14	30	72	70	93	29	51	22	33	54	83	88

	41	36	74	58	94	27	87	83	33	56	54	60
	79	28	36	69	35	98	22	17	20	37	14	54
	100	81	15	67	81	37	21	58	27	78	47	78
	82	13	30	28	66	35	48	54	42	59	52	38
	23	21	77	23	72	73	88	49	58	21	34	60
	75	99	92	100	50	97	48	56	57	42	55	75
	25	88	63	22	93	24	21	54	49	53	61	36
	22	78	96	64	20	55	90	46	87	38	46	38
	69	94	56	29	46	72	98	80	86	66	40	39
	79	64	88	95	80	90	38	68	74	50	53	22
	62	28	37	99	37	44	62	19	94	26	92	61
	40	68	28	13	68	54	83	92	84	28	27	71
	80	40	53	78	34	20	15	53	96	60	38	73
	52	30	69	69	14	79	43	68	17	33	76	46
	21	83	50	69	37	25	49	66	76	53	25	37
	22	47	26	100	56	44	22	90	38	66	74	38
	83	50	57	25	85	69	24	24	14	38	62	32
	57	17	25	71	68	57	96	93	36	66	82	82
	10	66	72	73	84	21	71	18	80	22	52	13
	97	87	35	51	44	41	42	75	14	55	73	98
	59	38	25	52	80	15	33	77	43	31	23	97
	74	39	54	64	15	67	65	19	22	93	71	99
	49	57	89	12	10	100	95	42	94	62	38	39
	48	89	37	84	50	42	68	52	50	54	55	21
	52	62	80	31	56	40	49	94	43	40	67	90
	77	29	47	23	61	67	85	22	71	11	60	73
	21	69	46	44	50	36	29	11	99	68	55	62
	47	61	20	21	90	38	19	89	68	43	61	23
	56	24	14	73	86	50	20	57	67	12	94	12
	62	90	29	40	39	99	71	21	98	99	12	59

	22	27	73	83	32	91	44	90	40	31	42	21
	53	73	44	10	22	51	63	84	90	32	37	77
	80	11	40	48	40	94	75	98	98	54	95	36
	63	47	21	26	70	79	75	29	14	61	31	75
	56	28	43	61	62	67	97	64	55	32	82	76
	80	22	76	95	44	33	82	64	85	83	48	81
	96	10	46	27	88	16	44	75	55	20	91	81
	33	54	18	41	77	66	99	28	47	34	64	94
	23	21	44	80	23	82	66	56	52	46	88	59
	33	79	96	36	98	44	76	65	42	48	85	26
	64	89	10	51	91	87	16	83	87	57	85	96
	74	54	34	44	60	71	16	31	96	26	51	13
	58	40	92	66	98	58	86	87	85	38	11	45
	53	42	65	58	18	33	55	12	29	43	97	27
	27	27	89	18	83	60	82	31	39	70	71	23
	76	99	73	93	12	74	34	25	39	62	27	16
	85	30	38	43	40	50	48	35	71	52	83	50
	71	89	74	43	19	79	61	74	21	78	61	98
	98	61	56	59	13	29	31	65	29	52	50	16
	72	74	81	54	74	17	98	18	66	16	45	95
	65	48	67	79	90	78	27	47	42	58	59	45
	49	79	89	11	50	53	32	27	88	82	23	48
	68	72	38	47	33	53	39	62	16	69	11	70
	84	17	100	29	59	24	15	50	70	70	56	52
	11	67	39	49	87	91	46	100	96	49	14	84
	57	70	47	36	18	92	72	90	75	59	64	21
	84	80	76	48	47	64	49	52	22	13	14	91
	63	96	35	23	13	50	46	43	56	43	47	17
	72	51	57	52	67	62	49	12	74	82	63	32
	53	22	96	98	51	55	18	36	84	17	72	85

	30	78	62	73	74	74	52	78	67	98	58	83
	39	24	76	59	69	20	60	61	66	62	60	93
	11	85	49	26	33	30	31	41	13	36	96	31
	42	76	14	10	12	58	49	63	10	29	73	99
	89	84	40	67	55	22	49	84	49	44	52	67
	88	24	12	78	71	37	61	55	24	20	11	71
	19	70	44	99	40	17	91	46	59	25	53	30
	16	29	33	78	41	76	44	18	60	59	82	73
	86	88	82	89	24	23	14	45	40	83	11	27
	65	47	11	99	19	82	73	100	13	17	19	61
	22	83	87	46	93	51	24	42	73	78	47	51
	97	12	31	39	78	93	80	18	40	21	75	78
	98	23	60	13	77	72	80	37	88	20	96	32
	54	13	24	77	22	59	69	29	22	34	95	36
	56	47	45	34	85	80	93	39	50	30	27	62
	23	84	35	90	53	29	32	69	93	44	21	28
	39	91	86	49	86	57	99	17	73	30	67	28
	39	17	22	25	75	54	51	19	20	52	57	17
	33	60	33	95	80	79	73	19	47	24	99	43
	83	54	92	98	50	39	49	80	19	74	27	89
	49	24	35	65	99	45	44	70	54	54	18	77
	31	13	26	96	65	28	83	21	52	30	73	66
	31	32	15	97	14	44	28	90	26	60	31	21
	47	12	90	92	55	55	40	43	36	39	100	61
	47	58	96	87	44	62	63	15	52	15	74	86
	40	19	73	36	51	90	45	55	36	63	81	29
	76	79	32	48	15	94	68	64	19	61	46	23
	90	96	32	14	38	53	34	80	50	78	20	99
	81	30	42	54	24	50	32	17	39	92	19	70
	47	58	69	37	59	34	34	73	19	40	17	68

