***** PARAMETERS PRP *****

Number of Customers = 30
Number of Products = 10
Number of Vehicles = 5
Number of Periods = 12

B = Production capacity
	49303

b_p = Time required to produce item p
 	1	1	1	1	1	1	1	1	1	1

c_p = Production cost of item p
 	800	300	800	300	800	800	300	300	800	300

s_p = Setup cost of item p
 	800	300	800	300	800	800	300	300	800	300

M = Big number
	197210

U_pi = Maximum inventory upper bound of item p at site i
 	197210	292	143	319	172	300	83	177	170	234	104	298	296	328	282	133	151	299	209	242	232	285	290	273	280	96	145	212	223	73	122
	197210	129	110	132	220	277	127	169	263	226	163	96	87	227	93	237	233	182	188	277	157	186	238	258	209	270	151	255	279	220	147
	197210	307	104	273	198	200	96	285	235	135	288	111	138	208	177	218	170	183	302	172	177	259	97	192	316	255	265	194	96	190	182
	197210	291	180	340	184	208	167	94	124	138	147	161	156	103	187	195	251	181	102	149	231	200	232	172	94	316	155	118	179	156	294
	197210	188	117	96	134	112	139	158	258	195	193	193	138	295	227	275	110	331	301	207	315	119	219	156	247	143	158	82	165	208	109
	197210	327	196	270	177	106	177	131	114	272	124	240	273	91	163	275	295	166	161	227	286	245	172	123	293	121	88	239	296	250	123
	197210	183	333	170	138	95	231	264	132	241	223	228	240	129	195	199	166	196	117	93	249	190	284	177	93	174	229	168	362	209	237
	197210	300	111	280	264	142	106	259	117	229	103	199	290	131	104	359	187	224	106	175	262	253	184	259	199	110	239	263	269	270	277
	197210	165	94	255	105	95	276	84	192	115	87	151	154	245	290	329	210	161	212	175	107	250	307	213	276	89	144	256	165	92	285
	197210	186	105	293	224	217	230	203	150	187	339	121	169	204	216	123	94	185	90	108	186	298	244	343	174	86	226	303	113	303	136

I_pi0 = Initial inventory of item p at site i
 	0	162	47	184	171	108	61	38	101	85	78	75	250	165	191	78	144	198	136	115	48	109	56	88	276	81	136	57	156	0	85
	0	125	88	129	36	216	59	116	177	116	91	46	37	186	59	175	48	89	50	175	119	127	67	166	139	117	28	78	50	155	133
	0	194	32	182	73	124	13	14	196	62	270	80	88	185	62	33	13	169	234	59	176	47	82	173	72	82	132	99	57	74	35
	0	214	153	28	153	176	142	73	95	131	82	134	13	81	104	136	92	55	50	31	195	151	168	34	92	152	114	66	172	141	285
	0	78	16	12	130	19	125	56	10	107	158	97	39	172	24	46	63	166	239	202	294	81	21	111	210	57	78	17	134	113	100
	0	20	50	31	142	46	67	93	75	89	101	220	145	77	134	154	219	28	131	186	161	95	112	71	86	66	0	98	21	189	92
	0	48	128	103	106	14	192	196	61	129	106	48	108	97	174	169	98	130	75	84	149	71	62	139	63	170	91	164	314	92	144
	0	63	98	171	168	84	45	117	93	71	97	104	171	67	48	220	113	59	58	56	82	57	169	93	58	25	174	147	237	59	93
	0	129	30	107	73	68	235	57	72	29	37	80	93	236	126	105	205	135	174	70	66	163	238	137	227	83	81	98	89	47	73
	0	132	57	216	137	56	181	67	124	80	168	117	12	174	118	80	89	120	10	88	93	37	50	134	74	70	25	106	85	179	81

h_pi = Inventory cost of item p at site i
 	8	4	5	9	1	8	9	5	2	9	6	4	3	9	7	5	3	7	1	3	2	7	2	7	3	6	7	5	2	4	8
	3	4	4	4	9	5	3	7	8	8	7	3	8	9	1	7	8	9	9	7	8	9	1	8	1	2	8	1	5	4	4
	8	5	6	6	5	2	4	4	1	5	5	2	6	9	2	9	2	2	4	8	5	3	1	8	1	9	7	2	6	1	9
	3	5	1	7	6	5	9	7	7	6	3	2	2	8	9	2	5	6	5	1	9	2	5	5	2	7	3	2	1	2	4
	8	1	7	8	8	8	1	4	7	4	7	4	4	1	9	7	7	1	8	1	3	1	9	1	6	5	4	6	8	2	4
	8	6	2	1	9	4	9	4	7	7	3	7	2	5	9	1	2	7	5	3	3	2	6	6	2	2	3	2	2	9	9
	3	3	3	3	4	3	7	1	1	7	5	6	1	2	1	2	1	6	7	4	7	9	6	2	8	8	4	4	9	5	2
	3	7	9	6	2	4	4	6	5	4	8	5	6	7	4	4	7	2	3	9	2	2	7	3	7	7	3	9	3	2	6
	8	9	7	5	7	7	7	3	9	8	4	4	3	6	7	4	7	7	1	4	7	6	9	9	6	8	4	4	1	5	4
	3	1	6	8	5	5	1	9	3	8	8	2	1	9	3	8	7	6	6	9	5	1	7	3	2	9	5	3	8	3	4

C = Vehicle capacity
	3620

f = Fixed transportation cost
	30876

a_ik = Transportation cost for traveling from node i to node k
 	0	381	163	336	198	500	434	189	334	82	410	149	317	348	539	280	323	390	447	694	346	382	145	122	440	291	525	338	486	527	248
	381	0	245	678	286	825	679	209	82	425	175	507	218	528	235	648	564	765	640	962	110	738	240	266	144	482	270	319	805	222	146
	163	245	0	497	216	659	567	133	226	185	332	310	158	450	447	442	449	550	560	839	251	545	96	109	342	392	453	344	643	433	100
	336	678	497	0	405	167	218	470	611	360	637	188	652	286	765	101	203	161	293	387	606	71	447	420	685	276	725	476	156	755	569
	198	286	216	405	0	543	396	99	211	278	239	259	349	253	370	395	279	516	367	679	203	469	121	114	283	201	343	143	522	359	223
	500	825	659	167	543	0	220	619	753	526	762	352	815	359	884	254	285	239	308	241	744	150	601	575	815	375	836	586	26	876	726
	434	679	567	218	396	220	0	488	600	490	584	314	721	160	696	309	119	374	90	284	583	270	487	465	640	198	641	398	194	689	609
	189	209	133	470	99	619	488	0	149	254	224	300	252	351	351	441	370	560	465	770	157	529	51	69	251	297	343	212	600	339	124
	334	82	226	611	211	753	600	149	0	391	120	447	253	448	222	588	486	707	559	882	36	673	190	214	117	402	235	238	732	208	141
	82	425	185	360	278	526	490	254	391	0	478	182	318	421	604	284	386	378	513	735	407	393	205	188	502	365	596	419	515	591	283
	410	175	332	637	239	762	584	224	120	478	0	496	372	425	132	633	482	754	528	861	86	704	274	291	58	392	121	189	740	121	257
	149	507	310	188	259	352	314	300	447	182	496	0	465	277	628	142	221	261	349	554	450	236	269	242	537	232	600	370	339	617	388
	317	218	158	652	349	815	721	252	253	318	372	465	0	597	452	592	603	694	709	996	288	698	237	258	356	540	482	451	800	439	133
	348	528	450	286	253	359	160	351	448	421	425	277	597	0	537	342	83	443	114	438	429	354	361	342	482	59	483	239	334	530	475
	539	235	447	765	370	884	696	351	222	604	132	628	452	537	0	764	600	885	632	966	199	833	399	419	105	511	71	300	861	14	359
	280	648	442	101	395	254	309	441	588	284	633	142	592	342	764	0	264	121	374	485	590	111	409	382	676	316	732	493	249	754	525
	323	564	449	203	279	285	119	370	486	386	482	221	603	83	600	264	0	361	129	400	472	271	369	346	536	90	551	301	261	593	490
	390	765	550	161	516	239	374	560	707	378	754	261	694	443	885	121	361	0	453	479	710	106	525	499	797	425	852	611	246	874	638
	447	640	560	293	367	308	90	465	559	513	528	349	709	114	632	374	129	453	0	335	539	352	473	453	585	169	573	340	283	626	588
	694	962	839	387	679	241	284	770	882	735	861	554	996	438	966	485	400	479	335	0	866	389	765	742	918	481	907	673	239	961	889
	346	110	251	606	203	744	583	157	36	407	86	450	288	429	199	590	472	710	539	866	0	670	203	225	95	386	204	210	723	185	172
	382	738	545	71	469	150	270	529	673	393	704	236	698	354	833	111	271	106	352	389	670	0	503	476	751	346	794	546	151	823	623
	145	240	96	447	121	601	487	51	190	205	274	269	237	361	399	409	369	525	473	765	203	503	0	28	298	304	393	252	584	387	125
	122	266	109	420	114	575	465	69	214	188	291	242	258	342	419	382	346	499	453	742	225	476	28	0	319	285	409	252	557	407	151
	440	144	342	685	283	815	640	251	117	502	58	537	356	482	105	676	536	797	585	918	95	751	298	319	0	447	127	246	792	91	256
	291	482	392	276	201	375	198	297	402	365	392	232	540	59	511	316	90	425	169	481	386	346	304	285	447	0	462	212	351	503	420
	525	270	453	725	343	836	641	343	235	596	121	600	482	483	71	732	551	852	573	907	204	794	393	409	127	462	0	251	812	73	375
	338	319	344	476	143	586	398	212	238	419	189	370	451	239	300	493	301	611	340	673	210	546	252	252	246	212	251	0	562	293	318
	486	805	643	156	522	26	194	600	732	515	740	339	800	334	861	249	261	246	283	239	723	151	584	557	792	351	812	562	0	853	708
	527	222	433	755	359	876	689	339	208	591	121	617	439	530	14	754	593	874	626	961	185	823	387	407	91	503	73	293	853	0	346
	248	146	100	569	223	726	609	124	141	283	257	388	133	475	359	525	490	638	588	889	172	623	125	151	256	420	375	318	708	346	0

coordXY = Coordinates (x,y): line zero => x line one => y column => customers
 	91	222	75	193	273	272	409	207	263	10	382	135	11	411	453	101	350	47	472	491	297	152	163	162	365	363	491	413	286	441	129
	414	57	252	734	338	880	709	265	128	425	126	556	108	550	15	693	606	801	646	980	137	791	289	316	71	517	74	312	859	21	169

d_pit = Demand of item p at customer i in period t
 	42	66	54	34	53	70	100	83	61	38	61	39
	47	47	12	91	10	45	52	74	92	14	48	38
	86	50	34	14	86	74	37	85	79	37	98	86
	51	29	91	34	63	81	76	22	37	70	42	90
	96	12	99	79	11	86	55	93	49	32	23	86
	42	19	63	21	81	14	16	18	74	94	38	15
	38	53	34	48	71	76	36	69	70	36	95	80
	69	32	86	21	57	42	13	19	58	69	10	35
	85	99	89	99	83	58	87	94	77	79	43	42
	78	90	67	86	35	13	53	36	63	16	42	44
	44	31	67	77	63	47	80	95	18	64	43	85
	75	77	98	75	68	13	24	97	24	24	88	48
	100	27	38	93	82	66	49	94	15	97	56	69
	73	58	60	26	49	98	26	60	95	14	58	60
	78	77	87	32	45	89	92	76	72	69	38	40
	39	14	20	71	24	98	95	62	15	51	88	26
	69	45	84	42	81	60	65	43	44	80	38	67
	48	46	42	84	70	52	32	53	29	78	59	34
	16	99	12	13	28	28	91	29	90	98	18	59
	16	32	62	69	16	99	70	66	75	18	78	96
	83	26	83	14	75	43	66	59	37	29	95	75
	56	13	55	81	39	88	70	66	91	42	44	52
	71	17	43	72	38	61	35	57	87	55	94	26
	87	69	99	21	23	84	70	97	15	37	44	25
	23	41	17	69	85	14	21	74	69	68	39	53
	35	27	61	13	10	31	35	55	16	92	25	35
	57	72	73	60	62	59	68	96	78	53	84	86
	28	41	87	64	54	56	46	25	45	82	89	52
	74	42	11	34	30	50	10	20	28	34	29	76
	85	92	60	22	29	80	81	45	76	40	70	49

	56	43	26	25	100	73	51	84	81	51	90	92
	88	51	44	89	18	90	44	60	21	71	54	27
	91	38	87	65	47	61	94	63	91	56	85	12
	36	91	22	97	74	45	50	74	71	11	20	69
	96	22	98	40	15	29	27	65	58	94	90	31
	59	75	97	84	97	11	48	59	64	66	29	71
	30	20	66	79	29	47	24	30	34	66	29	54
	70	12	37	58	38	81	84	17	26	61	76	72
	65	11	40	35	26	11	63	94	19	93	50	35
	91	70	13	22	38	92	82	64	66	23	16	75
	46	22	16	83	70	20	99	45	24	36	97	20
	12	25	22	59	38	80	24	96	31	46	58	28
	70	75	41	64	83	78	45	74	66	35	29	22
	59	15	57	74	36	22	77	28	22	37	37	94
	35	96	44	80	36	82	66	12	77	47	90	47
	24	14	10	38	46	97	87	14	64	49	80	36
	44	45	37	25	86	40	100	28	51	97	77	96
	50	98	68	92	76	70	80	72	66	37	11	33
	95	80	85	55	36	61	64	25	98	84	97	50
	60	59	75	50	27	74	68	24	43	57	76	14
	75	52	76	85	55	38	68	24	77	100	60	34
	36	31	42	53	61	71	52	100	68	66	93	40
	81	85	28	98	31	33	59	80	17	36	31	40
	12	96	31	73	31	61	76	97	46	20	29	54
	60	57	91	27	63	87	66	94	82	46	66	71
	28	41	24	42	20	60	14	32	16	16	52	17
	78	44	28	52	64	45	71	87	64	40	93	100
	50	69	37	78	68	81	73	22	26	60	30	75
	93	42	20	12	33	62	89	73	77	85	22	52
	50	83	52	20	17	82	35	41	53	37	99	18

	48	84	62	17	79	84	55	72	63	49	66	57
	32	85	65	21	29	58	45	41	68	75	55	49
	84	98	50	87	19	88	72	58	95	26	80	62
	57	16	48	38	56	38	43	38	31	33	46	31
	47	45	32	35	97	64	31	70	28	13	69	70
	13	61	95	89	23	11	56	76	47	30	21	56
	14	86	37	27	82	23	85	74	82	83	30	60
	34	71	34	57	41	45	17	70	76	21	77	22
	62	91	25	70	60	58	62	95	52	87	47	98
	96	90	84	73	32	35	36	28	92	87	15	22
	67	13	36	91	12	65	66	84	34	94	22	80
	28	23	13	24	99	23	83	62	42	30	45	80
	53	20	30	82	43	96	16	84	56	20	99	25
	17	45	16	64	84	23	79	22	99	87	75	95
	33	69	14	27	94	94	66	22	80	51	37	68
	13	14	12	12	52	77	99	100	58	40	19	13
	73	21	75	36	44	30	80	10	94	96	75	96
	70	68	96	99	93	63	28	12	45	28	56	67
	37	22	46	81	96	45	26	74	82	96	53	28
	48	82	46	81	63	97	40	67	64	11	69	39
	47	48	21	88	38	45	76	51	68	89	20	30
	51	31	38	53	39	39	17	52	76	78	41	69
	86	87	41	76	24	100	58	82	91	35	30	59
	72	69	68	99	74	59	56	91	68	37	46	20
	82	94	27	81	74	66	61	31	80	38	58	74
	71	61	12	98	91	91	32	14	37	58	25	47
	40	59	48	38	82	12	92	15	50	25	44	76
	13	44	22	15	57	97	64	62	31	56	41	74
	74	77	50	30	91	79	86	85	27	25	42	93
	35	39	75	56	76	92	66	68	43	76	52	50

	26	21	98	69	67	59	13	91	70	54	76	55
	64	27	62	84	42	96	98	68	26	40	31	80
	28	83	19	93	47	72	77	67	99	72	97	63
	77	76	75	42	59	81	18	67	49	92	76	23
	12	32	79	53	36	48	79	81	58	61	31	53
	11	41	64	26	66	47	12	73	14	12	17	18
	35	38	26	86	32	80	49	78	60	14	16	47
	27	43	25	95	93	66	96	51	80	95	12	59
	94	37	45	51	44	27	16	71	94	12	36	26
	82	10	19	18	76	17	32	63	79	93	72	26
	62	18	28	26	74	25	62	98	78	46	92	35
	13	90	56	99	86	71	56	17	19	21	38	59
	34	24	23	75	81	56	17	35	64	83	78	50
	32	72	86	73	19	70	24	63	12	14	75	20
	23	64	14	35	14	25	81	31	58	73	87	80
	92	30	12	50	13	87	30	92	50	100	15	31
	55	30	73	18	68	52	65	59	45	76	98	85
	33	17	80	10	68	68	68	85	78	15	72	19
	31	18	42	91	56	48	18	15	72	84	82	37
	33	75	87	71	61	86	19	57	26	47	62	69
	70	54	27	36	46	45	69	98	43	18	56	37
	53	49	66	49	50	58	24	41	37	30	51	48
	34	21	16	51	52	28	41	55	22	65	100	31
	12	80	11	50	36	38	56	86	33	32	59	68
	79	73	15	98	69	64	48	29	23	90	85	86
	59	31	24	18	87	90	27	25	84	87	75	13
	66	53	66	61	80	57	73	34	32	25	72	89
	22	42	85	23	64	69	38	27	57	44	39	27
	87	54	49	86	25	70	33	35	15	27	87	57
	62	57	80	86	71	76	75	27	37	69	12	53

	78	42	31	65	33	40	96	20	73	11	23	53
	16	16	51	82	95	88	50	77	48	43	54	81
	12	87	28	38	53	57	23	33	69	93	39	44
	73	57	79	21	98	77	98	24	79	59	73	63
	19	88	75	54	45	60	16	51	51	62	61	90
	19	20	86	39	70	10	74	86	61	33	21	36
	17	39	58	51	77	22	26	66	93	92	14	75
	10	86	86	62	82	81	16	27	29	49	38	52
	33	11	63	57	21	27	43	47	27	56	37	46
	83	75	67	65	68	69	22	84	83	29	37	89
	27	70	34	58	33	19	56	88	89	44	18	44
	39	10	44	40	62	36	94	64	62	54	23	22
	99	73	63	58	12	31	26	92	89	42	98	26
	24	59	72	83	28	20	51	57	26	36	42	47
	15	31	67	72	19	70	34	92	95	66	68	32
	63	63	92	35	53	98	34	35	65	39	18	64
	60	55	51	97	40	78	93	33	85	13	96	93
	83	58	51	47	89	52	32	47	40	89	43	92
	34	79	89	28	62	76	98	83	67	28	100	82
	96	69	46	83	49	43	73	26	72	69	64	65
	81	37	35	38	55	71	75	79	86	65	77	17
	21	73	89	66	51	51	18	53	82	52	45	57
	13	98	24	14	68	40	99	21	98	27	21	100
	54	84	72	70	15	72	89	62	51	89	18	66
	57	71	94	51	64	82	59	91	91	100	63	32
	31	47	43	53	81	36	48	58	79	11	92	53
	17	53	50	93	29	13	47	73	38	22	43	13
	71	63	72	30	30	58	91	41	62	29	39	74
	78	35	22	52	28	56	72	50	87	94	21	29
	100	65	21	31	97	15	56	49	80	56	17	64

	20	56	70	64	53	83	92	23	89	98	78	59
	50	39	89	85	73	96	70	93	28	68	36	57
	31	84	69	25	25	70	97	27	83	76	37	24
	90	52	60	56	28	32	92	73	76	46	20	83
	28	18	79	74	11	89	28	58	72	61	51	69
	12	55	51	74	34	32	57	52	61	52	21	30
	70	23	20	35	85	30	26	63	41	57	20	53
	75	17	23	79	23	89	33	11	12	10	54	29
	89	90	20	92	99	99	38	96	24	39	78	52
	35	66	80	81	93	31	80	63	35	71	47	59
	46	88	86	29	27	19	30	13	54	23	84	78
	57	51	37	52	87	68	49	18	89	83	47	17
	25	52	81	53	18	71	57	40	23	47	33	46
	12	42	58	22	69	31	67	35	86	94	63	71
	81	22	51	57	47	71	60	14	64	54	95	44
	12	72	75	60	29	70	12	54	86	90	90	57
	28	49	31	27	66	94	22	96	71	15	68	95
	66	43	22	39	32	53	96	47	77	40	79	51
	96	90	53	14	44	61	39	16	92	67	70	39
	46	42	73	74	97	43	37	83	51	15	26	100
	95	80	76	83	33	89	88	36	14	45	56	41
	68	44	86	50	64	31	42	54	84	81	56	29
	31	40	61	60	58	11	79	28	12	40	12	58
	69	17	97	85	38	87	43	76	17	27	93	53
	40	26	38	72	97	92	21	66	71	47	91	63
	91	91	29	11	26	47	28	97	29	33	32	12
	13	85	91	32	83	66	37	60	99	35	63	54
	21	40	57	43	99	51	87	58	99	39	54	63
	68	60	48	13	71	77	86	90	41	57	91	47
	43	29	20	49	97	87	99	75	65	53	54	69

	48	13	21	68	85	69	95	58	56	81	90	49
	80	48	88	80	95	83	80	49	51	92	23	30
	32	56	15	41	13	92	34	41	19	21	85	61
	65	14	27	60	50	17	58	27	14	69	69	81
	14	54	53	48	21	69	44	70	64	32	35	68
	65	81	46	95	65	100	12	41	37	78	37	35
	54	14	78	50	87	39	30	52	60	85	66	18
	14	47	87	65	25	80	58	68	94	64	87	100
	86	43	53	61	75	72	36	52	35	90	65	56
	73	33	17	74	63	41	90	61	30	33	74	81
	26	22	86	75	83	25	48	64	13	78	73	91
	77	31	75	40	45	69	16	18	79	84	27	14
	19	78	73	53	80	87	52	83	95	52	37	62
	54	86	34	33	17	29	34	82	79	33	76	27
	99	70	69	91	75	81	27	96	86	42	20	41
	14	20	64	49	28	25	40	44	14	18	92	91
	25	19	34	52	48	48	20	42	72	28	37	46
	75	49	96	71	66	48	99	21	99	21	44	13
	58	26	20	22	16	20	32	35	60	42	22	18
	67	82	85	31	78	53	43	85	78	92	35	17
	71	19	41	17	79	40	90	46	25	60	37	46
	62	93	98	51	70	82	71	37	78	63	73	75
	49	90	15	59	24	90	93	89	49	40	17	92
	63	98	42	75	13	42	13	26	25	59	31	70
	47	84	39	93	23	28	32	88	62	47	98	53
	46	45	84	18	48	26	83	15	86	77	74	85
	94	70	19	17	51	57	44	41	76	35	73	94
	83	62	97	72	65	40	97	99	25	91	65	73
	55	37	16	39	49	72	44	76	22	98	48	72
	77	67	32	57	55	64	42	71	51	75	79	41

	63	30	30	87	65	77	42	65	35	80	73	74
	46	52	42	41	20	76	81	39	94	92	46	36
	55	33	83	40	68	55	63	55	67	21	65	66
	93	75	60	85	85	18	55	58	77	71	59	55
	57	27	81	86	74	88	85	72	87	38	87	71
	45	74	44	99	58	12	32	14	20	92	46	97
	71	46	21	78	65	66	32	29	58	53	14	89
	93	96	81	79	55	46	15	12	77	43	34	68
	71	58	44	95	15	87	31	84	92	18	30	63
	58	27	12	26	35	97	72	30	36	44	93	89
	18	86	59	50	93	33	11	49	23	91	50	33
	82	89	42	49	77	56	92	42	23	10	77	56
	67	81	15	53	38	98	68	32	12	12	13	34
	48	76	72	90	21	24	49	31	18	74	95	27
	19	100	40	61	96	94	91	81	33	78	71	97
	49	64	78	83	80	15	18	81	61	83	63	71
	59	65	50	16	24	42	46	39	70	25	66	35
	58	71	25	34	83	43	51	93	51	51	40	34
	56	70	74	32	29	46	49	58	96	59	62	67
	82	30	76	63	12	46	15	74	80	79	25	46
	57	25	25	90	30	95	83	46	88	44	13	11
	77	92	82	40	71	27	98	59	68	50	47	26
	22	71	47	16	65	71	64	65	91	42	27	41
	58	66	46	68	12	86	47	23	37	13	85	57
	25	92	27	46	72	59	36	98	11	56	71	67
	78	39	57	34	80	64	46	71	37	49	71	90
	18	58	71	13	32	80	22	75	71	69	79	44
	20	34	90	93	72	36	93	23	91	70	89	96
	59	17	51	36	98	29	52	62	63	65	70	47
	93	82	96	65	24	75	19	98	40	73	88	79

	50	79	51	46	12	72	42	99	72	90	32	13
	30	44	97	11	44	20	12	61	64	97	70	16
	39	68	53	17	31	67	83	99	28	85	29	14
	12	61	48	23	62	63	64	90	87	11	21	89
	68	36	25	83	77	20	48	56	23	49	56	30
	83	29	25	98	32	57	51	78	58	15	67	70
	46	11	31	85	94	11	32	23	34	37	68	31
	53	19	16	64	45	15	64	21	88	75	61	56
	29	40	68	56	19	31	28	62	55	46	11	13
	37	65	89	14	46	17	64	67	38	24	44	15
	63	17	92	55	22	81	34	45	30	72	61	32
	51	42	81	18	86	72	43	32	21	23	92	53
	36	55	65	80	22	47	49	82	19	74	41	18
	54	72	92	51	44	76	82	69	26	19	64	48
	84	21	14	55	92	99	100	54	38	77	68	87
	48	71	44	42	61	95	97	91	63	98	56	75
	52	44	39	43	60	94	69	83	29	17	15	97
	67	87	20	25	44	99	46	27	79	56	33	52
	56	14	60	83	62	43	78	84	89	57	47	26
	66	87	44	76	54	21	92	24	25	29	54	68
	48	32	83	34	60	58	36	98	29	33	50	39
	29	83	49	77	85	64	85	77	66	31	43	47
	38	46	15	38	92	19	70	52	36	62	82	89
	97	97	33	94	91	75	67	63	16	90	29	76
	83	42	30	47	56	16	54	63	37	24	64	16
	81	16	94	23	82	48	43	69	32	48	28	13
	18	80	19	74	24	49	67	53	33	88	74	36
	89	44	29	60	13	66	38	44	42	48	93	94
	12	35	82	81	19	98	42	26	32	38	49	35
	73	43	44	66	61	80	92	65	14	89	18	39

	37	15	80	69	30	76	51	97	94	65	32	96
	57	54	39	48	67	57	64	23	21	85	75	41
	30	90	96	40	46	92	67	29	71	19	94	30
	77	60	75	57	26	96	55	64	74	17	59	12
	56	92	23	53	50	59	39	46	38	86	10	98
	10	66	42	63	28	42	73	93	96	48	64	65
	25	42	97	45	39	11	94	93	55	46	48	13
	76	48	27	35	23	30	86	80	52	45	16	83
	49	31	13	13	72	19	36	81	46	97	13	90
	95	73	84	34	26	88	32	73	95	50	96	67
	38	79	82	94	16	56	50	61	77	100	17	54
	12	15	29	30	15	10	56	67	86	14	28	44
	14	84	76	34	97	78	41	96	79	92	89	37
	14	18	86	41	79	22	72	30	96	28	19	13
	80	85	53	32	94	94	16	84	62	43	44	53
	89	13	96	64	45	62	30	26	35	34	44	23
	27	93	16	88	38	91	45	81	83	47	33	98
	10	19	25	86	71	48	43	41	58	21	29	90
	64	24	71	51	20	65	25	61	80	35	84	68
	93	26	85	50	33	91	76	49	30	20	95	94
	37	24	31	64	42	88	69	63	41	82	81	92
	50	82	96	10	66	81	19	59	14	32	43	34
	73	61	87	55	85	76	68	78	38	72	69	61
	41	33	47	65	36	96	88	88	22	61	93	25
	70	22	20	76	10	27	33	34	12	97	49	63
	25	52	86	34	67	20	57	25	45	78	96	94
	35	20	51	97	58	87	71	85	51	62	83	27
	23	12	50	75	50	35	25	24	88	38	16	17
	72	64	43	27	85	97	19	84	13	82	98	42
	49	32	69	88	22	88	90	68	100	89	24	98

