***** PARAMETERS PRP *****

Number of Customers = 30
Number of Products = 10
Number of Vehicles = 5
Number of Periods = 12

B = Production capacity
	49333

b_p = Time required to produce item p
 	1	1	1	1	1	1	1	1	1	1

c_p = Production cost of item p
 	300	800	800	300	800	300	800	800	300	800

s_p = Setup cost of item p
 	300	800	800	300	800	300	800	800	300	800

M = Big number
	197332

U_pi = Maximum inventory upper bound of item p at site i
 	197332	143	260	220	147	226	169	303	232	124	255	110	308	168	201	225	130	262	247	223	210	324	220	318	242	242	160	285	191	201	283
	197332	198	270	104	138	97	217	322	277	103	187	94	269	242	100	272	79	232	117	83	121	110	208	299	209	125	260	108	158	217	138
	197332	82	191	229	103	295	109	101	81	237	291	275	285	139	189	205	290	160	99	116	231	178	170	175	121	228	298	343	234	130	113
	197332	372	142	244	118	235	116	296	187	174	109	280	169	237	294	183	75	90	326	163	194	313	111	120	229	112	206	91	115	102	86
	197332	242	138	275	128	132	291	150	114	88	114	96	149	116	286	212	250	322	167	295	140	126	222	224	129	171	235	258	233	168	147
	197332	267	280	119	147	240	272	271	279	287	108	202	188	178	146	112	115	117	359	120	129	216	312	298	101	189	206	322	119	237	189
	197332	93	159	193	181	173	139	225	109	250	178	225	113	219	112	117	279	223	235	345	337	245	176	225	240	217	264	132	205	200	85
	197332	166	90	162	313	167	311	170	200	304	150	194	134	222	98	112	228	148	89	207	353	367	186	132	285	236	167	231	150	194	203
	197332	143	156	97	215	283	93	116	226	183	324	112	104	306	251	87	108	215	251	145	172	327	192	225	223	243	112	117	252	121	279
	197332	274	241	178	103	130	124	174	262	311	101	152	111	184	210	68	343	240	91	164	248	245	90	216	89	157	197	198	304	220	181

I_pi0 = Initial inventory of item p at site i
 	0	143	23	136	133	136	151	90	74	69	148	101	265	149	172	41	123	110	40	207	97	168	92	244	230	149	97	117	176	151	80
	0	178	112	102	121	82	215	60	85	19	73	53	128	150	99	220	52	60	69	46	27	95	27	101	110	64	95	40	66	157	137
	0	54	146	190	85	239	40	34	39	197	220	131	78	94	143	179	234	133	92	84	217	93	72	171	94	86	222	269	216	100	113
	0	97	28	74	65	226	93	48	51	40	93	204	139	154	157	135	33	61	34	133	160	130	107	17	81	97	41	84	40	79	27
	0	149	80	229	51	92	66	89	46	62	101	71	120	65	114	110	128	213	77	214	90	72	41	175	97	22	120	33	19	83	138
	0	160	227	103	92	32	157	198	49	251	48	96	109	103	125	108	113	34	177	83	98	187	30	91	88	55	141	265	90	29	155
	0	49	71	180	100	158	129	111	75	209	103	224	87	174	17	98	163	65	52	322	187	83	121	200	90	175	177	30	191	41	68
	0	161	84	100	85	108	226	166	87	94	120	126	88	60	19	107	76	125	63	104	275	192	18	93	131	189	22	104	69	174	179
	0	107	136	29	96	88	93	79	100	172	253	56	99	86	156	37	63	143	187	33	62	35	100	97	209	115	94	57	221	52	145
	0	122	234	38	22	49	93	122	84	115	95	103	30	168	181	51	102	79	33	89	156	58	88	138	57	98	163	142	89	207	62

h_pi = Inventory cost of item p at site i
 	3	1	8	8	6	4	4	6	9	4	1	8	8	1	2	9	5	8	2	1	4	3	5	7	3	7	9	4	5	3	6
	8	9	6	5	2	4	7	3	2	7	1	4	4	4	3	7	7	4	2	7	3	8	7	2	8	5	5	7	7	8	5
	8	2	2	8	3	8	4	7	9	7	7	2	4	7	1	2	8	5	2	9	7	1	7	4	4	7	6	4	9	5	6
	3	7	4	5	6	9	1	2	6	2	8	4	8	3	4	1	5	1	5	7	9	7	2	2	2	5	3	6	5	8	8
	8	7	4	4	5	6	2	2	8	8	4	3	3	4	3	2	5	3	2	9	2	6	3	5	7	4	2	8	5	4	5
	3	1	6	8	8	2	2	1	1	4	5	8	4	8	3	8	1	3	8	5	1	3	6	8	9	5	9	9	8	8	7
	8	2	6	6	9	6	9	3	7	9	9	7	3	2	3	9	8	7	5	9	7	4	3	7	4	4	8	6	8	3	9
	8	8	3	8	2	8	4	2	2	8	4	9	8	6	8	8	7	1	6	5	1	2	2	4	2	7	6	7	6	6	5
	3	3	9	7	1	9	6	2	9	2	9	8	6	5	1	2	3	8	8	6	7	7	8	4	8	9	4	3	7	2	8
	8	3	4	4	9	1	4	7	8	6	4	7	8	9	8	1	7	5	4	5	1	1	1	9	1	3	3	7	2	3	6

C = Vehicle capacity
	3720

f = Fixed transportation cost
	28241

a_ik = Transportation cost for traveling from node i to node k
 	0	703	235	406	577	274	497	380	376	659	569	721	636	217	830	561	650	842	408	414	154	373	146	325	353	366	563	594	758	113	472
	703	0	489	824	284	817	654	815	404	46	149	189	410	858	368	228	501	471	758	795	831	353	677	522	358	741	329	212	83	725	255
	235	489	0	400	343	344	363	382	145	444	346	487	413	370	597	327	443	616	360	386	344	142	190	146	132	325	331	360	536	237	244
	406	824	400	0	574	152	241	27	422	781	676	742	535	271	761	606	489	716	76	39	332	491	271	305	508	83	535	632	843	294	575
	577	284	343	574	0	603	378	571	204	252	172	169	142	674	256	69	227	297	503	541	668	218	498	299	253	494	46	73	278	557	155
	274	817	344	152	603	0	344	127	418	773	669	770	599	121	823	618	573	796	192	177	180	467	167	306	471	160	571	649	851	163	563
	497	654	363	241	378	344	0	250	297	616	517	538	307	457	529	426	251	477	167	202	494	381	355	218	413	186	334	446	655	408	431
	380	815	382	27	571	127	250	0	412	772	667	739	538	246	764	599	496	723	83	55	306	478	247	294	493	77	532	626	836	268	564
	376	404	145	422	204	418	297	412	0	361	256	361	270	476	455	203	308	472	362	397	466	85	297	118	120	340	187	235	433	355	153
	659	46	444	781	252	773	616	772	361	0	105	184	384	813	367	192	474	464	716	753	786	308	632	479	313	698	296	180	112	680	210
	569	149	346	676	172	669	517	667	256	105	0	184	313	714	356	104	399	434	612	649	690	207	532	374	218	593	212	108	191	582	106
	721	189	487	742	169	770	538	739	361	184	184	0	251	836	184	160	340	283	670	709	824	349	657	465	373	663	208	128	139	713	254
	636	410	413	535	142	599	307	538	270	384	313	251	0	689	227	210	92	207	460	499	699	320	530	319	359	464	110	208	385	591	286
	217	858	370	271	674	121	457	246	476	813	714	836	689	0	908	678	673	892	311	297	76	507	182	378	502	277	647	710	901	137	609
	830	368	597	761	256	823	529	764	455	367	356	184	227	908	0	293	285	116	686	724	911	473	741	531	507	690	268	267	303	801	397
	561	228	327	606	69	618	426	599	203	192	104	160	210	678	293	0	295	351	537	575	665	190	499	314	218	524	108	33	238	554	104
	650	501	443	489	227	573	251	496	308	474	399	340	92	673	285	295	0	227	414	451	693	373	530	325	414	425	189	297	476	590	359
	842	471	616	716	297	796	477	723	472	464	434	283	207	892	116	351	227	0	641	677	904	509	737	526	547	651	290	332	412	797	450
	408	758	360	76	503	192	167	83	362	716	612	670	460	311	686	537	414	641	0	39	362	435	265	247	456	43	463	563	774	301	513
	414	795	386	39	541	177	202	55	397	753	649	709	499	297	724	575	451	677	39	0	353	469	275	281	487	62	501	601	812	304	549
	154	831	344	332	668	180	494	306	466	786	690	824	699	76	911	665	693	904	362	353	0	485	171	381	474	324	645	697	879	112	587
	373	353	142	491	218	467	381	478	85	308	207	349	320	507	473	190	373	509	435	469	485	0	325	189	41	409	220	222	395	376	103
	146	677	190	271	498	167	355	247	297	632	532	657	530	182	741	499	530	737	265	275	171	325	0	212	321	223	475	531	719	61	427
	325	522	146	305	299	306	218	294	118	479	374	465	319	378	531	314	325	526	247	281	381	189	212	0	211	222	269	343	548	272	271
	353	358	132	508	253	471	413	493	120	313	218	373	359	502	507	218	414	547	456	487	474	41	321	211	0	427	258	250	408	368	121
	366	741	325	83	494	160	186	77	340	698	593	663	464	277	690	524	425	651	43	62	324	409	223	222	427	0	456	550	761	260	492
	563	329	331	535	46	571	334	532	187	296	212	208	110	647	268	108	189	290	463	501	645	220	475	269	258	456	0	118	322	535	177
	594	212	360	632	73	649	446	626	235	180	108	128	208	710	267	33	297	332	563	601	697	222	531	343	250	550	118	0	212	586	133
	758	83	536	843	278	851	655	836	433	112	191	139	385	901	303	238	476	412	774	812	879	395	719	548	408	761	322	212	0	771	293
	113	725	237	294	557	163	408	268	355	680	582	713	591	137	801	554	590	797	301	304	112	376	61	272	368	260	535	586	771	0	478
	472	255	244	575	155	563	431	564	153	210	106	254	286	609	397	104	359	450	513	549	587	103	427	271	121	492	177	133	293	478	0

coordXY = Coordinates (x,y): line zero => x line one => y column => customers
 	464	487	390	59	256	198	28	85	306	477	425	299	115	294	124	324	35	17	63	52	368	387	326	245	425	105	222	318	426	352	393
	761	59	538	762	223	823	524	767	420	103	194	60	230	895	4	218	274	48	687	724	881	397	716	521	411	693	253	186	4	771	295

d_pit = Demand of item p at customer i in period t
 	17	47	79	22	42	33	31	18	59	75	61	86
	23	30	59	35	13	92	24	66	82	23	96	82
	38	98	94	31	39	91	96	54	22	17	64	15
	17	66	50	60	67	43	62	27	24	82	76	13
	56	21	59	31	72	14	57	12	54	53	22	92
	28	27	77	19	85	38	44	72	34	16	47	19
	90	93	85	35	30	29	94	25	88	69	37	52
	74	23	62	11	48	75	54	82	24	40	11	53
	69	64	30	94	63	65	13	96	72	14	84	82
	50	86	12	44	86	46	10	89	21	23	72	73
	17	84	33	26	50	82	22	99	50	64	59	71
	54	89	34	88	37	71	96	53	27	98	28	63
	87	19	43	80	83	80	21	26	37	84	57	55
	26	35	66	45	40	45	97	23	35	80	76	36
	16	25	76	28	61	27	94	13	64	37	74	26
	18	20	15	70	67	49	17	27	43	73	71	51
	11	99	51	54	54	49	57	96	12	59	35	51
	15	25	14	59	86	51	77	18	67	21	99	60
	55	94	58	74	27	74	85	11	21	25	77	67
	55	42	32	60	63	24	98	98	49	67	17	26
	58	43	67	92	74	51	52	86	59	48	64	84
	62	30	14	12	98	47	96	47	43	90	40	80
	62	52	57	73	97	68	94	99	19	82	31	29
	73	60	97	79	42	35	75	20	98	35	89	22
	56	32	61	88	94	87	65	63	55	26	16	84
	83	14	76	18	12	45	66	71	80	89	21	65
	33	84	90	82	47	29	16	36	52	72	53	91
	29	54	21	72	17	56	76	40	72	29	98	10
	71	80	91	42	93	55	21	95	55	41	80	81
	80	94	26	73	90	19	55	14	97	69	23	38

	94	84	38	63	80	13	86	28	48	12	31	18
	23	89	47	92	68	31	11	89	43	68	71	16
	79	23	94	69	62	28	58	27	73	49	29	35
	94	27	88	94	89	29	17	36	98	95	70	91
	27	55	87	47	69	64	24	98	10	18	58	27
	22	73	35	85	31	74	72	59	15	63	83	38
	60	47	76	89	24	46	89	49	50	51	96	96
	47	38	82	64	68	38	67	85	84	41	36	15
	19	46	40	48	81	23	77	61	67	78	24	56
	73	31	92	34	75	70	54	47	91	85	26	71
	37	16	58	41	55	23	56	70	47	30	77	53
	52	76	53	74	16	91	95	17	14	60	17	80
	68	28	54	33	56	50	30	69	85	58	26	24
	61	38	24	57	79	68	60	76	26	53	22	35
	90	65	65	45	62	67	24	67	89	11	50	18
	52	51	53	24	43	15	16	74	16	10	38	80
	60	17	60	85	40	28	14	46	84	71	24	27
	40	29	57	64	92	75	20	51	94	45	62	72
	46	72	45	19	15	26	79	45	51	17	33	50
	27	25	86	24	15	17	82	40	13	12	64	78
	37	58	70	84	38	34	13	59	41	93	47	85
	27	84	12	88	28	15	58	94	89	17	91	22
	42	44	15	38	33	69	60	80	97	51	97	91
	76	34	27	13	24	80	26	13	65	43	67	33
	64	99	70	31	56	39	87	30	44	41	96	95
	95	60	30	69	91	79	28	25	91	65	55	92
	40	100	43	75	10	40	78	48	80	64	51	17
	66	51	63	73	32	85	66	40	22	38	36	58
	11	73	73	71	20	66	10	14	16	66	54	47
	100	37	97	62	74	69	80	40	86	93	33	58

	43	11	12	22	96	35	75	86	35	48	13	17
	59	22	18	47	78	77	31	10	79	17	38	97
	99	58	33	76	83	17	75	98	56	68	12	12
	85	38	53	69	22	32	44	88	84	17	53	31
	69	57	26	87	87	18	66	93	82	15	32	75
	40	48	22	43	25	85	66	44	98	87	48	45
	19	15	16	100	82	43	54	52	85	49	69	22
	39	19	16	21	30	67	12	71	83	15	85	25
	16	89	57	35	21	29	53	63	73	16	51	65
	64	99	57	51	46	88	94	45	18	21	99	16
	76	55	35	33	92	51	52	41	13	44	91	77
	55	23	22	24	61	75	99	17	92	46	81	90
	94	81	63	52	56	64	92	86	96	43	85	22
	54	49	40	90	16	73	48	28	18	67	16	67
	83	96	63	38	60	21	42	12	26	87	27	60
	36	83	92	23	73	33	62	85	78	48	15	69
	69	64	55	25	17	94	21	91	75	64	27	36
	30	62	41	16	100	66	25	57	57	62	21	57
	27	57	74	97	72	92	45	45	42	18	91	36
	62	90	50	15	65	25	66	83	63	33	50	92
	64	19	10	61	20	24	63	87	64	32	28	61
	72	31	47	21	65	64	47	57	69	56	97	54
	97	74	70	62	59	16	73	18	97	56	65	12
	41	53	37	25	82	83	55	83	58	54	87	68
	86	46	98	65	59	74	16	38	82	20	48	53
	80	93	49	91	56	38	10	53	76	53	54	62
	47	74	56	92	59	89	73	48	80	29	92	84
	17	46	55	98	43	54	92	17	62	67	58	93
	22	53	25	21	24	89	31	61	11	66	82	33
	95	18	22	62	98	19	48	92	55	83	63	23

	97	97	88	50	83	99	97	72	39	97	33	41
	28	12	31	57	70	83	16	87	66	23	62	31
	74	71	49	42	45	98	71	85	23	58	89	26
	39	26	55	63	67	62	97	62	78	21	88	48
	76	64	86	97	98	34	22	22	13	46	63	83
	93	65	80	79	13	43	71	72	44	41	73	21
	48	92	27	44	90	68	57	93	82	40	56	13
	19	32	24	44	16	38	58	87	38	21	57	15
	12	28	82	78	55	53	27	35	78	68	95	84
	93	100	23	58	11	40	48	86	30	84	23	58
	67	89	48	96	66	91	43	12	68	16	42	33
	59	58	22	36	67	16	56	17	86	51	13	26
	60	40	54	93	42	54	90	97	11	24	76	69
	67	90	11	42	70	33	25	36	94	82	99	57
	48	87	82	30	87	41	95	92	49	10	81	29
	33	52	79	43	18	27	34	22	27	47	14	55
	61	59	18	43	32	53	57	73	62	17	17	47
	34	52	41	98	51	82	63	97	55	94	52	63
	66	67	52	86	64	25	97	36	16	63	65	14
	97	63	12	41	61	52	83	24	63	79	100	99
	57	14	59	96	11	55	81	76	86	72	88	56
	45	62	36	79	21	75	70	64	63	15	85	51
	17	96	86	98	88	35	82	56	22	34	26	80
	70	11	79	50	35	27	97	45	38	39	11	48
	97	83	81	27	87	18	15	51	56	47	83	29
	41	34	80	76	22	81	62	69	30	51	19	53
	84	18	27	73	59	22	36	51	61	61	43	13
	40	80	64	45	64	75	78	22	35	73	52	62
	79	58	43	31	55	32	73	56	18	98	27	42
	27	88	47	54	32	94	39	10	28	10	44	42

	50	99	17	38	12	90	46	85	89	23	94	82
	80	74	66	32	93	21	44	97	99	80	91	48
	58	82	89	46	34	54	87	28	67	19	68	27
	51	49	100	79	55	35	91	71	55	86	24	71
	37	55	73	12	38	18	12	60	41	11	72	99
	39	27	76	55	78	55	29	93	57	46	60	83
	58	31	80	89	25	32	28	74	41	30	69	44
	46	83	52	98	44	56	26	35	66	95	12	71
	17	25	20	56	21	75	62	65	85	76	13	13
	54	47	90	95	73	31	63	12	86	78	30	25
	71	86	20	15	75	36	29	55	54	94	19	22
	28	92	43	32	49	15	31	61	88	27	53	76
	14	22	29	97	37	87	83	94	67	86	53	26
	53	61	85	79	73	97	56	77	21	98	81	77
	14	40	56	14	97	60	50	59	99	42	45	59
	53	75	75	55	12	62	57	68	46	41	24	31
	74	63	76	91	34	63	43	88	88	23	39	90
	77	59	89	52	18	62	22	87	45	49	17	89
	48	64	21	81	23	100	31	83	55	30	80	92
	90	55	60	15	60	43	44	38	59	62	15	19
	31	41	95	52	81	65	62	57	91	44	44	94
	41	59	18	12	97	77	31	21	28	32	40	76
	56	30	89	45	56	85	47	59	24	96	36	50
	97	72	72	29	84	99	51	15	66	84	34	69
	22	95	44	63	79	15	11	84	45	68	97	59
	40	21	59	82	34	67	44	55	70	53	14	24
	14	19	70	95	91	83	62	78	67	40	67	87
	19	14	33	48	85	85	50	29	16	76	71	32
	83	94	31	60	43	99	28	46	36	27	81	44
	95	30	13	82	39	22	26	18	55	66	50	92

	59	23	78	73	43	83	31	57	16	40	94	44
	75	51	53	48	79	95	75	75	25	51	26	20
	42	61	88	49	26	24	26	21	53	16	26	43
	92	77	75	64	13	25	23	64	39	67	32	16
	18	14	32	76	68	64	58	63	32	45	45	62
	63	94	25	91	47	71	37	17	12	95	86	15
	26	80	92	96	71	44	33	65	44	17	27	56
	49	89	41	68	50	65	70	67	18	42	26	85
	71	22	76	82	65	86	92	68	61	91	73	74
	48	50	49	28	71	77	75	90	20	31	65	42
	96	63	53	31	76	34	51	34	27	59	20	61
	42	19	48	25	21	37	65	49	82	56	72	49
	62	41	94	88	61	28	36	98	38	32	48	87
	47	78	28	57	72	15	31	63	22	23	94	52
	37	71	99	93	50	55	31	35	19	50	76	55
	13	100	86	61	80	62	11	50	27	98	49	53
	34	26	64	75	66	86	29	84	82	82	23	53
	36	23	93	25	88	89	90	86	47	92	95	98
	83	54	22	32	96	48	12	33	22	42	19	18
	37	61	64	49	76	94	48	39	86	77	95	46
	49	92	46	37	80	93	54	99	75	77	68	92
	30	32	99	32	68	84	97	99	61	42	65	39
	91	50	50	44	71	34	83	82	97	79	13	22
	29	59	85	85	73	37	38	87	34	13	20	44
	55	69	11	18	25	52	85	39	42	74	69	27
	21	66	54	58	22	32	34	32	83	94	38	85
	91	79	95	86	53	70	71	64	40	24	18	82
	90	17	12	51	36	37	19	28	33	31	89	33
	29	77	33	32	11	37	98	40	12	29	86	85
	97	58	63	68	50	44	81	98	51	37	56	53

	13	36	51	26	27	82	50	59	55	51	35	71
	19	52	62	93	92	27	45	19	48	95	67	16
	81	99	49	80	71	45	82	70	50	10	37	96
	53	47	28	51	97	83	33	66	15	78	84	90
	60	98	98	59	28	83	16	48	35	42	37	88
	93	36	49	97	50	85	68	49	88	80	88	52
	17	26	68	51	58	21	90	87	33	23	27	40
	75	61	50	86	34	88	11	85	77	35	22	29
	86	48	75	79	39	86	38	59	11	87	54	87
	28	53	22	81	21	33	23	76	12	40	66	80
	40	58	43	83	83	16	24	78	52	16	99	84
	28	59	30	63	10	35	79	24	36	41	23	23
	77	97	30	26	69	45	21	97	35	82	30	47
	17	96	96	34	46	38	49	97	79	90	17	11
	98	48	12	82	40	73	92	39	21	31	92	71
	81	82	69	74	45	67	74	91	30	42	99	84
	65	92	19	99	93	33	36	68	53	61	23	27
	36	16	46	44	91	88	98	44	59	43	95	46
	97	86	78	61	33	59	89	26	81	94	85	40
	25	92	70	88	77	32	54	73	78	94	33	93
	83	36	89	45	65	83	82	31	16	75	79	50
	57	64	81	44	44	25	41	63	86	87	17	96
	23	47	32	98	61	41	83	43	44	62	46	95
	20	25	45	34	57	83	62	23	82	74	14	58
	96	79	54	28	67	89	47	80	83	97	97	49
	62	75	40	41	85	72	63	72	73	57	87	64
	30	100	73	21	79	65	99	95	76	23	80	49
	34	81	76	63	55	47	52	19	73	15	57	42
	41	12	86	39	93	88	16	97	63	89	78	97
	68	42	19	43	50	22	23	66	54	17	75	31

	78	83	90	64	28	27	33	82	55	26	48	49
	84	38	73	47	45	39	30	23	21	34	45	63
	48	41	11	65	41	65	46	54	36	14	12	52
	29	56	62	18	93	97	97	61	81	57	60	41
	71	37	45	92	57	31	12	34	89	87	57	57
	65	77	10	74	65	28	94	72	64	79	97	22
	38	72	56	67	71	46	21	80	23	98	60	48
	30	22	25	10	54	17	21	70	61	67	29	74
	94	39	83	51	96	26	84	13	60	69	64	51
	24	96	44	85	60	12	58	27	40	67	21	65
	34	92	36	87	93	76	59	86	35	46	100	32
	88	83	27	99	35	98	70	67	40	59	85	55
	60	31	38	73	64	22	73	76	62	24	64	79
	19	68	19	52	92	53	45	15	58	31	82	56
	50	57	74	69	60	35	89	67	70	41	17	43
	64	12	86	67	55	21	97	80	74	23	50	56
	94	31	99	11	55	36	36	91	43	35	30	32
	63	72	37	29	59	18	46	73	20	27	55	35
	45	59	28	85	32	55	82	45	28	62	83	17
	76	38	73	88	93	80	36	93	94	68	22	86
	57	63	72	67	87	75	78	68	75	78	81	80
	18	11	55	18	49	72	87	22	90	48	30	59
	93	96	12	92	49	62	71	57	40	88	95	38
	39	92	25	36	20	11	90	76	80	83	69	64
	68	26	62	33	89	23	29	66	92	20	30	28
	22	88	85	67	23	77	71	90	14	56	48	25
	75	29	69	88	47	94	21	57	75	63	45	31
	69	38	46	84	12	27	34	90	46	55	71	27
	84	90	26	78	92	29	28	73	79	77	76	44
	49	64	66	94	43	14	59	47	35	24	50	63

	35	39	33	83	33	15	32	45	48	23	94	93
	94	42	37	17	43	71	13	73	65	78	33	58
	29	34	29	68	23	70	67	13	94	63	50	42
	11	85	61	36	100	23	43	72	18	99	10	88
	68	20	81	96	32	93	19	14	29	76	82	68
	65	28	89	20	34	11	87	63	18	38	15	90
	60	19	82	61	57	12	71	81	10	83	85	76
	71	29	32	80	34	27	65	56	77	44	11	17
	53	89	30	64	24	82	97	39	42	94	71	47
	99	80	74	81	76	26	16	11	99	64	89	63
	20	36	63	52	42	25	29	24	91	27	21	17
	54	45	38	48	48	60	12	87	51	75	60	44
	86	39	40	47	13	60	81	95	54	66	55	98
	41	32	83	57	52	58	44	27	58	17	85	49
	37	56	24	98	18	48	24	27	19	55	43	70
	63	80	11	43	56	89	29	95	25	68	35	52
	45	98	74	68	84	35	41	11	15	79	67	27
	45	83	59	79	45	74	20	38	94	35	82	100
	33	38	38	39	74	63	49	87	20	52	70	17
	12	50	38	56	60	81	57	47	65	71	76	74
	35	70	31	75	55	70	80	56	78	52	95	88
	36	64	99	80	57	31	77	66	41	98	66	53
	97	92	85	54	51	47	82	90	85	89	91	35
	92	74	43	33	12	20	90	25	95	92	34	60
	46	69	81	82	19	51	71	46	59	93	29	83
	94	95	38	17	74	14	85	88	23	23	56	64
	57	52	93	93	99	12	29	90	19	29	72	59
	64	12	73	72	64	85	95	37	66	16	92	80
	52	80	58	64	19	73	64	64	79	68	46	58
	83	62	66	39	57	82	30	67	33	18	33	99

	84	13	25	56	99	86	26	32	23	44	89	80
	35	50	64	85	30	45	17	83	93	58	70	92
	38	32	35	30	89	32	20	67	76	63	37	15
	22	48	82	83	19	19	84	24	78	35	62	63
	49	98	32	18	30	51	65	27	36	12	27	75
	44	49	35	48	54	84	82	35	70	95	90	57
	14	51	57	41	50	81	37	27	46	56	11	51
	61	23	87	41	24	42	50	93	59	45	36	68
	89	26	20	22	90	88	69	85	48	92	55	63
	60	35	31	70	33	34	97	36	62	59	20	71
	54	49	57	35	27	37	83	34	62	34	89	46
	30	44	30	80	95	80	36	77	41	16	72	63
	20	55	93	19	66	84	97	35	88	97	24	59
	56	77	48	56	71	28	49	14	87	27	83	34
	51	40	19	50	16	13	36	33	31	44	22	54
	29	73	63	97	43	91	64	70	68	89	72	63
	50	29	52	93	73	55	15	63	96	31	95	69
	33	51	63	12	46	23	56	56	48	24	79	57
	34	55	46	80	64	86	50	70	39	51	14	67
	55	31	70	40	97	23	86	40	23	12	20	98
	58	66	37	22	82	30	18	16	98	64	30	67
	37	51	44	27	29	18	81	76	38	60	36	42
	18	72	48	48	50	22	49	78	66	91	88	19
	39	18	55	83	31	19	14	28	99	20	87	39
	98	68	42	23	23	61	64	27	84	55	65	17
	38	54	71	77	85	39	86	92	77	58	14	95
	64	78	59	51	80	99	94	76	26	60	23	80
	89	40	75	56	70	75	76	24	61	88	27	48
	92	69	46	22	21	53	86	90	17	29	79	57
	62	53	72	65	22	14	36	52	49	19	84	15

