***** PARAMETERS PRP *****

Number of Customers = 30
Number of Products = 10
Number of Vehicles = 5
Number of Periods = 12

B = Production capacity
	50104

b_p = Time required to produce item p
 	1	1	1	1	1	1	1	1	1	1

c_p = Production cost of item p
 	800	800	800	800	300	800	800	800	800	800

s_p = Setup cost of item p
 	800	800	800	800	300	800	800	800	800	800

M = Big number
	200414

U_pi = Maximum inventory upper bound of item p at site i
 	200414	99	220	181	106	165	193	228	267	303	141	108	236	105	154	160	243	273	238	330	217	230	168	228	179	244	161	106	107	165	102
	200414	200	127	142	103	202	249	176	214	154	238	298	188	295	223	137	195	91	329	128	221	192	101	235	114	273	195	163	91	205	232
	200414	119	166	157	124	188	183	77	247	165	287	178	121	266	202	268	118	113	165	237	145	125	154	270	192	170	213	197	194	251	212
	200414	122	179	174	213	278	211	229	295	185	149	115	235	288	253	127	168	110	236	363	139	154	116	302	152	194	229	116	278	108	197
	200414	178	131	120	150	221	94	122	143	191	241	308	261	187	183	257	244	196	207	291	347	192	164	217	132	155	301	299	249	98	249
	200414	93	264	184	140	130	301	271	325	152	157	189	317	278	90	273	276	294	114	200	220	232	362	147	110	185	130	231	131	360	161
	200414	246	312	354	205	281	160	318	289	296	296	309	192	221	223	236	191	157	117	257	120	225	162	124	176	196	253	335	301	164	126
	200414	122	243	166	280	278	216	270	199	242	326	286	230	257	177	105	183	229	300	279	236	294	250	294	151	135	222	196	167	179	109
	200414	97	278	318	105	111	129	147	160	195	267	185	165	288	266	98	216	169	104	279	112	243	172	321	223	221	182	339	255	134	209
	200414	113	206	266	107	204	196	134	244	333	161	114	177	91	224	132	163	137	85	159	317	265	177	211	103	281	104	116	226	204	285

I_pi0 = Initial inventory of item p at site i
 	0	90	162	151	84	97	149	77	101	267	70	81	100	59	152	31	159	160	96	236	151	92	141	172	131	233	136	54	69	159	86
	0	119	93	53	93	91	136	50	121	93	128	21	63	123	140	84	85	84	90	95	201	134	65	48	18	61	168	73	91	180	64
	0	99	92	85	112	180	73	28	51	130	147	131	38	43	150	129	92	110	165	14	75	123	113	162	102	105	180	49	21	134	157
	0	111	105	114	202	214	139	194	77	125	30	41	164	155	112	119	48	108	119	81	73	87	90	289	140	173	211	84	177	67	123
	0	168	74	92	60	209	59	82	94	183	179	198	201	148	152	80	176	93	109	99	189	84	122	148	83	93	12	221	94	40	188
	0	10	100	78	34	96	188	173	139	68	116	25	198	244	30	209	203	24	93	186	203	151	126	85	99	154	81	25	92	196	142
	0	49	157	285	197	242	97	187	211	17	96	185	147	112	164	92	97	134	106	231	93	175	17	110	141	46	185	174	162	99	87
	0	114	161	69	60	67	54	74	159	35	180	178	126	202	86	88	80	26	139	42	150	49	111	230	79	40	58	151	81	97	87
	0	78	63	116	99	79	58	122	82	32	225	132	134	28	178	93	158	87	79	40	88	146	122	118	218	21	173	66	41	88	163
	0	79	118	240	102	85	150	75	83	124	83	83	174	80	216	121	129	115	77	108	230	144	155	89	87	192	14	58	104	141	190

h_pi = Inventory cost of item p at site i
 	8	4	2	8	3	4	9	8	1	1	1	1	4	6	6	4	3	4	7	1	1	5	3	4	1	3	5	6	7	8	1
	8	9	8	6	9	8	8	3	1	4	2	6	1	3	8	8	9	7	2	5	1	4	9	2	3	4	8	8	3	6	2
	8	5	8	1	4	1	9	3	2	4	9	2	9	6	1	2	1	2	7	5	4	7	2	8	5	6	6	2	6	7	6
	8	2	5	9	6	7	7	9	1	4	2	8	2	5	7	9	8	3	7	3	6	1	2	6	6	9	7	2	5	1	8
	3	9	2	4	5	8	1	2	7	8	3	5	3	2	3	6	3	6	1	8	6	8	9	6	8	6	3	4	4	2	8
	8	7	9	6	6	4	4	4	7	9	9	9	7	5	3	4	3	4	2	9	4	7	3	8	2	2	8	1	3	2	1
	8	6	3	3	1	1	9	6	9	8	5	5	9	6	1	6	5	8	4	2	7	9	9	3	9	3	7	4	9	1	1
	8	7	3	9	6	7	9	8	6	6	2	7	5	9	4	1	6	5	7	6	2	1	6	8	4	3	2	9	9	1	9
	8	2	6	9	6	4	4	5	6	5	3	2	4	9	4	2	5	7	2	2	7	3	8	9	5	9	6	4	4	4	2
	8	2	5	9	8	3	3	9	1	2	3	5	4	6	6	5	4	1	9	5	4	6	2	4	8	3	2	9	9	7	7

C = Vehicle capacity
	3630

f = Fixed transportation cost
	30659

a_ik = Transportation cost for traveling from node i to node k
 	0	346	929	410	428	383	888	766	738	903	581	822	611	126	260	394	478	162	676	303	811	64	523	456	416	527	185	158	543	347	534
	346	0	819	300	378	453	893	792	762	844	590	733	627	315	419	200	520	308	702	70	679	395	360	302	364	662	255	421	674	51	435
	929	819	0	544	503	570	296	342	341	134	388	112	377	803	702	623	485	767	362	876	143	989	460	522	516	586	752	827	576	869	404
	410	300	544	0	86	212	593	495	464	552	295	448	332	294	271	109	244	259	407	345	414	473	116	57	75	414	226	362	422	349	143
	428	378	503	86	0	143	519	415	384	493	213	399	250	303	236	194	159	267	325	416	384	489	151	125	15	333	250	348	340	425	109
	383	453	570	212	143	0	507	386	357	526	199	459	228	261	134	304	96	229	295	472	474	437	293	262	146	212	243	260	223	493	231
	888	893	296	593	519	507	0	126	152	163	314	254	281	767	630	697	412	735	213	934	361	940	561	600	533	414	742	752	398	941	465
	766	792	342	495	415	386	126	0	31	225	203	261	167	646	507	602	293	615	93	828	356	816	481	510	429	291	625	627	276	839	379
	738	762	341	464	384	357	152	31	0	232	173	252	136	617	480	572	263	586	63	798	343	789	452	480	398	273	595	601	258	809	350
	903	844	134	552	493	526	163	225	232	0	329	123	307	777	659	645	433	742	269	895	223	960	490	543	507	497	737	785	485	894	411
	581	590	388	295	213	199	314	203	173	329	0	277	37	457	331	403	105	424	112	626	321	636	302	317	227	219	428	457	215	637	199
	822	733	112	448	399	459	254	261	252	123	277	0	268	696	592	535	374	660	262	787	107	882	375	433	413	480	648	717	471	783	306
	611	627	377	332	250	228	281	167	136	307	37	268	0	488	357	440	133	456	76	662	323	665	335	353	264	215	462	482	208	674	232
	126	315	803	294	303	261	767	646	617	777	457	696	488	0	150	299	356	37	555	296	687	187	409	344	292	424	78	107	440	333	411
	260	419	702	271	236	134	630	507	480	659	331	592	357	150	0	328	226	130	419	418	602	310	378	327	231	275	169	127	290	449	342
	394	200	623	109	194	304	697	602	572	645	403	535	440	299	328	0	349	271	514	254	485	456	164	102	182	513	221	389	522	250	236
	478	520	485	244	159	96	412	293	263	433	105	374	133	356	226	349	0	324	201	548	402	533	290	282	169	181	333	352	185	564	202
	162	308	767	259	267	229	735	615	586	742	424	660	456	37	130	271	324	0	524	296	651	223	375	310	256	403	56	122	418	331	374
	676	702	362	407	325	295	213	93	63	269	112	262	76	555	419	514	201	524	0	737	338	728	403	426	339	229	533	541	217	749	300
	303	70	876	345	416	472	934	828	798	895	626	787	662	296	418	254	548	296	737	0	737	344	417	355	401	676	250	400	689	45	484
	811	679	143	414	384	474	361	356	343	223	321	107	323	687	602	485	402	651	338	737	0	873	321	386	395	538	630	724	531	729	278
	64	395	989	473	489	437	940	816	789	960	636	882	665	187	310	456	533	223	728	344	873	0	587	519	478	567	248	195	584	389	596
	523	360	460	116	151	293	561	481	452	490	302	375	335	409	378	164	290	375	403	417	321	587	0	70	151	471	339	476	474	410	104
	456	302	522	57	125	262	600	510	480	543	317	433	353	344	327	102	282	310	426	355	386	519	70	0	119	458	272	417	464	352	136
	416	364	516	75	15	146	533	429	398	507	227	413	264	292	231	182	169	256	339	401	395	478	151	119	0	341	237	340	348	411	119
	527	662	586	414	333	212	414	291	273	497	219	480	215	424	275	513	181	403	229	676	538	567	471	458	341	0	434	373	18	700	381
	185	255	752	226	250	243	742	625	595	737	428	648	462	78	169	221	333	56	533	250	630	248	339	272	237	434	0	177	448	282	352
	158	421	827	362	348	260	752	627	601	785	457	717	482	107	127	389	352	122	541	400	724	195	476	417	340	373	177	0	389	438	456
	543	674	576	422	340	223	398	276	258	485	215	471	208	440	290	522	185	418	217	689	531	584	474	464	348	18	448	389	0	712	383
	347	51	869	349	425	493	941	839	809	894	637	783	674	333	449	250	564	331	749	45	729	389	410	352	411	700	282	438	712	0	485
	534	435	404	143	109	231	465	379	350	411	199	306	232	411	342	236	202	374	300	484	278	596	104	136	119	381	352	456	383	485	0

coordXY = Coordinates (x,y): line zero => x line one => y column => customers
 	146	488	469	384	320	178	174	144	156	336	217	404	199	181	124	451	187	198	165	448	498	107	469	438	323	9	253	77	9	492	388
	80	132	950	413	470	461	967	845	817	962	656	860	688	201	339	328	556	233	755	75	810	30	491	429	456	588	230	222	605	82	555

d_pit = Demand of item p at customer i in period t
 	68	22	17	37	43	84	35	78	24	82	40	64
	31	36	95	97	46	15	84	65	43	53	29	66
	58	15	78	70	63	34	68	99	40	85	53	62
	84	82	50	77	20	56	46	20	22	27	93	58
	31	66	45	30	90	63	51	77	37	85	11	72
	94	55	92	74	33	74	26	92	31	58	69	74
	77	17	93	18	73	12	74	59	77	30	57	96
	84	17	59	66	16	16	13	76	49	100	64	80
	56	87	100	24	94	29	62	32	51	27	100	66
	50	20	10	56	43	40	25	78	96	46	83	15
	63	18	98	15	47	97	68	19	18	90	73	44
	31	32	37	85	44	66	65	45	81	65	63	95
	59	50	77	38	78	47	41	27	19	77	63	55
	42	55	55	53	42	80	41	78	12	42	44	70
	31	79	45	47	97	52	70	10	76	53	24	57
	59	23	77	96	78	53	66	73	57	27	34	86
	76	84	12	64	70	22	24	61	32	60	60	90
	27	69	54	33	80	49	19	30	99	86	99	69
	30	93	39	74	74	13	86	70	67	95	71	80
	17	62	36	36	53	49	23	46	18	72	32	77
	54	38	63	27	85	36	68	87	63	52	41	77
	35	55	51	71	72	30	39	33	18	22	67	10
	41	81	50	37	41	41	25	43	49	26	73	39
	90	41	37	60	53	42	86	30	54	92	50	81
	26	64	44	99	14	82	27	17	37	53	78	44
	69	67	91	41	13	68	70	22	33	80	35	53
	54	80	77	14	100	14	25	36	78	10	46	99
	69	63	58	15	94	69	41	83	87	19	21	22
	90	53	16	55	83	34	54	80	77	47	48	24
	72	14	41	36	43	57	94	74	22	27	35	94

	27	92	66	32	45	32	50	50	41	55	50	60
	93	77	76	93	89	15	53	37	73	53	56	46
	53	98	70	63	58	91	96	66	91	60	70	34
	93	35	55	60	41	75	11	13	50	93	11	78
	21	70	88	16	75	74	77	76	54	72	89	96
	40	84	12	80	57	28	89	16	37	24	40	90
	50	78	75	67	99	20	39	93	71	55	30	28
	60	61	73	10	53	53	12	18	40	31	28	75
	26	67	12	37	73	78	12	87	30	52	60	83
	38	33	57	58	44	65	51	18	87	21	86	14
	21	95	72	63	76	38	11	78	92	87	43	38
	16	47	58	88	80	85	99	72	21	33	56	96
	64	59	60	64	33	91	95	51	94	100	77	97
	55	17	68	68	26	48	26	54	77	67	89	74
	63	21	87	44	16	56	74	12	41	37	80	18
	62	23	84	63	67	66	72	54	97	55	94	43
	67	17	53	97	50	19	49	18	64	36	36	42
	90	75	77	44	69	58	88	71	49	57	41	71
	95	91	46	37	74	100	74	23	22	56	93	56
	44	91	66	47	57	64	16	29	99	92	39	20
	35	99	75	86	11	92	71	42	54	34	96	74
	65	17	45	68	11	54	21	74	73	11	77	92
	48	59	22	72	21	80	52	66	56	36	31	20
	18	62	81	36	98	13	82	89	35	33	76	60
	61	25	99	41	24	14	19	94	60	98	39	82
	42	31	95	82	41	83	41	26	41	55	27	22
	73	27	27	64	63	33	91	35	87	74	63	16
	11	34	46	56	48	56	49	45	43	26	94	40
	89	91	46	24	93	100	92	78	28	46	84	49
	64	50	85	98	70	15	97	40	29	79	41	27

	17	24	58	83	86	62	98	46	95	46	78	21
	29	63	80	67	32	32	74	11	63	51	77	83
	85	16	53	59	85	11	55	16	80	30	46	92
	35	77	24	56	99	34	65	90	87	21	93	62
	98	82	44	74	55	25	93	48	73	84	26	50
	73	61	51	23	75	54	45	34	93	93	58	70
	28	64	17	16	20	20	52	70	49	44	33	48
	51	89	87	77	92	30	63	84	41	16	25	87
	25	58	47	68	13	14	84	74	94	82	60	40
	40	44	63	48	28	57	38	73	72	74	55	96
	48	83	67	42	26	53	61	96	80	53	31	73
	38	86	40	97	36	16	36	96	82	90	76	35
	43	41	98	18	64	35	83	77	76	87	87	88
	88	62	53	53	21	78	98	13	74	17	25	23
	17	17	32	63	80	93	19	34	77	97	36	77
	23	69	65	87	52	72	90	67	14	70	73	25
	64	46	95	37	40	23	66	49	90	98	27	42
	76	41	48	95	37	42	36	32	47	56	67	81
	14	35	28	21	30	67	45	96	49	38	65	80
	75	87	92	90	57	57	98	14	100	38	96	65
	86	37	73	75	56	60	81	84	81	18	10	90
	93	20	73	85	13	99	90	14	40	56	15	18
	63	66	33	74	49	18	73	73	14	75	82	28
	70	32	80	36	18	22	56	71	25	10	65	91
	61	44	74	97	31	25	23	99	48	100	26	52
	62	25	93	59	57	23	64	27	59	67	89	14
	11	38	44	94	15	32	20	72	80	15	79	92
	21	28	69	15	32	22	63	50	91	66	92	34
	47	57	30	58	92	66	100	35	11	12	52	43
	81	76	56	75	17	63	58	31	57	22	32	69

	54	57	39	28	38	80	93	100	98	28	62	57
	52	43	10	49	92	95	76	95	78	66	20	39
	87	27	62	100	38	68	67	72	53	17	82	21
	12	100	54	36	65	32	32	31	92	91	33	60
	33	26	57	98	96	82	14	74	13	66	15	94
	47	92	81	48	38	91	89	39	60	85	90	85
	11	92	70	21	45	25	51	75	77	58	98	64
	77	63	48	36	94	43	56	71	81	22	44	73
	100	25	92	65	12	48	90	46	66	51	54	89
	11	19	68	86	12	21	79	45	69	82	70	32
	41	95	90	33	72	42	49	34	84	44	24	82
	73	13	78	13	45	22	35	57	78	18	63	70
	74	30	17	34	66	92	26	38	83	68	84	80
	20	54	38	45	12	86	36	31	81	98	54	51
	68	51	44	78	61	69	35	98	65	37	84	74
	48	64	27	92	34	44	24	48	56	69	86	81
	69	39	35	64	56	75	39	84	39	79	18	60
	73	46	78	26	38	48	17	21	34	50	89	46
	81	84	78	72	86	73	84	75	76	12	55	95
	42	31	52	65	51	95	16	14	41	21	28	99
	87	79	83	54	80	97	77	72	76	83	52	85
	79	11	66	44	65	84	12	94	65	65	22	88
	83	51	96	59	53	37	27	53	84	55	88	39
	25	82	33	13	14	12	53	64	17	61	25	57
	66	73	34	50	31	94	76	62	89	67	38	97
	95	79	37	39	58	84	25	82	66	32	70	19
	84	85	79	28	58	33	22	41	100	48	80	38
	83	45	49	48	16	27	80	46	87	62	91	34
	67	41	26	26	96	97	29	38	22	52	95	60
	77	46	42	66	95	62	44	44	90	66	85	71

	22	97	49	94	26	34	29	97	79	69	67	50
	63	11	45	43	19	47	33	77	52	60	56	19
	18	74	49	81	59	43	14	50	92	100	54	84
	60	29	65	89	71	22	54	35	71	11	72	20
	34	14	86	75	14	65	17	15	17	83	57	54
	21	38	87	15	34	76	25	76	53	41	29	66
	47	14	21	20	58	75	43	60	18	57	38	38
	27	13	54	36	55	12	32	15	38	27	36	83
	31	63	89	50	63	17	68	48	88	90	88	70
	38	74	67	30	85	97	51	49	92	51	65	23
	99	62	37	75	50	25	39	86	60	75	64	67
	40	50	23	88	55	98	67	55	90	44	97	75
	65	83	42	60	77	50	43	97	66	15	84	67
	13	50	89	48	38	12	60	99	78	63	85	95
	49	31	95	11	18	28	84	58	76	54	64	49
	38	64	74	72	62	79	12	50	59	20	20	36
	93	47	18	62	70	43	39	34	66	39	22	56
	16	27	46	20	33	36	85	17	95	83	85	77
	99	59	98	12	52	38	85	46	37	41	84	47
	97	42	50	64	49	96	81	75	98	69	86	25
	84	56	57	99	78	85	59	24	20	68	75	62
	65	57	41	91	40	63	19	40	34	95	47	63
	41	52	55	43	91	28	63	35	76	91	13	64
	83	18	98	96	73	97	67	86	67	34	44	30
	61	32	64	17	74	85	14	82	12	73	83	22
	12	94	98	69	36	33	84	15	67	74	60	81
	69	55	97	76	85	88	41	68	27	12	30	69
	23	71	43	93	62	11	48	82	12	98	21	34
	40	37	14	20	96	87	20	81	88	18	77	11
	29	72	87	89	25	78	38	92	48	100	49	41

	10	69	72	70	80	30	16	18	19	91	37	48
	70	30	46	79	49	38	84	47	78	44	52	17
	78	23	98	48	11	46	40	86	14	43	36	28
	34	34	20	76	35	45	70	11	14	91	75	53
	96	76	30	89	96	60	68	11	26	85	83	59
	91	97	61	67	21	24	32	97	76	73	52	31
	41	35	97	93	34	46	88	45	33	42	76	21
	69	70	15	56	61	68	79	82	66	95	58	62
	68	52	19	79	20	64	21	21	24	16	37	35
	21	95	41	49	30	42	81	45	15	16	13	22
	25	18	37	52	74	71	47	78	57	46	45	16
	72	30	96	78	75	54	85	53	99	13	77	29
	95	97	52	59	13	49	40	23	83	26	82	47
	30	81	26	23	90	46	44	68	13	12	19	87
	40	84	85	69	18	33	54	44	22	78	93	34
	67	40	23	73	62	46	28	29	67	62	93	72
	24	12	100	58	25	92	64	42	89	62	92	46
	93	38	77	30	74	16	95	73	93	20	39	34
	80	12	94	53	93	75	46	57	33	16	17	23
	97	74	32	48	43	47	63	77	15	40	62	63
	77	74	80	22	13	10	89	40	20	62	15	54
	98	28	88	52	25	86	83	71	86	91	73	88
	85	29	15	47	16	49	48	97	59	93	31	19
	45	54	76	43	27	72	68	99	22	52	21	83
	69	85	53	83	70	66	91	63	42	59	29	30
	81	58	79	94	20	64	13	70	40	93	75	95
	25	12	54	41	18	90	82	36	38	51	44	64
	92	91	70	55	47	35	93	91	81	41	15	75
	73	77	46	92	87	46	87	37	74	66	93	85
	96	46	99	43	82	28	19	69	21	24	59	57

	49	54	61	96	19	77	94	22	76	22	88	81
	73	84	80	91	30	45	16	38	71	50	95	75
	44	93	94	54	59	93	96	94	66	63	83	10
	27	38	63	69	99	42	48	18	61	41	58	52
	33	87	23	99	62	22	34	99	67	50	65	33
	12	85	63	96	18	78	68	25	31	16	59	87
	92	95	82	81	80	94	62	24	33	29	29	62
	35	76	18	82	59	45	37	67	30	91	96	57
	17	58	67	85	58	66	55	99	37	89	20	59
	96	29	99	97	52	65	10	67	75	32	77	12
	73	35	77	97	14	95	41	44	67	79	55	65
	38	47	62	90	25	34	69	55	24	69	11	52
	25	66	21	23	66	47	55	34	86	83	84	72
	31	43	90	45	43	74	83	62	68	34	75	20
	92	41	12	39	18	88	79	74	17	15	47	44
	10	87	68	65	65	56	26	12	44	24	95	21
	62	52	20	74	74	29	46	36	70	65	49	52
	74	32	33	53	22	95	69	98	17	58	84	68
	59	57	33	82	11	17	76	68	58	64	21	71
	37	56	59	81	97	44	39	75	11	85	67	68
	41	86	48	39	42	43	59	75	44	73	51	75
	17	31	28	64	16	14	39	75	54	12	75	61
	65	45	29	13	14	48	71	95	15	43	34	22
	100	29	12	50	58	97	69	75	60	75	22	56
	46	31	72	98	70	69	60	38	85	86	77	53
	32	96	57	86	47	89	20	37	49	14	31	49
	89	85	89	64	50	72	58	44	31	57	77	88
	78	33	51	84	69	61	17	64	92	16	73	84
	99	66	90	99	28	39	31	38	78	37	38	11
	87	58	34	52	13	83	84	90	72	64	54	66

	59	55	51	91	18	14	42	74	82	90	54	99
	14	75	72	99	31	92	51	59	55	45	90	46
	69	51	66	59	22	77	67	88	36	44	13	73
	60	87	79	53	52	66	86	38	37	16	74	24
	67	18	68	27	36	94	83	50	21	46	97	61
	54	60	25	52	25	72	100	15	21	60	14	20
	74	21	46	15	56	51	93	12	31	74	78	97
	38	34	67	20	77	62	83	48	20	55	43	51
	35	92	89	27	28	91	28	84	99	21	77	54
	28	77	75	41	46	95	21	88	100	32	83	96
	45	60	62	11	81	73	47	66	32	94	25	91
	59	28	39	57	56	11	53	43	19	24	92	70
	75	41	86	99	54	93	51	66	22	50	66	68
	53	33	68	45	14	82	21	47	45	50	22	52
	45	43	48	65	47	36	50	85	64	26	23	95
	42	38	61	31	10	12	15	34	37	81	93	95
	26	67	92	48	66	69	72	31	20	80	98	18
	51	32	56	77	100	98	26	60	55	41	35	88
	21	21	78	94	77	30	42	69	16	89	92	40
	48	56	46	89	31	79	83	75	56	14	88	42
	49	50	95	74	39	23	63	49	98	39	67	60
	24	87	29	67	69	75	36	86	13	27	37	50
	41	24	77	88	95	41	42	92	33	51	57	64
	23	56	25	76	14	82	27	85	55	71	20	70
	40	84	91	74	81	56	53	60	33	57	89	89
	58	39	76	56	25	50	58	15	89	66	54	79
	62	54	35	54	36	89	54	38	14	36	38	78
	44	37	91	51	50	11	15	98	20	90	78	82
	97	97	87	33	94	16	30	35	74	53	21	78
	87	71	29	38	72	86	28	30	54	98	40	23

	78	38	54	43	45	18	48	10	61	58	63	63
	46	17	86	67	77	69	65	20	85	44	62	28
	79	37	91	32	54	49	71	84	43	99	66	57
	16	83	65	27	35	74	33	91	53	10	56	84
	79	65	85	31	87	68	53	27	34	35	33	70
	58	23	45	66	98	95	41	86	31	70	85	77
	36	47	39	83	21	13	26	84	51	78	84	27
	62	20	84	36	81	25	77	18	88	61	33	56
	32	30	43	55	92	29	39	25	51	57	85	48
	95	33	97	22	24	79	67	10	88	19	31	75
	93	39	78	20	38	71	45	54	58	100	90	54
	94	40	39	12	35	76	51	33	51	82	82	66
	28	26	60	34	39	77	99	56	93	55	33	92
	20	92	53	13	83	90	53	14	18	97	71	34
	31	62	66	41	47	48	33	63	53	37	75	30
	98	33	27	42	62	66	59	10	97	33	38	84
	87	52	30	25	48	100	65	70	28	84	16	71
	55	24	76	13	37	44	83	89	37	54	28	84
	40	70	49	37	38	61	50	67	76	99	25	58
	88	49	82	68	35	10	54	92	36	44	78	38
	49	97	22	61	47	74	39	70	72	96	58	44
	87	35	36	59	55	53	96	61	20	87	71	28
	82	36	58	27	42	100	68	88	48	64	89	69
	63	76	79	52	88	59	84	11	48	24	38	48
	21	92	73	80	73	16	100	30	61	60	13	43
	77	96	45	42	27	67	68	51	97	19	82	58
	66	94	62	99	93	55	58	57	70	87	27	45
	41	14	69	98	43	74	48	46	65	99	75	94
	88	52	31	59	58	77	27	12	54	17	42	19
	75	53	35	59	84	21	30	24	66	19	75	87

	79	36	56	10	20	63	62	85	85	89	68	23
	43	75	90	38	15	60	49	52	21	75	26	75
	57	88	42	53	76	38	79	44	19	33	46	63
	69	33	64	27	16	72	47	92	20	37	99	68
	73	12	38	16	27	29	48	40	93	84	74	78
	73	28	49	51	75	24	76	44	32	98	21	18
	75	71	16	91	73	31	88	99	46	96	65	55
	83	45	31	43	67	84	26	97	66	69	29	93
	58	44	22	88	27	98	30	91	95	73	97	77
	42	41	70	26	94	60	25	14	93	56	69	52
	20	63	85	61	45	21	58	29	78	78	96	51
	100	74	22	86	95	18	37	26	83	37	93	37
	28	12	40	94	23	36	56	21	45	77	60	54
	51	99	15	51	93	48	29	41	60	18	85	81
	41	38	42	77	81	69	60	38	94	95	63	93
	56	73	68	21	15	16	93	65	99	41	33	70
	25	90	83	78	60	99	93	42	73	86	17	78
	77	29	14	95	58	15	45	10	58	27	51	30
	46	13	49	34	29	82	28	37	72	42	12	33
	25	96	81	28	47	42	85	59	82	55	82	79
	29	26	32	57	55	93	67	21	90	63	83	21
	11	79	65	95	61	37	27	55	93	30	92	63
	74	15	46	91	16	65	95	71	48	49	16	47
	10	55	22	67	89	21	79	37	81	81	27	46
	79	41	72	20	93	96	58	31	13	44	41	86
	14	33	26	48	49	71	79	78	77	80	50	21
	58	85	82	71	62	38	28	88	42	35	26	83
	31	73	56	41	64	87	49	58	45	16	99	59
	33	32	16	60	63	96	18	29	16	21	47	58
	47	59	30	54	16	51	98	91	64	28	51	96

