***** PARAMETERS PRP *****

Number of Customers = 30
Number of Products = 10
Number of Vehicles = 5
Number of Periods = 12

B = Production capacity
	49293

b_p = Time required to produce item p
 	1	1	1	1	1	1	1	1	1	1

c_p = Production cost of item p
 	300	800	300	800	800	800	800	800	300	800

s_p = Setup cost of item p
 	300	800	300	800	800	800	800	800	300	800

M = Big number
	197172

U_pi = Maximum inventory upper bound of item p at site i
 	197172	258	158	116	172	145	212	279	181	275	95	287	170	199	215	202	113	232	85	166	94	155	106	131	240	132	228	87	182	222	137
	197172	193	229	129	161	171	243	165	212	221	194	145	246	279	245	187	118	230	267	262	163	318	244	92	191	120	300	223	232	223	292
	197172	88	112	283	212	103	252	224	248	94	120	280	244	160	320	96	194	221	255	154	161	127	121	245	218	283	360	289	275	207	260
	197172	277	315	196	185	110	284	124	108	114	281	256	129	206	208	179	210	162	201	134	255	245	236	198	194	343	297	242	164	354	143
	197172	184	223	173	143	222	129	225	107	218	166	132	120	185	102	252	137	228	99	148	168	128	139	260	313	133	203	341	249	125	99
	197172	192	257	246	101	228	97	93	123	313	98	228	179	104	248	324	265	132	221	260	148	276	238	157	230	97	205	95	174	255	100
	197172	365	274	173	280	97	271	136	175	176	238	241	290	113	179	220	84	172	197	143	160	205	253	191	190	151	104	222	108	158	245
	197172	324	256	235	259	160	253	113	220	254	306	191	218	220	244	169	206	251	287	112	181	95	102	101	281	169	289	130	188	231	96
	197172	310	125	271	227	190	124	182	276	144	137	188	277	149	237	201	283	217	174	257	212	187	88	99	108	106	196	158	91	211	195
	197172	120	158	141	238	241	194	223	293	180	305	203	152	113	293	151	154	267	140	151	214	290	222	182	306	334	295	225	129	310	144

I_pi0 = Initial inventory of item p at site i
 	0	205	127	62	148	120	138	84	66	210	35	179	79	131	29	66	106	66	74	123	28	125	48	91	19	100	183	45	174	141	68
	0	87	21	74	109	160	41	135	142	126	180	56	85	11	41	104	112	49	264	243	121	124	149	48	167	113	248	31	48	28	217
	0	67	82	224	205	37	85	54	197	72	95	95	124	41	163	49	14	92	88	117	57	50	43	199	215	216	353	15	117	205	189
	0	219	199	170	136	63	156	57	98	22	159	86	90	46	55	154	116	129	122	121	214	73	217	39	150	170	149	83	145	88	102
	0	136	65	167	106	196	52	84	77	28	165	73	74	147	75	99	72	215	96	66	146	116	96	23	211	78	66	225	98	120	21
	0	106	98	67	77	48	38	70	122	11	33	192	176	58	98	274	141	39	100	34	77	219	133	122	174	76	181	62	44	131	76
	0	144	172	87	83	81	98	100	171	48	171	235	69	25	63	141	66	158	173	130	137	187	23	50	167	68	74	26	89	45	156
	0	308	206	206	162	86	202	38	56	113	54	70	105	217	190	51	154	206	159	50	133	33	10	73	212	98	288	106	69	227	60
	0	78	104	155	24	131	83	80	156	103	35	122	74	130	77	191	277	115	136	128	40	176	55	79	51	88	132	126	42	107	175
	0	109	97	108	172	67	183	89	69	86	189	173	135	63	223	25	142	33	78	97	21	93	91	148	29	85	245	76	92	266	124

h_pi = Inventory cost of item p at site i
 	3	9	8	7	7	6	7	5	6	3	4	2	7	5	6	2	2	8	1	1	7	9	3	5	1	4	9	6	4	4	4
	8	4	5	6	4	5	1	8	1	1	5	5	4	9	2	6	9	5	7	4	3	3	1	5	7	6	5	4	8	2	2
	3	3	6	3	5	6	7	4	7	4	4	8	9	1	3	4	7	2	4	9	7	6	6	1	5	4	9	5	9	1	2
	8	4	8	2	6	4	2	5	5	4	3	2	6	8	3	9	3	8	6	1	2	8	2	2	4	8	7	4	2	1	9
	8	9	8	3	7	8	2	3	6	2	2	7	5	7	7	8	2	3	2	9	6	9	3	7	2	5	5	8	8	9	9
	8	9	7	7	3	3	3	4	7	2	1	3	8	8	4	6	5	1	9	4	8	8	3	2	3	7	1	3	8	4	6
	8	1	9	6	3	1	6	2	7	4	1	3	2	1	2	2	6	2	2	7	4	2	9	1	1	9	5	2	2	9	1
	8	9	7	2	1	1	6	6	5	3	5	5	8	6	2	5	2	6	5	3	5	6	2	8	9	7	2	4	4	3	2
	3	8	3	3	4	7	5	7	2	3	4	7	4	8	9	2	6	4	1	1	7	9	3	1	2	4	2	9	9	3	9
	8	1	6	2	8	4	6	6	2	8	1	8	9	2	1	4	9	1	1	6	6	7	8	6	4	7	9	5	6	9	4

C = Vehicle capacity
	3650

f = Fixed transportation cost
	30318

a_ik = Transportation cost for traveling from node i to node k
 	0	850	808	887	507	806	202	399	855	195	757	308	217	524	915	288	227	16	383	779	464	380	419	336	340	601	629	680	262	399	340
	850	0	43	62	469	115	649	462	84	656	146	581	639	331	83	665	745	844	468	129	463	757	450	935	868	266	494	222	590	472	624
	808	43	0	88	429	113	607	422	102	614	128	542	598	288	115	622	702	802	426	118	421	716	411	892	827	230	460	195	548	430	581
	887	62	88	0	479	175	687	506	137	693	206	628	679	364	29	687	770	880	507	190	480	770	497	952	884	317	486	280	626	501	643
	507	469	429	479	0	493	351	313	518	346	460	399	367	211	503	238	323	495	257	473	60	292	332	479	409	353	140	429	286	158	185
	806	115	113	175	493	0	606	408	56	615	51	518	591	314	194	657	731	802	429	29	472	767	392	932	870	205	546	134	554	458	623
	202	649	607	687	351	606	0	201	654	16	557	139	34	326	716	205	211	197	182	578	298	350	223	412	379	401	487	482	69	214	233
	399	462	422	506	313	408	201	0	459	212	359	124	183	171	535	317	368	396	62	381	255	463	27	579	531	204	447	282	161	163	310
	855	84	102	137	518	56	654	459	0	663	104	571	640	353	150	695	772	850	475	82	503	799	443	969	905	256	559	188	600	497	658
	195	656	614	693	346	615	16	212	663	0	566	155	49	331	721	191	195	189	189	587	294	336	234	396	363	411	481	492	70	213	222
	757	146	128	206	460	51	557	359	104	566	0	468	541	272	228	614	687	753	381	23	435	728	342	889	828	156	524	85	506	414	581
	308	581	542	628	399	518	139	124	571	155	468	0	107	293	656	324	346	308	153	490	340	474	132	550	515	317	538	387	148	242	337
	217	639	598	679	367	591	34	183	640	49	541	107	0	322	708	236	244	214	174	563	311	382	202	444	412	386	504	464	82	222	261
	524	331	288	364	211	314	326	171	353	331	272	293	322	0	392	343	419	517	150	290	171	458	175	618	557	144	319	225	263	145	309
	915	83	115	29	503	194	716	535	150	721	228	656	708	392	0	714	797	908	535	211	506	795	525	978	910	344	506	305	654	528	669
	288	665	622	687	238	657	205	317	695	191	614	324	236	343	714	0	86	275	263	632	213	151	344	276	218	470	345	556	177	200	55
	227	745	702	770	323	731	211	368	772	195	687	346	244	419	797	86	0	212	320	706	298	158	394	212	170	538	424	625	211	275	139
	16	844	802	880	495	802	197	396	850	189	753	308	214	517	908	275	212	0	377	774	453	365	416	322	326	597	616	677	255	389	326
	383	468	426	507	257	429	182	62	475	189	381	153	174	150	535	263	320	377	0	401	198	405	86	531	479	226	393	310	126	103	251
	779	129	118	190	473	29	578	381	82	587	23	490	563	290	211	632	706	774	401	0	450	744	364	907	846	178	532	107	527	433	598
	464	463	421	480	60	472	298	255	503	294	435	340	311	171	506	213	298	453	198	450	0	297	275	473	406	315	199	395	231	99	165
	380	757	716	770	292	767	350	463	799	336	728	474	382	458	795	151	158	365	405	744	297	0	489	196	124	595	343	680	327	325	155
	419	450	411	497	332	392	223	27	443	234	342	132	202	175	525	344	394	416	86	364	275	489	0	605	558	188	464	263	187	185	336
	336	935	892	952	479	932	412	579	969	396	889	550	444	618	978	276	212	322	531	907	473	196	605	0	73	745	538	831	421	476	312
	340	868	827	884	409	870	379	531	905	363	828	515	412	557	910	218	170	326	479	846	406	124	558	73	0	687	466	773	378	416	248
	601	266	230	317	353	205	401	204	256	411	156	317	386	144	344	470	538	597	226	178	315	595	188	745	687	0	450	87	351	272	443
	629	494	460	486	140	546	487	447	559	481	524	538	504	319	506	345	424	616	393	532	199	343	464	538	466	450	0	513	423	297	291
	680	222	195	280	429	134	482	282	188	492	85	387	464	225	305	556	625	677	310	107	395	680	263	831	773	87	513	0	435	358	529
	262	590	548	626	286	554	69	161	600	70	506	148	82	263	654	177	211	255	126	527	231	327	187	421	378	351	423	435	0	145	191
	399	472	430	501	158	458	214	163	497	213	414	242	222	145	528	200	275	389	103	433	99	325	185	476	416	272	297	358	145	0	172
	340	624	581	643	185	623	233	310	658	222	581	337	261	309	669	55	139	326	251	598	165	155	336	312	248	443	291	529	191	172	0

coordXY = Coordinates (x,y): line zero => x line one => y column => customers
 	124	139	147	189	372	35	117	63	56	131	32	6	86	177	193	321	313	138	123	35	316	465	42	458	461	55	495	9	152	225	342
	76	925	883	960	518	877	277	470	928	270	827	360	289	597	988	286	201	82	458	849	498	242	486	47	119	673	583	746	336	461	336

d_pit = Demand of item p at customer i in period t
 	84	92	29	92	43	90	32	62	96	70	30	54
	31	96	41	76	18	18	94	30	55	35	60	76
	62	72	38	95	64	32	55	85	43	37	35	75
	85	63	41	63	96	69	49	15	20	36	99	51
	39	81	40	42	88	52	12	20	35	43	73	54
	18	17	18	85	10	58	14	11	91	67	96	24
	84	19	62	33	31	33	79	78	42	95	41	73
	66	88	99	42	58	17	20	98	97	23	23	92
	44	74	27	65	93	78	51	63	39	35	48	43
	35	84	75	17	45	30	11	67	45	73	35	52
	85	17	77	47	62	66	86	60	78	18	14	78
	15	64	54	44	94	42	69	71	88	75	14	49
	86	45	16	95	78	84	88	66	64	44	94	37
	13	16	59	26	49	85	13	92	87	91	15	99
	66	14	63	28	54	53	59	97	40	78	14	39
	54	52	66	59	65	14	53	91	81	12	86	43
	51	15	40	91	25	94	83	83	87	42	23	62
	74	65	25	81	16	85	54	13	11	42	24	20
	61	62	30	78	42	88	81	35	61	19	77	28
	28	22	70	49	87	74	14	29	60	23	94	14
	45	25	55	94	23	92	16	36	17	71	89	55
	48	95	45	43	48	13	89	63	89	20	55	28
	17	38	36	73	27	41	11	29	64	57	59	70
	19	90	40	27	72	24	25	87	21	94	42	35
	100	48	59	97	54	75	40	88	16	70	90	55
	85	73	25	72	15	36	49	26	71	26	14	55
	45	27	21	98	61	50	20	20	41	43	45	53
	53	62	59	73	44	50	82	84	95	25	36	65
	53	20	68	46	80	79	37	19	22	76	73	94
	68	91	12	83	56	81	85	84	67	72	54	70

	87	64	26	82	64	68	41	90	57	79	83	29
	21	25	46	96	83	35	63	57	17	68	90	86
	74	90	29	91	42	47	36	99	29	66	81	92
	31	78	48	61	66	43	60	75	31	87	37	28
	42	78	40	38	72	36	75	29	88	98	23	66
	41	62	89	87	73	28	80	66	53	81	27	43
	14	71	50	72	70	23	33	63	21	80	71	92
	100	42	76	60	27	52	31	14	45	98	41	50
	27	99	66	37	45	96	50	55	32	84	39	34
	54	29	82	15	59	20	20	54	95	22	59	72
	31	25	97	70	57	11	52	28	45	78	40	46
	85	88	13	80	46	23	85	99	13	46	92	68
	11	39	79	65	98	79	76	30	12	79	84	17
	41	64	55	37	46	70	91	86	26	39	95	86
	32	45	27	96	86	79	49	65	100	82	54	31
	42	70	59	57	59	67	74	81	69	45	38	47
	49	88	17	72	27	32	72	85	28	15	25	41
	92	92	80	85	53	96	22	10	70	16	92	93
	50	85	69	39	36	25	65	78	88	42	36	15
	29	92	93	23	66	17	51	22	28	98	87	45
	57	67	32	81	66	96	73	22	97	43	66	63
	32	59	58	35	53	14	86	35	63	56	40	55
	48	73	21	13	40	11	34	54	32	88	82	54
	20	22	27	98	22	78	76	48	12	88	54	29
	97	16	52	36	42	84	77	36	89	66	49	78
	62	52	73	61	89	84	45	12	57	64	84	37
	31	77	67	57	30	46	25	83	73	47	92	40
	19	29	53	19	74	46	87	53	19	12	72	74
	28	99	53	69	28	25	30	26	57	42	27	51
	50	78	89	43	78	73	12	86	26	92	10	63

	48	19	40	58	49	69	51	29	23	69	16	59
	42	40	48	39	22	26	40	18	39	64	18	50
	27	39	92	66	21	50	82	54	86	27	87	48
	27	92	27	59	76	68	54	51	11	43	44	85
	37	86	34	22	97	56	35	45	54	76	45	29
	36	49	52	99	98	70	26	15	18	52	44	45
	25	29	54	92	43	74	71	20	85	83	84	11
	54	29	93	21	47	15	77	65	84	58	19	32
	19	53	90	23	23	97	65	20	29	35	66	41
	35	60	64	13	78	48	25	96	94	99	90	18
	95	91	71	22	80	74	95	30	11	23	71	10
	25	99	46	40	90	92	81	78	19	77	35	49
	41	20	68	41	39	41	95	59	61	51	56	67
	61	73	29	80	72	71	88	55	55	50	50	83
	39	10	19	48	76	88	37	78	30	10	99	39
	14	95	59	14	85	83	70	85	66	80	32	94
	18	74	27	35	98	17	13	63	89	33	98	98
	88	66	43	11	91	63	73	68	51	83	97	31
	12	61	44	15	38	74	88	56	26	91	82	28
	25	32	75	45	59	43	50	67	62	46	40	99
	50	85	70	78	75	72	61	81	33	67	69	20
	19	12	12	88	40	60	62	23	90	12	35	29
	64	53	82	84	19	32	49	70	46	45	21	24
	96	81	38	77	72	40	56	49	10	55	67	12
	87	61	68	89	89	55	90	29	54	93	45	90
	87	87	83	96	12	23	80	99	58	72	71	95
	15	75	45	60	27	90	75	98	83	56	24	46
	83	34	58	87	94	24	75	23	81	12	31	59
	76	100	29	93	77	55	67	84	51	29	95	71
	98	91	82	31	21	19	35	37	58	38	77	37

	43	95	81	28	87	28	19	30	82	86	59	27
	65	37	97	46	36	39	97	70	96	52	53	69
	92	78	59	59	57	100	54	11	56	90	75	51
	89	47	71	28	36	90	41	98	10	84	89	58
	63	87	61	24	46	30	39	56	99	61	39	52
	69	44	43	65	40	14	59	92	58	40	67	90
	35	22	75	14	12	43	76	49	58	24	75	11
	98	29	11	84	82	47	67	93	23	82	15	16
	22	96	38	26	71	69	78	81	36	26	85	56
	61	98	25	47	24	79	93	94	67	95	71	90
	45	41	22	85	82	67	98	16	96	85	51	80
	90	74	93	75	11	27	51	99	30	90	45	91
	46	24	25	47	79	62	59	22	83	32	51	88
	55	44	31	62	29	10	42	74	33	43	47	30
	30	32	92	96	41	26	75	70	43	94	27	88
	70	46	82	24	66	77	69	49	93	93	86	83
	63	66	28	26	47	17	42	36	11	82	31	37
	49	73	48	44	87	15	90	16	23	67	74	17
	83	38	18	89	57	23	17	37	23	67	14	71
	87	35	55	37	31	51	61	31	76	35	77	37
	16	57	17	80	54	42	100	16	79	74	41	11
	81	68	30	38	78	99	26	31	52	11	27	26
	27	12	81	37	16	19	32	40	71	18	50	73
	68	82	51	27	71	64	64	80	73	90	57	50
	74	20	76	99	38	81	67	90	61	78	52	86
	99	50	42	33	17	54	75	65	62	78	84	53
	16	50	17	31	50	48	35	58	66	60	53	97
	73	72	47	19	72	89	98	54	18	58	24	32
	88	67	32	79	98	48	94	28	68	73	90	84
	49	53	43	80	57	11	93	17	51	75	25	19

	93	43	91	15	69	81	52	65	68	35	62	63
	27	38	12	54	42	20	13	82	57	78	91	20
	39	56	72	53	51	51	69	15	44	96	74	71
	53	28	25	83	11	86	57	60	42	56	48	21
	76	51	69	96	54	52	22	84	44	88	18	12
	52	91	100	45	90	48	68	16	100	15	75	73
	84	51	41	45	87	27	45	66	51	46	67	65
	77	69	74	52	48	45	94	20	23	60	21	57
	28	19	88	28	65	82	11	15	74	41	27	46
	96	37	32	57	25	66	36	86	42	78	11	96
	73	85	69	72	43	86	61	79	44	68	89	21
	41	33	43	36	87	43	88	32	78	68	76	97
	62	35	50	94	32	42	92	98	39	67	69	60
	75	74	51	60	63	15	26	14	69	16	95	55
	99	89	77	79	39	11	68	61	78	59	75	22
	72	35	73	65	95	40	88	91	43	50	76	91
	98	97	20	74	61	40	28	74	69	82	14	26
	21	75	75	43	77	64	14	61	14	90	30	27
	66	37	64	15	11	86	70	11	90	22	21	99
	10	59	77	42	75	95	30	52	75	46	76	33
	39	77	49	59	75	67	44	49	98	74	71	64
	36	60	67	39	43	30	15	74	48	82	47	15
	23	66	77	17	69	89	87	54	25	79	99	96
	48	84	79	88	62	74	73	61	27	73	15	67
	78	86	90	80	68	25	59	66	99	51	12	81
	66	55	40	58	19	69	33	15	67	76	65	46
	59	93	73	12	98	75	72	61	78	81	61	56
	98	48	62	38	72	52	71	92	92	65	38	19
	73	47	70	46	39	87	97	33	52	20	97	87
	21	57	18	34	60	62	29	34	64	94	82	36

	59	47	92	70	15	32	96	53	21	32	43	16
	98	55	26	12	61	24	19	83	72	82	47	38
	36	31	55	32	16	88	53	53	54	43	41	88
	77	26	88	21	26	98	31	25	79	57	54	23
	13	35	47	76	84	71	39	98	80	35	40	65
	38	62	21	52	23	60	87	85	12	21	69	49
	70	70	22	57	18	52	17	51	71	53	52	26
	58	64	41	61	47	100	73	87	66	41	16	84
	11	49	91	56	70	30	86	86	92	54	54	71
	33	82	21	21	87	33	96	22	83	43	37	30
	48	12	89	43	17	30	35	60	13	11	95	95
	92	84	98	24	67	93	14	19	55	53	43	74
	58	59	79	19	86	61	13	81	36	12	83	38
	20	35	43	92	42	52	21	91	37	48	98	16
	100	20	86	68	27	81	72	67	79	96	40	41
	63	27	51	12	51	79	79	73	47	11	100	44
	39	96	38	82	92	93	82	11	95	58	65	40
	39	41	20	76	33	29	30	50	63	51	82	16
	34	46	32	79	97	98	41	90	75	72	32	85
	77	22	37	31	81	87	25	32	32	46	95	28
	35	86	98	19	98	93	15	18	25	96	22	57
	53	80	97	44	41	34	13	49	47	55	39	19
	99	23	36	83	70	50	32	69	85	27	30	22
	82	92	79	35	26	19	18	70	96	30	85	57
	76	37	90	91	11	19	20	68	36	29	73	33
	85	96	54	61	98	60	97	81	59	16	14	99
	62	27	30	66	57	76	70	77	24	27	14	39
	44	87	92	47	99	34	42	38	15	52	57	88
	57	74	31	35	95	30	76	30	87	57	97	95
	63	13	52	51	93	31	11	75	48	16	86	58

	60	84	99	31	49	88	74	85	91	64	90	61
	12	60	100	37	90	87	34	89	28	17	40	63
	87	97	13	54	84	19	13	11	48	85	86	96
	83	98	46	30	36	31	74	45	44	91	12	82
	51	30	98	27	63	30	58	37	17	76	79	15
	98	48	98	37	18	21	79	68	15	38	64	67
	100	98	79	59	75	47	11	80	86	87	53	40
	17	71	83	14	13	58	39	76	23	85	24	23
	48	97	48	41	55	24	94	26	23	98	99	52
	74	45	52	26	92	59	65	77	26	21	94	82
	74	17	46	98	87	93	94	66	33	13	89	13
	69	87	79	36	54	89	99	94	93	46	66	58
	25	23	86	51	97	73	56	58	28	24	85	73
	63	84	67	51	27	56	40	79	34	45	74	95
	65	76	28	28	29	70	34	92	39	38	67	94
	66	26	15	12	46	26	29	12	73	32	99	65
	73	59	26	29	52	23	33	96	36	36	25	27
	32	69	72	20	93	57	20	28	42	39	36	82
	20	15	95	19	64	68	70	18	47	83	34	39
	39	98	77	70	21	45	26	21	34	97	93	19
	42	46	99	25	56	70	72	53	30	33	47	43
	23	78	29	10	76	51	49	41	55	57	57	81
	50	72	16	28	23	46	37	75	98	26	71	30
	87	40	40	24	35	22	49	87	37	39	22	89
	68	34	35	14	37	77	44	60	47	68	42	76
	74	44	21	65	70	55	75	19	33	38	94	36
	26	57	13	94	19	18	38	34	79	99	30	25
	89	75	34	17	51	72	58	45	31	57	75	45
	45	48	51	99	56	83	21	63	35	61	41	28
	83	12	61	55	75	14	75	24	72	76	27	13

	90	72	72	74	36	58	69	23	36	72	90	86
	50	97	17	42	61	82	88	66	36	84	63	82
	71	47	88	21	34	55	47	52	81	72	42	94
	77	36	33	16	81	35	87	10	37	79	36	95
	32	54	93	95	75	70	12	64	27	77	20	19
	28	84	90	95	22	82	60	10	15	32	39	50
	16	22	50	14	36	32	63	56	48	28	42	45
	56	24	86	17	33	80	38	54	38	37	97	100
	29	56	28	89	88	100	24	83	82	28	66	90
	54	86	57	15	27	68	56	57	52	65	99	99
	70	100	14	82	29	49	35	69	30	14	67	14
	78	27	84	50	13	75	25	19	97	26	91	68
	88	78	51	50	27	57	31	79	62	56	16	64
	99	91	95	45	29	22	57	38	33	64	62	98
	51	73	80	61	17	92	58	94	55	14	50	29
	79	38	37	81	38	27	22	78	26	22	15	31
	24	93	89	87	31	58	72	47	84	77	57	35
	20	93	46	92	65	21	66	49	71	37	31	97
	50	18	13	93	14	18	34	21	47	31	51	56
	42	45	46	37	66	100	54	51	23	78	89	91
	33	66	10	34	98	97	14	61	23	16	88	31
	10	40	84	63	36	100	40	34	90	64	26	23
	17	56	68	90	24	39	41	85	33	28	70	56
	72	48	57	35	77	73	58	36	46	38	71	64
	98	95	76	19	83	69	30	21	40	71	14	60
	39	78	94	77	74	91	33	17	58	25	50	57
	59	47	60	46	52	93	95	71	73	64	21	100
	11	58	27	15	89	15	27	50	76	69	71	56
	79	79	69	64	77	15	88	11	92	90	19	10
	60	39	66	38	13	51	61	30	93	37	28	57

	35	43	73	71	24	54	78	90	67	66	100	42
	42	62	83	64	64	75	30	52	66	94	52	63
	67	51	37	88	32	96	21	45	20	79	30	84
	24	33	15	76	87	27	86	50	56	34	17	39
	37	33	50	11	98	84	28	12	13	72	62	69
	12	60	11	50	25	43	63	58	56	48	11	58
	80	48	70	29	32	60	47	73	57	83	55	92
	31	26	99	77	88	41	80	95	95	64	89	43
	91	12	27	44	77	22	68	23	45	16	61	88
	35	68	87	43	63	12	42	14	60	25	13	87
	28	94	75	12	88	65	73	91	23	39	70	95
	12	62	89	84	32	55	31	48	37	85	45	84
	15	56	59	59	21	95	65	16	26	78	33	71
	67	10	69	39	12	90	80	25	34	73	19	50
	83	85	23	86	38	98	79	55	28	80	64	83
	93	98	27	59	93	59	22	93	17	31	67	19
	26	89	62	96	52	23	96	12	91	31	19	53
	38	28	70	24	91	39	95	75	68	64	87	18
	70	58	16	17	42	21	95	89	33	79	84	13
	40	44	49	52	56	55	84	73	33	93	16	42
	73	19	84	21	97	83	16	53	24	60	18	14
	55	54	44	65	57	40	63	13	23	25	25	65
	79	90	12	84	26	17	87	41	20	16	68	56
	13	38	55	23	32	62	23	87	24	12	44	17
	88	10	30	85	85	32	96	47	34	30	63	34
	66	66	72	16	28	27	52	15	24	84	40	98
	84	42	92	48	70	44	66	56	13	36	52	27
	42	30	69	55	53	30	13	97	37	34	24	59
	51	56	83	81	85	67	61	57	97	50	91	65
	45	58	72	62	98	66	88	58	37	78	23	94

	67	14	28	12	16	48	19	45	80	63	69	20
	97	47	83	41	33	41	83	54	25	49	18	60
	69	39	48	23	77	11	74	25	67	26	36	68
	11	58	34	69	91	18	78	52	39	30	24	66
	55	12	21	93	29	87	58	80	94	92	55	47
	41	39	61	42	42	53	10	33	93	52	28	89
	89	77	22	44	37	89	45	18	60	62	90	37
	15	54	47	40	82	66	98	54	74	19	70	83
	29	57	14	98	95	39	38	47	98	53	88	64
	91	50	48	18	55	30	91	63	94	37	56	99
	82	22	69	24	13	12	80	82	81	28	87	30
	55	44	36	11	73	80	23	69	92	18	95	13
	12	51	96	69	34	29	16	46	77	69	91	88
	89	53	81	56	10	57	57	68	53	42	72	65
	25	41	54	59	53	18	47	99	12	61	57	76
	53	89	97	61	71	22	60	20	41	30	32	40
	33	75	15	36	63	92	89	46	67	12	41	71
	78	23	27	59	60	39	55	34	12	87	34	53
	13	84	19	14	47	38	29	43	11	61	83	12
	21	42	15	27	42	92	84	23	93	95	12	97
	93	93	45	94	73	96	95	19	24	13	12	40
	57	34	33	23	56	99	30	22	80	68	73	91
	68	80	76	26	48	98	70	63	17	27	61	93
	29	88	89	60	93	23	57	27	53	58	85	72
	85	86	81	40	92	67	25	50	28	72	87	89
	49	60	89	47	33	17	92	51	92	99	20	60
	76	89	43	84	55	19	81	73	20	18	32	86
	92	61	59	78	72	92	55	23	62	19	62	98
	91	40	69	66	88	61	39	20	75	85	17	93
	68	56	28	21	18	11	14	85	89	81	83	23

