***** PARAMETERS PRP *****

Number of Customers = 30
Number of Products = 10
Number of Vehicles = 5
Number of Periods = 12

B = Production capacity
	49664

b_p = Time required to produce item p
 	1	1	1	1	1	1	1	1	1	1

c_p = Production cost of item p
 	800	300	300	300	800	300	800	800	300	800

s_p = Setup cost of item p
 	800	300	300	300	800	300	800	800	300	800

M = Big number
	198656

U_pi = Maximum inventory upper bound of item p at site i
 	198656	183	118	196	113	242	156	274	257	158	149	150	135	176	100	99	137	313	112	203	287	195	85	158	211	216	241	156	195	226	249
	198656	120	153	120	86	195	183	187	245	115	102	169	259	171	237	260	138	325	160	199	203	128	176	268	225	161	256	215	218	96	250
	198656	198	194	207	266	195	208	121	183	220	218	150	208	326	200	113	101	174	199	178	90	92	161	197	101	98	115	245	187	128	130
	198656	155	99	143	225	94	314	346	199	208	335	142	168	105	249	127	100	158	180	149	228	227	112	290	303	180	241	282	157	133	243
	198656	117	185	141	170	196	185	106	194	268	133	236	173	279	139	154	289	132	106	126	165	123	255	108	105	174	100	249	100	120	110
	198656	172	93	215	151	128	170	102	190	97	280	171	192	235	240	245	205	197	192	134	180	126	158	120	162	230	122	156	224	214	100
	198656	188	166	103	121	243	285	330	159	100	237	88	172	182	189	160	212	272	159	131	271	103	110	114	318	285	142	180	327	176	119
	198656	267	296	222	250	211	110	152	303	125	127	166	318	159	221	175	188	143	317	114	114	187	185	234	283	201	234	170	173	243	256
	198656	297	209	301	303	230	93	161	308	173	93	108	205	104	293	239	176	188	98	113	94	254	97	125	216	261	130	333	270	101	310
	198656	174	173	296	208	195	207	141	290	244	348	339	351	120	272	143	151	175	98	200	122	129	207	90	192	189	346	155	190	169	213

I_pi0 = Initial inventory of item p at site i
 	0	126	95	169	53	177	125	107	181	97	97	81	124	113	62	63	126	72	63	73	213	40	85	103	176	69	66	78	99	166	198
	0	27	95	98	60	26	170	44	104	94	100	29	123	77	168	230	91	274	19	144	30	87	60	190	116	23	92	116	148	63	105
	0	18	62	96	34	169	159	97	176	185	15	118	88	41	147	86	47	54	179	138	53	43	78	96	94	68	111	77	89	88	44
	0	106	43	111	98	63	270	118	79	24	88	94	109	82	78	57	93	33	137	112	140	175	86	171	103	144	121	24	25	23	35
	0	59	136	87	102	83	134	91	127	233	68	43	66	240	20	62	99	63	61	121	27	98	78	74	70	137	79	126	93	86	105
	0	120	42	12	71	111	39	19	77	85	30	155	139	63	88	119	130	143	22	86	138	42	87	38	97	33	102	127	112	184	62
	0	59	155	55	92	84	142	104	133	91	34	18	103	125	158	124	93	207	100	128	182	46	52	16	250	159	85	132	168	51	50
	0	224	211	89	114	178	78	30	212	60	102	132	209	80	158	97	116	12	163	43	25	12	128	47	58	121	116	157	143	163	154
	0	187	128	189	63	67	47	141	235	69	90	73	111	72	140	186	15	49	75	28	90	141	51	119	178	256	50	176	221	84	200
	0	103	105	163	32	108	128	107	226	82	44	84	89	27	163	91	93	160	54	53	75	128	152	83	61	88	152	19	166	84	191

h_pi = Inventory cost of item p at site i
 	8	2	8	6	9	3	6	4	2	9	3	2	8	7	8	5	4	6	1	1	6	8	4	8	6	3	6	7	5	3	8
	3	2	9	9	2	3	1	1	5	3	3	4	9	3	8	4	9	4	1	3	5	8	4	8	4	2	6	8	5	6	1
	3	6	8	6	6	2	5	3	2	1	3	7	1	6	1	4	3	7	2	9	7	7	8	6	4	5	1	3	2	2	1
	3	3	2	5	6	5	2	9	6	4	9	3	9	9	3	4	5	5	8	6	6	6	6	1	5	5	8	1	9	9	7
	8	8	9	3	2	2	7	8	8	5	9	1	6	1	1	4	5	9	8	8	5	5	1	8	5	9	1	8	4	5	2
	3	9	9	5	4	5	1	1	4	4	1	6	4	4	8	6	6	5	1	8	2	8	7	7	5	6	8	3	9	7	4
	8	2	1	4	2	6	3	3	5	9	8	5	9	9	4	9	1	6	6	2	5	1	3	2	7	3	9	9	7	8	4
	8	9	3	9	4	1	3	9	4	2	6	2	8	5	3	7	4	1	6	2	8	7	5	1	8	8	6	3	4	9	2
	3	3	4	8	1	1	7	2	9	4	7	4	3	1	7	9	9	3	6	3	3	1	4	8	1	6	5	6	5	7	7
	8	6	4	7	4	4	3	9	7	2	6	5	9	3	1	2	8	6	8	4	1	5	4	1	3	3	2	4	5	7	6

C = Vehicle capacity
	3510

f = Fixed transportation cost
	31558

a_ik = Transportation cost for traveling from node i to node k
 	0	481	308	418	474	588	519	585	394	74	579	162	242	124	210	271	542	510	447	654	556	305	247	653	431	468	397	592	644	540	384
	481	0	372	781	641	686	715	732	695	423	845	423	571	430	272	644	915	636	469	980	663	311	451	1018	723	47	764	813	939	588	731
	308	372	0	724	725	819	784	836	685	309	869	151	530	367	235	574	850	747	627	958	789	61	104	960	722	390	703	869	943	745	686
	418	781	724	0	282	390	256	337	114	420	206	579	213	377	557	151	135	333	433	237	368	712	663	243	118	748	22	261	238	422	52
	474	641	725	282	0	124	75	113	174	432	219	612	248	368	502	279	374	53	192	376	95	691	702	444	166	599	282	173	317	141	243
	588	686	819	390	124	0	136	72	289	539	267	717	370	475	589	402	459	79	218	426	32	780	806	509	273	641	393	194	356	101	357
	519	715	784	256	75	136	0	83	165	484	149	664	281	421	567	293	326	102	265	309	120	753	754	384	142	673	262	99	246	195	228
	585	732	836	337	113	72	83	0	247	544	196	724	353	480	611	372	394	97	266	355	77	800	814	439	224	688	343	123	285	163	310
	394	695	685	114	174	289	165	247	0	377	185	551	156	322	493	137	231	226	321	288	265	665	639	326	38	658	110	207	260	311	70
	74	423	309	420	432	539	484	544	377	0	560	181	221	65	155	269	551	462	383	652	508	292	271	661	413	405	400	564	634	483	380
	579	845	869	206	219	267	149	196	185	560	0	735	340	503	669	315	211	251	411	161	261	845	824	243	148	805	222	78	98	342	210
	162	423	151	579	612	717	664	724	551	181	735	0	396	245	186	431	703	641	546	815	685	164	90	813	588	425	558	744	804	654	545
	242	571	530	213	248	370	281	353	156	221	340	396	0	169	346	78	348	292	298	435	339	511	485	455	193	539	195	351	413	348	166
	124	430	367	377	368	475	421	480	322	65	503	245	169	0	181	228	510	398	324	603	443	343	334	619	358	405	357	504	581	420	333
	210	272	235	557	502	589	567	611	493	155	669	186	346	181	0	408	690	519	393	779	559	191	254	799	527	261	537	658	752	512	511
	271	644	574	151	279	402	293	372	137	269	315	431	78	228	408	0	283	328	365	385	373	561	517	393	173	614	131	343	375	397	114
	542	915	850	135	374	459	326	394	231	551	211	703	348	510	690	283	0	420	547	140	445	841	783	111	217	881	154	287	181	514	185
	510	636	747	333	53	79	102	97	226	462	251	641	292	398	519	328	420	0	173	411	48	709	730	485	216	592	334	192	347	94	295
	447	469	627	433	192	218	265	266	321	383	411	546	298	324	393	365	547	173	0	566	195	581	631	628	331	424	426	362	509	125	384
	654	980	958	237	376	426	309	355	288	652	161	815	435	603	779	385	140	411	566	0	421	943	899	97	259	943	258	233	74	502	273
	556	663	789	368	95	32	120	77	265	508	261	685	339	443	559	373	445	48	195	421	0	750	774	501	251	618	371	193	354	87	333
	305	311	61	712	691	780	753	800	665	292	845	164	511	343	191	561	841	709	581	943	750	0	149	951	700	329	691	841	923	702	671
	247	451	104	663	702	806	754	814	639	271	824	90	485	334	254	517	783	730	631	899	774	149	0	893	676	462	641	833	890	741	630
	653	1018	960	243	444	509	384	439	326	661	243	813	455	619	799	393	111	485	628	97	501	951	893	0	304	983	262	319	169	578	290
	431	723	722	118	166	273	142	224	38	413	148	588	193	358	527	173	217	216	331	259	251	700	676	304	0	685	121	172	225	306	87
	468	47	390	748	599	641	673	688	658	405	805	425	539	405	261	614	881	592	424	943	618	329	462	983	685	0	731	771	899	543	697
	397	764	703	22	282	393	262	343	110	400	222	558	195	357	537	131	154	334	426	258	371	691	641	262	121	731	0	273	259	420	42
	592	813	869	261	173	194	99	123	207	564	78	744	351	504	658	343	287	192	362	233	193	841	833	319	172	771	273	0	163	277	251
	644	939	943	238	317	356	246	285	260	634	98	804	413	581	752	375	181	347	509	74	354	923	890	169	225	899	259	163	0	437	262
	540	588	745	422	141	101	195	163	311	483	342	654	348	420	512	397	514	94	125	502	87	702	741	578	306	543	420	277	437	0	380
	384	731	686	52	243	357	228	310	70	380	210	545	166	333	511	114	185	295	384	273	333	671	630	290	87	697	42	251	262	380	0

coordXY = Coordinates (x,y): line zero => x line one => y column => customers
 	439	39	408	415	138	26	160	82	311	366	258	448	337	327	267	398	468	86	40	382	48	349	489	478	298	28	418	182	311	5	380
	323	56	17	740	689	741	760	786	695	323	872	162	542	374	204	590	864	690	524	974	718	32	82	974	730	101	719	856	954	643	702

d_pit = Demand of item p at customer i in period t
 	36	78	12	14	37	27	73	86	25	67	50	45
	39	56	36	78	64	87	69	98	41	40	11	89
	65	47	13	44	79	27	20	87	89	50	55	11
	21	32	36	100	61	13	58	86	49	74	60	89
	54	69	54	43	31	40	62	69	67	77	77	83
	98	27	81	21	50	65	100	21	70	51	16	23
	20	87	81	18	87	23	82	99	80	87	93	66
	37	80	64	83	66	19	61	20	96	64	16	11
	97	43	17	41	23	85	29	55	14	98	81	49
	14	83	62	20	11	79	55	72	82	46	26	46
	37	44	26	48	88	82	65	83	58	15	28	25
	65	59	24	11	49	19	38	67	11	61	73	64
	55	58	79	62	14	47	71	74	57	78	70	40
	40	22	51	25	98	32	40	61	77	36	87	30
	11	52	26	75	42	27	70	94	59	67	55	15
	83	43	53	83	75	12	18	37	13	70	17	42
	72	81	67	33	82	80	27	46	42	82	39	99
	63	82	55	63	88	73	13	47	91	41	20	37
	73	24	20	38	73	29	76	88	68	37	59	24
	86	62	65	95	32	60	24	40	72	50	69	34
	40	52	98	65	11	48	52	33	66	27	12	80
	29	56	25	30	83	78	15	18	32	26	22	98
	40	41	22	79	85	94	40	40	88	20	17	64
	88	36	52	63	39	31	93	77	17	77	46	13
	69	44	28	83	47	31	56	34	97	67	66	25
	55	11	95	54	73	74	45	96	58	30	82	49
	78	88	29	30	17	38	91	42	11	83	92	25
	75	24	67	37	47	76	98	43	77	73	85	78
	79	17	70	72	16	31	98	10	83	72	35	94
	26	77	95	27	20	57	94	65	86	93	31	77

	27	100	89	50	76	90	42	64	52	75	12	44
	38	57	72	58	36	24	55	24	72	100	31	43
	98	46	31	91	23	19	86	98	73	33	94	27
	60	30	14	51	60	23	87	52	18	20	41	61
	26	70	46	93	76	95	78	61	94	73	48	20
	49	27	94	16	25	61	54	97	32	29	22	42
	44	45	96	94	54	83	88	49	28	90	29	48
	86	18	95	69	50	25	61	83	98	20	46	83
	73	21	80	74	19	63	39	90	38	78	95	18
	54	46	78	13	56	44	53	69	95	59	11	35
	29	49	33	62	74	16	26	27	80	55	28	29
	28	95	78	48	51	88	93	71	84	12	48	82
	77	42	20	42	55	40	63	65	55	69	84	72
	72	61	35	96	80	21	96	71	30	62	34	54
	66	90	42	32	19	89	73	12	35	85	59	23
	91	81	63	54	72	48	93	19	89	77	87	56
	95	92	87	56	54	62	90	60	52	22	33	78
	19	22	75	36	79	92	33	95	28	45	42	73
	19	92	33	72	18	89	77	16	55	37	50	38
	30	33	64	89	11	76	60	43	53	24	94	33
	87	47	49	66	96	69	99	60	18	34	67	75
	30	30	16	10	14	49	36	28	22	74	36	77
	36	75	79	64	58	87	45	71	29	69	96	94
	52	53	11	73	44	30	36	61	79	15	31	55
	23	64	69	41	27	72	16	95	38	37	92	71
	42	50	41	67	83	61	66	71	23	56	29	26
	64	15	37	71	56	97	15	46	36	97	33	79
	71	77	74	45	37	41	68	18	25	36	17	13
	49	14	65	16	28	12	81	80	22	71	55	81
	57	48	33	46	98	57	45	39	53	59	46	18

	18	24	70	52	95	23	91	46	47	53	27	49
	62	79	72	62	29	16	44	51	46	61	18	41
	24	35	37	13	66	59	80	45	87	59	45	70
	34	60	56	87	70	67	72	23	19	39	35	76
	26	91	52	73	76	34	39	92	81	78	72	66
	17	81	22	39	15	12	83	23	49	57	57	43
	97	73	74	75	90	57	25	65	25	48	83	14
	86	46	44	55	82	71	71	36	82	18	95	44
	67	44	74	57	81	53	37	33	47	69	64	34
	15	29	44	16	81	69	76	71	79	51	84	39
	27	91	80	76	11	40	63	48	51	49	10	52
	43	45	10	97	33	83	24	26	64	32	68	99
	41	75	92	100	54	34	98	82	48	70	37	51
	81	22	44	87	14	14	48	78	74	32	90	17
	86	72	63	96	61	73	22	27	16	59	68	35
	47	23	95	27	17	13	94	38	81	70	78	21
	54	47	49	70	12	74	92	57	94	17	79	51
	57	45	32	45	73	74	39	70	18	17	73	54
	74	64	62	32	41	85	86	39	71	60	41	58
	53	13	51	19	28	42	69	34	23	66	77	63
	43	67	36	47	32	46	64	58	14	50	49	45
	78	60	24	31	74	20	80	65	87	35	54	36
	96	20	13	43	28	20	23	64	65	95	85	39
	94	53	12	45	33	42	43	37	81	50	67	51
	68	44	32	28	45	72	82	24	29	95	52	14
	72	39	40	93	76	21	49	54	18	88	38	99
	77	33	50	57	57	68	85	86	49	56	20	96
	89	47	63	73	94	59	58	13	36	88	52	76
	41	47	43	37	29	57	97	99	92	96	87	43
	44	95	53	32	17	21	73	55	13	44	35	37

	57	15	34	98	98	36	10	34	32	97	45	63
	43	48	19	93	41	17	93	95	46	25	27	47
	23	10	78	36	19	58	59	54	63	67	90	13
	98	17	27	39	48	32	86	27	49	39	15	63
	30	33	55	51	82	76	50	27	48	24	13	73
	71	31	71	97	12	36	79	84	96	86	65	25
	52	66	92	63	60	86	49	69	92	69	57	76
	79	61	91	99	90	18	32	41	89	92	19	84
	24	98	67	61	45	86	17	55	15	40	21	96
	88	75	26	58	89	63	90	99	54	30	84	48
	94	37	27	75	69	13	26	20	42	91	14	58
	33	76	79	89	86	63	23	41	57	48	18	60
	82	61	55	93	53	27	88	39	76	15	27	15
	45	33	36	56	78	21	21	67	97	57	60	26
	57	99	86	23	90	92	53	36	11	48	70	96
	17	60	16	87	14	50	73	42	82	85	25	47
	33	46	53	47	57	85	72	55	20	24	55	85
	13	73	20	31	18	84	68	77	35	88	18	14
	18	64	30	84	99	43	44	20	85	33	52	22
	92	48	65	25	63	66	47	96	51	23	42	67
	76	99	54	14	81	31	72	44	80	32	55	44
	86	68	31	43	98	37	68	35	85	84	21	18
	71	100	62	39	16	13	70	71	97	63	23	72
	32	71	59	84	25	52	89	63	67	88	78	20
	58	86	49	19	62	52	75	40	95	42	85	55
	50	40	31	84	49	11	83	88	87	79	23	98
	24	77	95	74	85	16	14	54	71	73	27	67
	25	81	34	91	17	89	14	57	34	38	97	49
	23	79	57	75	22	55	23	56	46	26	54	14
	35	80	84	18	24	35	39	80	88	85	80	82

	59	77	72	88	18	78	64	73	33	34	94	14
	94	42	79	90	63	15	65	62	54	96	30	51
	87	95	83	81	76	92	69	49	39	35	63	74
	39	63	28	76	35	75	57	47	82	76	66	37
	83	65	21	78	37	27	92	87	57	61	91	86
	68	66	95	16	16	42	99	42	49	70	84	94
	50	41	83	46	52	56	69	83	39	12	33	70
	72	18	37	33	79	42	17	14	46	20	15	73
	42	14	80	97	48	79	47	70	41	88	14	22
	68	95	49	89	50	73	53	39	92	98	29	65
	43	96	36	56	24	55	63	23	38	54	17	61
	66	99	16	19	83	28	99	19	21	78	64	98
	81	83	76	37	83	83	63	40	79	80	46	85
	20	74	49	37	48	17	99	31	65	29	47	41
	16	46	12	24	99	56	70	63	76	16	79	60
	55	44	67	19	83	63	91	75	47	44	27	79
	63	83	64	64	50	96	34	86	20	90	56	84
	30	31	97	44	16	71	88	60	24	72	18	82
	81	40	90	91	38	21	78	66	54	97	39	58
	27	47	70	12	40	90	41	85	52	34	95	65
	98	73	69	64	23	72	80	83	72	28	37	37
	66	12	32	56	21	99	41	26	66	79	96	19
	49	25	85	91	18	45	65	90	32	56	43	51
	44	26	49	56	74	100	38	49	39	47	11	97
	70	67	53	21	27	73	34	38	59	97	77	80
	52	27	40	16	71	65	24	23	93	95	79	14
	11	74	24	17	59	80	25	97	55	44	24	88
	35	31	27	26	67	30	74	55	56	68	82	50
	86	62	80	19	86	32	77	36	78	40	97	28
	75	16	14	77	63	13	73	64	73	82	77	34

	21	99	76	98	55	13	34	29	99	50	57	55
	42	54	28	24	41	95	20	18	99	23	28	88
	12	71	88	22	42	54	55	96	78	30	21	77
	19	11	17	24	32	21	38	86	19	19	62	14
	95	16	61	80	86	61	52	62	86	78	68	22
	39	65	16	66	82	70	54	10	69	100	46	63
	19	30	24	84	85	77	14	69	31	32	74	74
	20	57	40	37	22	59	30	63	98	58	76	11
	43	17	25	91	76	80	30	57	16	14	81	49
	30	78	80	96	50	84	30	67	17	20	62	57
	41	75	39	61	60	76	52	88	20	75	77	19
	95	44	64	24	68	90	60	34	100	81	59	47
	63	22	38	82	93	82	25	82	86	38	74	21
	88	13	11	83	15	13	97	56	96	25	22	58
	60	59	62	26	33	79	52	62	10	75	32	39
	42	27	37	24	80	84	98	62	31	31	47	51
	80	63	78	45	80	30	78	55	22	17	25	17
	22	13	22	78	18	11	97	89	64	12	89	60
	21	65	60	100	79	86	65	85	79	40	64	61
	41	97	74	88	15	84	50	18	65	84	88	16
	42	16	24	65	55	40	13	80	10	61	11	88
	87	30	51	96	18	11	21	12	36	99	79	93
	38	71	38	85	67	89	39	71	68	76	42	36
	97	16	17	56	36	11	61	20	88	80	86	78
	33	91	96	69	98	28	81	12	42	69	55	16
	52	50	34	36	68	96	56	72	70	73	62	62
	47	80	89	35	20	62	27	26	41	77	80	40
	85	27	46	68	65	61	18	57	38	44	67	95
	74	42	68	38	89	37	77	63	49	74	16	16
	23	24	15	63	49	98	72	23	83	83	15	54

	21	21	17	11	25	67	89	99	81	13	87	34
	77	78	14	76	44	28	99	98	25	58	22	43
	29	26	83	97	37	16	30	97	58	26	38	78
	92	90	53	39	79	74	53	45	65	30	20	83
	84	26	80	43	84	60	47	85	88	80	20	33
	16	33	93	90	36	32	69	12	71	56	81	94
	92	12	65	78	78	93	81	66	72	26	66	63
	23	45	65	40	29	12	52	17	65	33	52	45
	15	33	43	92	50	75	17	68	73	21	81	30
	34	19	63	50	39	82	79	60	80	47	89	68
	18	25	16	42	70	30	50	22	53	66	80	57
	93	10	86	19	79	55	99	49	33	34	34	95
	88	37	85	44	56	24	75	65	12	94	97	51
	14	45	99	80	15	50	23	34	65	83	44	14
	29	14	81	94	30	72	71	25	80	59	39	46
	93	72	23	10	17	34	92	97	67	32	33	65
	47	18	91	51	30	52	60	83	18	50	90	63
	79	21	96	91	70	19	44	45	52	25	25	68
	99	29	52	73	73	85	25	60	72	95	96	27
	30	42	93	17	28	73	82	33	53	83	86	31
	46	69	87	12	66	60	51	84	64	26	40	12
	52	45	48	38	37	47	46	45	74	42	99	89
	16	98	83	71	22	76	38	41	47	69	61	64
	46	82	32	90	50	44	95	43	87	33	78	84
	84	29	46	32	62	55	82	88	30	77	29	69
	19	16	50	66	33	29	84	14	17	11	62	24
	70	62	38	11	64	91	46	97	33	91	43	74
	77	91	75	82	73	99	78	53	100	97	62	94
	51	32	30	18	29	18	71	12	24	96	20	22
	50	43	87	55	48	64	39	47	92	95	58	36

	86	94	44	59	67	54	68	29	62	90	68	81
	82	58	71	41	94	48	12	17	80	85	90	33
	73	16	63	77	35	74	73	86	32	80	23	35
	23	91	81	35	59	18	61	27	83	48	59	16
	78	100	38	93	44	56	80	60	97	97	71	29
	78	69	98	19	16	82	55	39	51	23	37	91
	30	59	62	44	93	81	33	22	16	61	74	31
	52	77	83	93	80	40	49	99	35	56	25	38
	60	74	74	96	93	59	67	19	31	89	22	67
	51	21	30	61	18	84	51	21	11	43	100	15
	86	46	51	85	45	54	31	21	78	32	62	71
	33	87	89	79	16	94	66	95	71	31	11	90
	29	51	68	55	33	39	21	97	76	64	77	24
	24	74	60	62	62	93	48	30	72	50	40	47
	40	57	68	75	28	28	32	75	69	69	88	71
	56	60	98	50	81	85	64	41	29	86	59	43
	12	32	34	66	46	85	43	35	48	36	54	79
	81	82	81	73	41	78	98	16	33	17	84	77
	43	100	80	48	24	20	47	40	72	92	42	75
	25	44	64	68	33	82	97	53	35	94	30	61
	12	33	33	35	39	42	25	61	33	75	89	84
	24	42	31	31	64	56	82	76	39	39	26	45
	47	14	47	45	87	58	52	62	73	99	71	47
	58	95	78	27	46	52	15	59	79	61	36	74
	22	32	67	30	88	98	56	84	50	97	97	83
	56	60	79	20	29	65	62	57	53	39	86	95
	85	72	85	54	19	55	62	65	40	20	93	31
	96	33	14	75	49	52	21	86	80	36	87	61
	25	33	49	56	56	11	66	92	90	51	40	14
	20	65	69	49	48	25	40	76	56	46	49	72

	84	50	53	67	75	93	44	54	18	61	98	15
	19	95	14	86	68	25	67	93	34	34	74	18
	57	24	78	30	24	95	92	74	54	37	78	79
	23	40	65	95	77	85	59	97	40	18	81	46
	67	62	51	37	43	23	84	96	75	38	43	72
	47	100	92	93	20	54	22	17	22	22	42	24
	85	56	69	74	77	37	54	56	81	18	13	23
	69	88	61	17	38	50	76	80	17	72	93	79
	69	51	74	60	71	11	24	42	88	88	87	26
	40	50	34	24	65	31	37	81	26	14	82	72
	36	37	46	22	91	95	64	31	38	81	40	65
	81	30	74	98	35	99	82	75	87	77	51	32
	72	55	34	84	47	38	77	98	24	20	55	22
	60	52	28	51	52	66	63	57	64	51	61	98
	88	98	66	52	44	47	63	86	40	37	70	25
	15	89	34	16	89	51	80	81	76	95	21	58
	19	30	20	27	94	82	15	52	43	45	54	84
	19	56	71	64	60	35	92	49	32	20	50	39
	28	38	82	87	63	62	87	64	38	96	18	17
	13	25	52	68	44	98	52	34	41	16	72	51
	35	80	26	54	80	57	47	80	21	47	45	37
	51	82	13	22	27	45	16	51	52	74	57	89
	54	65	64	48	88	48	37	61	78	74	87	43
	86	92	42	97	71	84	46	94	72	36	87	55
	86	75	95	88	51	76	99	17	73	56	32	34
	50	89	88	55	37	50	26	39	82	84	90	88
	95	81	66	41	89	25	73	85	80	45	34	86
	36	71	71	43	99	71	73	79	65	57	76	70
	31	29	24	24	37	27	60	29	38	79	12	13
	35	57	95	13	48	98	80	92	16	51	65	95

	34	69	98	61	74	43	69	16	14	56	72	91
	70	35	74	94	98	86	30	84	49	23	26	21
	96	44	23	79	76	98	48	28	54	49	97	19
	32	74	65	24	92	97	99	61	52	88	52	97
	77	31	28	60	23	54	55	85	50	26	14	81
	29	99	20	19	11	71	75	85	40	78	76	18
	39	35	33	38	45	69	23	31	98	24	31	96
	63	95	26	42	17	37	45	78	99	19	90	86
	37	27	18	83	64	50	67	24	19	60	57	80
	44	97	72	92	93	93	27	86	82	40	56	52
	84	89	92	81	80	15	50	72	79	63	57	51
	22	67	85	50	58	82	88	68	93	70	66	93
	27	31	91	56	35	62	95	85	28	52	91	67
	56	42	41	24	91	41	27	62	84	43	58	84
	91	69	83	59	75	39	97	70	57	84	93	43
	93	82	50	60	44	43	29	16	63	12	72	40
	72	88	37	73	91	63	68	19	19	56	92	21
	54	67	69	20	83	28	58	90	33	53	21	13
	53	37	67	70	43	66	20	60	32	19	74	60
	75	95	96	55	67	70	77	44	22	23	14	93
	41	87	89	81	77	94	22	97	28	39	37	80
	86	66	91	34	72	19	76	91	86	93	75	38
	83	94	10	36	12	21	77	18	40	51	54	43
	61	23	77	76	62	94	60	74	74	92	53	23
	33	18	37	56	34	27	41	89	27	44	94	67
	72	80	67	64	72	59	97	30	51	69	77	92
	19	54	97	33	55	64	15	54	79	65	28	58
	10	31	47	78	36	37	96	21	63	67	32	53
	11	38	10	25	92	87	15	24	15	88	59	43
	24	16	63	88	26	11	80	96	91	30	90	23

