***** PARAMETERS PRP *****

Number of Customers = 30
Number of Products = 10
Number of Vehicles = 5
Number of Periods = 12

B = Production capacity
	48962

b_p = Time required to produce item p
 	1	1	1	1	1	1	1	1	1	1

c_p = Production cost of item p
 	30	30	80	30	30	80	30	80	30	30

s_p = Setup cost of item p
 	300	300	800	300	300	800	300	800	300	300

M = Big number
	195847

U_pi = Maximum inventory upper bound of item p at site i
 	195847	228	112	106	268	243	291	230	114	94	285	153	227	181	96	325	292	195	201	283	149	165	108	178	216	311	185	227	111	242	150
	195847	111	155	241	151	250	271	104	359	234	170	95	92	141	285	247	203	112	98	273	233	94	109	220	229	155	168	129	120	138	137
	195847	157	83	244	229	119	209	250	117	120	283	174	90	292	156	177	185	237	151	129	221	314	267	140	91	207	167	126	103	260	181
	195847	275	236	222	224	205	191	303	106	298	274	182	169	237	265	263	191	121	92	115	163	264	252	251	296	196	243	231	109	204	267
	195847	92	275	200	325	284	187	223	318	166	324	218	299	120	227	191	249	179	113	267	161	116	285	176	163	178	179	110	114	191	182
	195847	285	153	185	201	312	124	333	91	187	137	101	293	262	119	141	128	248	229	161	212	202	213	180	174	111	303	217	174	145	186
	195847	229	174	186	159	172	272	246	96	147	236	249	214	115	95	125	93	299	190	136	110	168	234	190	199	230	105	190	164	111	288
	195847	142	240	268	110	240	293	119	146	194	282	269	210	98	198	160	173	248	234	223	218	130	244	128	97	137	103	153	244	196	141
	195847	325	263	202	255	150	246	118	275	137	126	179	309	97	293	235	174	196	210	282	280	127	213	278	106	138	204	268	200	100	260
	195847	197	236	175	255	124	292	132	288	131	205	146	127	222	258	222	118	119	260	302	294	320	178	87	102	193	126	301	173	194	313

I_pi0 = Initial inventory of item p at site i
 	0	194	63	77	165	133	224	19	71	84	180	90	154	155	81	95	248	109	125	192	116	145	96	147	135	202	180	81	110	26	118
	0	79	56	129	110	232	271	97	75	143	133	80	89	92	221	209	191	98	41	48	161	62	88	54	179	104	129	37	117	127	123
	0	54	78	193	151	98	173	201	93	95	189	142	85	11	97	154	47	10	82	47	45	224	72	106	29	176	118	61	70	49	121
	0	166	83	192	138	94	157	51	33	73	20	53	156	32	119	105	55	84	43	75	134	140	174	106	196	24	217	192	101	63	247
	0	71	158	140	53	172	139	143	235	77	162	217	78	116	26	14	100	94	70	248	133	97	246	122	85	80	18	79	76	174	29
	0	84	21	117	91	144	91	318	17	63	129	89	29	148	90	119	59	77	148	100	141	176	178	119	170	57	185	126	24	49	135
	0	134	41	48	141	108	112	243	76	56	75	151	81	88	94	117	81	194	161	81	70	94	189	153	197	203	71	57	45	24	90
	0	96	154	76	107	93	73	61	83	162	91	235	56	83	136	119	73	98	51	72	175	90	94	97	45	19	94	81	29	151	137
	0	70	41	129	94	142	50	80	23	129	106	19	116	82	272	173	56	138	162	179	231	95	168	207	91	39	194	32	170	34	24
	0	74	232	64	80	86	73	42	143	94	117	66	70	49	163	198	92	98	66	109	68	15	12	85	92	165	112	133	64	120	68

h_pi = Inventory cost of item p at site i
 	3	9	6	2	5	8	9	9	8	7	3	8	5	1	9	3	9	5	9	1	4	8	8	5	1	8	3	8	3	7	3
	3	7	2	7	3	8	5	7	9	4	1	2	2	7	1	1	2	5	3	1	3	3	9	1	3	5	2	2	2	6	3
	8	2	9	7	7	1	7	1	6	3	1	2	9	1	7	7	6	7	4	6	1	9	4	9	7	7	7	6	8	7	6
	3	9	5	5	2	2	8	5	8	9	4	1	7	1	3	2	3	4	3	8	9	3	2	9	3	8	9	5	9	4	8
	3	7	3	6	1	8	1	3	7	5	9	6	1	5	6	8	4	3	7	8	8	4	8	3	9	1	1	6	8	9	9
	8	1	1	1	9	9	7	3	5	9	5	4	3	7	7	4	7	7	6	2	3	9	1	4	7	3	1	4	5	1	3
	3	7	9	8	2	8	9	9	2	5	4	9	5	8	3	5	6	1	9	6	7	8	6	9	3	3	8	2	9	9	3
	8	7	5	1	9	2	3	5	4	9	5	2	3	5	1	7	8	7	6	2	8	3	7	4	8	8	3	4	9	2	3
	3	2	4	4	3	6	2	5	3	6	2	4	2	8	6	3	2	9	9	3	5	4	8	1	2	3	6	2	7	2	2
	3	4	5	6	6	4	9	7	6	8	2	5	3	5	4	8	1	9	2	3	4	5	4	4	9	4	7	6	5	7	4

C = Vehicle capacity
	3590

f = Fixed transportation cost
	31186

a_ik = Transportation cost for traveling from node i to node k
 	0	360	214	378	448	443	412	464	342	379	110	446	213	378	332	385	185	88	265	545	315	474	464	276	529	219	265	34	320	504	385
	360	0	253	20	284	85	76	285	87	391	381	277	154	58	627	521	280	316	173	433	601	227	573	244	622	254	223	351	366	193	328
	214	253	0	271	471	317	326	480	189	487	303	466	190	298	383	279	37	129	86	605	356	452	343	337	401	6	315	185	144	441	177
	378	20	271	0	278	69	60	278	100	395	397	272	170	49	646	538	299	335	191	428	620	216	589	251	637	272	231	370	382	177	341
	448	284	471	278	0	314	233	20	365	189	393	7	284	229	776	748	482	460	419	150	756	98	813	174	870	475	184	461	610	189	597
	443	85	317	69	314	0	82	310	130	450	465	308	238	100	698	570	348	395	233	461	671	235	613	314	657	317	296	433	411	170	355
	412	76	326	60	233	82	0	230	160	371	416	227	199	35	695	596	351	378	248	382	670	161	648	242	696	327	226	408	441	118	400
	464	285	480	278	20	310	230	0	368	207	410	19	295	229	791	758	492	473	426	152	770	86	822	191	878	484	200	476	618	177	602
	342	87	189	100	365	130	160	368	0	453	387	359	168	144	571	443	222	280	104	514	544	313	491	297	538	189	275	325	285	276	242
	379	391	487	395	189	450	371	207	453	0	288	193	309	352	705	741	484	426	466	189	691	281	816	158	878	493	182	404	630	367	647
	110	381	303	397	393	465	416	410	387	288	0	391	228	382	419	494	280	189	333	466	406	439	574	222	639	308	220	143	424	488	479
	446	277	466	272	7	308	227	19	359	193	391	0	280	223	773	744	477	457	414	156	753	93	809	172	865	470	182	458	605	184	591
	213	154	190	170	284	238	199	295	168	309	228	280	0	165	512	465	198	190	157	416	489	279	532	152	590	194	129	211	332	295	339
	378	58	298	49	229	100	35	229	144	352	382	223	165	0	663	571	322	345	224	379	638	170	626	215	676	300	198	373	419	144	384
	332	627	383	646	776	698	695	791	571	705	419	773	512	663	0	257	351	323	468	876	29	790	316	606	368	384	593	315	352	803	453
	385	521	279	538	748	570	596	758	443	741	494	744	465	571	257	0	267	318	348	878	233	730	81	603	146	276	583	353	160	713	242
	185	280	37	299	482	348	351	492	222	484	280	477	198	322	351	267	0	98	119	611	324	469	336	338	397	41	317	154	150	465	201
	88	316	129	335	460	395	378	473	280	426	189	457	190	345	323	318	98	0	191	575	300	467	395	297	459	134	281	57	235	482	298
	265	173	86	191	419	233	248	426	104	466	333	414	157	224	468	348	119	191	0	561	441	386	403	309	456	85	286	242	196	365	183
	545	433	605	428	150	461	382	152	514	189	466	156	416	379	876	878	611	575	561	0	859	232	947	278	1006	610	296	565	747	319	742
	315	601	356	620	756	671	670	770	544	691	406	753	489	638	29	233	324	300	441	859	0	767	295	587	349	357	573	296	323	778	424
	474	227	452	216	98	235	161	86	313	281	439	93	279	170	790	730	469	467	386	232	767	0	788	220	841	455	220	480	582	92	553
	464	573	343	589	813	613	648	822	491	816	574	809	532	626	316	81	336	395	403	947	295	788	0	674	66	339	653	432	208	765	266
	276	244	337	251	174	314	242	191	297	158	222	172	152	215	606	603	338	297	309	278	587	220	674	0	734	342	24	291	480	281	491
	529	622	401	637	870	657	696	878	538	878	639	865	590	676	368	146	397	459	456	1006	349	841	66	734	0	396	713	497	261	813	304
	219	254	6	272	475	317	327	484	189	493	308	470	194	300	384	276	41	134	85	610	357	455	339	342	396	0	320	190	139	443	171
	265	223	315	231	184	296	226	200	275	182	220	182	129	198	593	583	317	281	286	296	573	220	653	24	713	320	0	278	458	274	468
	34	351	185	370	461	433	408	476	325	404	143	458	211	373	315	353	154	57	242	565	296	480	432	291	497	190	278	0	287	504	354
	320	366	144	382	610	411	441	618	285	630	424	605	332	419	352	160	150	235	196	747	323	582	208	480	261	139	458	287	0	558	102
	504	193	441	177	189	170	118	177	276	367	488	184	295	144	803	713	465	482	365	319	778	92	765	281	813	443	274	504	558	0	515
	385	328	177	341	597	355	400	602	242	647	479	591	339	384	453	242	201	298	183	742	424	553	266	491	304	171	468	354	102	515	0

coordXY = Coordinates (x,y): line zero => x line one => y column => customers
 	116	410	327	421	237	487	416	252	434	57	49	242	268	389	88	344	294	199	378	139	112	334	402	175	446	332	192	143	394	423	484
	558	351	589	335	127	316	276	115	434	184	471	131	409	298	888	867	605	585	521	14	872	138	923	289	971	592	305	578	716	159	670

d_pit = Demand of item p at customer i in period t
 	14	69	76	35	25	56	87	56	67	66	77	57
	63	90	46	47	53	22	56	57	59	88	41	48
	77	77	30	49	50	42	68	26	12	75	97	33
	61	48	56	43	21	52	56	14	98	94	22	79
	44	54	35	28	14	80	35	57	65	64	23	85
	83	94	16	31	80	61	28	65	47	18	83	92
	19	28	79	66	50	73	60	100	99	71	24	22
	71	72	81	87	35	68	16	39	81	13	61	58
	49	35	66	27	10	17	77	64	77	53	38	52
	61	33	35	51	88	79	55	23	69	61	85	45
	90	68	22	82	27	17	99	34	23	45	89	14
	52	23	79	68	24	66	88	68	69	26	56	63
	64	24	67	28	69	27	21	75	22	86	16	45
	81	57	28	13	50	54	50	28	35	34	77	67
	95	17	73	67	61	47	36	49	83	88	77	86
	92	83	73	46	56	16	46	62	80	41	12	93
	85	24	15	61	11	95	22	48	21	21	52	14
	77	48	99	31	39	15	20	72	60	18	80	45
	86	12	94	68	47	81	38	86	60	18	61	28
	36	80	45	34	35	83	38	73	55	54	14	49
	64	81	48	43	33	32	79	84	16	93	52	36
	96	42	41	17	77	53	95	82	12	30	74	28
	92	29	26	94	60	44	97	87	55	17	51	58
	15	56	64	14	28	36	79	61	83	14	49	20
	72	72	58	44	91	74	92	71	23	83	50	16
	89	27	64	24	23	20	14	38	53	82	35	85
	67	14	79	15	98	84	84	70	48	22	67	33
	21	89	67	48	56	37	75	35	70	51	63	54
	26	83	20	81	89	68	74	90	66	85	12	33
	72	46	79	18	61	50	28	36	43	25	81	61

	28	51	96	61	71	59	26	53	31	63	27	97
	15	41	76	67	18	68	51	33	43	27	95	84
	46	83	97	43	13	65	31	16	41	46	81	16
	79	31	21	45	60	43	99	80	22	47	49	28
	62	62	40	68	77	59	14	37	24	72	66	18
	74	89	73	35	76	11	21	64	70	63	12	62
	11	86	42	54	67	33	77	69	62	10	47	68
	41	34	72	100	68	71	50	78	95	64	99	90
	70	73	98	50	16	17	79	28	38	13	46	34
	84	20	29	60	99	85	54	63	16	41	54	74
	14	66	98	65	23	89	46	10	18	38	63	41
	89	94	39	21	43	10	91	13	42	26	13	71
	92	23	16	54	28	94	53	27	98	18	23	38
	93	22	47	59	11	40	74	87	78	81	71	22
	18	94	97	63	22	18	51	10	68	98	39	14
	57	62	72	88	86	95	52	66	53	23	66	90
	19	45	34	86	96	56	22	45	36	43	93	94
	41	61	32	11	95	50	41	77	76	76	16	13
	48	34	66	47	43	38	95	76	62	92	22	33
	40	40	81	17	88	74	55	87	93	42	59	24
	62	15	63	34	25	55	57	15	66	55	30	89
	54	34	11	32	47	23	32	28	67	27	34	48
	39	15	27	83	16	48	93	67	12	38	62	28
	68	64	47	11	70	88	84	11	40	67	91	45
	67	37	98	27	16	44	76	82	44	23	93	13
	21	39	69	44	57	56	91	91	72	65	14	51
	37	98	30	40	47	19	10	68	10	12	71	75
	16	46	25	30	98	71	100	83	74	94	42	41
	40	87	46	71	93	51	68	59	51	76	98	86
	12	74	37	82	92	25	58	13	44	16	81	15

	54	84	27	26	17	43	73	97	34	80	67	26
	78	27	46	38	12	56	26	36	32	48	76	22
	54	67	72	20	36	89	88	90	20	98	25	72
	71	21	59	97	45	57	67	19	36	91	93	31
	98	54	55	63	22	91	89	80	13	74	58	15
	33	65	75	82	67	83	24	60	14	58	30	35
	19	98	84	15	53	13	78	16	67	44	51	61
	31	62	95	42	64	49	38	59	64	31	91	78
	40	55	86	99	91	52	17	48	42	78	32	77
	62	85	42	93	36	31	94	97	35	96	91	86
	93	38	11	70	69	96	78	38	29	36	57	81
	56	29	37	90	28	59	15	44	80	19	23	59
	11	68	97	67	30	24	94	75	58	41	44	92
	97	68	23	61	49	30	54	29	37	68	11	97
	56	70	28	40	24	25	93	93	76	23	82	98
	47	75	20	40	26	23	36	56	93	48	50	41
	10	28	75	14	71	75	54	76	13	93	46	14
	82	24	51	17	58	84	20	77	19	68	44	59
	47	52	44	93	50	57	81	67	78	32	77	96
	26	19	85	37	66	71	45	29	37	49	43	24
	36	30	61	97	28	74	68	63	57	88	84	68
	25	47	61	36	59	97	84	23	83	16	71	39
	80	26	40	25	40	46	34	73	49	56	66	25
	29	14	38	30	68	73	52	34	62	23	28	97
	70	47	41	18	67	78	39	77	44	24	60	57
	68	50	19	35	16	87	55	87	53	87	91	19
	25	36	23	74	73	10	16	41	62	14	51	78
	70	56	11	84	75	70	61	25	28	27	80	33
	33	16	58	34	72	62	100	45	41	46	34	83
	81	40	87	55	89	10	12	89	94	67	54	44

	78	22	26	40	62	99	18	89	67	57	65	36
	64	19	52	71	32	98	74	16	48	70	95	69
	49	70	73	61	91	33	84	34	69	76	14	13
	70	68	78	63	29	34	14	74	98	41	87	15
	80	14	86	73	82	19	32	22	91	44	47	25
	98	59	50	28	53	92	42	80	64	48	85	64
	51	50	58	75	89	16	16	61	29	97	92	94
	33	89	23	54	47	53	98	43	52	20	54	72
	37	36	81	46	89	37	42	73	66	94	52	63
	20	93	40	80	73	90	63	58	16	36	79	10
	53	65	99	59	68	74	39	39	44	73	79	36
	84	46	26	40	38	31	50	71	99	76	45	71
	32	47	88	63	56	80	54	42	32	25	11	38
	15	24	45	35	75	59	86	76	30	82	20	90
	38	67	16	65	33	18	88	83	82	64	19	59
	21	34	67	61	93	24	94	51	30	52	30	15
	84	42	58	69	34	52	35	39	70	62	97	83
	43	17	13	70	70	26	45	55	38	85	60	28
	52	23	70	97	49	42	81	58	73	67	25	51
	76	58	80	93	11	38	14	28	98	48	74	34
	21	96	23	75	14	59	82	82	62	60	12	47
	87	87	15	23	21	94	24	32	43	78	55	45
	21	85	17	23	66	74	50	20	39	63	92	53
	11	58	67	60	84	27	90	59	93	34	77	50
	24	31	54	26	60	35	37	26	80	95	46	75
	78	11	94	34	50	52	56	100	84	50	84	37
	27	100	65	20	89	41	53	86	92	50	46	24
	36	65	39	12	81	76	11	25	94	63	78	76
	12	11	40	86	63	98	62	69	72	19	68	12
	76	71	100	65	61	36	40	78	36	89	69	81

	44	27	84	64	40	15	32	19	71	14	96	44
	78	80	84	56	41	15	53	65	34	49	83	22
	65	47	28	41	49	36	29	60	74	16	25	10
	53	65	77	49	92	60	98	63	16	61	75	70
	49	44	79	38	51	30	92	49	43	67	82	58
	49	90	82	87	75	16	67	51	25	63	97	44
	38	68	18	19	93	53	43	85	88	38	76	51
	13	40	93	89	78	66	62	82	77	60	61	42
	32	32	13	63	81	37	75	61	90	75	51	55
	90	72	84	80	92	87	88	47	45	20	41	32
	40	68	60	49	78	31	61	59	33	65	73	38
	78	15	88	28	80	96	34	84	57	33	42	82
	26	12	78	90	67	69	24	94	53	74	60	72
	26	47	68	93	56	14	13	83	31	53	50	11
	14	12	65	43	42	37	93	44	81	43	36	62
	100	76	62	53	12	90	71	25	76	88	61	33
	41	53	36	75	23	14	24	37	90	12	58	75
	36	34	96	28	82	78	16	96	44	99	29	40
	89	89	13	57	18	71	46	21	78	31	58	70
	43	90	11	45	11	72	46	17	12	68	36	31
	97	45	99	50	35	39	31	84	24	84	68	41
	97	48	19	82	75	72	11	93	32	89	37	28
	31	91	55	75	94	78	55	35	69	17	33	71
	85	66	17	51	45	51	75	39	68	73	48	33
	80	28	67	48	40	88	78	25	47	38	85	86
	18	92	37	64	13	75	49	28	29	66	23	43
	14	44	21	70	59	88	14	58	88	29	77	99
	38	38	100	43	61	42	34	62	57	76	44	89
	59	24	91	31	29	25	93	23	35	71	14	78
	29	11	90	34	43	69	25	80	38	10	29	88

	33	51	84	36	85	85	41	49	64	21	54	81
	21	60	35	80	98	74	10	15	52	26	82	57
	49	68	54	11	37	26	16	44	31	52	38	18
	91	65	98	63	57	56	48	15	84	32	100	94
	98	32	14	36	82	93	45	90	66	35	60	98
	91	81	94	24	40	44	22	69	100	47	78	54
	79	96	46	97	21	84	68	50	66	78	29	85
	17	98	25	75	66	88	38	31	36	15	38	17
	63	38	46	30	15	87	60	92	40	60	15	14
	48	21	60	19	55	12	33	44	49	34	91	83
	50	39	77	15	56	35	54	17	67	70	35	93
	29	56	73	58	55	91	64	59	55	69	30	65
	52	96	68	87	49	25	32	19	66	76	31	28
	90	90	55	76	42	66	58	36	63	72	24	43
	78	41	74	75	70	41	79	92	90	73	71	62
	59	99	67	83	92	41	15	90	83	77	36	24
	77	86	49	11	43	62	16	51	13	58	72	57
	20	44	84	64	27	92	18	71	75	70	42	79
	100	69	25	96	69	71	27	24	17	49	81	15
	16	70	55	79	18	26	89	41	54	50	61	77
	62	48	66	77	49	84	99	94	70	84	27	48
	17	40	60	61	34	21	39	89	17	33	49	50
	37	15	38	29	84	20	12	90	17	100	21	76
	73	97	97	31	17	38	79	23	51	23	75	93
	57	77	33	99	52	47	96	32	55	36	63	18
	58	60	67	33	82	52	68	24	67	98	51	66
	43	83	12	84	68	75	27	37	29	95	22	75
	12	12	89	24	37	89	16	50	89	49	17	38
	49	14	100	50	13	87	58	50	48	39	45	28
	95	40	15	52	15	24	96	38	60	29	43	52

	51	52	31	28	57	18	36	54	12	91	49	71
	41	76	54	93	13	64	64	63	39	79	72	36
	48	78	50	21	47	92	99	86	62	42	46	73
	42	99	82	29	99	10	64	48	80	16	54	13
	24	84	98	56	92	40	72	37	16	61	75	31
	36	76	98	84	20	78	60	24	72	45	39	21
	42	29	78	94	81	24	50	61	57	46	99	78
	76	26	14	66	96	61	19	27	39	20	73	56
	56	42	59	31	56	30	55	63	37	63	35	62
	75	90	19	47	49	28	97	59	73	89	64	19
	46	82	23	16	34	66	45	55	76	16	54	85
	27	43	11	57	91	99	38	51	73	74	51	27
	88	94	29	12	82	25	72	68	55	69	20	76
	26	68	28	19	86	11	46	36	31	97	87	34
	24	93	83	41	85	89	42	98	81	76	27	11
	67	14	20	92	74	33	49	45	18	26	46	76
	19	87	21	67	53	28	95	98	31	62	72	85
	66	95	44	52	76	24	22	94	19	16	39	22
	81	30	66	46	22	11	90	68	12	36	50	32
	48	22	87	13	99	30	38	78	68	54	94	29
	64	30	80	16	47	91	85	36	91	62	40	31
	80	13	96	88	93	82	60	69	80	95	96	85
	77	76	30	86	49	22	71	33	81	90	46	100
	36	17	93	51	11	12	76	87	49	89	31	45
	63	73	67	74	47	40	70	82	35	51	19	69
	71	77	16	91	52	69	18	45	55	22	59	52
	57	39	15	27	27	81	12	64	29	46	85	87
	45	29	14	66	19	34	95	71	69	95	38	81
	24	52	37	89	56	84	59	77	26	16	52	94
	90	73	73	98	67	94	40	79	43	64	62	80

	96	94	65	85	86	86	49	32	63	88	63	45
	60	76	18	54	27	63	25	63	48	69	57	15
	76	74	86	27	26	85	33	33	65	73	51	14
	91	16	72	82	79	45	72	59	81	15	38	10
	64	29	71	78	32	44	67	64	27	58	26	15
	73	98	89	64	83	16	41	28	84	92	21	13
	32	29	79	44	85	69	38	44	98	72	54	70
	28	23	32	13	44	92	31	82	96	55	65	23
	67	95	87	39	38	92	57	69	81	12	95	45
	51	40	35	38	30	90	89	96	61	94	29	23
	65	57	14	99	52	29	80	57	92	94	76	93
	56	59	52	81	21	28	15	71	62	50	96	38
	83	82	12	75	39	75	74	15	61	13	37	23
	88	48	98	46	13	95	67	77	89	30	79	62
	14	26	79	52	57	67	40	98	17	74	34	80
	73	24	37	43	100	17	91	87	79	46	39	57
	98	99	15	63	45	59	11	96	78	23	75	82
	51	93	61	76	92	68	85	31	11	47	20	67
	72	62	92	22	86	10	13	95	57	39	63	58
	95	80	57	77	47	87	27	59	22	11	23	68
	68	22	58	32	68	34	45	14	66	29	74	10
	26	68	34	57	84	74	41	41	99	62	45	100
	97	87	78	64	92	84	43	61	25	20	98	16
	45	56	29	42	54	28	45	41	94	51	21	73
	19	16	74	18	58	10	93	54	30	84	48	43
	94	37	11	56	39	23	83	41	97	60	55	19
	38	43	46	11	22	73	11	54	76	31	37	18
	29	78	30	66	28	32	84	51	67	52	31	38
	60	91	46	65	83	32	33	13	52	40	51	23
	82	55	25	76	50	21	22	18	82	69	17	48

	70	38	82	74	53	75	83	51	81	88	62	23
	26	15	17	83	85	21	72	83	40	70	54	65
	91	12	26	65	83	44	15	90	99	14	22	44
	94	45	58	33	60	33	84	93	40	44	88	93
	36	88	18	84	15	10	64	46	42	24	99	72
	50	52	93	62	28	72	67	65	71	60	91	27
	46	34	59	98	27	27	89	93	42	86	17	87
	23	64	20	52	82	58	75	76	77	59	30	44
	40	46	43	28	22	14	16	62	57	57	73	90
	16	90	95	84	28	81	53	80	73	67	32	58
	19	17	41	72	15	83	26	66	98	17	27	55
	23	82	11	47	67	81	64	64	74	49	95	85
	82	40	70	36	16	27	65	25	66	89	15	53
	67	82	81	42	20	61	60	76	11	46	98	59
	22	90	15	46	66	70	64	33	48	87	92	73
	56	57	32	60	89	84	18	67	65	41	31	97
	28	12	56	42	70	87	24	10	53	99	71	37
	65	97	49	75	37	51	20	19	13	48	99	56
	69	48	62	31	22	84	51	93	54	60	11	91
	26	69	66	70	81	99	52	54	57	19	13	65
	63	32	68	69	53	92	97	71	27	92	87	13
	81	71	16	94	64	23	47	87	57	20	57	21
	82	32	71	22	43	41	61	77	60	87	58	33
	91	28	49	22	74	59	90	91	38	18	49	25
	39	80	32	94	55	86	56	83	97	60	90	53
	60	82	52	39	17	29	88	37	25	84	87	13
	32	27	96	52	51	12	20	93	79	85	37	58
	100	70	49	46	86	42	43	12	51	20	57	23
	34	60	48	89	85	16	27	72	58	27	71	14
	24	52	45	40	62	76	86	52	53	58	30	46

	74	22	66	24	30	29	12	10	55	75	63	12
	27	73	49	83	45	46	28	80	99	88	29	60
	64	87	25	95	73	96	25	18	57	30	37	91
	80	56	41	49	60	69	56	46	72	82	53	100
	25	61	68	15	86	94	37	97	72	67	43	79
	73	50	35	62	98	71	29	94	24	33	68	64
	17	25	56	18	57	15	21	53	57	91	90	27
	80	63	56	85	76	11	46	85	13	47	97	32
	94	57	75	93	13	20	88	59	39	96	75	74
	51	19	47	26	48	87	48	38	34	29	50	16
	13	15	38	85	29	22	14	38	15	29	39	100
	55	15	100	62	13	94	100	82	98	27	27	89
	49	36	71	57	60	24	41	38	89	86	81	33
	57	21	85	82	71	40	52	63	22	52	62	11
	73	69	15	41	67	28	92	84	30	78	48	40
	43	49	28	33	38	66	96	62	93	67	71	64
	98	59	70	49	37	57	46	15	99	24	92	70
	66	78	70	46	37	18	55	36	85	79	23	30
	36	31	42	78	38	55	59	86	39	83	86	91
	68	80	61	16	50	95	54	60	70	66	60	26
	15	32	82	93	63	80	14	94	93	71	36	96
	12	22	11	63	94	87	92	51	96	15	72	96
	49	36	61	59	20	52	28	23	12	43	52	89
	37	55	46	69	22	18	37	57	57	91	51	69
	79	86	64	56	23	58	46	88	41	76	91	62
	37	75	62	31	43	25	42	41	31	21	48	48
	46	87	95	27	46	65	50	80	69	44	61	52
	64	24	22	25	14	85	67	83	25	80	14	17
	71	49	79	74	31	97	52	73	92	11	88	60
	68	40	54	96	72	72	78	93	70	28	16	63

