***** PARAMETERS PRP *****

Number of Customers = 30
Number of Products = 10
Number of Vehicles = 5
Number of Periods = 12

B = Production capacity
	49793

b_p = Time required to produce item p
 	1	1	1	1	1	1	1	1	1	1

c_p = Production cost of item p
 	800	800	300	300	800	800	800	300	300	800

s_p = Setup cost of item p
 	800	800	300	300	800	800	800	300	300	800

M = Big number
	199170

U_pi = Maximum inventory upper bound of item p at site i
 	199170	109	129	205	334	131	293	286	101	225	142	285	124	183	112	174	122	201	220	225	98	119	236	219	264	104	237	181	247	197	258
	199170	277	101	292	234	127	178	184	307	198	129	290	117	170	292	168	197	245	138	303	128	197	290	169	153	213	210	172	202	120	117
	199170	106	219	140	111	112	250	177	116	176	106	205	200	141	322	197	225	322	200	292	119	167	189	234	146	382	197	157	244	126	181
	199170	285	176	270	180	103	197	133	132	216	154	114	297	212	113	152	273	98	105	167	224	208	197	319	137	330	326	204	100	141	291
	199170	97	249	127	124	120	148	97	263	132	113	125	280	126	356	164	249	105	162	212	248	181	176	240	322	224	250	171	151	173	221
	199170	130	90	123	152	207	111	278	93	277	179	200	216	239	267	183	198	176	171	317	106	245	128	113	86	173	105	210	272	307	162
	199170	313	121	214	213	286	159	155	112	227	289	275	254	156	224	166	274	291	162	216	109	161	99	299	189	175	142	190	212	275	148
	199170	325	174	118	139	154	105	250	208	195	83	170	272	254	240	193	273	84	216	123	189	249	320	255	233	125	204	214	117	103	147
	199170	246	152	275	225	228	105	79	200	216	110	187	115	143	125	189	167	167	176	107	209	111	165	230	199	98	279	178	236	112	284
	199170	290	168	235	103	270	126	243	159	159	186	152	205	123	292	93	315	273	279	220	112	145	161	124	99	303	194	195	135	271	192

I_pi0 = Initial inventory of item p at site i
 	0	92	91	20	216	93	44	82	99	170	23	196	66	78	93	143	42	147	166	108	42	111	46	133	74	14	203	14	220	30	228
	0	86	64	134	219	27	131	138	83	124	119	73	94	53	10	37	114	116	21	49	69	158	24	117	10	156	207	76	96	91	92
	0	95	84	72	63	30	217	149	74	106	38	81	45	59	101	149	158	229	127	259	89	139	161	177	109	133	136	136	167	74	162
	0	36	75	164	53	78	175	84	82	150	78	44	140	141	96	152	162	90	90	67	78	59	94	71	60	97	157	44	77	125	92
	0	42	94	19	97	104	101	30	83	12	101	18	54	57	62	120	207	93	117	160	211	20	161	179	191	21	167	146	100	99	70
	0	39	68	57	72	184	44	215	42	72	98	151	155	32	42	103	39	135	18	76	79	224	91	43	67	122	75	179	83	56	37
	0	222	103	102	28	173	124	28	107	36	271	207	227	97	213	66	168	147	66	110	17	54	88	45	175	119	40	63	58	85	68
	0	66	133	75	81	66	45	54	170	183	36	93	56	105	145	34	189	22	189	89	77	161	149	196	141	38	164	128	114	84	85
	0	36	140	125	117	66	80	63	135	118	56	126	87	132	87	99	123	152	146	72	149	93	10	72	114	56	58	25	39	71	142
	0	30	154	79	91	60	67	66	67	121	96	32	176	111	159	0	278	182	125	54	31	133	89	64	88	88	40	150	99	158	179

h_pi = Inventory cost of item p at site i
 	8	7	4	1	5	3	4	6	6	8	6	4	7	4	5	9	2	3	8	1	8	1	9	9	4	9	2	4	9	1	6
	8	1	7	9	1	2	3	3	6	3	5	7	7	3	1	3	2	9	9	8	1	7	8	9	6	8	4	4	7	4	8
	3	4	5	3	5	3	1	7	6	5	1	5	6	8	4	7	6	1	3	7	2	3	5	7	7	7	3	9	2	5	2
	3	9	1	6	5	2	9	2	8	7	2	5	1	3	8	5	2	2	6	2	2	5	4	9	5	4	7	7	9	4	8
	8	6	5	5	6	9	7	7	5	3	7	8	7	2	2	8	1	8	3	3	4	1	8	3	6	1	8	7	8	8	1
	8	7	3	8	5	9	9	7	4	6	6	5	6	6	1	4	1	3	1	5	4	9	6	4	1	5	9	6	9	8	6
	8	2	1	9	3	1	9	9	2	3	6	3	1	6	6	3	8	9	1	9	8	9	7	4	1	7	5	9	9	4	5
	3	1	8	6	3	4	1	6	4	6	2	6	7	1	4	9	2	6	5	8	8	1	2	1	8	4	9	8	9	2	6
	3	9	8	4	9	2	3	5	3	4	7	7	5	2	6	1	5	3	1	6	6	8	7	4	1	8	3	6	1	9	9
	8	3	8	9	9	7	6	8	5	4	9	4	4	1	8	8	2	5	1	2	4	1	8	5	6	8	1	7	1	2	2

C = Vehicle capacity
	3820

f = Fixed transportation cost
	28892

a_ik = Transportation cost for traveling from node i to node k
 	0	415	313	332	344	70	367	610	432	504	112	353	383	367	489	232	294	520	192	492	484	341	366	182	472	459	441	303	427	300	518
	415	0	173	579	249	410	417	196	61	280	326	194	88	239	140	240	495	157	290	139	605	275	393	489	62	265	119	505	90	648	706
	313	173	0	568	326	283	468	340	226	207	204	285	95	92	307	248	496	328	140	307	648	346	450	444	207	392	136	506	132	595	728
	332	579	568	0	360	401	225	751	560	775	416	410	596	648	572	342	87	601	494	577	193	337	247	151	639	445	660	79	636	157	189
	344	249	326	360	0	382	170	397	213	507	321	56	301	417	212	119	274	241	349	217	357	26	145	319	301	116	358	282	329	467	462
	70	410	283	401	382	0	426	602	436	460	85	381	364	323	501	264	363	531	148	504	552	383	422	251	463	493	417	372	407	362	588
	367	417	468	225	170	426	0	562	382	663	395	226	461	558	373	223	149	399	450	378	188	144	27	254	471	227	521	152	493	364	294
	610	196	340	751	397	602	562	0	193	334	518	344	246	370	192	424	666	172	474	187	744	422	536	676	140	356	217	674	210	835	855
	432	61	226	560	213	436	382	193	0	339	354	157	147	297	82	232	475	103	330	82	569	238	357	484	92	211	178	484	149	642	674
	504	280	207	775	507	460	663	334	339	0	393	457	208	138	411	448	701	418	314	409	847	530	642	648	264	544	162	712	191	796	932
	112	326	204	416	321	85	395	518	354	393	0	311	281	256	420	203	361	450	83	423	542	327	386	272	379	427	336	371	325	407	595
	353	194	285	410	56	381	226	344	157	457	311	0	250	374	165	121	323	195	327	169	413	82	201	354	246	118	305	332	275	507	517
	383	88	95	596	301	364	461	246	147	208	281	250	0	152	227	256	516	244	229	226	648	324	439	488	112	340	65	526	45	644	739
	367	239	92	648	417	323	558	370	297	138	256	374	152	0	378	337	579	395	177	377	736	437	540	516	254	478	154	589	168	661	813
	489	140	307	572	212	501	373	192	82	411	420	165	227	378	0	270	486	32	405	6	553	236	347	516	149	166	250	494	223	671	665
	232	240	248	342	119	264	223	424	232	448	203	121	256	337	270	0	261	301	238	274	401	125	206	253	301	229	320	271	295	411	485
	294	495	496	87	274	363	149	666	475	701	361	323	516	579	486	261	0	515	434	491	191	251	168	131	554	362	581	11	555	216	236
	520	157	328	601	241	531	399	172	103	418	450	195	244	395	32	301	515	0	432	28	576	265	373	547	154	185	260	523	235	701	690
	192	290	140	494	349	148	450	474	330	314	83	327	229	177	405	238	434	432	0	407	609	360	437	352	336	444	275	445	269	489	670
	492	139	307	577	217	504	378	187	82	409	423	169	226	377	6	274	491	28	407	0	558	241	352	520	146	171	248	499	222	675	670
	484	605	648	193	357	552	188	744	569	847	542	413	648	736	553	401	191	576	609	558	0	332	213	318	658	395	708	183	680	346	122
	341	275	346	337	26	383	144	422	238	530	327	82	324	437	236	125	251	265	360	241	332	0	119	303	327	125	382	259	353	448	436
	366	393	450	247	145	422	27	536	357	642	386	201	439	540	347	206	168	373	437	352	213	119	0	264	446	202	499	172	470	382	320
	182	489	444	151	319	251	254	676	484	648	272	354	488	516	516	253	131	547	352	520	318	303	264	0	550	426	552	137	531	159	338
	472	62	207	639	301	463	471	140	92	264	379	246	112	254	149	301	554	154	336	146	658	327	446	550	0	300	108	564	87	709	761
	459	265	392	445	116	493	227	356	211	544	427	118	340	478	166	229	362	185	444	171	395	125	202	426	300	0	384	368	355	567	512
	441	119	136	660	358	417	521	217	178	162	336	305	65	154	250	320	581	260	275	248	708	382	499	552	108	384	0	591	30	708	802
	303	505	506	79	282	372	152	674	484	712	371	332	526	589	494	271	11	523	445	499	183	259	172	137	564	368	591	0	565	214	226
	427	90	132	636	329	407	493	210	149	191	325	275	45	168	223	295	555	235	269	222	680	353	470	531	87	355	30	565	0	688	775
	300	648	595	157	467	362	364	835	642	796	407	507	644	661	671	411	216	701	489	675	346	448	382	159	709	567	708	214	688	0	307
	518	706	728	189	462	588	294	855	674	932	595	517	739	813	665	485	236	690	670	670	122	436	320	338	761	512	802	226	775	307	0

coordXY = Coordinates (x,y): line zero => x line one => y column => customers
 	55	270	103	299	374	2	420	366	327	33	54	357	183	32	408	256	314	426	31	408	491	380	420	184	281	474	174	319	195	154	457
	596	242	287	820	468	551	631	72	261	93	485	415	236	230	259	481	735	233	406	254	805	493	605	723	182	411	172	744	193	879	922

d_pit = Demand of item p at customer i in period t
 	68	24	42	96	86	13	26	57	85	78	30	51
	17	56	18	75	75	18	33	24	15	69	67	50
	20	34	15	43	76	93	85	15	34	51	75	75
	97	53	16	50	54	50	100	72	95	82	97	35
	93	84	64	54	70	73	30	85	69	31	73	60
	21	23	89	26	24	89	47	91	97	61	72	63
	82	60	75	83	98	50	53	42	99	74	42	99
	49	50	73	61	11	26	47	88	29	49	69	55
	82	88	77	79	39	11	90	60	18	43	55	32
	23	53	99	13	76	39	33	59	62	39	60	13
	24	99	73	38	84	83	29	54	25	33	69	72
	66	99	96	90	67	46	19	72	15	42	99	35
	78	82	43	38	37	22	25	75	97	82	66	85
	93	55	48	20	61	50	51	41	61	69	94	27
	82	43	18	34	31	40	87	93	85	64	56	64
	42	22	97	94	92	75	60	12	53	92	47	45
	73	74	90	27	27	10	47	56	52	47	23	77
	70	11	85	89	70	58	91	95	95	56	71	90
	24	62	22	97	73	87	18	27	100	97	42	27
	42	88	46	10	65	61	67	17	65	36	33	57
	82	15	14	54	78	18	90	89	76	98	49	51
	46	14	21	40	24	62	56	83	52	31	60	77
	32	48	53	32	67	45	20	48	85	76	91	61
	47	27	92	83	23	78	54	43	73	86	98	89
	14	57	99	28	53	84	60	94	55	21	32	27
	89	38	76	35	88	17	36	59	10	86	77	99
	14	48	99	40	94	34	42	74	72	83	51	74
	17	87	87	29	17	60	53	28	69	43	82	20
	30	55	60	92	96	30	55	18	37	19	29	70
	84	24	78	42	69	20	88	63	31	20	61	40

	86	84	35	47	27	20	66	74	42	68	48	68
	26	38	87	46	32	60	38	55	88	79	45	13
	66	68	13	96	88	34	70	12	74	94	25	61
	73	44	64	38	19	87	27	86	44	85	94	42
	27	56	72	29	17	49	35	99	26	42	42	13
	88	43	48	21	84	78	24	17	72	77	98	61
	16	99	23	53	72	47	41	37	26	39	83	17
	83	60	69	14	91	33	91	67	40	75	19	95
	89	35	21	39	51	15	86	72	46	47	27	65
	55	11	53	51	10	71	19	28	13	92	59	52
	73	22	67	86	99	91	88	95	85	98	41	24
	94	40	47	95	71	35	75	66	65	67	16	28
	53	83	26	68	67	16	71	94	46	44	96	14
	10	14	100	61	76	67	46	74	72	90	50	41
	23	14	88	93	58	29	12	60	93	77	38	86
	28	23	63	97	58	28	56	20	93	47	36	43
	90	26	30	48	33	71	17	57	24	33	82	76
	21	80	53	99	98	92	27	39	86	85	98	48
	49	99	28	89	90	28	79	48	32	98	49	39
	69	92	78	100	89	58	48	26	52	95	18	41
	61	97	82	57	49	64	43	41	62	94	49	88
	24	62	64	95	12	36	97	63	29	93	58	64
	28	89	39	72	93	59	63	25	26	92	75	13
	10	25	94	99	20	97	72	36	83	12	39	25
	65	91	92	37	59	36	57	23	11	26	84	59
	58	58	66	25	44	43	59	95	44	38	71	30
	76	89	36	31	78	82	29	52	73	27	58	56
	96	29	69	44	62	99	53	78	65	31	82	98
	62	29	63	61	24	81	77	99	76	77	48	24
	92	85	11	78	71	31	75	54	87	16	75	27

	36	59	71	25	61	72	99	26	14	45	93	37
	84	64	18	28	39	55	47	64	76	77	88	17
	30	42	54	37	70	42	59	12	62	11	61	78
	18	45	90	58	22	98	54	82	28	54	37	82
	30	95	34	25	95	21	53	60	36	77	87	61
	81	77	59	65	24	14	29	37	49	25	86	55
	89	60	68	47	21	70	81	11	53	81	48	77
	54	20	62	49	23	54	94	56	95	52	50	88
	49	57	95	27	12	49	88	11	68	79	87	83
	38	82	20	10	58	18	84	98	80	27	63	57
	81	77	34	31	72	97	34	22	28	65	19	55
	45	55	12	47	32	22	67	92	65	33	62	67
	59	92	24	11	27	30	60	84	67	28	49	33
	31	70	65	61	69	99	89	47	27	42	91	81
	23	28	84	14	42	65	27	59	11	27	44	48
	78	80	40	44	41	81	87	39	50	27	21	88
	57	45	51	76	62	60	53	50	98	80	97	43
	14	42	71	53	57	90	59	53	28	71	15	47
	97	69	93	47	27	68	34	30	58	43	54	81
	89	44	27	67	39	65	20	55	35	90	97	87
	90	49	80	65	20	80	78	75	43	39	38	12
	87	38	36	52	22	40	69	58	42	34	27	63
	77	25	75	51	92	81	74	61	48	35	63	19
	52	15	42	38	85	30	62	76	21	49	54	61
	51	82	69	88	43	58	95	80	97	76	93	84
	56	35	30	15	62	88	42	19	42	87	84	31
	96	40	12	98	17	44	74	37	50	93	36	31
	75	32	12	48	54	75	95	22	96	95	61	67
	74	77	26	86	95	57	65	80	83	24	77	14
	47	97	18	23	44	33	91	55	33	48	27	28

	36	37	87	59	47	80	95	16	26	100	84	18
	75	21	42	82	36	97	12	50	13	23	15	61
	59	79	14	12	76	52	72	36	86	27	56	78
	53	43	39	41	72	84	16	89	99	58	81	43
	78	29	88	44	87	81	62	46	28	24	40	11
	91	84	81	68	47	79	83	24	66	46	36	81
	84	55	26	56	60	78	93	69	98	34	89	56
	82	86	66	57	76	37	69	23	92	91	65	50
	56	43	18	33	84	49	25	43	93	53	76	76
	78	49	58	17	28	42	40	19	23	73	99	89
	25	19	56	45	86	38	30	89	74	92	91	40
	55	85	48	33	19	84	67	32	72	73	79	65
	62	79	61	26	11	79	29	61	85	48	77	19
	68	28	89	26	68	72	96	39	75	14	34	68
	67	85	40	48	68	26	22	55	79	41	52	23
	29	45	88	44	37	50	44	44	25	99	66	83
	34	56	41	13	59	17	55	82	53	92	52	32
	90	38	70	19	88	25	48	58	34	94	15	49
	67	22	82	73	62	37	18	14	41	96	100	56
	78	31	73	49	21	80	59	64	68	93	44	12
	59	54	41	17	72	23	22	21	81	12	24	73
	94	19	61	69	33	11	46	74	78	20	57	28
	71	81	12	73	34	100	92	51	44	98	13	96
	60	80	76	40	39	31	12	39	15	23	37	96
	97	92	60	48	76	86	42	59	24	69	58	81
	81	76	55	92	60	27	79	41	34	51	99	88
	44	78	34	24	65	71	15	15	40	25	30	48
	17	60	30	82	18	35	55	26	67	89	23	97
	74	29	22	29	67	79	15	22	86	96	33	11
	55	37	94	42	63	98	42	88	16	25	87	51

	42	93	84	48	61	30	14	57	19	72	21	41
	23	71	85	19	83	41	29	84	48	30	47	38
	19	74	85	100	80	39	16	78	29	64	96	83
	97	51	36	18	98	99	55	68	53	18	98	53
	39	65	90	69	82	66	71	46	46	86	47	10
	32	69	48	54	70	77	28	19	35	27	82	52
	30	71	41	68	45	75	24	27	30	90	54	26
	83	42	24	50	49	98	97	30	90	34	15	18
	12	17	26	50	80	34	54	63	30	31	92	39
	67	34	58	100	53	35	81	22	80	91	42	15
	18	27	93	57	26	54	84	95	74	78	69	72
	54	37	73	73	15	98	77	19	44	72	54	57
	57	63	58	36	81	53	92	49	94	65	11	97
	62	86	71	94	44	79	61	79	56	56	95	71
	82	38	98	26	70	89	71	45	13	47	24	52
	58	58	91	39	35	34	28	78	69	39	33	35
	28	65	33	55	48	77	76	76	33	25	99	13
	30	56	31	71	85	42	62	95	47	45	43	40
	42	25	93	41	62	82	83	65	51	22	16	54
	12	80	89	30	79	73	22	29	57	24	34	67
	20	60	51	100	90	25	28	43	92	66	60	89
	74	87	35	33	42	74	16	48	41	88	85	82
	48	34	97	44	17	67	67	63	88	54	60	82
	21	100	21	49	95	84	19	88	63	77	69	87
	21	69	18	55	88	63	50	85	42	65	52	63
	99	68	92	24	67	95	43	56	80	45	14	67
	73	73	28	15	14	63	70	19	38	85	13	23
	100	86	83	97	54	43	73	86	73	68	70	71
	44	40	15	63	26	96	65	48	93	99	37	66
	70	91	63	92	44	60	44	11	82	27	61	17

	39	74	68	86	16	93	92	93	78	28	64	49
	68	38	10	18	49	60	26	62	49	43	45	69
	57	80	95	28	10	42	31	39	22	40	34	15
	72	99	92	12	57	96	26	29	18	36	11	58
	85	99	61	47	69	75	19	78	76	48	94	75
	26	18	94	63	41	73	89	100	45	26	22	69
	31	96	88	96	90	39	42	35	56	50	32	12
	21	21	50	57	24	16	33	30	34	26	41	19
	25	47	73	77	14	58	57	56	33	77	54	93
	98	20	27	73	97	74	20	90	61	58	72	27
	66	85	96	98	37	80	86	35	54	11	76	77
	65	90	97	96	89	60	81	28	30	67	98	61
	32	58	81	50	34	55	83	32	56	59	17	17
	42	93	98	90	99	90	87	87	51	36	17	10
	83	20	88	56	100	30	56	77	80	33	31	79
	12	27	82	11	83	17	69	94	87	43	21	49
	60	54	21	65	85	58	25	53	90	69	79	44
	18	14	33	33	40	59	78	53	36	57	41	51
	49	15	12	98	97	67	50	77	92	81	45	78
	79	17	55	54	12	24	51	46	78	81	88	53
	37	64	30	93	65	79	70	30	83	77	36	70
	43	34	14	91	56	99	23	16	11	24	83	19
	43	93	92	94	20	58	11	75	29	45	56	59
	38	29	71	11	72	23	24	72	33	52	50	42
	69	53	64	41	45	21	99	32	81	36	61	88
	75	100	51	92	55	34	32	63	42	27	37	20
	34	49	96	47	57	83	31	34	92	16	14	76
	39	18	26	10	64	72	95	77	50	92	42	67
	56	85	79	98	61	36	22	28	48	66	88	69
	37	42	11	28	73	44	46	32	69	79	91	97

	50	90	60	22	62	75	83	43	78	96	38	53
	14	89	39	51	45	45	58	66	67	92	62	96
	34	68	18	57	68	64	70	95	61	61	19	28
	28	57	70	12	49	25	55	24	83	84	67	85
	55	38	80	25	55	66	41	75	74	62	22	93
	37	19	68	95	27	10	80	62	75	27	65	71
	28	29	18	98	75	50	91	69	40	24	68	29
	12	77	18	50	53	68	52	79	91	56	74	39
	36	24	13	49	87	87	49	59	25	88	87	78
	72	86	63	50	98	67	72	57	96	74	80	51
	93	53	61	90	82	66	67	31	53	94	48	88
	63	61	67	36	25	17	91	35	13	38	71	93
	67	30	53	68	49	46	88	44	32	68	31	48
	53	92	68	42	33	72	77	50	70	30	28	56
	36	30	14	79	27	18	82	48	50	40	48	26
	91	77	69	29	62	57	77	85	82	90	22	81
	49	98	55	19	19	75	70	53	63	79	61	57
	66	44	66	45	61	74	76	24	48	55	10	77
	50	60	24	27	67	78	71	35	85	67	52	31
	17	48	50	25	25	11	30	81	11	60	48	29
	54	17	80	91	18	36	33	27	39	77	93	77
	60	28	31	66	34	100	71	11	15	81	43	53
	45	35	42	99	66	71	100	37	66	10	59	87
	82	93	49	13	62	35	72	71	95	61	74	48
	70	49	59	12	19	43	56	79	46	24	51	17
	11	29	81	46	18	20	50	93	29	94	71	27
	63	59	51	23	35	29	71	98	68	23	33	16
	58	90	31	64	90	21	86	32	95	13	31	24
	85	47	41	89	10	45	91	44	22	38	85	62
	68	17	41	52	17	20	48	40	76	79	56	78

	23	43	64	80	61	69	44	94	97	97	87	20
	38	95	79	77	13	31	75	27	62	65	85	50
	23	52	100	69	38	75	52	52	33	90	87	34
	81	76	83	89	33	83	84	64	57	24	84	76
	13	53	15	80	16	87	72	55	53	93	50	28
	45	79	29	95	67	83	27	12	11	80	73	31
	16	16	22	21	26	100	100	32	94	79	10	83
	89	81	63	27	66	65	19	31	35	38	89	20
	84	99	44	69	99	24	30	95	39	42	78	77
	36	71	31	10	100	57	28	63	16	11	42	32
	79	14	87	37	35	68	96	66	53	81	42	20
	14	42	26	45	93	48	100	58	77	76	48	25
	62	43	47	93	82	55	29	11	68	50	15	55
	83	62	84	22	65	32	49	76	50	49	87	61
	34	16	12	59	19	33	67	30	99	83	43	84
	45	84	35	25	80	29	69	22	82	45	61	78
	22	40	77	74	19	82	21	36	18	33	69	13
	56	54	57	22	72	28	83	61	62	51	38	65
	89	75	64	57	30	11	16	89	66	63	100	77
	54	23	87	85	58	57	45	94	11	69	98	73
	65	96	89	100	19	46	74	72	65	41	56	23
	100	49	33	21	36	92	47	94	82	77	58	78
	55	68	73	60	96	95	23	26	85	100	71	13
	51	15	75	67	55	76	61	93	20	44	76	65
	38	73	93	97	42	91	20	90	26	56	57	67
	78	86	57	26	53	53	21	53	99	40	13	34
	22	36	70	91	94	34	58	52	36	18	74	57
	39	75	22	78	93	32	16	50	91	74	49	82
	84	77	13	14	20	12	47	93	65	98	86	11
	85	40	27	65	10	69	86	93	60	17	19	16

	36	70	83	44	22	61	75	99	71	55	54	67
	96	44	79	67	35	43	89	33	16	19	17	71
	54	23	34	14	86	85	23	59	42	90	87	64
	98	19	70	27	18	39	44	91	15	12	43	65
	66	84	32	96	87	15	95	44	31	65	13	55
	34	46	84	12	42	27	41	15	50	14	27	29
	23	40	34	11	52	15	44	90	58	21	33	52
	76	59	75	93	76	77	80	11	91	46	37	78
	48	31	39	70	10	70	32	42	24	26	57	70
	11	45	59	38	73	22	49	94	27	98	63	81
	30	50	46	20	77	72	72	97	75	47	76	84
	87	66	60	84	15	28	62	51	90	43	33	72
	40	92	30	48	53	31	34	81	73	66	12	12
	87	63	73	70	78	53	76	21	43	96	56	36
	99	96	63	36	44	72	77	33	21	94	85	35
	80	43	67	31	30	44	35	87	79	46	51	76
	96	56	22	38	85	50	46	88	34	87	31	36
	97	49	63	43	48	65	48	74	56	54	51	54
	43	29	73	97	30	20	73	32	53	97	35	57
	51	20	78	21	48	25	85	77	63	53	55	50
	75	18	56	69	96	11	55	77	10	73	52	71
	10	45	18	10	36	25	12	78	61	16	22	63
	72	31	71	52	27	20	35	24	39	31	63	87
	18	11	85	98	41	35	43	22	24	86	88	46
	56	87	11	63	18	57	11	35	61	89	64	33
	58	88	15	86	36	94	19	29	77	92	43	32
	25	43	11	56	47	56	73	48	98	26	28	24
	39	22	95	66	77	23	89	77	28	73	84	35
	71	65	54	47	93	52	73	22	41	69	39	45
	84	58	87	15	16	80	72	45	89	56	15	64

	30	36	31	46	95	34	26	55	96	97	74	76
	46	88	20	63	64	73	28	51	72	34	53	80
	79	26	70	51	92	16	71	20	73	92	32	83
	28	63	35	22	74	14	82	24	63	30	97	88
	60	82	59	41	79	46	39	45	10	54	78	56
	67	100	35	63	32	52	93	33	88	95	23	73
	66	51	84	78	72	27	27	84	92	10	48	91
	67	56	57	21	31	31	56	69	13	70	74	91
	22	99	58	50	43	91	19	50	66	95	12	32
	96	95	20	42	16	56	61	55	46	82	83	92
	32	59	28	25	84	19	62	52	12	98	72	63
	97	79	63	24	43	20	29	85	45	39	58	33
	80	31	17	76	62	16	83	98	32	58	85	99
	76	83	94	68	38	71	76	72	34	22	18	49
	95	55	48	40	59	35	14	21	33	65	46	44
	40	94	74	70	27	95	50	48	94	86	34	44
	82	56	32	12	13	83	50	20	83	80	84	60
	68	57	57	70	43	72	57	50	81	44	19	52
	40	14	68	20	82	17	64	14	63	78	99	100
	31	88	37	95	12	41	88	82	97	55	13	31
	28	55	50	74	84	49	19	44	20	80	40	35
	89	82	10	62	26	61	91	23	39	14	87	60
	64	14	73	82	45	56	82	52	80	64	92	37
	88	28	80	50	22	23	82	27	22	50	31	90
	88	22	56	46	82	41	91	67	42	28	83	82
	40	26	64	50	19	93	43	66	25	17	73	65
	61	89	95	90	47	76	72	54	48	22	54	71
	99	95	13	42	77	92	92	89	78	19	33	83
	46	87	25	56	23	31	86	75	76	37	87	22
	27	91	61	40	93	55	54	67	18	29	23	19

