***** PARAMETERS PRP *****

Number of Customers = 30
Number of Products = 10
Number of Vehicles = 5
Number of Periods = 12

B = Production capacity
	49073

b_p = Time required to produce item p
 	1	1	1	1	1	1	1	1	1	1

c_p = Production cost of item p
 	800	800	800	300	300	800	300	300	800	800

s_p = Setup cost of item p
 	800	800	800	300	300	800	300	300	800	800

M = Big number
	196291

U_pi = Maximum inventory upper bound of item p at site i
 	196291	160	163	280	100	191	135	181	132	124	303	253	119	148	107	190	149	96	93	213	232	232	119	243	375	239	233	295	241	159	150
	196291	217	175	230	234	102	281	220	96	145	116	286	172	236	80	170	218	174	109	141	131	200	269	138	260	210	220	227	207	165	182
	196291	112	92	103	182	152	272	309	223	161	95	124	74	225	348	275	311	194	241	178	182	174	245	188	257	206	296	169	130	251	221
	196291	98	184	259	151	266	139	252	139	193	113	203	274	244	100	98	126	331	167	278	117	276	234	103	173	242	303	105	154	255	108
	196291	222	148	210	113	108	105	116	245	286	311	155	104	318	166	278	105	249	163	210	153	188	156	348	100	315	324	316	255	265	240
	196291	198	121	318	238	102	317	120	341	250	169	98	99	319	220	230	272	94	261	174	146	196	204	96	108	198	161	178	357	187	92
	196291	164	107	166	182	283	122	206	126	194	295	187	116	162	269	224	267	162	235	244	243	80	295	257	232	182	117	159	98	298	105
	196291	211	132	268	183	242	215	200	301	253	168	191	131	227	179	86	268	275	135	316	193	178	310	103	230	305	193	185	333	154	278
	196291	244	202	251	117	200	189	194	265	129	112	113	178	115	176	161	206	305	330	123	128	164	144	117	265	184	95	138	309	169	257
	196291	242	248	264	249	155	111	92	338	117	110	261	279	174	198	287	295	85	188	172	250	82	212	182	249	142	162	88	168	179	280

I_pi0 = Initial inventory of item p at site i
 	0	93	108	128	77	93	95	113	63	123	148	75	66	30	48	69	36	85	72	131	231	74	89	229	265	122	154	190	118	87	127
	0	137	142	182	185	34	28	140	61	44	108	197	86	94	50	56	101	98	91	95	72	163	73	36	217	58	39	97	92	120	91
	0	82	90	81	90	90	122	70	183	96	69	98	16	28	58	80	23	140	130	64	40	171	117	173	227	42	153	108	96	104	85
	0	98	101	94	119	86	122	176	55	160	79	99	84	153	98	33	25	100	97	187	38	191	65	63	172	89	158	47	64	17	78
	0	212	111	174	64	39	100	79	113	79	277	68	58	110	42	111	27	232	147	156	121	87	145	39	86	12	201	26	73	147	209
	0	89	91	240	203	48	285	49	113	81	23	52	90	173	30	229	154	70	86	102	82	91	118	66	82	121	114	157	167	143	47
	0	120	64	124	155	100	55	123	115	182	156	20	54	161	51	73	162	141	111	169	190	15	263	223	18	93	87	62	77	140	100
	0	72	58	54	98	166	17	68	287	62	53	149	99	166	87	65	225	145	96	177	106	136	60	95	192	157	155	147	179	71	213
	0	213	120	30	63	177	143	73	242	94	48	58	126	51	91	147	149	234	250	77	97	110	84	83	212	167	54	131	156	51	182
	0	48	245	190	66	145	88	65	317	96	104	41	133	139	54	41	91	46	43	39	196	55	119	91	174	95	133	0	21	42	140

h_pi = Inventory cost of item p at site i
 	8	2	3	6	1	4	2	5	1	8	9	6	9	8	4	6	3	6	1	5	1	4	1	1	6	1	3	9	3	2	5
	8	2	7	4	6	8	5	4	1	8	5	9	9	6	5	3	1	1	5	2	5	8	2	1	6	4	2	2	6	7	5
	8	9	4	4	4	4	1	2	3	4	1	3	4	6	8	8	5	8	8	2	9	9	2	2	3	1	2	1	5	9	5
	3	9	3	4	4	8	5	1	7	2	9	1	6	1	4	6	7	3	3	1	1	2	5	6	1	3	5	9	3	1	2
	3	1	7	7	8	1	7	3	7	6	6	4	5	5	5	6	6	6	2	6	8	9	5	7	8	8	7	5	8	1	8
	8	2	8	9	9	9	1	4	7	4	9	7	6	6	1	7	9	8	7	8	9	9	8	5	6	1	4	2	1	8	7
	3	8	1	2	6	3	1	7	9	2	4	5	5	7	3	1	6	1	6	5	3	4	8	3	9	3	1	3	9	1	8
	3	2	5	6	3	4	4	1	3	7	4	3	5	3	6	1	7	7	1	7	1	9	5	5	5	5	8	8	3	6	5
	8	9	8	4	8	2	2	5	8	3	4	2	8	3	7	1	4	5	8	3	2	8	8	3	5	5	9	2	7	4	9
	8	6	7	5	9	1	2	8	4	8	6	3	2	8	6	8	2	9	8	6	4	5	4	1	7	7	9	1	2	9	3

C = Vehicle capacity
	3750

f = Fixed transportation cost
	27094

a_ik = Transportation cost for traveling from node i to node k
 	0	223	329	336	100	344	369	223	301	363	173	367	371	201	228	315	271	191	220	378	221	172	401	496	377	434	299	484	262	418	502
	223	0	550	178	132	181	590	420	197	581	73	167	158	341	443	536	67	223	349	261	57	58	599	674	160	643	120	699	284	640	724
	329	550	0	632	421	661	104	239	603	48	501	680	699	357	171	80	600	428	373	642	540	496	267	388	699	233	609	236	502	126	177
	336	178	632	0	238	325	693	557	366	652	245	80	242	500	563	638	215	213	512	93	134	187	736	825	133	769	60	816	461	739	808
	100	132	421	238	0	285	468	319	266	451	107	267	288	272	328	413	191	141	287	289	122	76	498	588	279	533	199	584	280	516	596
	344	181	661	325	285	0	676	476	83	699	179	274	113	362	520	628	118	402	360	417	236	228	638	684	230	697	268	762	235	727	824
	369	590	104	693	468	676	0	212	610	135	532	734	729	337	157	56	631	501	350	715	589	540	175	291	746	130	664	137	489	51	155
	223	420	239	557	319	476	212	0	404	286	352	579	542	126	69	175	449	404	139	601	433	380	181	275	580	226	515	287	278	261	366
	301	197	603	366	266	83	610	404	0	644	163	328	188	286	454	564	152	398	282	454	253	228	561	603	292	622	306	688	153	661	761
	363	581	48	652	451	699	135	286	644	0	535	705	733	402	218	124	633	445	420	657	567	526	306	425	726	264	634	256	547	142	160
	173	73	501	245	107	179	532	352	163	535	0	240	199	268	380	479	100	235	277	321	112	70	530	603	230	577	189	635	218	582	671
	367	167	680	80	267	274	734	579	328	705	240	0	176	507	594	679	179	278	516	163	147	200	759	839	56	799	72	851	444	782	857
	371	158	699	242	288	113	729	542	188	733	199	176	0	440	576	677	100	372	442	333	195	215	714	772	125	767	193	827	333	780	870
	201	341	357	500	272	362	337	126	286	402	268	507	440	0	188	299	355	391	22	560	368	314	276	336	497	337	450	403	153	386	492
	228	443	171	563	328	520	157	69	454	218	380	594	576	188	0	113	479	390	204	597	448	397	185	298	601	207	527	257	338	208	308
	315	536	80	638	413	628	56	175	564	124	479	679	677	299	113	0	579	446	314	660	534	486	190	312	691	166	609	188	449	104	197
	271	67	600	215	191	118	631	449	152	633	100	179	100	355	479	579	0	290	360	305	119	122	624	689	151	674	156	733	269	682	771
	191	223	428	213	141	402	501	404	398	445	235	278	372	391	390	446	290	0	409	215	177	174	574	678	314	592	210	631	420	543	602
	220	349	373	512	287	360	350	139	282	420	277	516	442	22	204	314	360	409	0	574	379	326	279	331	504	342	461	410	142	398	505
	378	261	642	93	289	417	715	601	454	657	321	163	333	560	597	660	305	215	574	0	210	256	777	874	219	802	150	844	539	758	816
	221	57	540	134	122	236	589	433	253	567	112	147	195	368	448	534	119	177	379	210	0	55	613	696	160	652	83	704	330	637	716
	172	58	496	187	76	228	540	380	228	526	70	200	215	314	397	486	122	174	326	256	55	0	560	642	206	600	137	653	284	589	671
	401	599	267	736	498	638	175	181	561	306	530	759	714	276	185	190	624	574	279	777	613	560	0	122	759	77	695	147	417	197	298
	496	674	388	825	588	684	291	275	603	425	603	839	772	336	298	312	689	678	331	874	696	642	122	0	832	169	779	218	452	304	392
	377	160	699	133	279	230	746	580	292	726	230	56	125	497	601	691	151	314	504	219	160	206	759	832	0	802	105	857	419	794	874
	434	643	233	769	533	697	130	226	622	264	577	799	767	337	207	166	674	592	342	802	652	600	77	169	802	0	732	71	483	136	227
	299	120	609	60	199	268	664	515	306	634	189	72	193	450	527	609	156	210	461	150	83	137	695	779	105	732	0	783	403	712	786
	484	699	236	816	584	762	137	287	688	256	635	851	827	403	257	188	733	631	410	844	704	653	147	218	857	71	783	0	551	115	178
	262	284	502	461	280	235	489	278	153	547	218	444	333	153	338	449	269	420	142	539	330	284	417	452	419	483	403	551	0	538	643
	418	640	126	739	516	727	51	261	661	142	582	782	780	386	208	104	682	543	398	758	637	589	197	304	794	136	712	115	538	0	109
	502	724	177	808	596	824	155	366	761	160	671	857	870	492	308	197	771	602	505	816	716	671	298	392	874	227	786	178	643	109	0

coordXY = Coordinates (x,y): line zero => x line one => y column => customers
 	302	258	408	403	315	83	322	198	64	451	224	337	163	125	261	329	200	455	104	495	314	291	148	36	283	204	349	244	43	339	421
	597	815	286	917	696	861	229	400	781	267	751	962	940	502	373	284	848	711	502	922	817	768	227	179	973	175	892	117	630	181	110

d_pit = Demand of item p at customer i in period t
 	93	46	31	52	86	78	35	11	99	32	35	40
	35	73	19	22	86	55	41	27	36	91	79	88
	21	56	51	86	76	45	36	84	18	74	63	63
	77	70	26	54	58	12	34	73	60	61	36	40
	53	23	17	38	65	74	45	96	98	90	68	98
	21	45	29	64	96	22	56	93	35	14	17	48
	83	30	77	12	95	82	78	29	40	76	42	78
	63	63	10	61	25	95	78	95	52	83	90	76
	68	55	94	78	68	68	91	55	15	11	95	47
	36	61	51	91	54	75	98	73	27	45	39	76
	75	45	28	98	54	17	97	100	16	90	93	47
	34	32	100	79	88	57	89	71	30	84	21	28
	30	72	79	37	65	54	33	69	24	64	28	36
	48	88	78	17	19	24	78	93	23	54	95	24
	69	24	83	74	87	12	42	95	88	50	43	92
	36	41	40	91	56	67	98	20	31	48	10	58
	15	70	46	86	48	19	67	26	53	25	95	23
	72	22	11	53	92	47	31	60	17	37	44	74
	85	46	98	97	32	31	86	11	47	40	23	42
	36	36	59	100	13	54	48	36	80	88	85	60
	35	39	93	70	78	68	49	73	79	22	60	30
	89	85	20	66	71	90	52	66	16	53	40	66
	88	86	55	32	27	23	40	44	92	15	69	13
	79	88	98	71	51	21	81	87	75	99	77	74
	73	49	31	43	61	24	69	51	99	13	16	45
	66	88	88	90	66	86	13	15	29	36	39	84
	68	65	57	56	85	100	66	76	13	23	18	80
	72	20	26	14	57	62	39	96	40	91	16	45
	23	64	23	26	12	79	39	13	22	16	81	80
	31	39	57	56	70	43	17	56	39	86	91	14

	82	55	76	10	41	36	47	36	53	67	77	70
	57	85	37	60	41	63	40	75	78	54	42	66
	98	84	65	23	44	30	80	59	64	49	35	60
	83	81	21	33	49	52	91	56	18	95	31	93
	34	70	53	70	17	23	74	20	94	24	61	72
	28	50	48	55	68	94	93	11	77	59	38	53
	53	17	70	76	25	17	28	98	62	20	31	32
	10	51	58	50	59	76	72	55	24	27	35	57
	44	17	36	83	88	25	37	29	85	29	25	80
	56	52	13	42	98	30	63	72	99	76	26	70
	58	64	36	39	54	13	84	91	98	39	70	40
	86	88	35	72	77	14	87	38	68	75	35	14
	94	41	26	39	99	34	66	90	41	83	21	74
	50	25	29	85	66	59	27	18	70	13	23	16
	19	21	16	22	64	17	45	38	52	53	12	48
	50	51	10	96	34	93	58	59	63	36	13	92
	98	42	40	19	37	93	71	86	33	51	78	49
	91	100	22	83	41	36	75	27	66	26	39	46
	95	79	86	93	52	82	48	94	11	81	66	61
	72	71	88	44	16	96	61	34	82	92	36	96
	51	37	75	15	22	44	50	64	18	51	17	35
	45	28	36	87	94	99	64	81	83	58	59	74
	36	12	17	32	76	40	62	60	49	44	96	29
	74	97	46	35	41	73	80	72	66	84	97	16
	58	48	12	38	28	41	34	68	16	57	41	62
	18	21	89	75	61	45	66	50	39	92	83	22
	63	34	28	54	69	72	96	92	67	21	40	44
	57	35	48	13	83	87	73	27	25	14	63	95
	93	27	42	17	42	65	70	87	37	82	76	22
	91	78	12	46	90	40	48	58	63	87	66	47

	37	45	76	39	47	61	46	58	77	86	55	42
	36	54	41	31	39	85	57	34	53	35	53	34
	81	36	56	60	49	25	37	75	91	21	65	23
	90	93	26	28	17	16	77	92	43	92	84	69
	80	10	43	19	40	59	81	26	92	41	49	68
	82	40	64	51	36	57	62	82	14	47	23	94
	70	92	94	64	75	32	27	82	34	70	92	10
	67	78	38	34	51	35	17	81	81	37	55	96
	21	75	79	62	69	95	39	28	19	79	25	53
	69	29	46	59	41	64	13	40	40	31	47	88
	98	89	20	53	79	81	26	96	33	92	28	49
	16	87	33	32	25	59	25	24	22	63	32	27
	28	14	51	62	14	84	78	60	48	81	93	61
	58	58	65	47	96	95	15	73	71	94	88	76
	56	24	84	36	69	99	67	90	64	96	74	66
	23	63	88	43	44	64	89	51	79	83	56	64
	59	35	33	13	72	77	75	73	61	25	15	44
	32	98	17	39	19	61	35	51	21	76	94	36
	64	22	78	54	69	21	43	44	27	19	24	69
	14	26	47	62	63	85	94	82	77	57	48	73
	57	20	94	94	30	80	88	17	78	17	50	69
	87	30	89	81	10	74	69	87	75	31	33	68
	25	32	96	20	46	54	87	89	64	90	55	92
	32	98	68	29	51	83	98	52	67	42	60	90
	42	28	49	68	23	19	31	68	78	82	71	59
	64	63	26	85	96	54	70	64	71	12	82	24
	56	52	71	19	36	75	63	80	49	37	55	82
	96	49	26	70	66	96	63	87	98	53	33	44
	39	41	24	22	17	94	38	88	49	34	70	87
	85	33	96	95	18	63	93	16	10	93	29	31

	98	20	20	37	69	18	80	16	96	55	27	50
	67	34	63	63	28	21	58	80	91	61	85	84
	94	85	94	64	60	19	44	77	41	90	13	96
	83	36	37	48	42	64	15	44	15	56	86	78
	36	50	45	65	91	30	27	65	64	68	22	75
	81	41	71	17	28	58	12	31	52	73	49	41
	30	30	16	100	71	82	66	45	94	34	97	91
	55	29	70	40	43	46	18	91	56	32	24	50
	90	70	59	73	61	87	43	84	65	40	74	27
	79	82	65	51	64	57	27	52	28	71	72	27
	99	43	14	94	23	21	45	60	75	28	90	17
	26	58	66	88	53	19	12	61	30	95	71	78
	82	71	83	11	39	94	87	16	76	20	100	53
	98	86	24	10	46	63	58	58	24	45	12	75
	33	88	34	54	41	80	33	83	16	58	49	16
	25	73	60	45	76	21	96	75	65	85	45	87
	66	34	77	32	87	83	98	36	92	55	84	51
	97	74	82	29	32	38	74	22	46	61	84	30
	62	74	51	44	76	50	38	61	99	41	48	24
	26	12	95	83	19	85	42	76	87	90	71	15
	100	11	80	22	79	77	54	54	17	28	46	94
	16	49	93	18	24	63	22	14	93	55	29	85
	63	53	29	21	33	48	28	78	58	97	12	99
	99	16	57	69	47	32	98	17	64	86	70	35
	25	64	60	78	34	54	86	47	11	84	16	22
	80	78	93	11	71	72	11	66	91	31	72	51
	47	60	16	51	17	98	43	55	25	39	97	81
	64	98	10	55	81	41	84	36	56	47	28	16
	17	95	74	15	95	33	43	10	20	75	70	65
	78	78	44	55	30	73	24	17	59	75	43	74

	40	16	80	76	40	85	14	30	79	19	99	89
	78	33	78	21	70	47	76	35	42	32	18	61
	55	68	51	99	33	71	93	27	55	44	14	21
	64	69	20	63	91	73	35	84	24	47	22	87
	39	77	23	79	34	50	58	91	67	36	24	68
	100	62	97	87	35	15	23	67	93	13	17	18
	79	36	61	80	34	28	64	42	82	94	17	78
	21	46	46	29	45	45	11	51	88	81	40	86
	79	53	99	47	38	48	24	76	14	55	65	89
	96	94	87	91	86	29	50	30	46	47	22	69
	55	13	25	91	91	50	89	24	40	30	95	18
	58	47	92	17	40	48	50	94	56	48	44	29
	19	91	73	71	59	70	50	92	87	69	24	57
	42	84	34	69	20	80	39	73	73	96	40	13
	92	19	99	18	56	14	77	16	19	93	92	72
	17	10	95	64	91	27	40	39	31	94	95	28
	70	63	99	74	23	81	24	84	77	52	22	79
	17	91	39	15	70	40	96	55	23	97	19	89
	26	59	47	24	17	44	44	24	97	40	33	49
	57	19	45	35	79	42	90	80	30	45	17	74
	51	36	21	19	31	20	48	43	41	38	37	67
	14	55	63	13	59	49	16	63	23	52	23	39
	39	87	86	78	59	89	76	80	80	25	88	47
	25	61	89	30	29	77	31	20	25	75	85	50
	12	83	44	24	66	99	71	73	15	92	94	84
	23	76	22	80	73	96	83	77	37	84	66	61
	26	94	16	96	91	22	71	38	75	93	84	53
	73	83	76	14	81	21	43	56	83	59	86	89
	40	91	16	62	13	79	88	17	87	33	90	21
	96	50	27	36	73	15	65	65	43	71	17	18

	89	87	84	90	46	64	16	91	49	48	76	50
	57	14	20	92	95	23	91	93	36	99	52	51
	88	82	70	94	28	97	37	25	71	61	99	11
	59	70	74	72	29	33	71	32	74	58	62	81
	48	98	46	14	47	26	41	36	55	86	16	96
	11	82	92	100	41	44	28	58	60	94	84	66
	49	82	62	69	51	28	87	47	86	40	34	87
	98	15	51	83	94	100	70	52	69	55	63	69
	81	92	50	71	62	34	24	55	74	86	28	92
	23	23	91	15	17	46	47	97	56	28	48	16
	52	51	12	86	25	32	83	87	11	46	61	41
	15	75	17	57	20	44	92	74	36	88	23	54
	19	79	75	96	54	83	42	81	66	41	55	74
	19	11	66	50	60	97	78	62	40	34	70	73
	95	82	52	54	68	88	100	18	30	34	19	50
	67	18	69	45	58	48	77	72	22	79	73	24
	36	34	30	26	68	76	18	43	90	36	14	90
	38	48	54	27	45	37	84	46	51	87	94	16
	75	27	37	62	97	88	69	65	50	34	26	65
	28	21	33	99	33	51	56	51	37	67	28	78
	91	30	20	65	13	47	40	40	98	17	54	73
	43	75	65	62	84	44	18	29	73	16	67	35
	66	31	96	68	34	75	56	33	31	14	11	59
	15	67	97	70	63	15	65	48	61	79	11	55
	44	77	19	62	94	59	49	51	64	11	54	10
	47	67	94	80	31	49	50	39	23	42	72	51
	81	38	38	21	86	67	69	27	93	88	77	27
	76	91	93	88	98	14	29	73	83	78	90	44
	49	94	61	14	44	100	20	27	53	40	34	25
	47	56	14	92	24	44	94	46	20	17	18	81

	99	21	61	28	84	13	63	83	79	40	43	40
	18	46	83	93	21	23	14	43	54	92	92	61
	95	29	27	58	75	19	54	51	91	48	84	33
	90	33	32	36	48	54	53	16	91	95	87	94
	100	89	38	54	71	58	14	33	84	86	15	37
	55	84	43	48	88	69	87	24	48	64	52	72
	96	27	36	52	12	95	58	72	67	52	26	25
	62	53	39	97	77	96	88	54	61	90	17	22
	96	57	29	21	23	48	12	92	75	47	39	43
	83	30	43	14	55	75	90	97	65	69	17	69
	20	27	71	87	50	13	67	73	57	35	38	23
	54	42	70	57	54	80	76	77	60	11	42	70
	97	64	77	76	23	51	64	51	13	38	55	38
	51	55	65	10	77	71	17	88	41	60	49	62
	40	33	33	56	55	12	51	74	55	72	27	29
	89	73	99	27	85	53	79	36	41	84	37	99
	54	21	66	84	17	35	99	87	79	19	27	60
	24	87	42	83	20	13	34	91	46	80	24	21
	83	86	12	48	36	83	13	35	42	11	40	97
	77	71	42	22	22	18	84	11	89	63	50	33
	15	18	35	18	15	22	30	97	33	48	95	54
	98	81	84	91	100	50	21	40	57	89	86	89
	33	97	11	82	62	69	17	45	82	15	67	37
	18	89	98	25	77	20	54	58	19	15	32	52
	75	18	97	12	58	30	30	19	37	22	96	51
	87	94	17	42	28	41	18	82	95	78	80	41
	62	18	48	36	96	72	58	46	38	38	73	51
	77	92	25	55	93	70	44	17	30	23	51	12
	96	44	13	57	95	40	59	20	67	41	97	85
	50	50	10	58	16	65	10	85	31	74	95	85

	72	50	82	74	73	49	49	25	40	67	34	18
	16	42	20	14	35	58	87	57	22	16	64	96
	25	29	75	84	71	14	40	61	68	71	24	82
	63	35	73	93	17	87	84	32	20	57	78	94
	76	16	52	22	82	81	86	13	33	13	43	64
	17	40	83	74	34	60	69	14	55	58	87	53
	68	65	22	44	11	40	13	39	57	49	38	33
	99	98	90	77	29	78	92	10	76	53	11	10
	62	32	85	45	70	90	31	11	67	15	51	47
	53	38	83	30	33	81	82	11	100	30	96	34
	34	33	82	16	53	73	45	32	56	20	92	38
	54	45	83	89	54	98	56	92	86	45	64	22
	65	80	21	91	13	58	91	80	40	34	34	74
	23	64	23	95	64	20	45	45	39	42	60	17
	53	12	46	45	24	67	19	39	71	67	59	11
	65	85	21	54	59	32	82	74	40	49	49	32
	84	61	90	15	56	54	85	93	85	31	75	95
	59	23	14	35	42	55	84	45	31	71	69	13
	23	57	97	95	44	71	82	95	76	19	31	69
	75	31	29	97	33	84	12	19	85	31	26	57
	30	12	94	76	41	35	63	98	51	73	51	86
	60	86	84	10	90	84	82	76	49	44	47	32
	65	30	47	90	45	86	70	61	52	24	13	37
	48	77	67	69	41	40	37	21	63	54	19	17
	53	85	19	57	79	94	65	72	85	37	55	30
	31	34	63	27	30	36	74	14	53	57	11	33
	69	78	49	81	43	61	46	49	25	89	66	83
	56	32	91	81	26	91	56	50	43	99	79	95
	12	59	46	16	70	26	66	19	22	34	55	36
	96	96	21	19	36	42	96	93	49	42	12	64

	69	68	76	35	51	98	85	92	62	45	22	30
	33	46	41	32	53	59	84	16	81	34	96	30
	30	54	14	99	83	67	48	89	74	91	22	81
	63	99	56	72	82	48	52	17	76	26	73	35
	68	32	77	29	24	88	83	70	97	83	90	59
	31	63	49	60	27	20	34	87	51	42	30	72
	17	56	79	17	35	42	75	45	48	95	18	56
	98	31	15	98	23	85	39	34	67	14	82	49
	61	33	50	73	71	84	88	62	77	18	64	91
	48	39	16	73	36	32	99	63	75	52	89	48
	14	15	17	12	64	54	49	18	40	69	23	78
	45	81	87	17	89	79	54	25	94	13	46	83
	51	27	93	50	72	19	12	48	12	23	28	26
	91	69	47	19	78	10	67	77	25	72	54	96
	39	20	88	41	14	33	100	70	30	91	94	24
	52	24	73	24	26	45	64	18	37	49	27	56
	82	63	89	18	15	73	50	38	90	82	39	92
	82	100	68	58	57	56	29	86	70	50	81	54
	31	46	88	94	61	93	23	49	38	89	76	49
	97	70	68	12	97	92	12	75	80	40	77	47
	78	32	88	91	92	21	33	13	67	20	47	72
	84	90	36	21	57	31	37	57	36	32	35	58
	26	57	48	77	10	38	70	58	87	87	92	52
	13	53	86	60	96	96	80	56	13	34	36	12
	71	96	65	39	73	45	21	87	54	55	36	92
	19	35	47	32	71	34	64	24	66	10	100	68
	63	37	31	26	84	22	72	41	17	61	56	42
	41	95	20	87	43	70	88	37	74	35	52	99
	51	53	94	13	73	72	17	57	57	28	66	93
	58	75	49	69	25	38	85	34	22	69	21	71

	48	16	44	61	27	87	92	74	78	69	47	84
	75	59	79	32	64	40	51	51	54	88	62	89
	18	93	79	75	44	38	15	63	15	60	72	61
	53	13	83	44	51	65	18	44	81	54	78	13
	85	30	30	34	61	62	42	53	39	70	61	54
	64	24	23	95	57	69	40	35	38	56	84	81
	20	45	88	51	27	35	74	91	13	70	13	23
	97	91	41	88	68	63	45	77	77	62	55	46
	28	68	73	100	67	29	17	69	59	26	98	65
	13	91	46	61	77	53	47	96	36	15	99	24
	41	14	55	78	45	15	95	56	17	86	52	73
	34	99	39	96	65	50	83	53	40	20	27	63
	44	47	48	74	79	81	46	14	69	54	69	69
	54	36	14	46	60	34	46	76	80	68	30	49
	41	42	92	31	25	28	71	71	59	46	97	85
	91	97	34	14	53	51	78	63	24	72	48	83
	46	45	31	74	77	18	17	51	33	46	32	38
	27	16	70	47	77	11	50	70	25	54	25	91
	39	88	76	10	77	98	41	43	16	33	94	73
	17	96	66	17	90	36	79	43	42	59	40	15
	34	21	56	40	20	41	14	37	52	57	78	40
	37	28	54	12	25	85	24	64	80	30	27	43
	69	22	26	58	92	90	67	75	32	92	31	72
	66	13	95	83	54	90	61	79	18	85	15	89
	33	62	96	82	79	35	14	93	94	79	96	86
	63	70	16	78	24	16	46	70	53	22	13	16
	91	22	27	45	51	32	13	24	87	34	77	25
	21	21	14	80	43	53	67	12	24	75	55	39
	42	30	20	80	23	27	83	31	19	41	82	58
	98	42	79	52	70	15	59	17	53	87	54	46

