***** PARAMETERS PRP *****

Number of Customers = 30
Number of Products = 10
Number of Vehicles = 5
Number of Periods = 12

B = Production capacity
	49317

b_p = Time required to produce item p
 	1	1	1	1	1	1	1	1	1	1

c_p = Production cost of item p
 	300	800	800	300	300	800	300	300	800	800

s_p = Setup cost of item p
 	300	800	800	300	300	800	300	300	800	800

M = Big number
	197268

U_pi = Maximum inventory upper bound of item p at site i
 	197268	171	116	112	112	269	262	256	137	181	208	217	403	146	184	243	210	183	186	240	93	286	301	172	117	273	106	106	303	132	213
	197268	164	230	313	302	100	230	95	290	127	229	122	322	111	72	321	187	100	172	245	251	132	91	123	125	208	89	197	217	105	245
	197268	147	170	122	126	192	245	140	213	205	232	195	225	325	275	152	251	163	247	243	248	204	262	216	103	259	87	144	185	98	235
	197268	183	249	188	208	181	120	276	109	130	190	117	210	244	212	255	187	208	158	179	250	189	112	94	268	238	197	306	177	337	323
	197268	93	118	127	229	187	307	260	284	162	150	188	119	111	212	80	141	293	164	254	126	109	105	233	272	125	142	107	195	248	183
	197268	217	201	137	153	97	307	104	281	176	288	147	105	117	130	170	290	157	219	254	184	324	208	85	182	174	129	165	141	256	226
	197268	120	103	121	157	109	181	267	269	304	309	292	271	110	185	179	95	103	96	296	317	116	116	190	263	99	290	184	101	263	230
	197268	176	215	246	198	155	158	247	97	108	280	178	253	256	228	183	129	95	238	159	303	99	215	189	152	150	156	218	335	105	125
	197268	196	235	272	148	153	212	112	277	107	123	174	231	220	361	151	169	266	314	76	155	127	223	224	127	175	130	177	206	111	236
	197268	147	164	196	199	136	350	235	261	267	113	123	171	100	98	225	193	275	121	253	220	309	291	185	110	185	285	117	104	253	194

I_pi0 = Initial inventory of item p at site i
 	0	131	86	63	80	83	169	163	29	162	167	63	298	139	126	95	167	62	165	51	59	86	138	169	94	142	100	89	47	121	126
	0	143	132	287	74	77	189	83	238	95	181	84	188	52	63	192	151	25	50	168	13	64	22	100	58	81	57	132	45	57	208
	0	90	86	95	90	130	232	82	119	204	139	92	157	65	233	139	81	33	175	116	21	37	210	117	100	90	29	93	107	93	182
	0	132	46	161	146	26	41	258	96	79	113	97	155	161	96	45	177	167	140	132	39	183	95	50	68	122	27	197	168	277	243
	0	74	57	111	96	139	73	191	205	111	132	27	89	94	207	24	108	241	96	232	58	58	86	102	219	115	22	86	174	63	77
	0	95	144	43	130	86	134	31	85	133	59	67	54	47	130	81	152	117	43	98	47	124	150	83	75	104	82	109	89	98	60
	0	60	64	97	127	98	132	121	96	117	70	62	80	100	170	130	71	32	21	152	281	65	83	150	92	89	156	71	91	173	66
	0	61	39	118	161	86	90	161	86	77	58	170	191	199	170	183	89	66	130	124	255	89	47	153	47	55	91	188	215	94	101
	0	161	65	185	78	60	116	84	174	30	89	60	147	67	259	135	162	155	97	76	16	72	53	136	57	140	91	175	100	37	77
	0	135	118	145	176	74	167	223	135	95	29	66	103	72	61	166	10	177	106	205	58	195	246	88	100	148	230	109	58	85	76

h_pi = Inventory cost of item p at site i
 	3	3	7	4	2	2	2	9	5	2	5	2	9	9	4	6	5	2	7	2	2	1	1	9	9	6	9	8	5	3	5
	8	4	8	1	9	1	9	3	1	9	2	4	2	4	7	7	9	6	9	3	2	3	8	2	6	7	9	6	2	7	4
	8	4	3	1	4	2	7	5	1	8	9	4	4	5	8	9	8	5	7	1	4	7	1	4	3	9	5	3	7	3	9
	3	3	3	5	3	6	1	2	5	5	4	8	9	2	3	4	7	1	5	3	6	7	3	5	6	8	8	4	6	1	4
	3	8	2	9	5	9	4	4	2	7	5	8	9	4	4	4	8	6	9	7	8	7	7	3	3	2	9	1	6	7	4
	8	4	2	9	9	3	4	7	9	9	9	4	6	8	2	2	6	7	9	1	4	1	7	5	8	4	6	7	5	8	1
	3	4	7	7	5	7	2	4	5	5	5	9	9	3	3	4	3	5	8	3	3	7	7	3	4	5	1	7	9	2	3
	3	7	6	1	5	5	3	9	7	4	9	6	5	8	8	8	7	3	8	5	5	6	7	3	5	1	9	5	2	1	1
	8	6	3	2	7	1	3	7	2	1	5	6	4	4	6	8	6	6	9	9	7	2	5	5	9	5	9	7	4	8	3
	8	4	9	8	3	4	1	3	1	4	8	1	1	1	2	3	1	2	6	9	6	3	7	1	1	5	6	8	3	3	8

C = Vehicle capacity
	4030

f = Fixed transportation cost
	30597

a_ik = Transportation cost for traveling from node i to node k
 	0	328	784	78	650	892	396	406	129	456	134	838	153	486	507	109	440	170	447	435	171	572	529	748	811	847	669	312	271	452	491
	328	0	707	384	653	872	320	543	442	493	397	935	480	466	366	433	398	202	390	559	175	663	443	712	910	796	702	230	190	454	458
	784	707	0	759	199	201	408	481	894	351	701	458	866	299	342	860	347	649	344	455	782	373	270	96	447	101	250	509	563	336	294
	78	384	759	0	611	852	392	349	136	419	68	777	118	461	508	101	423	201	433	379	242	517	516	715	750	815	623	323	291	424	468
	650	653	199	611	0	243	334	296	746	194	547	327	707	188	330	710	255	544	264	267	686	175	232	117	308	214	70	428	479	209	196
	892	872	201	852	243	0	556	525	987	436	788	319	946	420	518	951	483	781	487	494	922	370	430	161	319	103	237	656	709	447	423
	396	320	408	392	334	556	0	298	518	192	350	627	509	147	119	488	79	245	71	298	375	366	139	398	603	488	384	102	156	141	138
	406	543	481	349	296	525	298	0	477	150	282	432	427	233	389	440	253	365	273	32	500	170	328	412	406	509	289	331	356	198	250
	129	442	894	136	746	987	518	477	0	554	199	898	74	595	631	37	555	298	564	508	272	646	647	850	872	950	756	439	398	559	602
	456	493	351	419	194	436	192	150	554	0	357	442	519	85	255	519	124	357	143	134	501	175	182	297	417	397	221	264	308	57	103
	134	397	701	68	547	788	350	282	199	357	0	710	166	404	468	163	372	199	384	312	277	450	466	654	684	753	558	295	272	366	413
	838	935	458	777	327	319	627	432	898	442	710	0	839	485	650	862	550	784	564	405	925	276	552	367	27	394	258	706	748	486	499
	153	480	866	118	707	946	509	427	74	519	166	839	0	569	625	55	536	312	547	458	318	595	629	816	813	916	712	440	407	531	578
	486	466	299	461	188	420	147	233	595	85	404	485	569	0	178	562	68	363	80	218	503	238	98	266	462	363	238	241	292	40	19
	507	366	342	508	330	518	119	389	631	255	468	650	625	178	0	603	136	346	116	382	461	415	98	359	628	434	393	197	247	198	161
	109	433	860	101	710	951	488	440	37	519	163	862	55	562	603	0	523	276	532	471	267	610	615	815	836	915	720	413	374	525	568
	440	398	347	423	255	483	79	253	555	124	372	550	536	68	136	523	0	304	21	247	442	294	95	326	526	419	306	175	227	68	61
	170	202	649	201	544	781	245	365	298	357	199	784	312	363	346	276	304	0	306	387	144	509	383	628	758	723	577	150	102	336	362
	447	390	344	433	264	487	71	273	564	143	384	564	547	80	116	532	21	306	0	267	441	312	83	329	541	420	317	171	224	87	69
	435	559	455	379	267	494	298	32	508	134	312	405	458	218	382	471	247	387	267	0	524	139	315	383	379	480	257	341	371	187	236
	171	175	782	242	686	922	375	500	272	501	277	925	318	503	461	267	442	144	441	524	0	650	514	767	899	860	721	274	220	478	501
	572	663	373	517	175	370	366	170	646	175	450	276	595	238	415	610	294	509	312	139	650	0	326	287	250	374	137	436	475	227	255
	529	443	270	516	232	430	139	328	647	182	466	552	629	98	98	615	95	383	83	315	514	326	0	270	531	354	296	240	294	131	80
	748	712	96	715	117	161	398	412	850	297	654	367	816	266	359	815	326	628	329	383	767	287	270	0	355	100	157	499	552	297	267
	811	910	447	750	308	319	603	406	872	417	684	27	813	462	628	836	526	758	541	379	899	250	531	355	0	389	239	681	722	462	476
	847	796	101	815	214	103	488	509	950	397	753	394	916	363	434	915	419	723	420	480	860	374	354	100	389	0	239	589	643	395	362
	669	702	250	623	70	237	384	289	756	221	558	258	712	238	393	720	306	577	317	257	721	137	296	157	239	239	0	474	522	250	249
	312	230	509	323	428	656	102	331	439	264	295	706	440	241	197	413	175	150	171	341	274	436	240	499	681	589	474	0	54	225	235
	271	190	563	291	479	709	156	356	398	308	272	748	407	292	247	374	227	102	224	371	220	475	294	552	722	643	522	54	0	273	287
	452	454	336	424	209	447	141	198	559	57	366	486	531	40	198	525	68	336	87	187	478	227	131	297	462	395	250	225	273	0	54
	491	458	294	468	196	423	138	250	602	103	413	499	578	19	161	568	61	362	69	236	501	255	80	267	476	362	249	235	287	54	0

coordXY = Coordinates (x,y): line zero => x line one => y column => customers
 	156	483	476	102	295	349	394	110	48	253	103	33	4	337	497	53	362	299	382	120	319	132	434	381	38	426	232	382	372	306	355
	887	878	172	832	253	17	571	484	956	442	765	59	897	436	513	920	499	796	502	454	938	316	438	174	85	85	223	672	725	461	439

d_pit = Demand of item p at customer i in period t
 	50	54	27	90	90	85	89	18	44	11	98	29
	58	28	63	92	17	68	79	49	64	82	15	80
	63	84	18	23	80	60	16	94	96	98	14	26
	43	37	29	72	77	53	85	67	86	25	37	60
	16	67	53	79	42	53	26	86	21	62	67	74
	59	56	54	48	46	94	52	53	79	87	95	62
	12	60	91	76	64	37	29	21	22	97	78	27
	29	25	41	47	18	18	77	79	12	79	50	72
	87	59	16	77	72	52	98	96	17	48	37	65
	46	33	88	53	47	53	75	38	87	13	52	39
	45	18	31	16	72	96	83	82	79	42	68	19
	95	51	88	64	98	47	87	79	96	100	70	91
	56	50	33	13	90	49	60	94	10	49	45	35
	57	69	91	71	50	32	75	86	31	91	16	65
	95	75	92	86	25	93	46	81	74	18	26	19
	23	82	62	71	48	51	48	37	70	24	65	50
	10	52	36	69	27	22	37	69	51	50	53	72
	46	27	92	65	47	41	72	100	39	82	51	80
	51	56	25	10	41	49	80	96	39	22	89	17
	59	60	35	35	68	72	56	68	13	47	26	17
	86	88	97	11	85	84	50	33	30	86	20	17
	11	44	83	67	50	83	83	32	71	71	69	59
	95	18	56	17	30	46	57	64	10	41	18	64
	94	64	66	28	49	68	58	32	84	39	61	58
	20	47	75	85	36	50	25	96	95	55	48	24
	100	46	19	97	87	10	29	99	13	25	77	36
	89	48	11	68	31	76	51	71	68	44	42	38
	47	80	18	57	64	95	68	90	57	44	70	36
	81	40	93	10	40	12	36	53	29	59	22	54
	11	31	84	62	95	15	65	47	67	42	94	26

	57	86	49	48	68	68	61	29	39	25	97	27
	71	61	79	17	95	16	51	99	36	84	60	20
	87	39	77	84	63	74	43	47	72	50	52	62
	74	80	99	40	14	94	16	23	71	78	36	99
	77	88	75	55	19	43	11	58	79	57	10	28
	70	53	43	23	37	60	71	65	59	69	48	92
	83	25	21	21	11	16	42	25	90	95	41	97
	95	43	15	85	44	61	39	43	12	99	76	85
	95	56	42	36	86	87	54	83	29	34	67	91
	20	66	95	50	19	98	18	58	81	93	55	35
	84	44	46	83	82	15	74	92	94	40	56	23
	66	36	86	70	32	60	38	86	95	71	82	51
	52	29	17	55	27	96	73	33	97	53	93	43
	63	12	93	39	11	30	47	12	16	14	54	43
	38	56	98	35	24	33	100	99	84	56	97	51
	75	76	47	38	11	95	25	33	27	15	63	57
	25	37	52	87	62	56	32	73	41	40	80	17
	50	16	77	46	22	73	48	73	69	63	95	54
	36	57	75	30	62	76	95	53	85	53	38	75
	13	73	55	42	41	70	56	57	21	76	52	47
	44	20	88	91	88	92	57	89	42	100	59	19
	22	82	92	25	32	77	21	21	40	94	28	14
	100	65	41	45	11	25	18	21	51	54	48	12
	11	47	90	52	36	91	28	51	21	35	16	22
	17	64	33	56	32	70	20	10	72	18	70	37
	57	34	65	32	59	11	20	52	96	59	28	23
	38	43	51	64	50	71	81	43	41	77	13	18
	45	63	38	70	71	31	35	40	12	88	92	65
	57	69	40	53	45	40	22	19	62	35	100	86
	65	69	74	55	57	16	89	84	59	11	94	62

	58	32	79	87	50	86	83	95	83	78	65	84
	86	36	36	40	34	68	54	91	94	77	47	18
	95	83	67	78	31	53	25	68	88	48	27	67
	23	67	42	86	40	87	55	73	78	74	78	54
	91	39	86	69	16	46	40	41	51	19	22	56
	52	67	55	58	32	41	97	25	10	87	50	15
	82	82	87	90	97	19	13	93	92	83	78	22
	75	44	98	93	33	62	19	23	82	38	30	42
	50	54	100	37	80	31	60	98	30	14	34	26
	41	98	22	10	53	52	52	74	65	27	42	21
	20	45	27	18	68	94	24	69	84	96	22	17
	75	82	87	44	70	31	81	100	75	84	96	75
	65	89	83	65	75	98	65	31	68	46	40	55
	82	20	71	60	19	52	78	83	49	38	56	52
	34	15	90	43	15	38	93	53	51	56	55	64
	81	59	15	24	15	70	43	82	32	54	97	31
	33	73	77	53	95	92	29	18	54	41	74	12
	87	88	83	23	90	64	63	99	11	65	31	38
	98	18	83	47	27	91	51	64	76	76	64	34
	21	17	12	33	70	41	52	88	87	38	93	44
	37	36	43	85	15	51	53	79	64	49	12	87
	42	71	67	30	95	91	86	51	30	83	48	91
	74	43	29	63	93	92	49	32	77	16	33	46
	33	67	55	62	19	56	56	97	58	39	11	62
	90	75	72	58	83	10	65	91	27	62	80	63
	29	64	10	94	27	41	29	95	21	16	43	51
	29	64	54	56	44	40	45	45	24	32	91	53
	80	27	16	34	56	19	13	24	66	53	71	95
	22	47	24	66	17	43	71	68	27	32	81	91
	50	41	40	51	19	57	12	48	80	47	43	77

	58	39	35	87	50	59	100	38	49	58	83	76
	46	39	11	14	89	20	93	36	53	51	94	52
	40	47	74	52	84	49	33	53	31	58	12	30
	35	70	41	28	40	47	73	30	56	79	63	61
	26	34	43	81	98	89	82	34	43	62	48	84
	16	25	93	18	80	72	93	67	27	87	64	77
	89	78	49	42	45	64	30	84	64	66	32	19
	96	82	37	36	64	80	40	16	13	38	63	88
	79	59	10	55	25	77	12	18	43	30	34	76
	43	17	53	95	28	64	21	26	11	51	17	31
	56	41	49	88	87	39	38	39	78	98	21	68
	79	37	39	76	38	60	84	54	17	45	25	76
	73	25	17	46	67	61	80	11	19	12	99	75
	96	63	12	92	99	61	73	11	12	86	16	14
	45	96	23	82	71	52	95	17	91	97	18	77
	74	88	15	94	64	92	26	19	88	83	89	16
	53	45	69	57	65	36	39	24	88	80	11	58
	43	97	41	56	37	83	64	44	40	15	84	27
	49	83	97	85	42	77	81	50	24	26	68	35
	39	66	51	96	20	43	46	39	17	71	87	24
	97	46	40	50	88	85	77	54	44	71	38	66
	81	14	30	46	57	64	57	97	69	66	42	51
	50	33	38	73	52	10	50	83	72	35	51	16
	29	39	97	11	15	50	56	96	72	60	38	80
	36	86	15	54	83	89	75	41	29	58	80	67
	27	78	29	44	47	10	85	70	42	68	24	68
	65	11	92	29	71	65	17	93	53	53	91	94
	79	14	75	82	18	53	25	30	38	32	36	50
	79	69	73	56	27	84	73	45	71	58	78	96
	53	83	18	89	65	56	82	69	83	33	86	58

	74	53	69	69	19	63	18	25	16	55	48	50
	57	86	33	12	61	93	45	62	42	91	28	97
	36	75	14	78	20	98	16	26	49	25	18	53
	96	28	72	49	44	99	70	96	44	18	48	22
	73	66	65	20	72	96	67	55	93	34	31	74
	73	88	25	81	49	85	92	13	72	70	58	31
	96	95	71	55	62	89	84	28	42	69	44	45
	85	82	38	80	76	55	26	38	64	23	45	70
	14	13	58	26	97	77	46	33	84	11	92	98
	52	43	37	22	62	87	70	39	29	74	42	42
	13	14	24	79	35	97	36	51	40	56	84	36
	17	72	55	84	73	44	86	58	12	73	47	91
	45	49	70	59	73	38	98	62	78	23	44	26
	35	32	89	51	92	42	87	53	89	82	100	95
	24	76	17	67	20	36	27	55	32	70	22	32
	28	80	52	36	25	30	73	25	26	63	99	25
	99	42	100	13	13	30	70	82	95	53	72	35
	14	56	26	23	76	13	18	34	58	31	58	85
	94	78	60	81	76	62	89	21	80	71	23	27
	58	99	83	34	71	23	84	66	44	56	62	73
	58	45	73	50	56	52	89	44	42	39	31	74
	36	30	20	96	96	79	35	15	43	42	52	88
	75	27	55	72	94	42	87	46	62	56	49	33
	38	83	98	40	88	93	35	64	53	76	75	74
	63	52	29	89	59	38	83	88	37	86	76	51
	22	44	49	78	60	93	52	62	18	43	24	24
	86	66	34	82	21	52	56	48	25	48	68	55
	39	46	89	71	92	48	89	20	54	82	69	79
	63	83	41	89	83	45	90	43	60	40	75	31
	47	30	76	93	92	77	48	16	71	78	55	50

	95	74	29	64	50	63	22	42	24	47	87	55
	45	99	43	76	55	89	44	61	36	71	92	91
	43	88	18	14	14	51	48	10	63	72	78	48
	46	62	22	17	40	49	31	38	12	15	38	90
	86	47	62	66	26	24	12	32	34	77	69	44
	34	100	86	92	97	58	46	68	10	86	46	14
	31	91	55	53	81	48	12	96	32	91	17	14
	85	65	84	64	58	28	63	13	89	25	10	91
	55	78	30	28	72	35	20	20	73	19	27	71
	59	39	72	71	83	14	94	28	62	89	55	25
	67	65	26	71	62	13	27	54	61	74	17	49
	54	56	24	42	32	95	25	38	98	11	96	60
	47	35	79	42	71	22	54	80	28	77	96	69
	92	38	87	87	46	36	51	89	16	96	65	75
	35	46	89	31	10	79	77	52	24	26	28	14
	11	69	72	32	81	99	61	30	36	86	21	97
	27	90	60	34	12	32	53	100	59	39	69	54
	43	10	35	40	26	99	64	82	11	83	76	89
	98	70	78	15	32	53	48	96	56	61	68	88
	47	82	75	99	82	51	50	55	52	74	47	23
	69	55	12	100	85	36	73	41	75	77	66	89
	86	15	49	78	93	63	65	99	61	73	53	97
	83	71	72	43	55	25	30	34	11	17	49	17
	75	63	92	73	89	70	30	58	55	77	36	10
	90	14	88	79	21	84	59	44	55	61	51	51
	82	85	76	88	56	17	24	90	80	82	19	77
	16	61	32	26	88	62	98	21	90	91	44	29
	38	24	27	77	50	23	87	36	51	57	18	75
	98	40	69	47	80	54	81	60	76	66	24	74
	25	35	16	76	87	19	13	54	57	53	15	92

	60	90	76	66	24	87	77	30	83	14	47	66
	47	17	87	39	54	71	44	62	63	35	64	36
	75	22	31	50	17	25	56	50	12	12	54	80
	35	92	23	63	32	89	28	73	68	28	51	46
	68	30	87	68	15	15	38	94	46	67	77	47
	37	41	15	39	55	14	39	36	36	27	48	47
	90	31	58	45	50	59	25	70	18	50	88	57
	29	67	14	67	88	50	77	31	78	30	20	94
	65	52	62	73	39	77	57	47	50	91	44	73
	70	80	34	14	40	72	100	99	68	52	49	63
	62	77	31	60	89	77	13	27	63	86	46	70
	14	66	58	45	79	84	20	81	31	83	52	38
	85	15	49	73	43	46	86	84	17	59	60	42
	71	48	38	13	34	17	70	42	76	61	24	61
	17	33	80	24	58	36	71	31	62	41	57	27
	59	12	61	17	93	45	34	75	87	51	19	19
	32	91	21	99	73	93	64	12	57	12	55	10
	21	38	32	83	92	24	56	19	55	30	32	96
	81	37	34	92	14	20	99	69	44	67	80	74
	83	82	65	51	92	24	31	97	66	51	30	89
	65	39	64	65	90	96	59	36	88	11	15	68
	44	39	93	84	50	33	63	74	47	57	80	30
	77	73	73	95	90	98	13	94	29	59	28	29
	32	40	20	79	55	47	45	62	38	59	57	98
	20	69	39	57	46	39	18	61	50	84	70	40
	49	41	41	25	60	32	53	71	72	92	76	83
	18	32	21	25	63	92	60	53	22	21	76	70
	64	27	78	23	90	17	38	46	19	92	29	84
	69	81	23	31	90	30	83	75	29	18	31	70
	66	59	69	61	81	24	98	53	42	25	34	77

	29	19	13	96	99	98	46	76	78	84	50	17
	39	65	10	15	11	59	33	46	98	28	45	66
	66	52	30	29	44	69	72	38	76	41	43	31
	63	98	13	24	69	93	51	20	76	32	25	30
	86	72	81	41	28	23	49	59	39	32	64	44
	90	27	31	32	37	27	29	20	33	12	52	83
	35	57	69	89	90	52	61	49	22	84	46	87
	86	31	18	54	10	72	41	44	94	36	16	82
	77	38	37	52	83	61	48	33	55	14	67	82
	58	38	36	77	62	43	70	78	78	35	17	79
	63	81	26	36	11	72	43	97	71	31	92	90
	57	50	39	45	32	34	23	72	66	37	95	56
	52	23	60	64	68	74	50	18	60	36	97	13
	94	76	68	42	54	22	85	57	32	21	95	38
	79	12	47	45	86	57	61	99	42	77	99	28
	89	46	93	97	87	15	69	71	92	17	35	61
	66	10	63	37	86	24	37	44	34	15	67	86
	37	93	86	26	95	41	72	50	53	77	38	47
	23	56	45	14	96	63	42	63	16	90	90	37
	87	94	74	55	74	24	77	31	56	86	56	13
	28	61	35	36	53	22	37	90	28	49	93	63
	47	60	73	66	23	60	41	51	47	70	30	77
	88	65	54	56	69	87	16	79	82	76	67	17
	47	50	53	56	67	99	35	50	89	16	27	18
	55	35	52	46	48	69	31	22	73	80	69	20
	12	79	72	57	71	39	48	16	23	99	54	54
	88	100	69	82	37	76	42	84	43	91	85	73
	98	78	39	73	88	15	66	92	80	97	48	31
	11	72	11	29	93	63	66	78	36	49	62	58
	37	64	23	67	21	32	63	30	11	18	47	86

	64	97	23	49	93	95	65	79	35	98	55	29
	65	96	58	13	76	31	35	98	82	39	97	14
	97	65	23	82	31	19	19	85	79	63	44	46
	58	20	65	38	72	44	21	79	38	36	29	92
	26	34	44	19	91	62	15	36	11	71	26	25
	40	76	42	74	27	26	23	41	31	87	71	98
	84	60	79	25	19	26	32	40	72	70	82	83
	96	78	12	63	56	59	80	16	36	98	36	34
	30	17	53	72	94	82	26	72	53	43	88	11
	19	70	41	38	64	35	89	61	94	92	65	67
	45	15	98	78	27	57	41	49	61	89	44	90
	84	50	13	39	89	84	53	37	79	67	15	84
	11	56	83	29	12	90	83	39	98	49	50	60
	100	88	71	83	43	81	88	97	63	88	44	20
	98	37	66	73	49	50	78	14	51	36	33	19
	57	81	24	85	13	15	51	84	86	49	76	54
	58	35	35	27	89	85	56	27	25	96	88	17
	19	78	94	78	86	43	37	48	91	66	33	81
	13	63	18	23	45	24	23	23	37	99	74	16
	16	19	18	63	21	57	27	36	54	71	67	17
	72	83	61	83	26	32	68	87	69	36	75	69
	53	24	85	36	15	89	90	62	31	93	57	33
	96	27	13	28	40	20	35	42	59	83	67	28
	57	58	84	47	59	60	75	81	19	79	48	94
	48	66	26	66	42	92	74	58	65	83	71	10
	91	44	63	48	71	70	71	92	20	86	60	65
	40	88	47	21	57	77	84	39	64	30	83	79
	86	14	96	73	54	50	84	77	85	16	89	98
	18	19	46	98	33	66	51	66	92	77	38	64
	77	83	20	14	91	97	52	30	30	100	21	92

	39	96	46	17	21	23	57	38	66	75	24	84
	73	45	80	21	93	23	63	90	22	37	70	39
	64	56	14	11	24	70	20	38	42	13	76	43
	55	44	77	32	56	86	43	11	39	89	52	14
	58	16	79	15	42	33	58	65	12	38	68	59
	67	100	57	46	72	48	83	89	90	89	60	39
	99	52	26	46	89	54	57	66	49	40	72	55
	60	63	12	47	84	32	94	33	56	11	62	73
	95	37	90	47	30	97	15	31	38	62	42	56
	29	96	52	65	22	71	79	19	78	64	67	37
	66	60	61	62	25	22	42	61	21	16	43	12
	60	43	91	58	90	72	49	15	58	35	31	82
	51	21	46	66	60	75	22	35	82	92	16	33
	61	75	24	46	81	32	86	19	31	51	16	63
	83	59	24	86	16	89	28	79	36	58	75	43
	10	53	95	42	58	92	80	74	48	90	32	98
	48	76	53	66	61	10	85	76	54	26	15	89
	91	15	54	89	63	49	60	21	83	81	78	40
	28	67	27	83	73	57	78	17	15	30	61	72
	58	92	12	77	67	29	49	70	19	68	58	62
	73	20	67	35	77	44	47	88	91	61	49	90
	45	66	89	46	25	94	45	41	87	47	57	56
	49	39	53	87	12	94	92	85	81	97	17	34
	39	61	12	84	36	82	18	88	47	87	37	68
	87	61	38	62	36	48	12	100	13	13	68	17
	99	90	41	94	72	14	15	30	71	32	42	83
	71	38	28	85	93	37	91	95	23	55	20	66
	27	21	10	49	30	80	44	11	18	56	16	54
	85	93	86	88	83	20	47	13	37	77	59	71
	76	62	69	49	75	34	59	57	34	86	98	76

