***** PARAMETERS PRP *****

Number of Customers = 30
Number of Products = 10
Number of Vehicles = 5
Number of Periods = 12

B = Production capacity
	49968

b_p = Time required to produce item p
 	1	1	1	1	1	1	1	1	1	1

c_p = Production cost of item p
 	800	300	800	300	300	800	300	300	800	800

s_p = Setup cost of item p
 	800	300	800	300	300	800	300	300	800	800

M = Big number
	199870

U_pi = Maximum inventory upper bound of item p at site i
 	199870	198	181	331	89	285	222	298	259	189	219	186	262	94	271	107	169	210	84	266	214	229	289	255	149	183	201	211	204	112	100
	199870	115	312	148	223	119	111	335	240	116	144	204	118	286	149	127	113	186	191	96	226	267	231	252	132	108	192	232	228	126	99
	199870	120	194	118	121	131	192	341	239	229	114	84	169	112	220	200	100	195	83	183	252	181	261	267	288	259	234	189	89	237	193
	199870	125	116	249	136	105	243	120	319	124	192	225	125	210	156	230	140	158	205	94	133	110	230	235	217	148	90	119	210	147	300
	199870	104	176	91	173	106	315	211	121	234	193	232	158	218	95	306	187	113	168	107	270	134	103	238	188	326	149	258	133	307	168
	199870	225	289	240	280	263	140	312	324	232	85	212	261	134	109	223	192	155	299	313	227	149	188	106	164	203	188	321	305	257	155
	199870	223	257	96	103	196	189	85	123	171	245	308	190	144	272	286	156	172	142	335	125	170	106	140	170	104	288	313	88	188	192
	199870	184	174	231	339	166	189	232	313	182	135	225	126	92	280	214	162	87	204	210	103	290	198	293	150	117	163	146	161	111	271
	199870	104	170	130	163	294	110	185	103	337	292	171	101	161	185	109	309	113	97	101	226	294	295	146	176	106	261	199	241	104	192
	199870	145	245	280	265	235	143	170	117	245	117	197	118	159	135	137	253	103	177	115	266	207	284	135	146	122	159	121	295	108	296

I_pi0 = Initial inventory of item p at site i
 	0	59	93	146	58	59	54	198	232	177	146	158	211	30	231	93	137	128	80	34	43	52	82	79	63	168	20	136	197	59	81
	0	39	158	119	63	99	101	302	78	90	98	195	117	229	91	31	107	92	68	32	106	97	120	186	64	26	128	215	205	59	97
	0	59	80	84	74	116	77	295	47	208	97	51	97	67	141	171	72	40	50	74	44	86	145	74	206	242	189	122	80	96	49
	0	33	55	174	106	99	215	116	95	46	36	159	123	115	26	74	78	86	145	77	74	38	125	178	62	23	47	78	177	44	175
	0	77	147	53	87	74	100	100	80	178	150	225	136	106	16	168	71	70	150	64	135	74	25	20	105	145	103	237	130	164	119
	0	178	175	236	87	101	65	43	49	165	54	81	226	47	86	182	145	99	74	94	151	57	172	42	125	70	40	190	148	156	137
	0	150	132	82	60	104	163	75	90	102	200	177	77	73	217	249	71	18	137	316	77	98	99	135	125	82	145	92	70	91	189
	0	128	143	172	99	95	152	94	145	29	62	185	92	57	228	120	101	73	200	167	82	210	166	168	95	98	88	131	119	27	256
	0	97	132	104	111	197	18	101	99	73	252	56	86	138	117	88	238	46	57	20	212	212	73	70	67	75	142	84	224	94	119
	0	31	156	122	232	98	71	112	80	69	53	156	44	139	64	115	249	63	86	101	71	106	77	135	53	63	84	120	234	57	198

h_pi = Inventory cost of item p at site i
 	8	7	9	2	7	3	3	8	3	7	5	9	4	1	2	3	3	5	7	4	2	4	7	4	3	1	5	4	6	6	4
	3	5	3	3	1	1	2	8	5	6	3	1	6	2	6	7	5	5	3	9	4	9	5	4	6	1	1	3	3	3	7
	8	7	1	9	7	6	1	4	2	2	3	9	6	3	2	6	2	7	3	2	6	2	6	2	7	6	6	4	3	1	7
	3	9	8	7	5	7	3	5	8	6	2	2	2	6	6	3	7	8	2	8	3	1	6	9	6	2	4	3	2	7	6
	3	2	6	9	6	4	3	8	8	2	4	4	8	1	3	9	2	3	8	6	1	8	2	3	9	1	1	9	8	9	1
	8	5	5	9	2	3	1	2	3	3	6	5	9	3	7	7	9	9	7	6	7	8	3	9	5	1	6	9	6	9	8
	3	3	6	2	3	3	7	4	4	6	7	5	1	9	3	7	5	5	5	4	4	1	9	3	4	8	3	2	8	8	8
	3	4	9	4	6	5	8	5	3	8	6	9	6	5	3	5	6	5	9	8	1	4	8	9	4	1	5	8	2	8	1
	8	8	8	5	6	2	3	4	4	5	4	2	8	2	9	4	1	1	9	2	5	3	5	7	3	6	5	1	2	1	2
	8	7	1	4	3	2	1	1	8	2	6	5	2	2	7	9	3	8	7	5	9	9	8	7	2	3	2	4	4	7	3

C = Vehicle capacity
	3410

f = Fixed transportation cost
	30163

a_ik = Transportation cost for traveling from node i to node k
 	0	538	188	486	209	165	230	224	349	316	432	363	397	230	277	459	160	230	177	326	195	464	425	517	429	366	196	199	397	329	346
	538	0	485	90	537	681	314	359	215	843	230	431	354	695	756	890	631	312	701	224	732	126	405	406	112	681	348	491	437	770	374
	188	485	0	463	375	233	250	128	358	469	311	183	235	416	460	644	164	201	345	263	317	455	249	344	375	545	233	350	215	515	182
	486	90	463	0	460	638	256	336	142	780	263	444	377	623	684	811	596	271	640	202	680	37	432	451	106	597	290	414	456	694	384
	209	537	375	460	0	347	250	349	322	356	521	525	532	173	232	355	364	298	238	382	323	428	574	656	449	178	226	48	557	234	490
	165	681	233	638	347	0	386	332	507	254	537	407	467	281	298	481	75	370	171	459	96	620	476	571	569	467	353	351	437	369	414
	230	314	250	256	250	386	0	149	122	530	273	327	307	388	448	600	352	66	388	133	424	235	357	426	210	421	35	205	354	473	277
	224	359	128	336	349	332	149	0	238	537	211	184	185	441	494	668	275	86	400	137	400	329	226	309	248	526	145	311	214	537	143
	349	215	358	142	322	507	122	238	0	638	267	391	345	482	543	676	472	157	499	139	542	117	402	449	137	471	154	276	412	556	333
	316	843	469	780	356	254	530	537	638	0	747	650	700	189	147	268	328	542	143	640	159	754	717	812	738	369	496	389	681	207	647
	432	230	311	263	521	537	273	211	267	747	0	207	125	640	697	862	473	225	609	143	610	280	176	190	161	693	296	476	208	732	155
	363	431	183	444	525	407	327	184	391	650	207	0	86	592	639	822	333	262	527	256	496	451	70	165	340	702	328	491	34	691	61
	397	354	235	377	532	467	307	185	345	700	125	86	0	622	673	851	396	244	569	207	550	388	57	124	272	710	317	493	83	719	54
	230	695	416	623	173	281	388	441	482	189	640	592	622	0	62	230	332	419	116	514	214	593	652	743	597	199	357	213	625	100	573
	277	756	460	684	232	298	448	494	543	147	697	639	673	62	0	188	358	477	129	572	217	654	701	793	658	223	416	274	672	74	623
	459	890	644	811	355	481	600	668	676	268	862	822	851	230	188	0	544	639	314	730	393	777	882	973	803	235	571	402	855	132	802
	160	631	164	596	364	75	352	275	472	328	473	333	396	332	358	544	0	325	231	408	170	581	402	497	519	504	323	358	363	426	343
	230	312	201	271	298	370	66	86	157	542	225	262	244	419	477	639	325	0	401	98	422	258	293	365	201	473	75	255	289	509	212
	177	701	345	640	238	171	388	400	499	143	609	527	569	116	129	314	231	401	0	498	99	614	592	686	596	312	354	264	559	199	517
	326	224	263	202	382	459	133	137	139	640	143	256	207	514	572	730	408	98	498	0	517	201	263	314	112	552	159	337	275	601	197
	195	732	317	680	323	96	424	400	542	159	610	496	550	214	217	393	170	422	99	517	0	658	564	659	622	410	390	339	527	289	497
	464	126	455	37	428	620	235	329	117	754	280	451	388	593	654	777	581	258	614	201	658	0	444	469	120	562	269	383	465	662	391
	425	405	249	432	574	476	357	226	402	717	176	70	57	652	701	882	402	293	592	263	564	444	0	96	327	751	365	536	46	751	84
	517	406	344	451	656	571	426	309	449	812	190	165	124	743	793	973	497	365	686	314	659	469	96	0	350	833	439	616	136	841	171
	429	112	375	106	449	569	210	248	137	738	161	340	272	597	658	803	519	201	596	112	622	120	327	350	0	605	244	402	351	678	280
	366	681	545	597	178	467	421	526	471	369	693	702	710	199	223	235	504	473	312	552	410	562	751	833	605	0	400	219	734	171	668
	196	348	233	290	226	353	35	145	154	496	296	328	317	357	416	571	323	75	354	159	390	269	365	439	244	400	0	182	357	443	282
	199	491	350	414	48	351	205	311	276	389	476	491	493	213	274	402	358	255	264	337	339	383	536	616	402	219	182	0	522	280	453
	397	437	215	456	557	437	354	214	412	681	208	34	83	625	672	855	363	289	559	275	527	465	46	136	351	734	357	522	0	724	80
	329	770	515	694	234	369	473	537	556	207	732	691	719	100	74	132	426	509	199	601	289	662	751	841	678	171	443	280	724	0	670
	346	374	182	384	490	414	277	143	333	647	155	61	54	573	623	802	343	212	517	197	497	391	84	171	280	668	282	453	80	670	0

coordXY = Coordinates (x,y): line zero => x line one => y column => customers
 	185	453	81	484	383	37	330	189	425	125	226	43	108	283	264	369	26	274	172	297	75	493	53	49	379	481	313	383	29	331	103
	462	928	618	844	396	390	640	685	715	152	892	796	851	255	197	42	464	673	286	768	302	809	865	960	844	248	610	443	826	168	798

d_pit = Demand of item p at customer i in period t
 	59	50	23	51	18	68	36	24	57	87	27	93
	67	26	91	43	18	27	42	59	57	23	68	23
	86	60	77	38	80	90	99	20	79	94	39	32
	58	33	68	83	86	11	17	45	29	12	25	66
	59	81	20	71	56	33	59	99	52	30	89	34
	54	66	61	18	10	50	27	28	79	68	18	54
	93	30	75	50	84	52	82	47	28	83	20	70
	96	59	10	67	55	47	94	33	31	55	47	27
	18	74	19	66	67	84	21	42	27	39	55	54
	21	37	25	63	97	27	95	98	54	50	45	44
	68	21	69	69	92	100	54	41	61	11	94	64
	92	67	52	82	11	64	71	56	99	27	87	77
	30	68	12	29	17	26	46	97	100	94	25	21
	75	41	33	82	63	53	13	48	50	58	67	68
	93	88	69	34	93	26	62	31	50	63	23	11
	81	21	35	49	94	76	77	44	27	61	26	85
	23	64	41	25	56	49	72	68	27	84	47	74
	80	46	34	56	11	32	33	36	74	38	30	31
	34	69	99	33	50	92	55	74	54	97	84	56
	43	95	43	37	55	64	32	68	68	17	51	69
	32	20	51	81	33	32	14	67	64	37	21	98
	82	46	30	83	90	39	14	87	24	77	39	82
	15	64	71	65	98	80	93	31	81	56	39	71
	63	97	25	39	10	26	60	75	57	79	41	24
	55	86	27	72	100	37	78	38	79	66	77	16
	20	91	55	44	24	60	46	66	44	40	77	37
	89	47	82	41	89	54	42	12	66	66	22	24
	42	78	24	53	82	23	48	82	86	45	36	12
	59	35	99	99	79	64	24	14	18	77	54	52
	50	31	10	95	22	52	88	92	66	24	49	23

	39	94	42	64	47	77	96	62	94	11	28	33
	66	27	65	82	44	70	77	78	68	47	36	89
	29	90	24	33	10	84	22	48	60	86	82	22
	63	33	43	70	46	14	26	86	10	77	27	40
	99	95	80	50	55	15	73	68	30	49	49	49
	64	17	20	90	98	98	89	23	27	56	56	30
	73	58	71	100	90	54	93	71	59	38	76	22
	78	97	73	67	99	22	98	32	79	21	31	22
	90	93	12	85	73	18	58	84	17	64	85	14
	27	71	38	44	26	45	77	82	20	12	57	75
	29	39	34	93	77	33	57	53	21	46	69	60
	26	63	28	31	41	79	26	90	92	54	95	83
	96	95	38	21	80	87	19	57	25	68	72	29
	54	37	45	99	22	16	33	72	50	88	53	28
	31	66	91	71	76	13	53	82	54	38	89	98
	37	70	43	75	70	38	48	73	79	30	34	78
	25	67	50	84	54	55	43	64	94	70	49	87
	68	69	83	61	85	21	71	36	60	42	75	92
	32	69	60	50	62	22	43	43	86	22	61	24
	26	60	20	70	95	52	25	39	99	56	55	81
	65	32	82	97	17	89	81	46	65	86	60	82
	71	49	80	73	91	62	40	28	20	61	53	64
	21	16	57	92	71	41	51	100	46	12	62	35
	64	91	50	53	43	98	87	59	52	29	75	89
	26	78	82	64	86	78	52	47	13	70	29	24
	70	58	90	32	46	73	21	41	85	64	100	87
	95	36	84	29	22	98	27	61	95	37	67	45
	33	59	20	93	57	49	78	30	71	47	54	94
	36	23	31	95	58	84	76	41	83	72	87	68
	97	59	70	52	39	13	56	41	36	37	67	24

	59	75	35	25	28	85	85	98	42	83	46	58
	80	50	69	80	90	60	82	96	95	29	33	13
	21	63	87	71	81	37	83	84	28	49	59	42
	74	94	21	25	95	92	31	58	55	97	53	31
	39	77	67	55	71	30	97	60	86	26	84	92
	77	99	64	30	19	71	29	34	26	28	15	84
	100	96	99	90	38	45	89	54	42	86	41	38
	47	48	34	41	92	74	55	19	68	52	10	34
	96	68	44	45	78	82	16	68	14	42	50	84
	57	40	97	69	61	72	18	70	49	24	91	34
	28	23	44	24	27	29	29	80	42	81	41	53
	80	17	76	85	34	53	99	91	50	46	16	27
	41	26	62	95	74	53	95	55	82	12	15	64
	28	18	95	20	87	28	70	14	11	47	50	59
	92	79	94	36	95	80	75	12	56	32	78	72
	72	63	21	57	13	41	31	46	79	63	17	94
	40	30	47	16	20	30	46	47	95	36	23	39
	30	20	90	16	44	25	74	13	46	54	41	44
	74	66	90	26	74	36	59	35	58	48	73	93
	44	39	74	57	91	42	86	33	86	67	53	85
	86	14	80	29	89	92	61	28	68	32	80	64
	28	67	50	92	92	69	51	72	72	47	90	52
	15	59	76	40	17	54	19	51	92	64	100	53
	74	53	79	93	48	12	20	15	74	91	44	87
	71	57	54	60	82	92	56	81	82	89	38	14
	47	44	14	84	42	29	77	24	91	26	43	40
	45	14	63	57	27	49	22	29	25	98	74	63
	80	12	26	61	34	37	54	72	40	48	58	13
	73	23	68	13	12	99	71	36	96	80	57	83
	49	25	54	35	44	30	76	71	77	11	69	38

	33	42	46	23	45	34	30	19	45	19	72	90
	55	87	80	30	16	43	46	89	83	37	47	80
	83	91	62	76	87	78	40	20	39	26	55	91
	54	52	95	92	33	97	71	49	34	83	61	96
	99	29	56	62	25	42	43	56	61	47	75	33
	58	62	95	99	28	71	95	42	49	16	73	42
	29	87	90	41	65	50	15	66	40	85	98	54
	95	44	96	21	65	69	47	96	97	32	48	55
	46	100	20	43	74	52	94	85	28	44	92	66
	36	61	93	98	35	96	94	23	73	50	83	25
	48	85	26	80	83	41	24	75	26	33	57	98
	60	63	99	95	47	24	88	29	88	23	43	89
	20	83	12	48	70	44	72	54	77	68	61	20
	26	77	45	32	61	50	87	59	31	26	89	42
	74	61	80	85	39	49	19	14	12	76	17	26
	78	79	89	73	77	71	32	36	90	54	91	70
	86	74	41	93	59	51	36	18	43	83	31	18
	92	53	74	17	12	11	19	27	69	25	78	15
	33	16	28	34	94	79	98	24	23	78	39	17
	74	97	83	93	94	24	37	82	38	77	29	72
	38	94	54	38	38	68	76	56	47	41	41	67
	30	35	60	42	39	59	21	88	38	74	50	15
	60	51	67	65	91	12	84	32	75	24	56	88
	62	51	41	12	50	65	29	83	57	78	69	55
	23	37	19	12	71	52	40	20	40	94	96	87
	47	70	17	50	56	34	97	40	20	18	66	23
	78	97	17	61	78	77	21	83	65	74	11	53
	43	52	82	33	16	27	66	67	81	97	16	49
	44	68	30	33	60	52	73	83	33	18	25	70
	48	73	54	21	69	40	67	91	96	28	57	75

	25	52	64	25	37	88	16	97	73	54	46	44
	98	49	74	50	95	27	27	94	44	36	29	79
	10	43	58	53	23	61	21	49	92	28	62	45
	87	87	40	97	15	29	82	16	56	59	93	30
	74	19	25	45	78	88	17	71	36	62	28	95
	100	33	85	98	86	80	44	84	70	25	19	31
	100	99	72	100	35	98	16	73	49	76	45	82
	34	46	89	82	54	55	47	89	55	35	59	83
	55	56	67	67	14	27	98	55	17	62	30	13
	63	87	97	61	38	71	80	41	68	45	47	73
	56	91	78	30	43	95	12	70	42	99	67	12
	60	25	51	70	17	51	71	46	38	70	52	80
	44	21	41	67	44	35	61	51	24	58	60	18
	16	90	48	34	11	59	59	81	43	20	75	34
	58	18	92	19	63	14	53	84	48	98	97	90
	71	95	87	82	22	100	89	80	20	53	12	35
	70	11	80	30	84	97	77	36	54	61	15	60
	74	76	46	39	98	35	54	51	78	56	11	52
	64	15	94	18	68	46	32	52	82	82	68	22
	40	14	58	23	60	47	57	61	40	87	75	85
	74	88	94	55	35	47	98	86	69	10	67	83
	25	61	89	27	22	22	33	36	54	76	79	93
	20	67	29	46	86	43	92	91	95	31	14	99
	15	71	19	86	40	49	51	61	68	27	63	13
	84	61	71	94	43	43	59	91	86	22	96	32
	19	84	57	47	57	71	18	93	19	57	57	15
	72	26	57	82	78	23	68	83	92	78	44	71
	28	50	52	37	57	30	31	91	34	41	60	21
	89	75	85	82	83	19	89	18	27	55	95	20
	53	66	97	73	12	55	81	63	26	14	96	36

	100	54	24	67	13	90	20	57	38	79	91	42
	52	60	33	30	45	61	45	76	85	96	36	75
	40	98	38	60	64	54	82	31	50	88	73	41
	13	74	32	86	69	93	30	55	97	44	41	37
	77	24	96	42	97	79	78	50	78	39	44	86
	28	37	98	29	94	97	21	12	56	20	17	50
	13	30	87	63	80	93	91	84	84	66	34	24
	49	35	63	89	44	39	92	99	77	41	71	79
	21	70	74	43	29	49	29	38	93	11	12	88
	28	26	49	42	70	18	79	18	77	11	21	73
	27	54	99	88	95	35	70	92	40	96	76	74
	64	36	34	92	58	58	41	26	87	88	17	26
	47	92	43	48	23	59	15	72	10	39	72	16
	55	31	84	42	77	99	71	28	30	15	88	35
	43	92	47	99	45	78	89	19	28	44	31	55
	70	75	92	50	72	83	36	52	54	73	92	17
	99	51	72	23	48	65	70	35	11	29	58	60
	51	23	22	68	37	74	93	82	50	98	84	35
	63	31	69	18	98	79	73	100	85	20	38	78
	32	40	79	30	32	91	82	51	96	76	23	48
	57	29	73	31	30	95	57	48	32	22	92	30
	85	54	33	14	33	71	49	12	63	40	40	69
	42	50	40	33	60	66	20	76	83	77	21	69
	25	38	62	57	41	69	36	74	90	65	52	45
	70	88	55	87	70	94	51	51	74	34	82	56
	40	70	40	53	25	51	93	68	93	97	91	32
	91	99	44	67	35	52	91	95	50	77	12	58
	65	47	36	20	64	82	32	100	86	98	67	35
	80	76	12	61	89	43	51	37	75	28	46	18
	11	24	82	20	72	38	29	41	50	12	46	39

	36	98	16	26	39	78	15	85	47	46	97	87
	75	18	39	62	19	30	10	38	90	98	55	83
	30	39	13	52	33	27	48	80	40	84	39	91
	21	39	82	64	13	24	48	58	33	80	92	66
	80	24	15	14	61	22	87	76	90	43	45	30
	60	12	91	36	27	42	31	49	57	51	46	64
	75	41	20	10	48	27	49	36	23	76	85	19
	90	63	25	83	12	33	58	43	11	13	48	13
	13	77	12	65	69	90	22	68	79	86	83	19
	63	65	72	77	69	22	51	30	63	38	25	13
	31	56	90	87	40	24	99	26	83	72	86	44
	77	26	79	66	20	38	79	41	18	48	14	65
	62	11	55	30	14	72	40	43	49	35	91	72
	52	98	67	70	62	17	25	52	66	71	48	25
	94	68	31	56	15	12	72	47	92	76	91	33
	48	23	56	18	17	44	42	20	97	28	40	35
	18	91	29	45	47	93	84	62	62	69	42	47
	48	89	20	35	64	92	23	54	15	26	68	34
	70	67	80	99	75	47	13	100	62	42	82	68
	57	20	71	88	71	18	31	90	31	93	88	92
	98	25	68	91	13	48	90	55	58	53	25	55
	84	15	24	56	91	33	40	31	94	95	46	28
	56	79	33	26	28	28	62	75	52	28	44	47
	13	22	90	93	87	76	97	13	80	73	17	17
	82	72	21	40	62	71	11	58	74	16	75	44
	52	68	25	38	59	98	83	29	52	90	43	53
	92	81	35	42	92	54	21	62	56	94	86	36
	25	45	44	48	18	69	70	33	71	36	42	25
	91	38	17	43	84	51	91	48	63	84	40	100
	99	90	66	85	62	57	46	87	20	64	63	30

	80	48	94	36	34	61	48	62	96	65	39	71
	33	99	11	15	22	53	28	96	32	74	35	23
	95	77	88	68	80	98	68	52	70	73	59	96
	99	96	26	86	55	93	46	78	52	53	51	79
	28	67	77	62	48	38	85	25	31	30	85	89
	98	54	51	50	98	72	35	34	75	83	31	76
	69	25	79	46	81	48	82	30	18	56	87	75
	35	19	91	95	46	81	93	39	72	67	94	19
	29	29	56	59	57	57	54	21	21	71	67	26
	62	75	28	96	33	11	92	27	33	33	20	30
	51	76	58	57	10	12	56	30	32	70	36	52
	92	87	91	12	60	98	41	33	80	90	55	16
	19	38	55	41	39	81	52	11	69	16	91	40
	48	26	79	75	75	27	75	40	46	59	50	71
	39	81	19	59	81	52	57	31	94	69	42	18
	32	69	97	50	75	36	42	60	38	60	45	42
	73	23	55	69	37	29	42	16	50	38	79	10
	63	72	65	97	35	51	66	96	92	45	56	79
	53	26	88	96	64	93	42	58	61	88	83	88
	82	49	72	65	78	75	19	35	18	48	54	22
	46	69	34	61	17	73	96	78	72	11	85	54
	82	84	44	56	20	58	43	49	26	20	99	13
	47	99	22	55	75	44	32	73	99	35	88	34
	31	64	61	28	15	94	15	80	31	47	58	74
	98	51	81	17	48	20	43	68	60	87	81	50
	38	50	76	75	34	34	53	16	81	57	60	79
	67	64	19	83	56	58	36	46	32	54	26	42
	100	19	68	77	34	18	86	84	25	51	14	68
	27	61	94	79	57	90	14	14	40	17	77	94
	32	100	65	59	44	78	96	47	89	71	97	36

	79	18	16	93	51	18	44	77	98	53	34	44
	28	85	19	88	84	99	81	17	14	21	48	95
	38	66	95	16	88	77	52	90	90	61	61	48
	83	12	16	93	90	28	52	82	56	24	25	91
	55	90	21	31	80	60	38	65	87	87	78	13
	18	17	36	96	77	64	57	59	25	43	93	74
	28	73	44	76	34	64	69	48	94	96	93	22
	99	38	48	46	41	21	39	56	88	33	84	24
	73	92	15	39	90	45	76	57	56	82	99	84
	79	40	86	47	40	86	33	36	72	18	72	91
	56	74	80	94	73	75	33	20	60	44	41	34
	20	42	24	23	32	50	86	15	58	71	96	89
	52	86	84	27	36	83	29	60	67	48	56	14
	60	26	31	43	12	84	19	28	42	80	73	56
	43	45	81	52	24	21	63	47	69	37	98	76
	89	49	100	12	92	89	61	23	52	26	92	56
	46	99	25	40	44	84	18	73	51	95	94	11
	57	55	37	11	23	28	13	13	69	99	88	87
	20	88	24	66	35	11	30	72	56	87	50	66
	35	97	80	25	96	18	85	79	28	62	52	20
	72	21	80	39	76	91	67	39	51	23	63	83
	73	82	37	33	97	22	14	46	89	96	83	35
	70	84	12	34	22	73	50	97	39	43	31	28
	12	55	61	61	79	40	34	94	67	90	36	76
	59	16	70	24	35	95	85	18	55	73	70	34
	58	84	92	27	55	42	74	20	59	90	13	12
	84	24	20	49	69	48	39	11	93	47	38	74
	79	97	48	34	57	77	60	60	16	79	57	58
	44	33	17	16	89	95	52	96	14	92	19	59
	87	32	80	78	68	74	20	56	92	61	71	49

	31	49	39	28	35	71	76	12	46	90	38	65
	90	66	60	48	41	22	22	98	91	98	76	22
	34	88	58	34	88	78	97	66	99	18	91	90
	30	78	96	28	22	91	29	16	75	58	67	45
	35	63	20	18	32	47	80	79	89	85	78	78
	17	28	13	13	89	54	31	69	50	35	94	80
	39	18	55	96	14	75	48	16	48	52	34	14
	80	23	96	88	75	75	42	96	14	63	36	15
	69	65	35	74	19	87	41	44	34	23	16	82
	53	77	92	61	13	86	81	48	58	43	15	77
	32	99	25	46	52	45	44	58	13	81	24	73
	44	85	72	67	37	52	54	13	45	94	64	83
	93	46	67	100	82	16	15	50	27	11	52	77
	64	75	97	29	29	14	70	13	27	21	45	56
	74	41	86	31	86	98	88	65	63	43	68	78
	41	38	94	76	21	86	42	66	90	58	87	61
	63	64	10	61	19	24	28	88	79	41	73	68
	86	75	75	17	66	74	85	26	12	94	65	34
	20	30	51	80	77	17	30	79	85	84	73	62
	50	21	81	34	14	96	46	85	80	29	71	32
	38	68	15	82	58	42	30	13	68	88	76	44
	77	56	30	94	19	26	87	82	80	49	66	16
	14	54	67	73	29	99	98	97	61	37	80	99
	53	74	66	17	91	98	78	65	93	91	82	69
	63	72	63	98	63	58	22	72	95	30	23	73
	84	68	12	99	14	72	28	98	69	27	20	44
	20	100	99	60	46	41	75	75	32	49	80	47
	20	82	99	33	76	80	83	39	68	69	13	47
	57	93	65	22	63	74	49	20	41	69	57	35
	34	47	93	24	84	47	11	93	64	88	85	40

