***** PARAMETERS PRP *****

Number of Customers = 30
Number of Products = 10
Number of Vehicles = 5
Number of Periods = 12

B = Production capacity
	49605

b_p = Time required to produce item p
 	1	1	1	1	1	1	1	1	1	1

c_p = Production cost of item p
 	800	800	300	800	300	800	800	800	300	300

s_p = Setup cost of item p
 	800	800	300	800	300	800	800	800	300	300

M = Big number
	198419

U_pi = Maximum inventory upper bound of item p at site i
 	198419	115	196	265	96	281	181	295	294	178	101	100	110	139	161	284	190	242	183	204	166	219	291	251	178	112	295	185	146	283	99
	198419	99	234	105	250	122	194	272	303	117	185	184	111	240	118	98	111	200	125	317	337	208	127	128	282	112	153	213	164	253	213
	198419	98	260	91	163	279	167	97	251	311	88	109	259	123	250	284	174	205	121	124	248	271	197	218	288	157	227	233	239	205	379
	198419	236	119	150	79	268	269	257	210	105	205	218	155	207	330	218	118	164	231	273	163	108	229	108	123	166	298	244	295	286	109
	198419	247	291	266	117	125	98	120	99	213	271	126	344	187	140	268	108	90	148	231	112	208	209	105	198	285	244	168	96	218	207
	198419	128	218	128	119	143	292	313	126	118	163	157	299	246	235	295	155	93	250	132	138	225	145	112	191	255	250	223	338	183	275
	198419	96	334	204	290	116	224	189	95	270	271	104	259	190	281	129	137	95	189	119	222	139	176	316	218	232	174	103	167	313	171
	198419	211	142	329	201	128	178	222	187	250	166	232	269	165	183	310	135	117	135	140	349	91	171	102	140	216	302	108	198	201	243
	198419	112	242	139	146	240	290	286	180	182	213	118	216	244	136	134	144	189	119	104	86	232	260	160	276	222	295	124	186	102	116
	198419	107	164	98	170	119	187	123	268	165	238	309	186	200	225	111	137	189	161	116	179	118	169	194	270	108	179	93	108	160	255

I_pi0 = Initial inventory of item p at site i
 	0	99	168	234	32	201	67	78	43	27	67	26	30	18	53	16	127	140	73	118	60	213	231	45	97	48	78	164	60	36	49
	0	44	55	73	122	63	124	96	220	72	34	159	58	115	84	96	15	127	91	119	299	135	115	90	162	89	116	85	99	165	14
	0	88	250	51	94	135	32	22	96	253	12	89	109	81	167	175	38	180	85	99	175	72	169	49	147	156	54	66	77	111	175
	0	216	80	91	29	123	256	181	120	78	100	149	141	136	141	72	56	155	215	96	93	84	35	41	82	87	98	237	250	153	101
	0	82	134	133	92	119	35	120	67	136	199	91	160	102	92	220	92	50	71	124	85	94	121	58	79	282	68	103	57	50	193
	0	75	204	97	72	118	172	247	58	72	93	136	71	154	158	31	46	34	156	77	135	216	105	81	98	188	213	180	66	153	173
	0	84	41	105	229	101	19	81	94	33	127	90	109	123	128	73	90	53	40	83	205	99	170	155	87	195	99	97	148	188	130
	0	82	11	54	65	78	22	210	141	227	136	27	132	75	103	31	15	111	95	126	42	85	61	48	107	125	50	55	140	39	154
	0	86	208	80	131	89	206	33	140	23	160	86	85	117	104	90	94	181	22	63	85	145	127	27	29	103	42	21	186	15	83
	0	79	152	72	115	68	130	116	202	89	163	153	181	102	29	44	82	81	130	41	143	94	110	130	118	91	151	89	83	43	99

h_pi = Inventory cost of item p at site i
 	8	5	6	7	4	5	5	1	5	9	7	3	5	2	1	2	1	7	1	2	5	9	4	7	4	9	4	6	4	7	7
	8	5	2	8	2	7	2	3	5	9	8	7	5	5	7	4	6	5	3	6	5	8	8	2	6	6	1	1	4	3	1
	3	7	2	7	4	5	5	9	3	7	7	2	3	5	9	2	6	6	9	3	2	4	1	3	5	9	1	6	6	7	9
	8	6	2	5	5	3	3	9	6	1	2	7	7	3	5	9	4	7	9	1	8	9	8	3	8	1	4	1	2	3	8
	3	1	9	6	5	9	4	1	4	1	8	5	3	3	9	9	1	4	4	1	9	7	7	3	3	4	5	9	8	4	9
	8	6	8	3	6	8	9	7	5	7	7	7	1	6	2	5	2	4	8	7	7	9	1	5	4	1	3	1	8	7	1
	8	8	9	8	9	1	9	3	3	5	2	8	6	7	2	9	9	7	6	3	5	9	6	7	1	9	8	7	5	1	7
	8	7	6	2	9	2	6	4	3	7	3	3	8	1	8	9	4	6	4	7	7	1	4	4	9	9	6	1	4	5	6
	3	3	1	6	9	9	8	6	3	5	5	8	3	3	6	4	9	2	7	4	1	6	9	6	7	7	9	3	1	9	9
	3	7	5	7	6	7	7	4	3	1	9	6	3	5	8	5	1	2	7	5	1	4	9	7	3	9	8	2	3	5	1

C = Vehicle capacity
	3790

f = Fixed transportation cost
	28923

a_ik = Transportation cost for traveling from node i to node k
 	0	301	316	514	606	715	607	330	264	373	242	238	330	132	241	399	422	343	247	326	303	509	127	237	258	401	602	284	102	265	654
	301	0	200	645	747	669	587	435	432	91	106	473	74	307	358	531	346	411	84	259	42	599	246	66	320	512	716	223	291	329	746
	316	200	0	470	571	475	389	272	302	176	118	378	143	394	482	366	149	235	250	63	160	413	341	200	462	340	532	395	243	472	556
	514	645	470	0	102	395	301	211	251	645	540	304	607	645	754	119	387	237	657	411	613	89	630	612	769	133	92	766	426	777	152
	606	747	571	102	0	431	355	313	345	746	641	385	708	737	845	219	480	338	758	510	714	169	725	713	862	235	70	864	522	871	121
	715	669	475	395	431	0	114	416	506	616	591	604	602	830	932	414	326	383	725	426	628	315	789	674	923	383	362	868	614	933	323
	607	587	389	301	355	114	0	302	393	545	501	491	524	725	829	304	243	271	636	334	547	215	686	585	823	272	288	776	506	833	266
	330	435	272	211	313	416	302	0	92	442	330	193	402	459	567	97	233	50	446	217	404	183	434	401	575	80	289	560	232	584	332
	264	432	302	251	345	506	393	92	0	457	328	103	413	395	504	136	303	133	426	260	407	251	380	387	519	144	339	521	178	527	391
	373	91	176	645	746	616	545	442	457	0	140	514	46	394	448	538	305	409	175	238	72	589	334	148	410	514	707	309	342	419	731
	242	106	118	540	641	591	501	330	328	140	0	377	94	292	371	426	265	307	136	168	80	496	235	85	347	407	611	278	203	357	644
	238	473	378	304	385	604	491	193	103	514	377	0	468	363	467	208	401	235	448	346	455	328	363	418	492	228	395	518	186	499	454
	330	74	143	607	708	602	524	402	413	46	94	468	0	360	422	498	282	371	152	205	37	554	299	115	388	475	672	295	297	397	698
	132	307	394	645	737	830	725	459	395	394	292	363	360	0	110	530	522	468	229	420	325	639	61	246	131	532	734	192	227	137	785
	241	358	482	754	845	932	829	567	504	448	371	467	422	110	0	639	618	575	274	515	385	748	144	308	57	641	842	173	336	56	894
	399	531	366	119	219	414	304	97	136	538	426	208	498	530	639	0	308	133	539	310	501	121	512	495	652	38	205	647	308	660	256
	422	346	149	387	480	326	243	233	303	305	265	401	282	522	618	308	0	184	399	103	305	312	474	348	603	273	429	543	329	613	440
	343	411	235	237	338	383	271	50	133	409	307	235	371	468	575	133	184	0	431	177	378	190	437	383	578	105	305	553	242	587	340
	247	84	250	657	758	725	636	446	426	175	136	448	152	229	274	539	399	431	0	303	115	621	169	52	237	526	734	147	263	246	770
	326	259	63	411	510	426	334	217	260	238	168	346	205	420	515	310	103	177	303	0	220	351	372	252	501	282	470	444	239	511	494
	303	42	160	613	714	628	547	404	407	72	80	455	37	325	385	501	305	378	115	220	0	564	264	79	351	480	681	260	278	360	710
	509	599	413	89	169	315	215	183	251	589	496	328	554	639	748	121	312	190	621	351	564	0	616	573	757	109	120	740	414	766	151
	127	246	341	630	725	789	686	434	380	334	235	363	299	61	144	512	474	437	169	372	264	616	0	186	142	510	716	160	204	151	764
	237	66	200	612	713	674	585	401	387	148	85	418	115	246	308	495	348	383	52	252	79	573	186	0	276	480	687	196	234	286	722
	258	320	462	769	862	923	823	575	519	410	347	492	388	131	57	652	603	578	237	501	351	757	142	276	0	651	856	119	344	10	904
	401	512	340	133	235	383	272	80	144	514	407	228	475	532	641	38	273	105	526	282	480	109	510	480	651	0	210	639	307	659	254
	602	716	532	92	70	362	288	289	339	707	611	395	672	734	842	205	429	305	734	470	681	120	716	687	856	210	0	848	512	864	65
	284	223	395	766	864	868	776	560	521	309	278	518	295	192	173	647	543	553	147	444	260	740	160	196	119	639	848	0	345	125	890
	102	291	243	426	522	614	506	232	178	342	203	186	297	227	336	308	329	242	263	239	278	414	204	234	344	307	512	345	0	353	560
	265	329	472	777	871	933	833	584	527	419	357	499	397	137	56	660	613	587	246	511	360	766	151	286	10	659	864	125	353	0	913
	654	746	556	152	121	323	266	332	391	731	644	454	698	785	894	256	440	340	770	494	710	151	764	722	904	254	65	890	560	913	0

coordXY = Coordinates (x,y): line zero => x line one => y column => customers
 	383	84	113	430	484	55	132	331	398	11	147	487	55	374	375	394	99	282	151	142	81	342	318	149	319	357	415	204	345	323	377
	713	746	549	202	116	78	161	388	450	692	661	500	679	844	953	315	401	386	796	494	705	206	821	745	962	313	112	933	619	971	60

d_pit = Demand of item p at customer i in period t
 	99	19	92	69	63	14	10	45	75	94	11	99
	20	51	56	41	38	10	43	77	68	78	21	84
	72	70	92	78	73	77	68	46	86	17	21	96
	15	17	46	49	47	75	46	41	92	28	27	94
	39	64	84	14	64	61	20	50	91	30	58	99
	11	25	31	92	30	30	51	11	28	53	34	39
	78	11	99	49	54	30	62	48	43	76	88	69
	43	59	43	87	43	73	41	13	84	61	89	70
	27	86	43	18	88	51	69	75	83	96	54	23
	67	37	68	81	12	73	61	61	11	68	43	23
	26	77	65	33	86	36	49	99	12	49	28	42
	30	81	53	18	72	90	49	17	33	89	83	45
	18	43	38	11	42	53	65	55	19	52	98	62
	20	33	65	38	51	35	38	52	17	80	32	23
	16	69	64	97	18	75	98	31	40	40	57	77
	17	86	24	46	70	42	59	54	35	46	68	22
	20	22	53	45	51	47	27	71	95	29	78	42
	62	11	98	63	68	39	77	54	84	55	29	93
	63	55	30	39	22	25	42	26	27	41	61	58
	60	82	56	56	68	47	63	54	18	55	26	77
	38	83	92	72	82	38	23	48	45	18	37	80
	49	54	41	87	52	12	50	16	76	83	100	78
	21	24	97	55	34	15	39	23	65	97	86	47
	48	49	66	49	36	13	39	77	94	86	60	95
	48	66	18	62	97	16	83	41	47	68	43	82
	78	41	70	69	65	76	15	69	40	96	14	74
	42	99	23	40	68	66	93	58	78	75	15	84
	44	16	58	79	49	14	66	77	21	91	45	23
	36	36	80	80	66	69	32	74	88	61	36	22
	49	78	53	31	14	100	17	94	24	66	54	16

	11	33	86	58	97	34	25	38	85	67	30	30
	39	16	49	24	98	77	59	78	80	62	57	64
	73	56	98	71	63	61	37	20	18	12	72	47
	47	61	14	77	27	58	21	56	21	79	44	94
	63	66	80	68	85	93	24	86	28	33	87	20
	57	67	74	19	37	35	80	12	75	30	64	33
	96	67	58	50	43	97	81	31	54	41	16	18
	75	57	11	77	56	90	50	47	87	71	67	38
	72	72	52	21	31	91	36	46	45	90	83	63
	34	33	17	92	76	40	10	57	14	61	33	88
	79	80	82	96	54	15	50	18	77	59	77	50
	58	83	14	43	79	23	92	99	46	73	34	24
	38	77	37	14	76	67	85	10	35	35	28	74
	42	42	61	23	69	81	55	93	91	25	29	96
	96	20	96	25	49	22	22	36	99	23	68	31
	15	78	98	86	71	30	34	82	87	36	36	11
	84	43	98	11	93	92	64	99	30	51	95	38
	21	70	73	11	54	56	78	23	91	83	95	95
	46	73	46	43	44	87	79	86	67	85	53	51
	48	77	90	84	41	29	85	81	53	62	90	69
	88	47	78	66	41	19	12	93	43	20	48	68
	31	84	48	43	50	22	41	19	73	38	34	25
	90	50	83	83	42	34	52	94	20	54	78	85
	52	34	76	86	96	45	55	43	74	41	47	27
	89	79	23	20	86	78	36	24	84	19	79	54
	19	67	30	75	18	21	71	16	40	43	48	10
	25	60	33	36	50	93	56	35	40	12	27	45
	53	46	96	71	40	27	25	98	58	62	46	33
	70	51	44	75	41	33	91	81	22	53	29	18
	14	62	21	75	74	68	28	27	69	80	24	97

	88	28	11	10	32	86	46	54	14	57	94	68
	76	25	55	94	77	89	46	52	92	34	64	75
	51	65	36	16	12	84	34	40	57	71	20	60
	10	11	73	71	54	79	37	69	48	69	41	91
	69	66	39	53	46	60	86	88	86	34	28	14
	32	48	98	40	61	27	69	89	59	90	12	43
	22	77	20	36	99	64	79	66	51	32	15	18
	20	61	15	67	49	63	76	97	70	20	53	11
	34	48	99	72	56	96	83	46	26	14	80	92
	12	70	21	48	23	73	71	22	58	25	83	20
	89	85	54	31	33	15	82	56	11	63	64	69
	74	35	90	45	29	58	84	93	69	89	81	29
	81	45	94	36	92	38	45	16	92	41	84	71
	76	41	50	90	63	19	48	20	63	50	44	36
	95	80	55	43	39	53	41	94	58	49	17	58
	38	87	41	22	67	66	16	74	13	47	30	22
	78	48	42	12	95	97	95	37	99	84	64	68
	85	15	23	33	78	28	21	70	13	41	34	43
	99	72	100	80	94	86	51	59	20	34	18	31
	94	81	22	12	18	14	58	66	72	91	13	54
	57	15	23	26	24	35	89	98	63	66	58	96
	100	36	33	36	22	94	14	95	38	16	25	81
	49	50	76	87	62	66	39	84	37	48	11	44
	49	58	40	40	69	51	76	94	77	80	29	27
	57	99	76	45	88	35	80	37	41	18	26	26
	26	12	16	76	92	99	33	73	46	98	80	29
	38	28	99	20	16	24	30	81	79	25	32	88
	27	50	52	59	24	81	35	51	33	26	62	73
	75	36	29	41	75	52	25	41	21	28	52	17
	88	87	70	75	97	53	13	93	69	81	91	92

	40	17	94	65	88	87	19	22	17	51	50	17
	80	98	37	19	83	76	90	28	14	87	73	30
	91	68	94	85	69	47	65	58	88	47	90	95
	11	18	92	59	13	29	47	45	60	16	25	59
	38	85	50	61	64	96	97	98	45	77	52	42
	13	52	93	98	94	69	40	70	37	14	50	15
	38	25	39	79	76	56	52	72	99	40	13	27
	17	31	46	26	85	17	42	69	90	44	21	15
	78	77	77	68	22	24	92	12	50	42	41	44
	15	34	51	98	27	34	73	41	31	82	43	85
	13	39	36	61	56	46	94	13	76	71	95	53
	89	52	97	100	36	98	96	87	91	67	99	15
	10	47	46	33	99	82	16	43	38	95	97	16
	64	52	25	94	88	74	53	80	55	34	76	96
	72	47	68	47	28	71	83	79	32	21	92	14
	56	66	20	45	80	84	45	96	82	30	70	31
	43	85	27	73	35	92	13	71	49	58	81	28
	53	91	23	48	76	47	19	87	76	46	47	81
	96	26	40	90	46	34	54	73	59	48	14	74
	93	11	91	55	53	25	83	93	32	28	56	33
	84	38	41	32	96	80	39	17	62	72	29	60
	35	83	42	57	98	35	35	69	85	75	42	31
	41	93	61	68	65	11	77	34	23	47	34	92
	82	86	100	91	69	88	13	26	30	44	37	74
	87	79	70	13	67	48	40	39	90	26	13	92
	22	76	40	24	64	77	74	58	42	50	99	90
	87	78	72	30	39	94	70	74	66	40	24	57
	98	54	98	41	28	42	27	19	89	51	98	62
	70	83	95	98	65	63	25	77	99	83	57	44
	78	23	28	38	93	25	72	79	64	58	23	72

	82	50	25	12	88	82	44	74	92	98	22	73
	20	34	80	54	93	11	17	80	78	93	63	75
	69	24	40	49	66	69	20	51	22	80	71	78
	64	28	40	93	72	99	12	45	92	44	91	21
	63	35	21	53	84	34	15	11	47	22	60	53
	13	22	65	73	31	15	66	79	96	30	12	88
	32	88	98	92	71	10	100	43	42	24	95	25
	31	36	42	72	21	38	88	73	60	29	16	85
	72	64	14	30	37	39	59	69	90	95	22	47
	27	90	82	78	63	66	88	26	79	54	94	67
	91	99	68	54	71	39	17	44	85	88	32	67
	84	76	81	49	62	29	87	84	95	27	52	100
	51	38	13	68	71	45	42	24	29	57	29	93
	92	40	27	83	28	33	30	70	22	70	50	15
	68	94	58	46	20	50	92	51	13	91	48	13
	92	32	11	50	34	55	29	99	41	33	86	88
	31	19	34	34	24	73	38	26	84	49	50	79
	71	83	52	13	64	72	24	88	68	22	11	25
	66	33	25	24	52	15	72	91	28	94	94	100
	29	56	89	52	54	28	15	97	89	62	73	29
	31	63	99	68	94	36	49	42	21	58	38	26
	28	78	15	63	51	15	24	66	44	77	24	17
	29	29	49	93	88	91	64	46	69	28	21	20
	79	62	73	56	99	50	77	18	25	89	69	94
	84	30	69	99	19	30	70	53	53	58	99	20
	68	80	92	50	33	30	30	76	33	45	36	13
	30	73	70	55	34	97	69	44	41	78	62	20
	13	44	83	45	76	23	48	49	28	35	77	55
	50	22	70	46	22	65	71	83	35	16	19	24
	50	56	87	35	29	77	50	54	25	91	48	18

	64	11	97	47	96	17	54	17	30	13	21	46
	53	98	53	19	88	15	64	73	78	13	33	66
	97	63	34	78	25	73	59	88	53	48	85	62
	49	23	92	42	14	84	37	69	74	64	95	72
	28	90	50	75	69	51	75	95	95	82	94	55
	99	15	58	85	27	64	93	24	23	79	56	77
	85	65	97	28	82	80	64	33	35	74	92	15
	58	75	14	54	100	97	94	43	78	13	39	89
	20	52	82	94	81	78	25	77	39	38	33	89
	78	15	28	97	65	14	93	35	55	70	27	76
	47	17	26	46	82	30	13	96	40	84	94	54
	71	100	13	95	70	62	26	41	44	55	92	49
	14	55	85	56	52	20	75	11	22	100	29	71
	20	63	75	62	32	62	20	58	44	19	62	46
	31	96	46	35	28	36	75	78	94	75	59	54
	46	32	70	51	30	34	62	19	88	71	56	61
	34	49	27	66	68	53	15	25	70	31	34	86
	78	52	26	99	57	67	89	82	90	32	44	33
	57	20	55	58	39	17	85	16	88	66	15	12
	64	56	15	21	33	22	18	51	15	14	33	71
	59	86	19	52	94	19	91	12	68	74	79	22
	90	15	12	81	83	16	87	92	22	19	48	15
	54	27	73	71	36	35	65	85	28	45	82	70
	98	79	46	57	22	77	92	99	60	52	22	59
	73	69	46	80	62	42	38	96	88	91	24	57
	87	29	97	98	27	71	11	86	30	57	92	65
	98	21	61	90	48	99	99	94	75	89	99	17
	66	67	70	64	97	17	86	90	58	53	82	62
	25	75	53	96	24	63	44	49	29	10	26	56
	64	57	52	50	69	64	33	23	56	74	75	42

	84	63	75	37	12	46	37	71	43	58	37	10
	41	97	88	88	98	22	87	74	35	85	20	67
	24	29	52	41	46	40	99	32	50	24	88	86
	67	28	59	75	53	93	80	84	55	61	15	26
	66	35	60	22	23	58	89	69	31	91	96	55
	19	95	35	37	71	60	28	50	37	70	92	79
	81	45	52	22	76	62	100	11	32	15	52	18
	94	31	34	11	14	34	86	61	95	68	23	18
	33	98	64	37	80	85	84	81	62	41	60	85
	24	19	23	61	38	94	72	64	36	96	61	62
	90	24	12	54	99	51	52	57	23	76	21	65
	23	23	63	42	77	61	46	55	65	96	58	12
	69	54	20	82	93	87	50	84	55	76	40	49
	46	82	40	99	18	17	56	63	59	69	71	54
	73	95	52	28	77	87	40	34	71	96	62	56
	90	17	78	43	56	83	15	21	23	35	25	63
	53	45	16	67	22	72	19	81	55	44	36	57
	40	76	61	81	78	97	37	17	34	100	64	69
	32	51	67	62	91	61	18	80	46	62	61	84
	41	57	22	85	33	12	94	86	79	45	20	92
	99	65	52	55	97	66	67	14	77	82	65	96
	31	78	61	20	95	73	65	67	43	60	27	84
	76	79	55	94	89	37	98	31	23	69	30	77
	87	35	65	12	99	20	89	79	11	81	33	43
	83	90	22	95	86	55	16	45	35	90	13	67
	99	82	77	37	83	19	75	45	22	54	30	72
	51	26	20	33	17	29	20	87	22	52	26	29
	91	13	44	84	93	13	58	99	28	45	43	58
	92	96	69	46	90	32	23	60	86	84	58	16
	25	23	82	95	59	41	93	99	40	58	26	41

	82	49	45	54	91	45	21	54	44	30	80	39
	11	41	40	59	21	83	82	23	14	61	39	95
	54	74	96	65	20	22	97	86	78	44	90	63
	65	80	91	31	15	29	90	59	32	19	65	27
	78	87	38	95	10	77	83	19	82	87	86	27
	22	17	84	72	34	89	19	59	13	40	71	13
	100	11	99	95	63	36	49	28	32	11	63	78
	50	12	79	98	62	45	86	85	23	29	89	88
	60	69	98	47	36	95	35	44	85	39	66	77
	90	36	10	30	88	32	16	52	86	82	40	100
	27	62	98	21	14	83	97	45	96	43	69	41
	54	38	40	16	56	46	64	61	72	59	59	80
	75	30	10	45	94	76	98	31	66	13	36	85
	36	67	63	90	67	100	15	20	59	74	64	77
	31	48	87	84	39	28	88	63	96	52	74	53
	15	35	38	57	18	61	47	91	73	29	17	58
	43	68	80	94	30	28	43	55	68	91	66	35
	38	17	27	13	38	67	15	71	94	47	36	78
	83	43	35	70	45	49	13	20	79	49	20	52
	42	91	36	92	38	59	84	96	95	82	27	95
	85	20	20	71	52	62	54	50	21	46	29	38
	11	37	13	53	66	76	48	18	57	71	39	24
	48	30	75	24	19	34	36	60	97	87	27	76
	13	12	82	61	78	13	24	66	34	100	57	19
	59	66	76	54	73	98	99	55	72	33	88	89
	50	36	33	84	77	53	99	88	80	26	36	63
	55	92	33	95	61	29	13	11	89	61	63	47
	47	93	92	96	64	95	25	44	73	61	11	89
	39	62	23	37	45	51	35	83	91	25	64	47
	19	70	65	92	84	49	20	70	96	76	55	33

	86	40	44	12	37	81	68	85	79	39	87	15
	96	33	79	94	51	79	31	47	11	93	54	59
	80	67	40	55	11	35	97	12	13	28	73	46
	28	24	79	74	13	33	91	93	24	23	13	90
	89	23	53	38	89	49	14	38	16	68	85	14
	44	96	66	31	67	45	72	70	15	96	15	79
	33	48	89	64	70	45	55	88	71	23	50	50
	53	87	95	26	79	70	60	24	11	87	36	91
	23	35	50	21	56	63	14	99	31	72	62	19
	86	74	88	70	99	23	82	38	77	63	67	85
	86	64	89	47	46	13	21	99	65	62	96	19
	85	69	32	83	29	37	83	48	68	30	52	31
	68	49	83	17	10	62	99	97	62	34	100	50
	12	30	62	69	33	39	85	12	81	52	44	23
	90	78	37	50	80	72	93	59	58	89	63	35
	51	43	29	12	24	86	53	50	25	67	67	70
	53	27	20	81	72	67	97	68	71	87	93	19
	22	15	98	62	19	84	72	82	92	48	21	100
	63	63	21	95	99	18	39	18	13	98	56	40
	85	16	25	26	31	13	25	82	52	20	69	73
	34	29	82	20	78	67	53	62	88	82	13	89
	83	44	55	30	54	44	76	55	12	22	82	66
	27	99	87	16	35	61	63	31	49	11	86	75
	29	24	75	61	35	98	99	87	67	91	79	84
	91	12	29	24	55	15	71	86	28	51	19	52
	13	29	72	29	83	84	29	92	81	52	93	52
	21	45	11	71	96	54	80	58	84	76	96	54
	100	64	22	96	24	39	59	79	57	50	98	57
	15	85	39	74	14	69	92	43	61	67	29	25
	83	60	75	58	49	15	75	71	20	15	90	83

	79	97	82	38	64	13	76	27	12	89	43	21
	58	94	79	18	79	76	88	23	16	48	16	60
	14	12	46	70	93	38	13	82	34	84	25	78
	12	14	89	93	89	93	44	61	15	57	52	62
	35	33	83	81	97	100	59	12	78	25	74	37
	86	44	47	84	49	28	65	93	74	23	58	97
	48	68	51	69	23	66	86	55	72	82	97	20
	91	61	50	57	51	81	14	73	74	12	22	56
	89	48	98	96	16	13	98	25	68	44	42	23
	83	80	76	20	57	75	28	79	55	95	13	52
	97	56	73	81	24	71	47	84	59	19	51	80
	76	32	73	33	63	29	29	23	51	45	53	51
	39	14	49	18	89	87	44	16	58	12	26	29
	29	68	63	73	53	78	35	74	51	17	83	51
	44	47	65	62	27	56	57	72	19	75	97	43
	27	55	37	55	57	17	94	47	25	57	54	24
	81	65	75	47	34	88	70	34	63	16	86	97
	34	96	50	73	96	14	19	48	52	51	66	44
	41	84	32	96	70	90	95	52	11	76	35	11
	92	51	74	61	81	100	49	41	85	57	13	12
	94	48	93	38	65	81	72	47	72	34	39	23
	18	26	66	73	58	37	26	59	58	97	65	91
	43	87	93	57	89	64	86	98	28	31	49	50
	72	46	20	42	93	16	82	91	22	94	15	54
	44	33	14	66	58	77	67	16	68	59	91	57
	54	97	78	10	47	21	90	85	55	70	76	33
	89	60	37	83	68	25	11	11	32	15	91	35
	83	69	36	91	23	92	36	39	43	84	11	39
	43	50	44	67	45	35	92	82	72	12	46	53
	83	16	99	32	77	86	42	30	22	54	24	47

