***** PARAMETERS PRP *****

Number of Customers = 30
Number of Products = 10
Number of Vehicles = 5
Number of Periods = 12

B = Production capacity
	49554

b_p = Time required to produce item p
 	1	1	1	1	1	1	1	1	1	1

c_p = Production cost of item p
 	300	800	800	800	300	300	300	300	800	300

s_p = Setup cost of item p
 	300	800	800	800	300	300	300	300	800	300

M = Big number
	198217

U_pi = Maximum inventory upper bound of item p at site i
 	198217	197	80	267	261	169	201	168	281	258	155	176	122	140	189	116	242	164	252	300	190	299	186	172	234	134	127	175	134	247	205
	198217	178	167	229	320	162	133	145	209	106	161	194	319	204	278	205	143	170	118	232	87	91	277	193	221	272	167	296	236	227	209
	198217	201	122	203	235	261	151	229	157	125	233	341	209	267	192	212	120	292	162	298	187	168	175	301	176	89	193	213	205	142	156
	198217	124	295	135	98	223	220	220	228	181	350	239	193	182	199	124	281	89	283	149	203	249	213	164	233	152	187	178	113	284	131
	198217	265	105	154	235	190	136	243	240	264	147	113	137	181	298	104	123	227	173	166	206	100	304	188	237	196	217	180	169	108	133
	198217	312	160	89	150	106	206	239	107	300	212	220	98	109	309	143	128	210	101	115	169	121	170	277	255	340	168	145	173	225	263
	198217	124	130	124	225	90	177	79	108	95	94	116	250	98	139	266	150	199	285	234	246	171	250	111	339	213	286	212	141	119	136
	198217	303	391	297	111	194	173	154	90	236	198	198	135	232	147	244	190	210	181	101	217	161	274	298	268	251	150	94	276	248	166
	198217	157	110	182	253	204	130	288	258	177	247	213	279	328	158	245	129	204	98	261	269	144	164	184	154	174	212	104	151	200	116
	198217	150	263	139	189	289	101	96	246	248	116	174	165	247	297	121	166	212	113	280	98	174	97	241	284	157	82	194	238	289	210

I_pi0 = Initial inventory of item p at site i
 	0	173	16	170	215	130	153	148	260	212	123	96	39	113	156	84	165	134	126	196	184	148	132	163	46	126	112	160	133	94	103
	0	88	48	11	90	28	125	101	115	106	157	89	111	49	97	96	121	114	60	217	66	79	61	154	170	215	134	116	57	221	164
	0	107	73	135	224	245	67	116	53	50	12	174	65	165	57	191	61	94	123	44	172	140	108	188	95	41	70	60	101	53	34
	0	82	210	51	97	24	22	88	51	58	71	160	119	143	172	96	215	50	92	89	156	201	67	95	23	77	141	174	43	206	91
	0	54	67	59	155	161	127	179	98	221	129	67	124	153	90	98	77	103	133	93	91	64	283	96	80	126	77	25	149	104	125
	0	190	92	41	123	69	36	158	41	175	53	38	64	60	211	81	108	54	57	54	136	89	117	192	105	134	24	87	160	206	221
	0	33	94	69	206	64	53	42	24	46	80	48	31	89	88	243	112	49	201	49	210	119	93	48	221	15	182	56	81	66	85
	0	118	156	63	47	167	59	62	88	95	87	40	90	53	12	154	102	143	129	51	129	93	168	57	90	145	133	84	98	164	23
	0	17	46	135	143	50	31	35	87	108	167	154	230	142	79	12	95	19	71	129	146	72	131	158	93	116	200	68	131	63	61
	0	123	62	78	182	230	65	89	95	92	15	89	119	127	225	67	87	89	105	193	62	112	36	153	99	122	79	143	180	119	186

h_pi = Inventory cost of item p at site i
 	3	5	2	6	8	4	6	6	7	9	3	4	1	2	7	1	4	3	9	7	6	8	7	5	6	6	5	8	9	2	9
	8	2	8	3	2	2	4	6	4	5	3	3	1	7	8	7	6	1	1	4	7	3	5	7	5	1	9	4	7	7	2
	8	4	6	6	2	4	6	6	7	2	9	7	2	5	6	6	2	1	6	7	6	5	3	2	7	1	7	1	9	2	3
	8	6	4	2	6	2	6	6	3	4	3	6	9	5	6	4	6	2	3	8	8	1	1	9	8	9	3	3	4	8	7
	3	3	2	9	1	9	4	9	2	1	1	6	7	5	3	1	9	5	5	6	7	1	3	5	8	2	1	7	8	2	9
	3	6	3	2	4	5	9	1	8	9	8	2	8	2	2	2	5	8	6	9	3	7	6	8	5	8	5	9	6	1	8
	3	6	1	7	5	2	4	5	9	2	2	6	4	8	1	3	7	2	8	6	9	9	8	2	7	2	8	6	5	9	1
	3	9	9	3	3	4	5	5	8	1	2	9	3	1	1	2	6	8	9	1	6	7	6	1	5	1	4	3	1	2	3
	8	5	4	9	7	6	1	7	3	2	4	5	6	7	9	6	2	3	6	8	3	7	5	9	3	2	9	1	9	8	5
	3	6	1	1	6	8	8	8	3	6	8	5	3	8	2	4	3	7	8	8	3	8	2	6	4	9	3	1	6	9	2

C = Vehicle capacity
	3910

f = Fixed transportation cost
	28427

a_ik = Transportation cost for traveling from node i to node k
 	0	350	271	293	277	310	253	317	425	308	113	257	625	195	115	463	605	360	25	494	138	233	331	391	380	94	77	524	241	397	248
	350	0	236	363	278	660	271	258	472	535	440	460	908	369	282	760	917	510	335	828	482	581	675	396	385	257	367	818	370	603	163
	271	236	0	128	42	538	41	49	242	319	304	245	695	167	158	559	722	277	247	657	357	458	529	173	161	201	236	613	147	375	82
	293	363	128	0	87	493	93	124	138	210	276	143	579	110	193	455	618	150	269	572	328	417	467	101	92	260	229	505	61	253	204
	277	278	42	87	0	525	24	51	203	284	293	211	659	142	163	527	690	236	252	631	347	445	510	138	126	218	230	580	114	336	122
	310	660	538	493	525	0	506	575	582	351	235	369	447	389	396	300	376	457	326	230	184	82	76	587	581	403	308	347	433	414	543
	253	271	41	93	24	506	0	69	219	278	273	204	654	128	140	519	681	240	229	618	327	426	493	158	146	195	209	573	107	336	111
	317	258	49	124	51	575	69	0	214	330	342	259	702	193	203	574	737	272	293	681	395	495	560	139	128	250	277	626	162	376	121
	425	472	242	138	203	582	219	214	0	244	389	214	562	232	330	469	625	137	402	612	437	514	541	79	88	397	356	508	184	236	324
	308	535	319	210	284	351	278	330	244	0	217	76	376	167	276	246	409	110	296	372	247	294	301	275	273	339	234	296	172	90	374
	113	440	304	276	293	235	273	342	389	217	0	187	512	166	164	350	494	293	114	390	54	154	236	375	367	188	75	411	215	306	310
	257	460	245	143	211	369	204	259	214	76	187	0	452	93	207	316	479	107	241	429	229	300	333	224	220	273	181	369	98	151	299
	625	908	695	579	659	447	654	702	562	376	512	452	0	540	635	164	121	440	623	249	503	462	373	621	623	687	567	105	548	332	749
	195	369	167	110	142	389	128	193	232	167	166	93	540	0	120	396	558	175	174	491	219	311	369	210	201	189	124	453	50	242	210
	115	282	158	193	163	396	140	203	330	276	164	207	635	120	0	482	637	293	90	547	213	315	400	285	274	71	90	541	153	358	147
	463	760	559	455	527	300	519	574	469	246	350	316	164	396	482	0	164	335	462	166	339	303	225	515	514	529	409	61	414	235	605
	605	917	722	618	690	376	681	737	625	409	494	479	121	558	637	164	0	494	608	152	472	410	309	675	675	679	559	117	577	389	765
	360	510	277	150	236	457	240	272	137	110	293	107	440	175	293	335	494	0	341	476	333	396	411	182	184	363	284	377	148	109	349
	25	335	247	269	252	326	229	293	402	296	114	241	623	174	90	462	608	341	0	502	148	246	342	367	356	79	62	523	219	384	226
	494	828	657	572	631	230	618	681	612	372	390	429	249	491	547	166	152	476	502	0	357	278	172	646	644	577	462	174	521	387	687
	138	482	357	328	347	184	327	395	437	247	54	229	503	219	213	339	472	333	148	357	0	103	194	427	419	226	124	399	267	332	359
	233	581	458	417	445	82	426	495	514	294	154	300	462	311	315	303	410	396	246	278	103	0	106	514	507	324	226	358	357	367	461
	331	675	529	467	510	76	493	560	541	301	236	333	373	369	400	225	309	411	342	172	194	106	0	556	551	419	311	273	409	354	544
	391	396	173	101	138	587	158	139	79	275	375	224	621	210	285	515	675	182	367	646	427	514	556	0	13	348	329	559	161	290	255
	380	385	161	92	126	581	146	128	88	273	367	220	623	201	274	514	675	184	356	644	419	507	551	13	0	337	319	559	152	292	243
	94	257	201	260	218	403	195	250	397	339	188	273	687	189	71	529	679	363	79	577	226	324	419	348	337	0	121	589	223	424	161
	77	367	236	229	230	308	209	277	356	234	75	181	567	124	90	409	559	284	62	462	124	226	311	329	319	121	0	469	173	322	236
	524	818	613	505	580	347	573	626	508	296	411	369	105	453	541	61	117	377	523	174	399	358	273	559	559	589	469	0	467	272	662
	241	370	147	61	114	433	107	162	184	172	215	98	548	50	153	414	577	148	219	521	267	357	409	161	152	223	173	467	0	233	208
	397	603	375	253	336	414	336	376	236	90	306	151	332	242	358	235	389	109	384	387	332	367	354	290	292	424	322	272	233	0	440
	248	163	82	204	122	543	111	121	324	374	310	299	749	210	147	605	765	349	226	687	359	461	544	255	243	161	236	662	208	440	0

coordXY = Coordinates (x,y): line zero => x line one => y column => customers
 	41	81	245	323	274	17	253	290	460	319	106	290	424	235	131	309	313	396	62	176	73	43	90	410	398	64	115	343	279	403	170
	571	918	749	648	719	262	709	767	638	439	479	509	78	583	641	194	31	517	584	96	437	339	244	698	700	662	553	144	606	409	782

d_pit = Demand of item p at customer i in period t
 	87	27	59	68	29	88	91	35	34	83	97	91
	16	21	19	13	20	91	40	64	31	69	72	24
	11	79	80	31	59	83	25	51	33	74	82	32
	38	22	87	68	50	67	78	11	31	77	30	67
	65	33	32	78	52	24	85	88	80	49	38	50
	70	83	57	41	23	66	46	17	84	24	35	57
	61	87	57	83	94	93	93	94	87	77	94	87
	97	88	75	43	98	21	54	31	68	55	33	11
	48	60	38	66	100	20	44	73	29	85	45	12
	78	45	15	46	31	19	60	97	88	49	44	47
	96	25	61	41	95	78	13	96	70	43	53	32
	39	92	17	22	97	88	49	46	89	54	80	60
	85	28	72	99	22	82	86	87	73	72	42	92
	94	62	39	15	51	82	22	96	99	34	94	66
	15	69	35	31	93	98	85	46	41	43	41	100
	66	99	79	88	23	72	52	66	30	55	32	65
	92	42	38	42	68	95	41	68	32	17	92	29
	93	22	11	18	36	87	13	93	57	95	22	57
	71	43	82	21	42	46	75	70	59	55	66	89
	42	45	97	55	97	17	80	41	70	26	96	95
	52	67	29	38	86	79	49	53	88	76	30	70
	78	54	87	60	44	97	36	30	88	50	46	75
	73	90	26	43	32	85	18	60	68	46	94	52
	46	19	91	100	56	44	59	15	87	54	54	78
	26	53	47	22	14	53	24	68	66	57	79	27
	82	30	94	34	58	90	76	82	83	85	16	32
	92	68	79	80	59	25	23	93	20	66	57	39
	66	67	79	41	57	52	52	76	67	96	60	90
	94	37	84	47	94	10	66	76	41	89	55	48
	86	17	21	30	56	98	39	77	28	46	39	77

	88	63	57	93	50	57	38	64	33	27	48	95
	48	10	50	21	85	16	74	42	80	59	89	92
	11	57	77	12	52	47	15	98	32	48	88	12
	90	89	91	24	25	45	54	72	64	98	89	28
	28	67	71	65	62	90	65	21	84	36	31	27
	70	55	42	13	11	63	70	23	46	39	57	42
	61	40	62	94	62	58	43	22	35	60	28	15
	22	93	28	97	38	32	32	70	42	12	90	70
	22	54	30	11	29	67	53	73	79	61	100	58
	62	67	28	10	51	71	18	83	64	73	34	84
	89	50	14	56	41	42	17	51	41	37	13	15
	67	44	84	39	97	55	31	85	62	80	63	58
	49	37	86	93	39	55	62	92	94	47	76	85
	97	75	80	34	60	23	20	69	66	64	48	32
	96	52	62	70	23	52	10	19	31	99	69	31
	17	15	68	21	41	85	59	59	60	37	28	83
	52	62	65	71	61	66	27	79	11	93	14	80
	60	84	73	98	50	73	64	62	45	15	67	18
	93	43	38	43	26	48	17	60	51	36	68	34
	41	25	59	23	26	16	58	46	22	60	57	90
	79	17	21	27	35	89	52	52	33	91	40	10
	61	28	25	89	75	12	47	91	62	79	32	64
	69	57	28	18	89	22	11	72	79	17	75	41
	23	63	24	60	84	84	38	68	48	39	86	47
	72	89	54	69	32	39	33	51	56	46	25	86
	36	28	70	47	87	77	96	37	95	25	55	16
	37	79	74	71	87	15	21	69	65	67	49	77
	45	12	22	62	69	62	41	49	56	32	56	60
	66	40	67	48	65	100	91	29	21	53	31	69
	21	64	79	94	54	64	70	37	31	45	49	20

	13	25	69	11	71	62	96	55	33	68	34	67
	73	66	55	14	40	94	65	61	67	67	81	49
	27	52	56	49	48	74	53	46	13	44	48	98
	55	48	78	43	45	62	84	15	43	74	61	98
	68	78	69	30	20	17	18	68	85	60	59	55
	67	66	43	23	34	48	100	14	22	47	48	93
	17	99	70	90	52	39	18	68	78	88	54	15
	26	27	45	97	51	35	30	66	35	97	29	90
	50	90	71	63	36	33	75	93	12	80	81	68
	12	43	72	93	95	44	22	17	99	85	51	65
	88	86	71	56	67	92	67	75	64	28	89	36
	65	66	57	58	26	28	32	55	87	44	71	38
	90	75	31	17	35	15	55	73	82	28	86	54
	17	40	58	26	60	46	55	94	29	44	82	26
	48	51	92	97	60	51	55	50	76	16	20	19
	61	90	90	68	37	35	79	78	70	45	15	49
	66	28	64	57	66	97	12	51	67	59	48	85
	63	60	40	93	47	96	14	30	67	42	14	83
	44	46	29	94	92	51	85	82	58	27	38	68
	85	20	67	51	89	38	46	34	79	97	93	47
	31	27	82	49	34	86	69	45	86	13	57	91
	85	23	58	41	66	48	98	15	70	75	93	29
	14	84	90	38	90	100	78	91	76	100	46	95
	30	65	20	53	56	74	70	76	32	77	59	91
	41	24	60	56	45	18	15	58	51	92	22	52
	70	15	45	39	72	47	23	65	56	63	26	58
	60	34	65	17	36	83	12	28	92	86	33	92
	62	39	44	92	13	11	53	66	91	83	20	42
	53	93	92	73	81	50	95	95	22	37	91	68
	34	11	18	44	33	54	55	64	27	97	99	86

	47	35	67	34	90	75	81	53	69	43	69	81
	24	89	97	95	38	86	56	12	69	35	44	63
	35	16	10	11	97	11	61	41	64	90	19	85
	18	79	100	36	80	17	32	19	23	26	79	76
	24	41	93	70	46	22	77	12	28	42	31	50
	11	11	42	68	64	66	93	44	17	48	44	20
	52	36	45	86	91	13	52	86	25	91	53	30
	51	41	37	15	44	95	12	34	67	58	64	30
	58	76	68	57	69	94	38	76	79	78	13	16
	71	61	77	81	90	69	96	16	64	75	66	74
	25	55	56	24	55	84	98	19	87	98	53	64
	40	79	72	60	70	72	81	58	67	66	13	94
	81	62	47	16	52	39	33	39	25	36	34	81
	96	76	53	35	87	99	87	12	94	43	24	88
	96	87	80	10	73	43	90	66	50	43	36	68
	85	76	54	56	68	95	73	66	66	94	52	59
	50	85	18	11	62	23	46	48	40	11	66	71
	92	14	80	61	87	69	78	13	25	78	39	43
	34	55	76	12	36	34	96	49	25	87	38	53
	81	75	82	32	68	56	77	94	86	16	93	52
	24	59	34	84	50	28	75	90	100	67	70	67
	11	56	26	57	50	80	80	24	98	46	36	74
	61	34	91	37	41	34	58	92	50	28	49	81
	23	14	23	69	43	29	43	93	48	31	48	94
	18	11	31	17	14	93	54	89	39	82	92	69
	56	55	30	52	96	91	21	87	63	83	31	83
	89	16	69	16	46	10	16	16	21	31	75	23
	43	52	18	11	86	74	78	79	97	48	73	20
	51	28	78	49	53	21	86	31	73	99	98	15
	91	84	89	62	72	32	53	24	89	87	50	50

	15	39	82	93	33	57	75	82	85	47	94	93
	67	65	37	97	69	11	34	12	15	79	66	76
	47	12	26	86	64	16	51	66	52	56	42	99
	72	54	29	46	13	35	35	59	22	15	90	95
	44	93	24	85	57	97	82	82	85	19	45	45
	30	97	74	48	96	95	51	62	28	70	82	84
	26	98	55	40	58	70	61	89	81	16	37	97
	21	77	79	87	32	18	38	11	14	38	84	76
	92	43	86	59	71	95	45	40	94	37	79	50
	49	80	12	57	82	40	22	64	69	15	12	84
	67	60	74	94	25	97	18	33	55	44	38	73
	46	78	28	34	29	19	34	71	36	71	88	14
	33	49	71	95	17	23	79	69	10	18	26	54
	90	47	40	62	36	28	26	84	80	48	89	86
	98	13	16	35	46	74	25	81	21	48	78	87
	77	55	73	90	86	69	59	63	45	51	14	54
	12	91	20	83	39	68	96	43	49	56	28	96
	36	70	27	24	97	53	43	71	21	13	20	44
	93	21	66	39	67	34	76	62	76	80	20	29
	91	44	59	56	46	87	12	27	26	45	42	84
	64	92	41	40	65	52	26	40	35	27	25	94
	59	63	63	98	15	97	83	96	28	82	32	13
	96	86	79	78	82	67	59	26	21	49	33	75
	65	15	53	57	53	41	21	93	50	30	36	55
	81	45	12	33	51	74	43	66	39	41	46	56
	50	27	61	15	11	73	63	31	94	54	90	83
	25	40	12	55	71	78	28	96	78	89	53	93
	50	99	41	10	98	37	76	48	35	29	91	63
	71	14	19	70	45	16	62	91	82	66	79	31
	61	64	72	68	86	58	91	80	75	52	45	43

	18	95	77	88	85	90	74	54	17	58	55	38
	68	24	39	44	69	38	61	95	64	26	78	35
	41	49	30	45	17	94	55	98	20	34	24	26
	87	36	16	50	76	30	44	35	37	81	17	90
	18	28	23	91	79	51	94	96	57	55	26	15
	36	51	62	13	75	71	40	44	38	50	54	84
	88	70	38	19	36	75	84	74	18	16	30	26
	41	68	44	58	51	66	15	13	18	96	90	83
	91	12	35	37	73	76	66	66	92	73	34	65
	53	51	59	55	11	41	30	45	73	29	35	26
	19	19	74	99	49	95	77	16	40	77	16	80
	64	57	39	66	25	53	38	10	55	83	65	32
	60	89	32	58	59	20	47	28	63	30	87	78
	92	69	50	67	19	43	44	35	49	99	83	91
	81	74	52	29	88	54	37	64	18	14	34	26
	37	35	19	17	89	33	64	32	60	34	52	39
	54	27	44	64	61	32	31	51	96	27	88	55
	41	16	65	39	24	15	67	91	84	42	34	85
	54	55	30	79	78	58	86	14	27	34	78	97
	59	77	47	27	38	63	25	36	59	22	41	14
	26	63	78	90	34	75	86	58	68	75	27	47
	60	57	96	26	69	62	21	37	71	83	81	16
	76	52	29	35	80	78	45	40	57	62	17	93
	34	71	44	25	60	85	48	84	16	72	42	31
	75	59	61	77	82	64	75	65	26	56	94	81
	24	22	35	85	78	37	37	52	43	97	90	72
	13	74	89	23	34	28	12	72	60	68	55	52
	40	23	97	58	99	19	51	44	100	56	14	91
	24	77	84	21	75	55	14	39	35	46	34	36
	92	51	78	24	76	54	80	70	64	77	47	75

	33	15	64	69	41	44	29	33	51	24	55	37
	94	45	53	25	97	56	21	42	85	89	93	77
	69	94	98	92	40	63	17	47	61	70	49	46
	91	91	24	14	88	88	61	17	38	18	49	96
	64	85	14	45	45	13	36	72	25	61	15	66
	53	62	47	67	97	95	30	92	19	61	67	16
	42	47	91	48	29	10	66	26	12	31	33	40
	24	85	37	31	53	51	23	90	33	54	73	91
	21	25	63	63	53	24	65	36	23	87	49	61
	80	22	44	43	40	86	44	36	11	26	53	79
	34	14	70	54	48	41	89	25	79	67	92	85
	31	87	40	66	53	41	90	69	81	22	100	71
	89	45	50	94	33	73	18	28	17	45	70	27
	88	96	57	100	50	73	96	15	26	79	64	89
	67	96	80	73	91	53	43	75	65	90	28	36
	25	87	21	63	99	67	46	35	39	88	15	13
	49	12	82	21	76	56	41	16	24	83	62	74
	100	13	88	62	70	60	64	72	72	26	47	11
	49	70	27	41	56	48	38	68	96	20	100	90
	43	27	51	89	49	42	28	21	92	75	48	25
	30	89	66	98	52	90	23	74	47	25	52	39
	43	22	28	95	64	16	95	16	26	61	82	51
	48	99	75	50	39	61	96	82	52	17	33	11
	100	67	54	52	84	73	27	80	62	41	81	92
	15	68	60	39	75	53	63	44	67	87	42	25
	91	91	97	10	16	76	83	44	27	64	58	30
	22	34	44	48	50	10	54	86	14	52	25	69
	25	56	89	95	50	97	68	93	81	88	47	59
	66	71	52	41	14	80	57	10	33	97	97	93
	85	88	60	19	58	65	74	93	66	94	46	66

	63	55	94	95	28	23	83	84	61	23	97	20
	70	56	30	96	72	98	91	96	60	82	89	99
	26	37	16	80	75	90	69	90	93	49	20	68
	47	97	69	43	27	24	78	34	54	39	68	86
	90	77	53	49	88	50	96	98	12	12	78	72
	59	80	25	25	49	37	58	63	86	39	99	73
	12	25	25	59	74	94	10	61	94	49	94	19
	31	14	20	23	49	73	84	42	69	99	17	18
	55	40	34	68	60	53	39	43	41	98	100	76
	21	66	84	22	46	71	36	36	52	59	14	87
	40	35	12	33	55	81	96	13	47	81	59	42
	90	74	73	37	17	89	36	96	99	73	50	75
	53	56	49	96	93	13	57	75	67	53	26	58
	12	57	85	87	23	57	56	71	44	34	22	40
	81	11	40	22	42	43	73	19	47	58	51	99
	19	34	49	80	94	82	88	13	51	100	59	90
	41	81	21	83	92	67	27	17	17	16	95	72
	52	77	82	33	17	52	34	74	46	63	99	96
	51	84	37	78	55	30	33	30	65	46	49	45
	28	13	88	94	22	22	13	59	60	27	62	32
	93	79	48	73	29	10	32	75	36	72	55	42
	69	35	37	27	99	99	11	94	43	22	73	48
	57	88	41	39	80	85	90	42	15	68	28	81
	26	64	86	15	81	93	72	14	84	59	31	19
	79	66	73	50	94	16	25	82	40	89	55	84
	53	44	36	50	70	31	97	45	76	20	10	68
	38	46	96	69	23	18	21	36	51	66	57	42
	98	67	38	82	48	46	32	80	69	24	11	68
	70	17	77	10	92	81	79	40	24	69	22	13
	23	40	21	44	17	70	97	72	56	85	61	78

	17	22	14	80	72	51	20	23	60	84	17	11
	46	59	56	80	78	44	97	63	16	13	37	73
	68	21	46	50	27	61	93	92	77	52	82	58
	40	13	90	47	60	25	18	75	83	36	72	47
	22	28	59	28	54	47	69	25	96	64	81	38
	31	69	35	96	28	80	92	39	95	93	68	55
	14	21	87	68	31	59	83	69	66	73	89	32
	23	64	52	24	63	83	75	55	59	15	18	89
	82	26	58	78	95	57	57	76	23	43	98	13
	12	41	75	39	78	75	91	100	20	38	84	88
	28	68	58	99	29	44	27	10	18	40	21	70
	64	87	79	58	66	17	49	69	90	35	14	42
	60	82	59	30	15	80	53	81	96	55	86	90
	18	61	97	41	68	66	28	50	95	22	21	66
	12	80	69	89	18	94	11	74	90	13	26	11
	95	91	85	47	44	88	32	18	81	98	74	23
	19	64	45	48	15	62	57	39	18	67	90	88
	19	52	45	66	33	13	33	90	86	73	39	39
	40	25	35	29	82	60	31	72	56	57	73	67
	55	49	11	31	43	87	78	30	37	53	75	97
	72	31	28	22	11	11	95	42	34	86	66	77
	93	38	76	47	93	43	13	80	18	39	98	18
	18	47	21	72	17	20	93	12	93	45	64	49
	38	41	14	26	78	69	63	52	95	20	94	25
	27	89	100	51	89	76	59	94	41	12	27	29
	19	49	89	43	95	44	62	71	79	23	48	13
	31	37	86	18	62	69	53	82	14	12	90	69
	42	89	31	48	50	41	83	34	90	15	62	20
	63	24	51	18	51	24	66	72	12	33	41	26
	61	71	52	12	50	65	11	49	93	74	97	58

	59	46	18	40	60	98	36	36	60	20	67	61
	62	20	52	79	65	82	60	41	25	52	49	45
	21	30	27	91	72	33	29	46	62	41	32	73
	91	76	15	63	62	57	81	35	86	72	90	28
	23	47	96	64	82	65	47	73	48	36	58	54
	44	21	46	49	40	43	71	59	72	73	52	36
	89	43	32	56	17	70	13	99	27	40	73	15
	95	97	36	57	45	61	55	43	64	41	69	76
	92	95	38	22	26	79	69	50	90	37	68	78
	15	39	51	32	77	44	68	84	41	92	54	99
	15	74	22	29	40	46	71	75	36	36	28	51
	93	26	57	39	25	97	84	19	66	26	84	45
	58	15	54	25	47	85	80	94	16	29	66	23
	67	60	98	98	36	11	41	94	86	68	33	21
	67	57	11	79	14	88	63	74	52	87	39	95
	87	88	50	24	51	60	15	97	67	42	35	47
	67	22	83	55	54	74	16	88	98	41	26	11
	67	38	24	18	50	90	34	30	72	87	67	98
	79	62	52	69	80	53	28	66	45	37	15	87
	62	44	28	71	46	22	77	28	62	28	21	99
	43	69	54	32	38	70	98	20	41	22	21	15
	36	81	30	58	63	25	55	14	83	94	23	19
	58	22	49	24	16	67	88	80	42	26	48	58
	99	63	53	72	93	97	12	88	91	62	86	36
	19	28	48	27	93	22	27	93	71	69	52	79
	67	12	44	23	39	40	25	40	53	21	65	63
	51	92	72	89	86	27	12	41	82	61	100	62
	94	54	19	13	29	87	94	84	80	37	32	92
	73	46	38	36	98	97	75	100	25	31	27	47
	19	81	86	90	95	43	68	92	77	94	27	66

