***** PARAMETERS PRP *****

Number of Customers = 30
Number of Products = 10
Number of Vehicles = 5
Number of Periods = 12

B = Production capacity
	49940

b_p = Time required to produce item p
 	1	1	1	1	1	1	1	1	1	1

c_p = Production cost of item p
 	300	800	800	800	800	300	800	300	800	800

s_p = Setup cost of item p
 	300	800	800	800	800	300	800	300	800	800

M = Big number
	199761

U_pi = Maximum inventory upper bound of item p at site i
 	199761	241	171	156	231	131	123	93	114	201	277	94	279	114	128	141	99	200	122	326	249	257	203	117	98	250	113	131	259	241	264
	199761	155	194	309	296	245	278	250	138	257	154	309	198	245	141	108	149	245	182	348	325	260	238	246	235	96	129	288	139	138	209
	199761	174	200	230	91	173	111	220	79	174	176	194	239	154	147	156	177	215	313	135	188	120	198	229	101	198	187	264	288	196	268
	199761	313	186	175	101	119	227	99	175	88	180	99	125	123	154	249	232	104	120	168	121	114	313	206	142	276	108	138	253	235	184
	199761	257	238	150	253	147	170	192	141	218	230	273	91	215	117	112	125	239	97	291	276	158	106	117	165	113	103	110	164	109	277
	199761	134	208	115	219	139	354	103	102	122	325	113	110	213	212	243	146	118	310	129	285	190	126	197	131	244	105	259	196	261	155
	199761	139	174	179	210	148	87	235	255	171	180	154	198	116	221	146	184	234	181	106	358	123	115	258	98	225	340	257	191	230	107
	199761	216	255	247	165	131	157	115	100	155	176	292	155	213	111	322	102	116	232	253	199	159	314	83	101	89	307	142	280	184	92
	199761	156	271	104	100	203	242	110	255	225	200	195	218	276	94	220	284	320	207	105	173	319	130	120	112	193	128	257	165	242	148
	199761	96	294	348	190	173	121	225	110	162	117	94	264	191	156	272	90	238	187	224	246	164	250	186	324	350	100	213	236	227	113

I_pi0 = Initial inventory of item p at site i
 	0	135	52	44	36	120	92	80	92	79	192	78	175	103	68	66	98	190	67	283	172	38	23	45	60	131	69	39	42	60	178
	0	89	170	98	219	153	93	54	110	203	105	238	21	42	99	78	146	81	172	145	32	198	143	92	139	83	81	155	68	87	191
	0	133	179	52	86	99	82	78	37	140	79	132	84	72	92	155	168	52	76	86	181	58	100	160	47	118	184	34	43	85	178
	0	120	130	163	87	91	107	58	126	33	98	62	92	107	152	51	77	35	62	81	51	16	104	197	133	225	106	106	158	74	183
	0	39	32	70	240	108	111	96	112	160	154	135	33	63	79	99	87	58	80	38	12	80	72	14	13	78	93	97	81	60	212
	0	22	52	26	186	95	71	64	99	91	89	68	76	144	22	177	85	31	85	108	40	188	97	119	127	64	80	32	177	127	76
	0	87	90	174	35	105	67	166	147	123	60	98	130	96	85	123	134	189	95	56	329	100	93	54	70	60	88	244	178	184	96
	0	137	140	198	78	89	99	112	68	135	95	94	87	213	99	113	42	87	196	61	142	37	227	75	55	12	247	45	86	177	46
	0	86	259	98	67	23	173	35	157	63	184	149	136	236	86	121	151	182	198	83	78	174	127	74	52	42	120	102	142	241	91
	0	45	126	77	141	154	108	133	49	129	90	50	78	188	150	162	49	174	182	141	131	78	179	184	264	216	73	30	205	97	90

h_pi = Inventory cost of item p at site i
 	3	1	8	6	2	5	5	7	1	2	7	6	6	2	9	8	8	9	1	4	7	6	2	4	7	5	1	1	6	7	6
	8	6	8	5	8	5	5	3	7	8	3	5	1	9	2	1	8	1	7	6	5	9	9	7	7	6	3	4	1	8	8
	8	5	2	3	8	5	8	1	5	1	5	8	8	8	6	6	9	3	5	2	5	2	2	4	8	2	2	3	7	8	9
	8	5	3	1	6	1	6	8	4	6	9	6	1	5	2	1	9	8	7	8	2	8	3	5	9	1	8	6	5	5	5
	8	8	8	3	8	5	5	1	9	2	5	7	5	6	1	5	4	5	8	7	6	7	8	1	5	6	4	2	9	2	8
	3	7	2	2	1	7	4	6	8	5	5	9	6	9	2	7	3	3	2	9	6	4	6	7	6	5	3	2	9	4	9
	8	2	1	9	6	2	5	9	3	8	2	6	4	3	1	7	3	3	3	7	4	7	1	7	6	6	2	9	7	8	6
	3	9	6	8	7	9	5	2	2	1	7	2	6	3	8	1	5	3	5	7	5	9	6	5	7	2	4	4	5	6	8
	8	2	4	5	6	2	1	5	3	4	4	2	9	5	9	8	2	6	5	5	2	3	9	5	5	9	8	5	6	9	7
	8	3	6	7	1	7	6	2	8	1	2	3	8	3	2	3	7	9	7	2	9	3	2	1	2	1	9	6	4	3	2

C = Vehicle capacity
	3580

f = Fixed transportation cost
	30628

a_ik = Transportation cost for traveling from node i to node k
 	0	515	171	298	635	634	818	165	487	541	666	555	410	245	229	607	300	89	633	696	659	579	330	689	745	127	481	617	189	140	452
	515	0	678	266	120	192	343	642	272	225	167	146	155	429	410	404	445	510	140	244	260	196	253	211	501	549	229	373	548	642	92
	171	678	0	438	797	804	988	74	654	710	833	725	580	396	386	769	446	175	800	865	829	749	467	858	905	155	650	782	295	37	607
	298	266	438	0	379	438	607	391	392	401	432	367	247	345	317	544	391	264	404	497	489	410	34	473	673	295	361	532	408	402	180
	635	120	797	379	0	163	253	760	331	263	80	172	257	536	519	434	545	629	80	188	237	210	361	139	502	667	292	395	660	762	199
	634	192	804	438	163	0	185	781	215	134	100	80	225	477	467	282	469	651	84	62	75	73	431	70	340	695	188	240	612	771	281
	818	343	988	607	253	185	0	963	381	303	180	264	409	656	648	391	643	832	204	125	184	248	595	135	384	876	363	346	793	955	435
	165	642	74	391	760	781	963	0	648	697	802	702	558	409	393	772	462	132	770	843	812	731	417	831	910	97	639	781	328	55	566
	487	272	654	392	331	215	381	648	0	82	301	162	154	283	281	153	263	527	272	262	199	143	403	285	283	576	43	143	420	626	316
	541	225	710	401	263	134	303	697	82	0	223	92	156	355	350	180	341	572	196	182	123	62	405	204	283	619	63	149	492	680	289
	666	167	833	432	80	100	180	802	301	223	0	142	265	539	525	381	539	670	35	110	168	163	419	60	434	711	267	339	670	798	257
	555	146	725	367	172	80	264	702	162	92	142	0	146	403	392	268	400	573	111	141	124	51	364	140	356	618	126	232	537	692	224
	410	155	580	247	257	225	409	558	154	156	265	146	0	280	263	306	291	428	231	286	258	176	253	281	429	474	117	288	406	547	170
	245	429	396	345	536	477	656	409	283	355	539	403	280	0	28	376	58	316	505	532	478	409	374	542	511	364	294	394	138	374	407
	229	410	386	317	519	467	648	393	281	350	525	392	263	28	0	384	83	296	491	524	472	401	347	531	520	344	288	399	146	361	384
	607	404	769	544	434	282	391	772	153	180	381	268	306	376	384	0	336	659	360	300	224	225	556	342	139	709	189	45	503	743	462
	300	445	446	391	545	469	643	462	263	341	539	400	291	58	83	336	0	373	506	522	461	398	419	537	468	420	282	359	168	425	435
	89	510	175	264	629	651	832	132	527	572	670	573	428	316	296	659	373	0	638	713	684	603	293	700	798	50	515	665	276	139	436
	633	140	800	404	80	84	204	770	272	196	35	111	231	505	491	360	506	638	0	114	158	138	392	73	424	680	236	320	636	766	231
	696	244	865	497	188	62	125	843	262	182	110	141	286	532	524	300	522	713	114	0	76	124	489	52	333	757	240	256	669	833	335
	659	260	829	489	237	75	184	812	199	123	168	124	258	478	472	224	461	684	158	76	0	83	487	121	267	731	185	180	615	798	344
	579	196	749	410	210	73	248	731	143	62	163	51	176	409	401	225	398	603	138	124	83	0	408	142	306	649	117	187	545	717	274
	330	253	467	34	361	431	595	417	403	405	419	364	253	374	347	556	419	293	392	489	487	408	0	462	681	321	370	541	440	431	163
	689	211	858	473	139	70	135	831	285	204	60	140	281	542	531	342	537	700	73	52	121	142	462	0	383	743	256	298	677	824	303
	745	501	905	673	502	340	384	910	283	283	434	356	429	511	520	139	468	798	424	333	267	306	681	383	0	847	312	141	634	881	571
	127	549	155	295	667	695	876	97	576	619	711	618	474	364	344	709	420	50	680	757	731	649	321	743	847	0	563	714	314	121	472
	481	229	650	361	292	188	363	639	43	63	267	126	117	294	288	189	282	515	236	240	185	117	370	256	312	563	0	172	431	620	275
	617	373	782	532	395	240	346	781	143	149	339	232	288	394	399	45	359	665	320	256	180	187	541	298	141	714	172	0	525	755	436
	189	548	295	408	660	612	793	328	420	492	670	537	406	138	146	503	168	276	636	669	615	545	440	677	634	314	431	525	0	282	512
	140	642	37	402	762	771	955	55	626	680	798	692	547	374	361	743	425	139	766	833	798	717	431	824	881	121	620	755	282	0	571
	452	92	607	180	199	281	435	566	316	289	257	224	170	407	384	462	435	436	231	335	344	274	163	303	571	472	275	436	512	571	0

coordXY = Coordinates (x,y): line zero => x line one => y column => customers
 	164	433	131	404	492	343	407	204	166	230	442	321	286	63	90	62	24	245	421	353	280	284	435	400	27	260	208	104	4	154	450
	208	647	41	383	751	816	989	48	694	744	813	740	599	431	424	806	473	173	786	877	856	774	395	855	940	126	686	822	307	69	557

d_pit = Demand of item p at customer i in period t
 	69	24	42	24	86	13	74	31	52	54	63	46
	52	54	73	44	35	89	36	78	93	19	100	11
	44	59	79	41	26	33	73	47	39	50	93	39
	36	22	37	86	74	98	57	25	56	65	79	59
	40	80	84	20	78	44	73	90	84	50	54	87
	92	57	28	68	83	20	77	78	88	32	97	18
	42	38	23	28	46	64	62	34	29	47	51	92
	42	50	27	90	96	67	56	36	58	96	11	56
	27	52	10	27	44	40	38	98	49	93	62	63
	47	68	77	38	33	10	82	20	89	97	40	63
	78	36	77	40	21	15	51	44	67	56	31	49
	73	53	49	85	35	58	20	52	21	80	87	57
	68	21	14	48	90	18	64	62	93	50	70	86
	18	50	18	77	28	18	23	62	76	50	46	46
	66	21	41	17	76	26	36	69	86	52	44	29
	98	66	18	19	65	62	16	58	17	84	17	74
	92	35	63	55	75	51	94	29	13	24	55	15
	67	88	25	70	35	90	70	56	64	54	87	23
	49	50	99	85	22	30	85	92	20	100	91	60
	66	35	37	34	56	97	11	97	23	58	65	18
	38	69	39	54	28	43	51	70	77	28	97	23
	23	56	84	53	98	97	44	60	94	55	60	86
	45	60	44	18	65	69	33	76	50	94	54	95
	60	67	79	17	26	69	52	23	53	19	78	46
	48	83	16	11	66	17	95	72	54	53	31	53
	69	86	98	72	77	69	45	28	44	58	16	13
	39	92	69	58	93	98	95	20	21	52	85	63
	42	26	63	43	55	20	74	26	80	54	90	48
	60	49	16	29	26	68	38	48	86	30	37	91
	86	92	89	35	84	83	63	87	12	24	46	90

	63	14	12	86	18	65	66	38	52	91	28	88
	44	53	73	64	70	98	10	89	65	94	25	89
	98	64	85	30	48	96	38	65	38	87	39	53
	43	96	80	34	54	26	37	69	69	53	55	95
	57	23	73	65	35	21	65	56	58	60	50	25
	33	60	74	40	79	12	77	53	45	47	72	74
	54	75	22	51	61	26	18	59	73	81	41	39
	51	59	62	97	99	83	75	78	44	88	15	75
	97	25	81	94	50	60	49	79	96	32	40	69
	43	62	36	36	17	93	90	40	59	56	70	15
	78	57	65	38	33	74	89	92	50	51	91	23
	21	61	16	73	90	17	38	58	25	93	90	12
	42	63	54	22	20	19	57	70	76	82	36	48
	74	25	96	44	28	43	40	47	44	38	22	63
	10	68	49	81	33	56	54	23	63	26	97	85
	61	85	11	16	19	84	92	23	92	19	76	19
	81	68	25	16	84	77	45	38	29	29	46	51
	75	97	58	37	96	14	59	85	18	74	57	57
	46	31	68	54	61	98	100	90	78	51	76	83
	32	53	83	71	38	97	93	96	36	65	70	45
	78	39	81	75	81	49	72	14	92	82	95	22
	51	92	85	17	30	90	25	23	48	70	87	96
	92	32	64	51	49	26	30	89	71	99	88	48
	21	92	26	55	24	38	20	48	20	96	82	43
	83	70	33	35	26	22	94	51	71	16	18	57
	81	72	17	32	36	31	96	67	64	97	84	95
	80	75	11	60	87	71	45	95	79	18	55	16
	68	75	27	61	76	91	55	89	68	72	75	76
	87	12	99	52	67	42	15	23	61	56	23	16
	97	94	67	91	41	31	55	41	86	92	50	92

	45	72	16	60	92	67	58	48	37	92	65	43
	79	100	50	47	86	46	96	63	31	96	23	83
	52	49	59	52	49	71	56	80	20	21	12	32
	24	62	43	46	55	25	50	34	16	51	66	73
	99	26	34	80	67	64	30	72	61	97	45	16
	82	65	67	85	68	24	78	90	11	19	40	39
	78	18	51	13	82	72	48	89	36	91	24	59
	37	97	39	12	81	12	49	21	40	36	35	15
	62	78	35	57	75	54	90	23	66	62	78	16
	41	13	25	39	10	31	93	61	85	23	76	30
	39	93	10	28	95	88	18	93	94	97	78	42
	15	24	23	22	86	96	60	34	43	50	45	75
	72	24	45	96	73	35	55	32	16	60	95	14
	92	97	25	88	28	25	57	25	45	39	45	22
	72	21	39	23	33	99	67	26	80	81	47	36
	11	90	67	48	55	18	56	41	88	79	60	96
	52	59	28	88	14	94	95	14	46	79	39	36
	76	61	67	52	49	65	73	81	52	47	57	70
	86	97	46	75	23	48	99	86	95	94	16	42
	94	87	27	64	11	18	35	99	87	95	65	70
	58	84	82	82	68	100	65	81	48	14	19	19
	36	64	89	96	64	82	77	67	46	36	92	42
	37	56	44	23	20	94	99	91	22	96	45	59
	47	60	45	24	39	19	58	27	87	44	63	93
	21	55	20	22	36	50	82	96	22	86	52	52
	91	93	27	54	91	85	83	17	74	17	55	61
	34	59	86	33	53	45	90	38	25	85	49	37
	43	52	38	68	89	61	55	86	22	65	81	30
	14	71	87	53	57	25	31	45	79	42	54	30
	20	24	78	56	78	82	78	56	90	67	76	99

	34	50	36	100	30	99	90	92	40	56	78	46
	18	88	24	93	54	35	66	90	67	71	38	98
	98	65	63	18	51	77	50	95	40	42	51	51
	27	60	74	31	50	81	57	73	46	71	20	14
	91	39	68	56	64	42	22	67	10	97	82	73
	21	86	57	12	73	42	69	69	23	88	58	82
	58	42	46	55	94	90	43	16	26	50	14	61
	38	16	72	64	26	62	77	97	81	20	56	89
	20	13	11	44	91	31	76	53	15	53	76	42
	66	20	12	91	38	55	59	81	17	59	21	20
	62	94	76	32	78	13	58	13	24	15	87	44
	92	73	29	92	87	43	93	77	19	19	79	48
	56	51	41	53	82	97	32	74	68	39	62	82
	63	89	59	86	41	16	75	42	51	37	10	45
	51	75	74	81	26	80	77	16	86	87	84	10
	77	87	80	73	24	21	64	21	33	38	93	84
	35	73	56	17	14	62	22	92	72	72	78	31
	62	59	80	81	22	59	35	65	61	27	87	84
	47	34	75	57	54	43	36	20	32	98	96	80
	18	33	79	52	52	99	43	71	89	89	80	18
	16	63	18	51	69	74	77	30	76	18	92	99
	38	66	58	30	95	84	47	86	82	37	60	68
	90	35	60	12	85	13	50	53	64	56	12	89
	67	66	91	67	17	35	81	34	11	63	23	14
	56	95	74	75	47	18	35	47	62	88	37	29
	77	29	28	18	64	74	86	97	24	46	22	81
	18	27	61	33	23	48	80	24	78	92	53	16
	60	98	73	30	27	58	17	29	35	79	45	57
	74	33	21	38	98	93	26	25	29	41	27	59
	97	86	15	31	75	53	60	24	92	95	72	36

	39	77	68	30	46	82	69	11	60	76	43	16
	32	83	48	91	26	30	77	38	97	38	64	89
	45	25	71	63	27	72	66	29	60	98	17	25
	68	99	73	79	11	59	42	27	100	19	87	95
	75	33	18	45	82	49	46	65	78	18	57	21
	32	79	97	74	78	49	11	44	59	62	25	69
	96	37	70	16	11	13	46	64	56	20	81	67
	41	71	38	19	13	15	88	92	58	25	26	79
	70	90	31	67	46	73	87	13	18	63	67	29
	85	31	38	21	40	30	33	56	18	35	92	72
	29	91	15	86	78	97	82	93	78	88	45	38
	33	99	21	93	21	90	40	39	13	14	12	72
	63	57	25	97	71	45	59	23	80	13	77	35
	79	48	88	85	34	100	14	92	23	34	65	41
	19	80	98	65	84	21	17	67	95	57	16	52
	87	61	65	69	79	41	86	90	81	18	54	16
	58	74	100	78	56	72	23	97	19	48	54	37
	80	42	45	84	37	59	40	50	57	46	23	18
	11	27	79	89	80	47	79	30	62	18	77	100
	12	14	93	99	18	32	40	46	93	92	78	45
	12	30	38	82	16	52	68	57	68	83	84	43
	24	48	89	29	96	14	36	80	54	31	97	35
	14	94	68	80	10	69	62	70	40	40	70	83
	13	53	18	96	88	89	11	12	68	74	51	86
	78	73	26	78	23	21	84	77	46	63	58	48
	15	78	89	45	15	79	22	29	96	76	34	40
	97	38	97	13	57	74	31	67	11	13	79	85
	15	66	48	94	66	32	71	100	27	55	61	20
	60	83	40	57	47	80	42	84	63	46	22	30
	98	24	90	86	29	80	77	17	96	93	42	99

	22	56	26	63	63	55	89	93	94	70	98	73
	52	42	73	36	29	20	37	53	84	82	27	88
	26	60	95	100	21	18	34	72	50	64	69	83
	91	95	26	43	52	32	32	92	30	61	89	14
	95	69	31	47	42	53	39	76	18	36	38	10
	71	86	55	91	56	53	62	100	72	38	94	71
	41	23	49	75	72	36	13	91	60	44	76	35
	66	33	64	95	87	87	31	19	16	68	21	25
	50	41	85	85	34	26	96	24	60	96	92	43
	89	86	48	41	71	81	79	20	76	100	30	60
	68	95	15	93	75	97	11	63	38	41	64	18
	76	41	93	94	26	81	28	44	28	99	28	22
	42	91	11	24	64	15	54	53	78	31	86	89
	22	85	44	98	39	59	51	67	36	30	17	87
	77	100	47	50	11	11	55	100	83	86	53	56
	85	34	22	16	68	80	50	73	13	69	45	30
	31	17	68	82	77	47	36	73	99	31	92	56
	57	28	79	66	53	71	63	19	91	30	96	90
	38	70	75	21	89	36	22	93	92	71	78	86
	40	63	32	67	79	76	30	19	89	56	34	99
	27	51	35	75	61	75	69	88	82	90	20	87
	62	35	79	33	40	40	54	78	79	65	99	89
	38	81	23	94	56	55	96	79	79	64	60	62
	58	56	13	56	17	54	45	85	55	52	11	21
	64	35	83	40	54	90	66	69	64	61	28	79
	80	55	51	24	78	50	25	86	47	39	36	61
	21	11	76	72	72	81	80	57	49	26	31	45
	36	99	42	47	23	20	33	55	79	13	52	89
	48	19	60	68	85	14	71	78	25	15	94	49
	40	36	24	26	76	64	51	43	100	57	74	29

	87	62	49	58	50	56	32	45	14	57	20	27
	90	33	42	93	44	31	99	53	55	51	59	47
	56	73	27	18	67	30	14	51	38	84	37	42
	12	23	50	48	46	85	67	23	82	96	61	36
	65	40	87	85	25	77	21	38	12	31	29	81
	67	41	35	85	26	22	27	42	54	19	27	75
	60	94	12	45	87	59	94	15	56	68	50	64
	42	50	55	15	23	73	80	47	46	33	91	56
	91	32	94	10	61	99	41	16	86	38	31	84
	60	16	20	26	83	70	98	69	75	67	75	61
	98	85	24	21	22	37	32	59	71	66	78	21
	77	53	21	57	25	21	60	63	14	75	73	55
	96	97	50	72	28	60	42	47	85	38	54	24
	85	94	92	64	67	98	43	58	70	34	86	94
	52	59	12	54	77	60	37	12	90	40	47	42
	12	22	100	91	34	73	88	79	65	16	65	92
	37	14	49	89	76	30	14	70	58	41	21	63
	40	55	94	54	23	28	13	84	98	83	95	55
	56	71	73	63	31	73	16	49	36	64	28	77
	95	85	79	70	97	76	84	29	90	62	66	25
	25	32	43	46	84	58	20	48	22	55	36	23
	93	79	41	37	35	75	45	97	12	89	18	69
	54	46	75	100	35	46	38	99	88	40	87	67
	17	23	30	57	89	68	69	64	45	33	37	58
	22	38	43	35	80	41	98	70	49	91	60	48
	88	94	97	82	55	66	23	47	98	86	31	50
	86	88	70	86	21	61	39	95	53	90	60	23
	71	68	39	81	54	29	90	45	48	49	93	95
	71	97	16	57	74	14	15	100	85	40	41	80
	96	23	42	45	36	62	15	86	77	97	35	27

	77	60	19	22	35	77	58	21	77	63	98	40
	90	50	51	78	14	20	52	83	84	41	24	24
	90	47	61	83	66	12	79	41	96	56	61	50
	78	77	16	45	38	96	32	79	38	32	32	97
	89	87	47	70	88	56	78	70	23	83	61	36
	99	95	41	60	10	41	28	11	86	19	78	59
	20	92	11	59	90	81	74	71	26	83	32	51
	68	45	29	51	94	47	69	19	18	53	31	73
	76	59	15	23	20	34	32	66	16	19	35	71
	95	38	39	19	57	98	15	89	78	71	67	38
	82	12	35	84	69	44	65	32	91	75	46	66
	87	73	26	81	65	63	21	20	68	12	69	34
	93	60	60	86	62	98	47	77	96	94	60	17
	99	19	31	55	53	68	89	91	60	43	14	42
	34	79	35	81	77	44	61	91	72	74	94	30
	42	85	73	74	49	49	55	24	37	77	25	19
	24	63	96	57	56	56	43	18	50	57	90	84
	62	69	65	55	60	56	91	87	49	22	28	53
	61	63	45	88	41	30	92	83	17	93	72	75
	82	60	12	86	63	62	57	100	35	76	82	82
	20	17	18	91	90	72	21	89	73	30	48	67
	33	71	70	53	91	95	71	49	46	50	87	38
	48	27	52	51	34	27	49	42	45	21	63	38
	30	25	51	77	19	31	66	85	70	23	94	37
	12	96	32	42	67	16	65	21	60	12	36	74
	99	58	44	46	80	67	86	70	54	21	49	63
	27	18	99	47	16	57	35	43	20	63	94	47
	86	11	100	22	39	37	58	86	87	84	49	12
	24	82	71	25	60	49	40	58	98	63	93	74
	46	75	48	42	87	46	29	49	37	61	17	15

	86	26	84	11	60	48	16	58	36	32	72	96
	66	87	48	58	80	95	84	64	93	17	58	63
	98	74	51	11	42	95	90	27	43	49	21	20
	50	17	37	16	49	54	85	66	16	94	33	82
	23	96	17	81	37	15	82	33	58	70	23	73
	92	81	41	62	82	38	30	83	42	28	94	54
	35	69	31	13	51	18	18	54	16	64	21	50
	99	26	32	95	42	63	39	46	11	90	37	32
	63	73	63	77	56	49	98	58	13	48	38	40
	85	99	77	69	50	81	93	14	85	24	79	42
	89	60	42	16	85	28	98	83	78	58	41	100
	84	52	36	24	86	30	16	30	35	24	55	51
	80	44	61	51	91	45	50	42	21	32	85	60
	86	15	61	37	31	48	58	84	39	15	62	25
	47	74	78	57	75	89	45	59	18	49	30	38
	66	62	23	27	96	97	85	86	25	69	15	30
	52	57	73	66	90	39	59	22	93	53	70	95
	95	30	73	85	24	81	31	62	20	72	35	12
	66	17	46	46	38	86	51	86	27	77	67	24
	37	41	38	56	19	12	31	23	90	56	73	43
	97	77	63	49	83	18	87	70	54	54	26	88
	14	15	16	82	58	18	45	12	43	96	24	97
	74	90	42	99	29	88	69	61	45	26	56	42
	38	14	88	64	16	59	54	96	66	60	24	90
	42	40	64	47	54	75	44	18	17	31	13	17
	17	19	16	68	22	75	46	49	53	39	77	30
	33	18	51	67	22	98	84	26	82	91	98	100
	43	41	58	30	17	48	23	63	28	84	22	38
	99	45	97	13	85	25	34	40	91	83	56	57
	30	10	19	32	20	11	18	35	94	24	87	63

	27	18	65	32	22	81	63	72	28	30	69	66
	18	49	59	95	56	81	20	58	98	44	44	84
	77	19	47	95	72	93	93	73	96	34	71	66
	82	59	64	60	30	49	36	84	16	17	44	30
	36	44	74	83	21	25	95	62	69	49	63	70
	16	92	67	96	60	89	58	77	38	37	17	77
	72	61	97	84	83	78	80	80	46	34	94	91
	49	29	93	27	91	100	95	14	33	28	39	61
	78	51	22	79	11	97	23	85	58	20	28	94
	90	84	82	26	50	82	18	21	44	90	45	68
	50	72	38	84	22	26	36	65	99	15	38	18
	78	66	90	22	56	29	43	53	12	51	65	68
	37	62	89	33	16	19	74	85	32	71	11	44
	56	48	46	56	80	56	20	65	51	15	44	85
	89	73	39	84	99	20	81	24	16	35	40	52
	49	55	27	43	63	14	24	52	64	73	15	62
	42	90	42	35	89	70	87	52	40	46	38	83
	69	27	86	65	41	77	15	48	63	99	93	66
	68	73	24	22	81	34	43	93	63	24	60	87
	72	59	40	63	29	64	20	37	43	97	21	45
	78	40	70	78	62	52	95	17	37	57	58	11
	60	52	67	66	15	27	90	100	78	90	29	75
	97	87	54	12	63	79	78	15	73	53	60	72
	29	83	64	88	30	76	93	76	80	52	94	12
	54	93	69	53	69	59	45	62	86	99	79	73
	73	45	14	48	45	56	83	96	38	18	22	64
	30	63	42	71	22	43	25	49	43	88	83	80
	58	97	50	52	85	43	84	45	22	82	10	80
	16	81	49	96	16	20	62	52	80	30	82	96
	90	51	25	10	86	81	81	85	18	31	25	97

