***** PARAMETERS PRP *****

Number of Customers = 30
Number of Products = 10
Number of Vehicles = 5
Number of Periods = 12

B = Production capacity
	49370

b_p = Time required to produce item p
 	1	1	1	1	1	1	1	1	1	1

c_p = Production cost of item p
 	800	300	300	800	800	800	800	300	800	300

s_p = Setup cost of item p
 	800	300	300	800	800	800	800	300	800	300

M = Big number
	197478

U_pi = Maximum inventory upper bound of item p at site i
 	197478	182	78	77	345	287	105	190	318	175	264	167	252	233	185	108	186	123	172	343	317	150	110	96	148	251	213	303	196	161	252
	197478	262	101	295	200	92	114	89	114	212	159	173	217	123	333	273	206	167	134	370	115	271	257	263	114	210	168	174	238	209	133
	197478	193	231	156	139	175	159	124	197	224	188	312	301	112	164	113	251	271	102	78	214	152	242	139	221	322	185	114	325	264	105
	197478	106	188	100	163	90	164	251	187	207	267	105	143	119	308	215	260	235	211	263	185	128	328	171	332	198	267	182	250	240	123
	197478	327	217	188	222	104	252	87	283	277	213	101	203	252	248	285	313	142	99	170	211	269	183	296	230	272	210	216	126	172	273
	197478	165	225	225	114	158	308	110	94	176	107	289	101	171	160	190	171	319	106	233	107	195	183	183	258	203	226	248	114	121	113
	197478	220	143	245	141	212	146	254	105	95	124	236	207	193	190	100	110	138	190	264	153	179	139	137	345	206	264	95	135	126	211
	197478	122	217	99	134	313	83	231	214	124	127	179	290	95	220	282	189	276	193	294	297	143	262	190	167	316	204	152	198	279	355
	197478	228	99	176	221	170	133	183	219	245	181	212	254	195	109	212	119	251	211	251	109	291	145	198	148	230	208	182	285	125	175
	197478	330	96	104	118	106	266	197	59	168	275	125	194	190	248	171	271	177	200	208	110	289	90	260	150	168	150	172	186	112	203

I_pi0 = Initial inventory of item p at site i
 	0	170	55	39	191	268	66	103	64	78	81	55	79	205	140	29	117	83	133	256	162	59	102	54	84	70	153	224	196	125	169
	0	242	84	241	119	31	73	84	69	71	78	144	56	91	273	69	88	76	35	362	72	66	76	124	110	197	149	169	138	199	118
	0	148	165	112	50	122	142	60	127	159	72	237	228	106	93	111	178	164	18	54	117	95	97	112	212	136	93	79	280	201	39
	0	64	61	79	139	49	23	176	92	70	131	84	36	94	166	74	196	48	91	145	180	63	129	79	262	79	86	178	62	51	49
	0	81	90	130	142	92	136	86	119	140	127	78	126	186	58	113	217	79	94	162	75	174	172	157	25	171	152	205	46	108	142
	0	135	79	95	30	78	86	41	48	104	39	128	41	157	131	174	127	40	89	70	39	162	126	91	159	167	34	62	98	82	86
	0	194	38	210	79	96	53	73	87	26	91	76	134	167	182	87	52	111	153	62	134	161	14	92	98	189	214	86	88	59	156
	0	41	175	27	66	166	25	140	94	91	71	111	236	78	51	57	84	146	179	154	269	60	213	185	40	82	195	81	171	110	79
	0	148	96	76	170	158	81	170	144	44	117	160	121	44	44	115	115	97	78	144	64	66	57	86	96	123	84	100	267	89	42
	0	148	76	17	59	68	185	113	40	110	98	100	150	183	97	57	180	84	200	205	92	192	13	245	129	69	49	38	148	69	169

h_pi = Inventory cost of item p at site i
 	8	1	7	1	7	5	7	9	9	1	5	4	5	9	1	4	4	7	1	8	9	9	7	7	7	2	7	3	2	7	8
	3	3	4	9	6	9	1	1	6	2	3	4	7	4	8	1	6	2	7	5	4	6	1	7	6	9	5	6	7	2	7
	3	3	3	8	6	4	3	2	1	8	5	2	9	4	8	5	9	8	1	1	1	2	4	1	7	9	2	3	9	5	9
	8	5	1	7	5	4	4	9	1	4	5	8	1	8	6	2	6	9	6	4	4	4	6	6	8	7	7	5	7	6	5
	8	3	7	1	1	9	2	5	1	3	7	2	3	6	5	7	4	5	5	3	8	1	7	7	4	9	6	4	5	8	1
	8	6	1	8	9	5	9	7	2	6	2	2	1	3	8	4	8	7	6	9	5	2	4	4	4	2	3	3	2	7	5
	8	4	6	7	1	5	1	5	9	8	5	9	7	4	1	1	6	8	7	2	2	1	6	3	9	9	1	8	3	2	8
	3	8	2	4	9	7	2	7	5	5	9	3	9	3	3	2	9	6	1	4	9	6	9	4	6	2	7	9	7	1	7
	8	9	8	2	3	9	2	6	5	6	7	2	6	4	3	4	5	5	3	2	9	9	2	9	5	3	7	6	9	2	1
	3	4	3	2	2	6	7	8	3	4	5	5	1	2	2	1	9	2	3	7	2	4	3	7	5	1	1	5	7	9	3

C = Vehicle capacity
	3700

f = Fixed transportation cost
	30411

a_ik = Transportation cost for traveling from node i to node k
 	0	368	62	517	465	556	300	505	541	577	498	81	546	215	486	702	597	234	335	502	713	527	769	524	753	467	712	487	500	167	105
	368	0	422	438	657	418	552	404	179	256	373	403	227	537	680	409	313	143	131	146	347	184	479	458	407	118	345	119	215	530	293
	62	422	0	523	423	569	253	515	591	618	513	50	587	157	443	736	632	283	376	559	768	573	801	527	797	524	764	540	538	109	139
	517	438	523	0	396	81	423	39	453	359	75	474	350	510	414	359	300	396	313	542	638	393	395	23	506	533	593	471	295	587	419
	465	657	423	396	0	476	173	422	759	709	448	385	688	296	24	748	671	535	538	799	959	711	790	381	879	774	929	745	626	407	432
	556	418	569	81	476	0	494	60	403	297	58	522	292	573	494	280	229	402	304	504	578	341	315	99	431	500	529	431	244	642	453
	300	552	253	423	173	494	0	434	684	662	450	219	636	126	191	735	644	415	451	698	881	645	789	415	843	669	861	655	576	237	287
	505	404	515	39	422	60	434	0	415	322	37	467	312	514	440	328	264	369	281	505	600	354	369	61	472	496	555	433	257	585	405
	541	179	591	453	759	403	684	415	0	130	379	566	117	691	782	277	210	308	234	130	200	62	342	475	234	149	178	72	160	697	456
	577	256	618	359	709	297	662	322	130	0	286	585	32	692	730	156	82	347	243	257	281	79	225	382	183	270	234	188	87	719	479
	498	373	513	75	448	58	450	37	379	286	0	466	276	522	467	300	231	348	254	471	564	318	344	97	439	463	520	398	221	588	396
	81	403	50	474	385	522	219	467	566	585	466	0	555	144	405	697	594	262	344	544	749	544	762	478	766	511	742	520	503	135	112
	546	227	587	350	688	292	636	312	117	32	276	555	0	664	710	183	97	316	212	240	288	59	253	372	212	249	246	168	63	689	449
	215	537	157	510	296	573	126	514	691	692	522	144	664	0	311	787	688	394	460	681	880	661	847	507	875	649	868	650	607	112	247
	486	680	443	414	24	494	191	440	782	730	467	405	710	311	0	767	692	558	561	822	981	733	808	397	900	798	951	768	648	422	455
	702	409	736	359	748	280	735	328	277	156	300	697	183	787	767	0	106	483	371	407	371	234	71	379	166	423	311	342	206	830	600
	597	313	632	300	671	229	644	264	210	82	231	594	97	688	692	106	0	379	266	336	356	155	175	322	209	345	303	264	103	727	495
	234	143	283	396	535	402	415	369	308	347	348	262	316	394	558	483	379	0	115	287	488	293	553	411	520	256	482	259	278	390	151
	335	131	376	313	538	304	451	281	234	243	254	344	212	460	561	371	266	115	0	263	431	202	440	332	422	242	412	208	166	478	237
	502	146	559	542	799	504	698	505	130	257	471	544	240	681	822	407	336	287	263	0	216	182	471	564	346	36	232	75	265	667	435
	713	347	768	638	959	578	881	600	200	281	564	749	288	880	981	371	356	488	431	216	0	251	413	660	233	252	63	231	346	876	638
	527	184	573	393	711	341	645	354	62	79	318	544	59	661	733	234	155	293	202	182	251	0	302	415	228	192	219	111	98	677	435
	769	479	801	395	790	315	789	369	342	225	344	762	253	847	808	71	175	553	440	471	413	302	0	413	188	489	351	409	276	894	666
	524	458	527	23	381	99	415	61	475	382	97	478	372	507	397	379	322	411	332	564	660	415	413	0	527	554	616	492	317	587	427
	753	407	797	506	879	431	843	472	234	183	439	766	212	875	900	166	209	520	422	346	233	228	188	527	0	374	171	304	269	900	659
	467	118	524	533	774	500	669	496	149	270	463	511	249	649	798	423	345	256	242	36	252	192	489	554	374	0	267	82	266	632	403
	712	345	764	593	929	529	861	555	178	234	520	742	246	868	951	311	303	482	412	232	63	219	351	616	171	267	0	226	307	872	631
	487	119	540	471	745	431	655	433	72	188	398	520	168	650	768	342	264	259	208	75	231	111	409	492	304	82	226	0	191	647	409
	500	215	538	295	626	244	576	257	160	87	221	503	63	607	648	206	103	278	166	265	346	98	276	317	269	266	307	191	0	637	400
	167	530	109	587	407	642	237	585	697	719	588	135	689	112	422	830	727	390	478	667	876	677	894	587	900	632	872	647	637	0	243
	105	293	139	419	432	453	287	405	456	479	396	112	449	247	455	600	495	151	237	435	638	435	666	427	659	403	631	409	400	243	0

coordXY = Coordinates (x,y): line zero => x line one => y column => customers
 	23	68	49	485	458	482	287	457	142	271	432	95	254	163	473	413	350	90	179	15	65	196	469	500	297	7	127	87	271	52	97
	216	581	160	448	53	528	75	474	743	736	500	179	710	53	35	799	715	440	512	717	927	713	842	431	917	682	920	698	650	52	290

d_pit = Demand of item p at customer i in period t
 	46	48	76	40	76	93	29	20	64	88	67	82
	55	24	26	23	16	24	45	26	87	65	21	57
	39	73	40	15	70	11	10	72	37	26	46	25
	64	44	83	60	39	45	99	92	73	91	96	41
	15	90	85	78	99	11	72	12	83	86	20	38
	23	43	41	33	88	55	51	89	62	12	81	53
	11	27	65	44	64	26	38	68	34	71	86	37
	49	15	82	88	59	37	30	93	45	90	93	83
	78	40	65	91	32	20	75	69	62	50	95	23
	81	31	93	12	86	12	88	45	23	94	56	13
	45	10	31	99	18	32	88	68	72	46	69	88
	79	30	26	69	74	51	37	65	32	21	96	25
	83	47	75	100	12	13	11	52	52	27	15	73
	42	78	20	48	46	49	35	89	10	95	31	13
	29	80	25	78	75	26	95	69	69	29	16	56
	73	44	75	98	17	14	84	26	78	55	86	93
	83	75	40	22	86	82	36	91	48	56	63	58
	48	85	95	28	22	84	32	93	55	15	85	45
	86	75	95	49	64	75	35	94	59	89	23	79
	86	50	26	65	14	93	94	66	92	59	83	32
	42	17	33	36	70	19	89	89	14	60	54	75
	56	46	67	56	59	87	30	97	14	13	50	85
	24	30	86	29	38	12	95	78	22	88	18	56
	84	55	78	67	40	49	74	11	29	21	45	40
	20	28	22	39	21	99	88	78	47	74	51	35
	73	80	15	41	55	13	27	33	77	59	89	76
	60	66	98	86	58	31	83	53	10	64	72	46
	72	85	39	65	67	17	84	91	79	83	42	58
	65	60	37	28	40	40	64	34	92	67	80	37
	79	24	66	38	98	69	37	64	96	48	86	50

	57	98	76	11	78	66	90	39	76	90	49	55
	84	62	94	75	42	52	21	41	26	13	20	73
	50	88	69	34	62	43	91	18	72	89	60	32
	67	52	25	14	68	70	28	57	35	71	50	63
	31	18	18	39	79	61	33	50	48	95	69	12
	73	72	94	50	93	22	60	18	55	81	17	46
	24	60	37	83	38	13	50	37	22	19	72	78
	44	25	39	99	78	38	55	46	47	80	34	97
	71	41	35	42	33	13	94	83	100	46	38	39
	18	60	53	36	18	74	98	46	97	35	60	40
	57	87	23	67	34	57	14	49	88	92	39	83
	56	61	91	94	83	69	74	87	59	54	92	47
	91	97	41	54	20	13	28	35	81	98	95	82
	28	82	67	96	87	87	37	16	81	98	65	56
	58	11	28	87	90	53	97	62	83	25	23	38
	88	17	76	80	58	89	57	25	64	17	20	27
	76	96	12	79	93	57	12	51	99	33	24	37
	35	84	85	66	43	66	56	98	76	73	43	77
	84	100	99	79	70	48	24	91	85	13	97	99
	72	88	58	20	68	52	52	100	87	21	22	47
	66	61	54	51	14	31	82	92	39	91	35	34
	13	63	12	72	51	58	15	94	83	20	45	91
	76	48	58	100	97	95	64	33	47	45	39	88
	48	62	28	13	95	27	84	14	67	58	91	99
	94	46	57	79	14	100	33	15	63	24	62	42
	67	10	13	59	20	18	16	10	67	26	53	43
	81	88	54	63	78	13	53	41	88	21	30	87
	68	46	24	77	26	96	22	20	35	45	50	63
	48	99	52	23	62	14	79	38	48	79	72	12
	51	67	75	89	67	18	13	22	12	17	56	43

	97	51	86	53	76	22	58	81	63	71	99	14
	68	25	24	48	31	46	82	11	23	82	96	19
	25	24	63	80	70	70	63	23	98	13	54	39
	50	12	39	99	77	31	26	36	30	22	75	57
	27	95	84	86	48	46	24	86	96	52	34	23
	36	89	17	90	20	52	34	93	96	68	22	19
	60	69	35	79	52	94	77	28	80	55	36	79
	30	38	59	64	37	62	44	87	36	15	98	22
	75	84	36	92	70	71	80	13	18	67	14	52
	47	25	29	53	27	67	43	64	23	47	42	96
	88	80	69	36	44	88	75	44	52	66	50	57
	80	52	96	79	10	48	86	61	28	40	63	79
	81	25	42	62	15	73	94	44	45	65	94	30
	57	36	57	75	40	27	38	11	60	82	95	78
	91	20	100	69	69	51	81	14	81	20	32	51
	97	81	99	29	74	83	23	73	20	90	14	69
	11	43	59	51	80	98	61	60	95	15	42	36
	18	99	47	39	32	16	72	86	23	54	32	96
	17	37	58	32	43	35	32	20	51	39	37	69
	55	20	42	74	82	65	25	81	37	89	35	36
	29	66	18	85	47	86	23	75	63	61	22	31
	12	85	53	83	72	82	21	49	12	71	97	88
	75	14	23	35	92	98	24	40	28	28	18	82
	85	28	99	14	11	32	47	63	31	78	91	83
	90	46	90	13	20	38	92	26	98	80	84	96
	93	65	77	67	92	15	23	59	57	76	29	86
	79	93	42	71	77	32	19	40	78	41	21	90
	55	85	49	91	52	88	21	66	50	53	96	74
	23	59	53	66	78	14	95	73	28	32	61	51
	39	11	92	83	10	33	55	62	63	66	78	38

	64	67	32	56	82	76	43	13	11	68	26	97
	39	22	85	41	18	32	84	91	47	11	64	31
	33	46	70	15	53	20	51	81	53	73	72	34
	81	47	11	99	47	75	72	70	24	60	17	49
	49	93	74	71	16	52	29	74	18	11	32	22
	23	63	28	35	31	24	69	34	32	95	41	18
	72	61	43	25	27	88	80	60	47	18	71	11
	18	13	26	35	43	99	18	28	98	34	67	82
	70	14	64	24	84	20	55	47	65	67	52	59
	46	35	50	50	72	48	26	91	54	44	29	95
	84	77	87	24	49	64	65	50	28	13	20	67
	15	21	81	33	61	65	30	22	34	63	87	58
	94	84	25	54	23	87	47	15	87	47	77	75
	20	82	64	49	93	47	96	51	65	99	51	22
	12	23	39	41	36	44	17	72	60	11	84	77
	71	55	70	86	69	25	60	85	93	68	42	57
	14	34	50	79	90	19	70	95	26	89	55	83
	91	48	84	30	73	39	54	43	72	38	30	30
	51	94	95	44	60	62	89	66	56	95	11	66
	80	23	77	46	99	74	53	74	57	42	95	20
	63	84	93	95	21	72	64	88	27	32	99	29
	36	93	66	73	91	83	19	77	74	29	71	76
	37	42	18	44	99	66	38	62	94	63	75	44
	97	30	74	61	34	46	91	40	91	57	88	88
	59	20	25	66	96	19	90	67	40	16	75	20
	18	68	82	78	79	46	17	56	24	66	29	77
	68	88	22	47	91	53	50	84	93	35	20	75
	24	12	26	53	46	71	94	40	51	31	72	80
	51	49	76	20	79	12	23	34	26	93	62	50
	16	33	71	46	37	39	82	16	23	44	13	71

	81	88	43	89	70	37	20	95	92	51	25	93
	44	46	80	62	27	57	25	80	21	94	57	59
	69	61	97	14	97	95	16	55	14	71	93	69
	64	78	99	38	22	19	18	25	83	46	80	95
	36	56	65	37	77	80	15	42	76	65	31	44
	25	28	83	89	42	39	21	50	13	70	98	46
	10	52	24	28	10	33	60	16	49	94	50	97
	81	16	22	55	54	56	57	52	43	94	73	75
	36	21	83	11	56	78	86	29	32	97	95	41
	28	12	87	90	35	77	33	52	80	18	39	89
	78	35	64	92	14	22	37	34	77	89	11	51
	52	11	11	52	73	42	21	22	40	23	71	68
	76	72	38	28	65	54	18	49	13	61	94	36
	58	19	84	85	20	39	21	84	57	65	42	22
	89	24	97	74	79	20	46	29	84	50	31	61
	61	85	31	40	77	63	80	26	46	79	88	75
	79	91	35	95	25	24	34	27	70	23	14	49
	21	53	20	66	74	98	18	41	57	41	63	41
	58	47	57	52	92	44	48	51	79	82	14	57
	60	15	99	62	44	31	30	88	57	21	32	95
	14	35	70	55	52	12	94	50	94	42	35	92
	90	38	21	23	79	32	36	54	68	28	23	58
	11	62	84	87	99	74	53	39	59	25	97	20
	25	92	26	74	33	72	73	86	73	28	73	34
	32	97	42	66	60	93	58	10	75	85	22	12
	16	51	85	35	85	54	10	63	30	68	82	50
	77	68	22	38	62	38	81	60	97	11	51	44
	24	22	33	54	71	85	18	43	85	15	15	37
	54	54	86	26	32	34	62	60	94	62	90	33
	27	24	91	28	68	78	39	96	92	79	97	100

	95	40	36	28	96	12	29	68	42	53	89	71
	42	37	48	29	37	49	88	22	44	38	69	37
	95	23	20	74	15	53	48	37	88	23	25	38
	30	18	64	49	25	73	40	46	95	99	70	72
	24	54	47	71	32	65	37	61	66	34	63	76
	86	57	42	49	57	53	51	43	22	99	86	94
	41	56	16	44	62	92	50	54	78	32	41	92
	48	49	49	30	11	18	51	68	33	99	52	56
	51	53	95	62	86	49	37	22	17	77	64	90
	39	78	43	80	76	74	44	50	68	45	14	31
	75	53	19	81	82	26	81	67	80	18	47	64
	41	42	66	63	67	43	42	22	26	41	55	97
	74	83	70	13	55	21	73	77	63	52	48	53
	66	36	29	31	41	23	86	74	87	46	71	51
	96	44	34	31	80	12	56	63	27	20	68	40
	57	51	19	78	88	83	12	72	89	44	36	56
	40	71	90	30	58	70	71	84	51	96	53	51
	50	17	22	53	70	78	23	96	50	76	80	19
	70	76	64	85	40	55	40	31	94	57	66	21
	39	72	55	35	23	87	45	68	43	72	83	18
	17	73	72	79	78	55	22	61	73	91	65	92
	31	24	71	75	51	21	51	10	30	69	41	76
	91	13	98	12	18	87	71	24	44	26	22	43
	57	33	69	50	27	82	24	83	43	95	36	21
	54	68	45	29	65	97	67	52	18	62	34	17
	34	78	74	64	51	44	54	95	45	70	49	20
	14	24	24	98	54	57	57	88	56	38	51	34
	98	90	15	53	39	85	24	88	66	39	26	63
	35	47	100	34	91	89	91	14	47	77	75	24
	86	79	30	53	60	93	50	58	83	63	12	11

	67	79	48	49	26	97	39	99	33	57	54	11
	13	25	83	98	34	50	87	66	20	26	11	60
	39	82	89	18	79	46	32	47	75	71	98	59
	79	74	36	95	91	63	96	32	100	78	58	45
	47	49	37	46	50	64	87	14	43	77	28	95
	20	33	62	27	60	15	51	70	75	51	38	82
	73	75	50	31	34	97	56	22	71	80	77	96
	87	21	90	72	68	53	35	47	43	49	30	36
	26	75	95	30	89	57	25	26	33	41	16	55
	91	61	100	47	45	24	26	100	85	32	48	86
	33	25	18	81	33	63	12	75	85	31	12	99
	84	50	85	48	72	40	45	19	14	46	19	98
	11	93	63	64	25	40	40	54	53	32	73	32
	84	98	23	41	31	58	13	92	40	17	49	25
	33	54	13	21	80	31	98	61	23	41	85	59
	16	36	60	46	14	59	52	11	91	92	90	95
	25	86	67	10	24	86	47	32	33	31	54	57
	19	89	45	63	74	21	83	90	58	50	91	76
	62	64	59	79	79	57	88	57	39	82	61	64
	96	38	100	84	22	64	29	23	35	59	45	15
	49	25	87	89	97	80	25	81	52	30	59	41
	14	80	42	94	39	87	71	86	59	97	87	80
	92	46	98	100	43	54	42	84	53	69	43	97
	98	39	45	92	80	42	57	60	91	71	90	64
	23	95	26	45	46	38	13	40	83	76	51	81
	98	85	31	96	49	31	81	32	61	89	49	90
	62	24	31	51	49	77	27	72	61	40	30	44
	41	22	25	90	21	67	15	76	43	74	11	54
	59	63	70	98	46	86	80	40	49	37	58	71
	43	83	30	40	19	82	69	70	62	15	87	32

	41	16	13	59	73	65	56	41	19	28	22	53
	54	57	64	56	23	63	22	21	96	94	66	35
	13	14	11	37	87	43	49	89	66	23	82	82
	66	12	40	56	25	43	55	29	100	50	19	39
	84	82	61	88	24	75	37	68	74	36	88	33
	13	12	84	68	37	59	58	45	11	32	24	56
	61	53	26	22	43	18	99	59	16	74	44	40
	16	78	38	10	26	29	37	42	78	11	79	69
	91	34	14	41	17	62	25	17	11	57	90	35
	71	84	44	42	60	55	65	72	59	40	96	76
	97	14	74	62	48	87	32	42	27	60	82	90
	63	64	90	19	64	87	96	68	33	13	82	18
	78	36	59	56	26	55	26	58	26	14	83	50
	51	49	26	95	64	19	40	71	52	88	21	83
	57	34	15	32	54	63	57	31	97	99	64	73
	50	34	28	35	82	16	95	82	82	13	38	11
	87	59	81	45	64	73	29	31	97	26	17	54
	100	58	21	70	62	42	64	66	18	17	42	18
	36	55	63	81	62	68	53	44	87	23	81	52
	81	43	56	89	44	29	36	80	96	95	33	30
	60	45	31	61	86	62	32	63	48	47	24	12
	24	57	97	35	88	77	56	26	24	45	28	72
	88	97	76	41	73	27	78	42	32	86	78	43
	40	63	19	61	38	92	98	20	37	97	31	72
	82	98	14	90	66	28	28	30	91	99	90	42
	63	36	96	31	41	19	98	37	31	43	43	75
	81	84	67	44	74	48	86	99	96	76	94	65
	73	98	54	17	36	20	59	33	18	68	26	93
	29	32	49	36	71	14	69	78	97	62	51	81
	79	73	65	85	88	90	20	80	64	80	61	67

	45	92	11	43	25	93	67	94	39	45	92	37
	96	50	81	71	11	44	37	31	48	66	21	37
	48	28	89	36	48	91	27	96	55	57	51	77
	91	32	47	99	17	35	20	100	49	99	29	46
	37	58	63	98	58	77	40	29	35	62	40	81
	81	53	45	98	66	67	66	36	34	69	83	97
	84	17	69	67	71	100	65	58	72	26	62	41
	35	52	57	86	55	56	93	29	65	45	74	11
	44	79	72	13	41	75	94	30	14	58	34	33
	94	23	80	51	19	20	92	80	95	37	57	76
	47	79	34	59	21	37	75	40	28	83	47	85
	63	58	49	15	96	29	34	18	76	31	75	66
	44	97	41	98	84	49	20	90	82	46	37	93
	25	19	78	30	84	78	63	22	53	83	65	51
	31	23	34	27	90	22	17	24	39	67	86	48
	59	56	74	16	31	90	62	84	78	53	89	19
	97	77	69	21	43	47	76	25	11	68	24	45
	63	15	73	69	11	85	82	18	52	75	36	55
	76	68	88	71	90	82	26	100	31	41	65	15
	64	94	61	87	25	47	36	47	87	14	57	32
	48	18	65	47	54	17	66	75	69	73	99	68
	57	29	32	30	47	15	24	87	85	71	29	72
	86	83	99	40	29	72	73	93	31	83	46	56
	96	98	68	74	86	72	92	65	97	11	91	40
	85	16	22	96	71	86	22	15	25	55	30	28
	61	23	11	18	88	78	20	70	95	99	27	33
	100	100	20	56	39	33	31	38	20	38	23	47
	60	90	55	62	37	34	63	96	51	43	46	46
	89	63	76	14	76	93	90	65	37	38	22	87
	42	67	84	100	19	75	51	32	79	36	74	42

	73	16	59	66	45	60	94	84	52	87	87	70
	55	21	44	44	41	30	50	56	56	64	30	82
	17	76	25	14	90	45	33	55	66	48	87	70
	59	96	88	95	40	19	51	69	43	11	75	64
	32	36	57	77	27	71	76	67	29	17	66	83
	43	69	73	88	88	94	37	76	73	84	14	60
	80	33	89	70	61	92	22	26	11	24	29	54
	40	22	45	20	30	81	12	15	43	13	18	13
	85	25	69	50	46	69	54	50	97	34	26	68
	98	17	84	52	30	15	35	93	25	85	28	97
	45	55	44	22	89	69	47	65	77	74	92	73
	40	71	39	54	61	15	64	80	82	11	36	29
	90	57	36	29	38	38	69	82	73	91	68	90
	17	80	52	77	26	57	76	96	17	65	86	96
	57	63	45	78	64	10	70	64	63	40	71	59
	99	28	53	95	41	64	17	51	97	94	94	81
	84	56	25	97	96	65	95	17	25	39	82	27
	53	96	51	73	89	75	20	53	69	80	65	75
	44	17	100	44	24	44	67	48	55	41	67	73
	29	63	72	88	57	84	42	44	65	45	51	17
	92	85	15	46	76	91	51	88	72	96	61	95
	13	79	21	83	47	60	18	49	51	63	27	26
	91	71	50	33	94	82	94	71	38	48	64	43
	72	13	44	28	27	60	13	82	17	14	54	27
	69	90	61	31	40	67	78	15	73	67	11	70
	23	26	16	92	41	86	66	18	37	76	54	63
	38	69	18	83	58	72	47	59	12	87	85	61
	46	68	34	32	54	99	70	77	95	83	66	21
	38	31	13	35	29	21	61	23	64	55	58	21
	25	18	54	72	94	60	43	33	42	75	77	16

