***** PARAMETERS PRP *****

Number of Customers = 30
Number of Products = 10
Number of Vehicles = 5
Number of Periods = 12

B = Production capacity
	49435

b_p = Time required to produce item p
 	1	1	1	1	1	1	1	1	1	1

c_p = Production cost of item p
 	80	80	30	80	30	80	30	80	30	80

s_p = Setup cost of item p
 	800	800	300	800	300	800	300	800	300	800

M = Big number
	197740

U_pi = Maximum inventory upper bound of item p at site i
 	197740	107	216	204	246	125	95	163	277	122	202	229	257	171	159	117	187	96	103	163	269	294	123	302	313	182	141	162	199	254	68
	197740	116	236	129	139	157	215	309	180	175	126	127	277	180	325	186	151	174	250	288	244	128	307	118	94	123	196	132	174	98	184
	197740	193	191	216	306	197	163	256	104	154	205	161	260	248	104	218	305	186	93	113	308	152	87	275	155	296	109	277	244	393	150
	197740	274	277	100	213	171	105	255	230	275	223	155	150	206	273	201	236	191	186	177	117	270	165	183	117	275	106	173	138	107	337
	197740	137	266	111	130	237	163	308	100	168	142	196	190	109	248	253	152	109	278	230	106	165	239	237	181	115	184	92	113	272	265
	197740	94	223	198	156	212	96	205	207	190	105	124	102	291	202	102	327	329	104	313	96	226	253	153	107	107	199	105	221	260	134
	197740	183	267	107	180	302	258	190	114	230	306	271	185	124	184	196	103	250	124	93	179	192	163	148	216	196	181	171	117	338	110
	197740	118	235	120	253	120	130	201	226	166	152	227	277	150	318	298	279	224	109	200	291	100	147	192	181	180	219	117	227	275	115
	197740	125	251	287	114	185	122	324	247	230	110	317	268	154	296	207	279	176	194	287	162	214	214	297	149	259	225	254	128	152	172
	197740	97	251	155	129	88	166	67	253	104	107	102	164	243	296	291	309	198	345	221	217	139	223	221	197	135	115	298	211	232	210

I_pi0 = Initial inventory of item p at site i
 	0	36	126	193	45	80	14	137	148	118	11	167	233	70	66	78	17	78	95	99	127	234	62	104	193	78	90	92	161	250	47
	0	69	168	98	133	140	13	261	160	166	92	100	212	91	103	66	77	167	202	83	63	125	281	94	58	112	24	40	93	45	82
	0	155	181	189	27	24	57	55	99	93	93	155	92	87	104	216	159	124	66	86	99	85	66	179	150	255	63	60	165	38	137
	0	64	71	39	107	168	97	112	50	27	194	111	18	143	30	40	24	121	69	143	51	14	88	106	97	106	42	148	115	80	61
	0	87	196	95	68	221	82	215	85	98	23	66	43	16	108	201	62	85	162	226	76	99	150	56	25	73	56	35	91	255	136
	0	78	156	129	124	38	45	152	122	16	24	88	83	160	176	49	183	185	15	216	91	58	156	84	86	91	155	102	84	94	21
	0	139	211	107	166	81	143	111	60	83	250	242	49	39	172	83	93	199	99	76	30	67	48	49	121	123	165	45	58	155	26
	0	112	164	63	32	59	105	54	119	166	101	84	206	24	285	78	231	37	104	26	280	61	108	19	130	158	61	100	45	222	76
	0	91	193	157	77	108	18	225	193	132	80	213	241	104	116	42	218	49	164	188	76	123	103	166	140	70	35	162	26	102	126
	0	39	212	67	80	28	94	66	185	74	96	20	92	213	17	232	261	177	195	61	106	127	183	103	184	130	115	215	119	28	125

h_pi = Inventory cost of item p at site i
 	8	7	4	5	2	5	7	3	3	8	3	3	6	9	3	6	8	7	7	5	5	1	9	3	5	7	1	7	5	7	3
	8	8	1	2	7	9	9	6	9	1	4	7	1	4	8	6	6	1	5	4	1	7	2	6	5	4	3	3	9	9	5
	3	4	7	5	4	7	7	1	4	6	7	3	5	1	8	7	2	9	7	7	5	3	6	5	3	2	1	8	1	2	7
	8	5	9	7	2	2	6	4	7	1	4	6	9	5	3	1	3	2	3	1	8	4	6	4	6	7	8	2	7	4	4
	3	4	8	2	3	1	3	6	9	5	9	6	5	2	2	6	5	6	6	2	9	5	8	7	6	1	1	8	5	3	6
	8	5	1	8	9	1	4	3	2	4	8	7	6	4	3	4	5	9	6	1	9	5	1	6	3	9	4	9	6	6	8
	3	1	9	2	3	4	5	6	6	4	7	7	8	5	5	5	2	7	8	9	3	6	7	8	4	5	8	4	3	4	7
	8	2	2	2	5	8	5	2	7	7	5	4	1	6	4	5	6	7	5	2	5	3	1	8	1	6	7	5	6	6	5
	3	1	9	6	3	2	1	6	7	6	9	8	4	7	7	5	2	7	5	2	9	9	2	9	1	9	6	8	6	8	1
	8	8	9	8	7	5	8	4	7	9	5	5	8	8	6	6	1	9	7	4	9	3	4	3	8	1	1	3	8	2	4

C = Vehicle capacity
	3930

f = Fixed transportation cost
	29047

a_ik = Transportation cost for traveling from node i to node k
 	0	262	161	491	231	189	214	235	110	202	95	246	566	327	198	208	315	625	657	112	298	101	472	110	200	166	197	157	537	304	283
	262	0	405	366	185	383	281	104	361	440	221	506	349	68	365	372	76	438	432	186	560	359	211	154	91	253	400	298	317	139	32
	161	405	0	648	309	98	231	349	149	212	189	120	725	473	133	140	467	786	816	273	188	71	608	254	357	312	88	158	696	463	431
	491	366	648	0	544	673	621	467	527	551	517	701	207	337	670	679	301	176	279	381	727	580	407	435	333	342	684	610	208	230	338
	231	185	309	544	0	249	110	82	339	432	140	427	530	240	219	223	260	622	608	241	493	295	332	158	218	331	268	159	497	314	216
	189	383	98	673	249	0	151	306	226	303	165	209	722	450	38	43	453	795	809	293	278	143	570	246	355	355	20	91	691	467	412
	214	281	231	621	110	151	0	184	304	396	127	350	629	342	117	119	356	716	710	271	418	239	441	194	288	357	171	75	597	396	312
	235	104	349	467	82	306	184	0	344	433	161	461	448	160	282	287	179	541	528	205	522	318	265	134	153	291	325	216	416	238	135
	110	361	149	527	339	226	304	344	0	94	200	174	634	423	250	259	405	680	727	185	210	84	572	215	287	186	224	236	608	375	379
	202	440	212	551	432	303	396	433	94	0	293	180	682	497	332	340	475	714	775	256	182	164	649	301	359	226	297	326	659	432	454
	95	221	189	517	140	165	127	161	200	293	0	300	557	288	155	164	289	632	645	149	362	159	420	83	192	231	181	93	526	304	249
	246	506	120	701	427	209	350	461	174	180	300	0	804	571	246	251	561	853	896	348	69	147	714	352	445	360	193	277	776	542	528
	566	349	725	207	530	722	629	448	634	682	557	804	0	290	709	716	274	115	94	456	844	665	274	477	369	457	737	642	33	263	317
	327	68	473	337	240	450	342	160	423	497	288	571	290	0	431	438	41	386	369	242	624	425	153	221	139	296	467	364	257	130	44
	198	365	133	670	219	38	117	282	250	332	155	246	709	431	0	11	437	786	795	294	315	169	546	238	346	363	56	68	677	458	395
	208	372	140	679	223	43	119	287	259	340	164	251	716	438	11	0	444	794	802	303	320	178	551	246	355	372	59	75	685	467	402
	315	76	467	301	260	453	356	179	405	475	289	561	274	41	437	444	0	363	358	221	611	415	182	214	119	266	469	370	242	90	44
	625	438	786	176	622	795	716	541	680	714	632	853	115	386	786	794	363	0	127	514	885	722	387	549	440	495	809	721	143	328	406
	657	432	816	279	608	809	710	528	727	775	645	896	94	369	795	802	358	127	0	549	937	757	321	566	460	550	825	728	121	355	401
	112	186	273	381	241	293	271	205	185	256	149	348	456	242	294	303	221	514	549	0	393	210	394	84	103	91	304	239	429	194	198
	298	560	188	727	493	278	418	522	210	182	362	69	844	624	315	320	611	885	937	393	0	204	770	407	493	391	262	345	818	584	581
	101	359	71	580	295	143	239	318	84	164	159	147	665	425	169	178	415	722	757	210	204	0	568	206	301	242	141	166	637	403	382
	472	211	608	407	332	570	441	265	572	649	420	714	274	153	546	551	182	387	321	394	770	568	0	363	292	447	589	481	245	260	196
	110	154	254	435	158	246	194	134	215	301	83	352	477	221	238	246	214	549	566	84	407	206	363	0	110	174	261	175	447	222	178
	200	91	357	333	218	355	288	153	287	359	192	445	369	139	346	355	119	440	460	103	493	301	292	110	0	162	370	282	340	113	97
	166	253	312	342	331	355	357	291	186	226	231	360	457	296	363	372	266	495	550	91	391	242	447	174	162	0	362	315	433	209	256
	197	400	88	684	268	20	171	325	224	297	181	193	737	467	56	59	469	809	825	304	262	141	589	261	370	362	0	110	707	481	429
	157	298	158	610	159	91	75	216	236	326	93	277	642	364	68	75	370	721	728	239	345	166	481	175	282	315	110	0	611	394	328
	537	317	696	208	497	691	597	416	608	659	526	776	33	257	677	685	242	143	121	429	818	637	245	447	340	433	707	611	0	235	285
	304	139	463	230	314	467	396	238	375	432	304	542	263	130	458	467	90	328	355	194	584	403	260	222	113	209	481	394	235	0	115
	283	32	431	338	216	412	312	135	379	454	249	528	317	44	395	402	44	406	401	198	581	382	196	178	97	256	429	328	285	115	0

coordXY = Coordinates (x,y): line zero => x line one => y column => customers
 	242	359	262	72	459	359	453	421	151	62	335	169	250	368	391	399	328	149	270	221	108	225	475	302	276	132	349	386	265	239	346
	336	570	177	796	415	188	306	487	275	246	351	102	901	637	207	201	639	954	992	446	70	237	746	427	533	460	171	274	872	639	599

d_pit = Demand of item p at customer i in period t
 	36	85	35	66	59	33	59	51	17	88	20	92
	47	30	49	69	92	55	15	58	57	59	20	96
	77	28	88	11	64	71	14	19	10	63	89	77
	45	60	95	58	77	18	69	72	77	16	51	99
	80	58	35	66	80	100	79	56	77	62	24	35
	14	87	61	64	25	83	41	73	40	22	17	42
	42	95	67	36	40	18	91	87	51	64	15	46
	57	91	13	38	10	39	63	65	85	88	57	59
	99	19	95	15	17	29	23	96	15	36	19	26
	11	28	43	92	53	93	70	14	77	17	64	43
	92	75	36	97	79	89	24	13	40	22	94	25
	72	93	68	43	37	63	42	62	71	91	76	52
	70	44	48	19	17	65	45	31	53	18	91	13
	66	82	18	77	39	63	11	27	47	77	69	58
	78	67	78	31	46	52	68	25	48	93	91	23
	17	73	48	55	84	25	13	67	81	14	46	39
	24	28	26	34	61	92	25	46	51	52	83	54
	66	29	31	11	13	51	34	58	92	88	86	60
	99	69	95	47	30	58	13	90	29	31	75	16
	87	40	82	38	26	70	59	55	85	30	22	52
	54	81	99	65	25	45	33	64	91	15	59	75
	62	95	46	88	38	19	56	47	80	62	80	65
	18	73	13	89	32	20	77	94	46	90	74	98
	97	96	35	89	70	81	62	84	68	22	32	16
	44	34	54	40	46	28	15	62	66	77	39	42
	90	28	73	51	24	55	48	22	39	66	40	29
	17	53	22	31	14	97	81	10	26	45	56	33
	43	36	82	56	64	58	51	92	91	87	68	69
	49	81	83	37	77	96	74	76	42	61	37	50
	16	31	18	51	50	73	40	54	12	32	12	21

	69	70	87	13	18	21	28	93	88	52	100	58
	21	54	93	89	30	21	29	82	96	93	68	33
	28	70	90	93	14	89	61	26	88	99	88	30
	71	62	31	85	10	10	45	18	81	42	27	74
	15	98	27	72	29	75	37	49	38	91	84	14
	13	72	35	41	66	40	69	85	46	48	41	90
	55	24	85	97	91	37	37	38	57	97	30	93
	41	76	43	50	41	33	37	21	63	46	46	44
	78	54	34	15	78	90	65	49	62	78	13	84
	14	78	70	70	33	65	76	46	77	50	95	81
	64	36	97	73	54	80	40	49	97	46	96	31
	63	85	64	85	74	75	27	12	17	39	65	58
	91	90	54	14	91	12	65	85	53	88	39	39
	30	73	52	78	48	64	82	46	86	62	64	95
	66	40	93	12	33	51	96	85	46	40	86	95
	77	79	34	86	14	13	23	53	69	47	54	55
	72	95	58	16	69	18	23	80	47	76	47	94
	63	43	82	14	50	43	26	79	46	87	29	39
	83	31	42	89	16	21	74	94	82	61	69	30
	63	32	72	54	14	74	81	45	48	27	64	11
	36	89	70	49	13	39	65	64	90	66	98	89
	42	80	82	77	74	19	74	70	30	60	74	55
	17	77	85	71	38	52	55	96	78	17	25	99
	18	40	14	63	33	81	54	30	56	23	76	74
	94	18	97	57	93	96	88	12	61	30	83	11
	24	76	85	73	52	61	57	85	67	66	44	92
	40	63	33	14	45	16	93	64	42	77	27	13
	93	93	60	70	34	11	71	28	52	59	97	26
	45	68	96	15	18	35	94	29	86	39	48	12
	67	15	76	32	51	90	77	62	61	91	63	51

	22	29	53	51	19	62	45	32	65	94	85	23
	21	74	86	70	88	21	86	94	95	16	16	95
	68	23	98	98	89	84	36	98	95	24	97	55
	10	17	96	62	37	27	64	91	85	90	67	89
	24	65	48	37	62	61	45	20	94	46	77	13
	42	15	69	85	40	73	60	96	44	60	56	13
	10	45	11	61	21	85	22	90	77	80	63	50
	13	86	88	24	82	61	37	37	11	53	89	42
	93	78	49	87	11	73	68	18	24	16	63	34
	49	44	65	56	75	21	22	66	14	58	82	63
	40	51	44	20	70	87	20	54	83	12	98	63
	92	59	81	66	87	89	41	67	65	19	20	93
	43	16	28	63	85	49	38	45	66	13	57	92
	56	48	51	15	33	16	48	93	22	93	57	92
	86	52	78	79	20	67	18	50	47	63	62	31
	62	59	38	72	44	88	71	76	87	82	28	24
	68	56	75	45	92	20	20	90	81	58	95	42
	46	20	34	65	70	24	29	68	23	47	68	65
	86	87	12	13	30	17	37	88	69	67	79	91
	99	79	39	70	81	22	27	21	65	92	84	59
	85	80	10	32	16	67	58	48	95	25	19	71
	66	26	27	28	78	20	76	59	33	21	57	31
	26	39	65	49	55	68	69	48	61	57	84	40
	81	69	34	88	67	48	20	37	17	52	72	33
	89	11	79	76	60	45	92	57	50	95	23	34
	63	49	19	46	81	14	82	78	20	89	23	88
	60	27	58	79	51	69	41	75	43	18	87	57
	88	52	25	68	63	76	79	41	61	39	77	63
	38	63	87	93	99	92	68	41	93	74	96	98
	51	86	87	55	25	38	11	29	62	82	27	45

	64	66	95	59	100	17	64	52	65	15	50	11
	49	22	88	45	70	82	23	96	98	97	85	75
	39	67	72	30	24	69	28	97	29	44	43	60
	31	28	48	40	96	47	67	49	83	55	30	64
	84	18	50	16	65	42	85	89	67	98	43	25
	97	52	12	13	91	45	91	83	60	16	41	30
	68	44	41	63	36	65	41	77	25	53	37	63
	50	64	62	36	63	60	58	27	47	58	69	96
	27	76	81	68	65	55	80	93	72	36	90	81
	60	97	37	69	18	87	24	54	19	72	49	82
	68	43	81	64	32	98	19	35	23	62	25	71
	18	57	57	39	62	31	80	59	86	61	13	38
	77	13	53	51	15	44	28	74	62	95	36	71
	30	90	45	56	20	72	75	53	66	32	21	94
	40	53	73	96	23	74	10	30	50	98	27	30
	24	79	18	97	35	48	40	86	92	76	92	22
	80	41	74	59	98	31	55	79	91	16	84	57
	69	100	24	22	36	30	25	12	49	27	96	67
	64	79	42	91	87	19	98	82	43	38	21	42
	51	90	83	40	69	80	40	17	61	71	20	82
	14	70	23	53	20	40	83	58	71	40	98	77
	88	61	63	94	31	35	27	89	60	32	66	13
	36	31	29	10	99	29	61	28	38	49	79	59
	97	63	62	33	34	65	58	21	71	89	62	46
	60	46	17	24	93	98	28	69	85	35	31	73
	31	11	11	86	89	21	97	87	82	71	14	35
	56	30	62	81	81	46	86	60	45	20	88	36
	55	60	29	33	12	69	35	42	34	60	69	55
	43	37	57	32	35	55	28	53	88	33	94	84
	61	82	94	53	92	31	77	57	93	86	58	25

	87	92	87	88	50	69	64	96	22	23	91	54
	96	34	66	77	39	75	77	33	64	94	88	55
	95	38	54	75	32	76	48	44	46	55	87	18
	55	13	36	32	46	48	44	49	63	86	38	10
	84	45	92	91	39	16	26	94	73	25	28	99
	82	30	86	12	91	28	64	36	78	19	26	99
	68	78	42	27	69	44	67	43	98	75	79	48
	85	34	31	20	84	80	31	65	46	63	23	36
	18	80	23	93	67	10	71	10	30	98	96	75
	23	26	65	61	14	32	94	78	14	19	81	62
	66	37	48	25	78	93	88	47	79	87	77	58
	43	96	42	31	36	93	87	67	69	82	42	72
	16	97	56	69	12	61	83	71	64	54	62	10
	23	85	94	12	65	16	72	11	11	80	40	86
	90	42	46	23	65	47	92	15	44	32	53	58
	62	32	56	33	30	25	24	87	37	54	96	73
	34	51	37	20	64	70	100	63	45	26	91	54
	89	49	24	54	35	76	39	63	23	76	71	69
	90	24	32	80	67	79	92	86	72	21	31	17
	76	38	92	55	18	90	37	39	54	45	19	70
	99	72	99	26	89	43	30	12	36	38	82	34
	64	86	98	68	71	20	97	74	30	22	14	72
	20	36	92	64	78	11	44	92	86	52	97	39
	10	15	100	77	80	90	17	75	46	88	70	54
	73	60	67	58	20	89	24	58	61	50	65	63
	56	66	99	15	78	41	78	71	50	60	87	36
	35	16	43	19	92	97	29	52	14	18	99	37
	91	45	56	15	91	91	19	22	70	74	35	70
	93	53	52	57	69	86	96	21	27	86	96	80
	82	54	25	33	13	53	79	73	13	71	83	56

	59	19	60	29	14	87	30	55	76	29	82	26
	76	80	39	11	73	18	40	79	10	55	35	18
	73	56	21	40	65	31	41	36	84	26	47	74
	41	83	92	25	12	61	18	63	81	19	70	57
	38	89	72	20	42	57	67	27	57	24	51	93
	45	58	54	18	17	83	57	53	56	85	32	18
	54	15	83	24	58	56	46	81	60	17	63	57
	57	54	11	31	64	97	52	84	11	91	40	29
	16	56	47	63	33	43	13	71	46	70	26	87
	24	27	13	53	13	28	96	39	27	13	55	31
	88	72	42	75	52	57	67	33	59	13	96	92
	83	86	22	83	59	24	15	60	46	47	67	18
	72	50	38	64	50	96	46	63	78	28	49	64
	88	77	11	98	33	21	26	85	14	87	12	53
	49	59	20	70	97	54	75	46	37	15	27	63
	52	95	36	45	99	67	87	99	44	69	43	48
	97	49	39	44	71	52	58	79	79	93	32	96
	15	97	33	39	32	92	91	46	50	63	53	10
	68	79	69	45	53	86	62	38	94	79	31	48
	91	86	83	13	20	48	28	67	36	13	12	80
	58	41	52	85	76	67	58	88	55	71	11	17
	50	56	50	67	52	55	94	35	21	24	63	39
	84	60	54	75	79	25	19	17	15	31	87	66
	38	48	31	63	64	69	84	11	15	72	84	63
	91	40	51	51	11	67	73	20	40	69	59	71
	52	24	79	39	17	38	49	85	44	70	67	32
	16	38	48	14	64	91	22	70	69	29	94	73
	84	97	82	30	56	74	24	27	82	23	53	31
	13	81	74	52	43	50	55	94	30	10	69	54
	21	85	98	14	70	59	96	35	93	92	43	100

	47	42	14	36	57	27	31	21	58	24	32	49
	12	47	86	66	85	51	23	77	85	57	21	31
	12	73	22	58	60	23	97	80	29	24	85	78
	82	84	20	22	65	37	93	74	89	37	90	27
	81	72	81	37	95	59	69	92	86	66	99	68
	96	47	76	63	48	18	26	67	62	18	16	82
	32	79	45	72	91	71	21	80	84	21	65	98
	60	67	49	20	47	91	98	71	61	85	19	14
	37	46	26	21	27	65	13	75	20	49	80	94
	49	92	72	37	69	12	73	47	94	51	79	60
	61	91	90	90	67	63	85	62	65	56	11	72
	30	19	25	70	67	36	70	99	38	48	13	39
	39	19	59	74	11	71	40	39	40	30	47	28
	99	73	35	92	57	44	87	45	63	11	53	75
	27	56	37	68	43	25	78	18	72	47	59	57
	14	33	46	71	86	54	96	15	18	32	83	68
	85	100	14	52	95	48	63	89	69	85	16	33
	99	43	73	88	41	60	83	25	73	98	30	33
	49	27	81	48	36	65	65	39	48	22	50	29
	30	37	83	79	27	20	26	52	25	57	47	53
	67	99	24	27	26	36	78	47	15	97	41	18
	48	29	73	59	95	43	24	18	59	85	52	66
	27	22	71	16	58	68	70	25	98	78	46	12
	80	41	60	87	90	16	83	25	63	35	21	48
	78	45	41	10	38	27	48	63	64	78	66	31
	89	76	46	65	56	36	91	99	63	35	11	58
	34	11	99	95	26	99	53	37	26	52	52	100
	58	45	94	29	48	26	63	85	79	57	84	35
	85	70	36	58	53	80	76	78	80	63	45	87
	26	90	68	71	88	35	68	13	54	54	68	24

	51	61	40	28	56	51	78	100	20	91	61	70
	38	91	35	63	72	15	59	82	73	48	84	45
	63	89	38	21	58	13	98	35	38	88	82	95
	32	97	37	76	47	68	40	75	52	18	14	52
	59	62	64	70	83	85	76	15	21	100	19	67
	30	75	67	85	72	92	41	28	49	93	72	73
	35	19	39	38	58	57	54	16	18	96	29	24
	59	38	22	83	52	59	14	97	72	38	47	96
	92	74	23	95	57	44	47	69	58	19	28	57
	37	64	58	53	43	61	59	77	29	36	63	28
	37	47	97	39	28	84	36	56	66	17	98	77
	84	62	60	53	46	60	62	51	11	83	34	59
	24	65	73	13	92	21	46	42	72	50	16	87
	16	97	74	98	88	49	24	67	73	27	54	97
	78	18	37	92	84	76	91	53	61	57	34	34
	45	92	94	58	11	78	95	98	75	81	26	83
	37	91	77	33	99	81	73	94	81	94	94	40
	58	46	91	84	95	72	23	20	12	67	17	71
	26	31	68	11	17	67	99	89	76	67	12	37
	73	62	90	55	79	15	65	19	60	78	51	52
	12	49	72	72	22	54	97	52	17	36	19	98
	23	38	47	31	92	49	29	24	89	48	45	72
	19	63	12	95	29	59	26	21	34	29	98	90
	58	60	12	52	36	92	84	78	88	54	88	21
	53	55	50	85	81	16	80	27	78	50	72	72
	21	40	99	92	62	13	53	88	41	63	27	59
	100	92	76	44	33	50	62	32	32	66	96	18
	45	62	76	56	75	30	54	31	100	81	41	31
	19	32	85	86	98	29	48	67	30	52	44	69
	76	92	41	34	80	46	61	88	91	27	24	28

	91	42	53	80	65	35	70	94	49	46	99	25
	54	29	47	63	35	88	37	14	75	36	66	59
	14	94	49	99	86	28	61	55	25	54	87	36
	12	65	100	68	98	60	55	61	19	28	67	50
	48	60	72	72	57	19	82	24	56	60	93	98
	18	29	72	18	73	26	36	28	16	23	98	50
	62	68	22	73	98	52	61	85	89	44	39	84
	48	65	80	22	46	11	93	39	43	74	42	30
	57	75	47	49	15	16	99	75	49	34	77	96
	39	15	26	71	97	22	70	43	14	81	81	100
	23	75	32	83	91	73	67	99	46	40	68	63
	82	94	65	37	26	61	39	50	65	29	71	23
	66	38	37	74	94	54	51	54	30	44	45	30
	38	78	23	92	85	58	26	49	85	53	38	86
	42	55	39	41	23	90	59	82	12	22	64	93
	51	88	15	64	21	82	52	31	83	30	77	76
	49	84	33	65	87	72	43	52	98	35	40	45
	91	73	77	19	64	84	64	98	89	13	24	80
	64	12	49	63	66	78	44	58	54	56	77	67
	59	17	14	64	51	15	83	70	57	11	29	16
	28	19	25	51	74	13	41	53	32	61	61	55
	66	10	27	11	80	95	88	18	48	31	15	24
	74	92	33	71	64	36	67	29	61	100	45	41
	43	97	43	92	28	19	25	39	36	67	91	14
	70	86	32	20	27	67	30	90	65	14	56	64
	35	72	49	78	100	87	31	20	95	53	43	13
	25	31	57	49	87	62	50	59	46	96	26	22
	26	75	48	12	58	31	43	85	99	11	11	14
	41	61	54	22	45	41	54	83	74	63	21	49
	75	51	83	54	74	99	27	85	13	24	79	22

	39	60	47	78	58	73	32	34	26	23	85	28
	85	55	72	73	74	26	24	59	25	48	29	32
	67	74	80	42	79	45	14	36	44	39	16	85
	43	37	32	45	32	53	41	49	29	24	77	52
	28	95	26	30	27	15	45	24	60	42	50	84
	94	55	46	45	17	38	13	82	20	12	39	38
	26	40	14	42	19	30	66	19	38	63	20	26
	78	70	37	41	63	36	11	99	24	27	32	89
	45	29	79	38	47	66	36	44	51	68	90	33
	84	12	12	24	62	73	49	48	25	76	96	79
	20	90	18	36	84	19	54	58	82	39	45	66
	92	57	90	13	61	12	89	77	84	26	26	29
	48	16	73	76	79	72	60	61	64	74	92	13
	17	45	96	68	43	60	80	74	63	23	65	76
	53	57	53	69	34	85	90	64	96	32	25	40
	84	90	87	65	73	85	40	85	17	57	15	44
	29	61	87	55	39	60	66	28	42	73	32	22
	92	12	91	54	94	44	86	78	74	85	81	37
	61	59	19	49	47	38	74	50	18	35	32	49
	65	41	18	83	54	83	79	95	23	46	46	17
	17	40	70	14	42	71	38	72	48	34	48	60
	93	29	61	92	36	62	17	32	71	72	63	40
	55	48	81	22	51	23	87	19	59	100	97	21
	86	98	64	75	47	65	73	31	64	92	50	44
	81	33	16	99	77	77	94	85	81	19	67	83
	93	22	15	64	75	88	28	55	49	71	40	90
	65	88	62	30	88	19	96	41	66	28	90	42
	64	35	20	90	31	53	86	37	26	43	51	97
	28	88	92	26	64	37	44	97	51	62	30	77
	14	56	55	87	58	92	77	24	40	55	61	12

