***** PARAMETERS PRP *****

Number of Customers = 30
Number of Products = 10
Number of Vehicles = 5
Number of Periods = 12

B = Production capacity
	49179

b_p = Time required to produce item p
 	1	1	1	1	1	1	1	1	1	1

c_p = Production cost of item p
 	30	30	80	80	30	30	30	30	30	30

s_p = Setup cost of item p
 	300	300	800	800	300	300	300	300	300	300

M = Big number
	196714

U_pi = Maximum inventory upper bound of item p at site i
 	196714	223	148	202	209	102	242	145	178	170	122	268	281	246	250	157	102	198	134	146	202	200	89	203	155	107	230	360	161	100	290
	196714	100	208	134	102	95	274	113	120	117	107	216	189	178	141	270	132	196	257	355	129	315	133	130	248	128	182	165	144	240	99
	196714	275	266	160	267	107	164	153	115	295	110	178	288	218	217	333	265	117	113	289	178	241	151	239	210	312	131	251	243	238	175
	196714	102	111	311	221	165	110	258	95	114	156	204	233	163	196	266	102	167	168	107	179	156	120	311	115	205	215	133	137	213	96
	196714	134	137	210	206	225	245	229	172	329	218	240	233	179	148	214	199	113	204	235	249	164	103	192	175	332	156	206	99	274	148
	196714	122	279	169	138	134	227	308	112	231	137	245	86	143	177	193	177	170	220	118	213	166	250	120	175	224	275	173	123	276	205
	196714	119	122	183	98	99	137	184	150	165	280	295	115	257	194	194	100	293	186	147	239	280	204	239	164	219	210	147	169	285	109
	196714	185	260	197	245	289	263	142	303	171	171	311	241	251	272	224	124	235	102	140	189	185	285	76	316	205	121	128	305	94	178
	196714	163	180	288	163	287	293	292	187	154	241	239	162	295	265	214	259	228	206	101	295	239	332	203	246	94	228	171	243	141	102
	196714	263	186	194	194	145	318	210	175	221	121	311	286	328	260	283	285	80	102	164	108	221	147	110	84	153	188	194	85	198	145

I_pi0 = Initial inventory of item p at site i
 	0	149	103	182	196	38	224	129	55	160	92	218	78	167	237	67	92	145	34	63	163	137	42	180	138	104	20	193	138	70	89
	0	34	164	88	94	71	121	99	82	90	87	173	126	67	110	188	112	155	221	128	99	91	122	108	221	50	19	30	144	62	11
	0	263	239	28	137	88	84	103	86	249	70	80	196	98	211	29	72	48	86	99	84	143	101	181	107	165	80	196	72	169	167
	0	86	90	175	142	161	82	76	67	95	44	132	79	58	82	48	40	93	160	94	168	12	50	97	108	157	149	115	131	56	91
	0	118	128	129	151	159	63	225	27	94	53	39	229	77	116	164	166	100	145	155	133	94	73	81	164	188	108	60	39	63	56
	0	53	213	154	42	94	18	42	51	95	78	234	86	121	78	157	31	24	105	79	123	99	96	77	106	75	219	94	42	73	184
	0	75	81	99	61	75	118	153	140	138	75	165	88	217	97	188	76	76	82	93	188	184	138	172	112	65	178	78	168	121	69
	0	121	195	157	82	114	68	84	59	149	76	101	146	168	135	170	74	211	30	129	140	182	142	61	62	172	82	57	138	30	99
	0	38	15	144	87	231	180	176	102	140	171	117	116	112	185	144	85	88	150	27	231	90	149	180	215	24	216	169	193	96	91
	0	167	132	127	55	93	141	91	149	177	62	126	78	200	79	135	60	58	96	141	95	173	90	72	44	56	130	14	24	45	123

h_pi = Inventory cost of item p at site i
 	3	4	5	8	8	2	6	1	2	9	4	1	5	9	3	7	4	8	3	3	5	9	4	2	7	6	1	1	2	5	5
	3	7	5	1	6	3	4	6	1	4	8	1	5	6	4	5	1	9	9	2	7	6	8	2	9	7	2	6	8	3	5
	8	8	1	1	3	9	5	1	6	2	6	8	1	1	3	5	3	7	8	3	4	7	9	6	1	9	2	2	4	5	3
	8	1	2	4	3	5	4	6	9	4	6	7	3	1	9	2	3	6	5	4	9	8	6	2	8	5	9	2	8	8	1
	3	2	6	2	8	3	7	9	9	2	4	1	7	2	2	1	4	3	6	8	6	9	8	4	6	5	4	1	6	2	1
	3	1	3	5	2	5	6	4	1	1	5	4	6	3	1	4	2	6	2	7	2	7	6	1	3	7	2	7	7	9	6
	3	3	9	8	4	7	2	2	9	9	4	2	7	5	9	1	3	4	7	8	3	1	7	1	9	8	8	4	4	4	9
	3	8	9	5	6	9	7	2	7	6	9	6	3	2	3	2	1	3	3	1	1	5	7	2	9	5	5	9	8	5	7
	3	8	3	7	4	7	3	3	4	5	2	6	2	6	8	5	9	2	6	8	2	6	1	6	3	8	8	2	8	3	7
	3	1	2	1	1	6	3	3	8	1	2	5	4	4	5	7	3	8	6	9	8	2	6	6	6	3	7	9	4	1	7

C = Vehicle capacity
	3600

f = Fixed transportation cost
	27404

a_ik = Transportation cost for traveling from node i to node k
 	0	571	336	147	365	343	167	184	615	329	355	550	347	164	215	445	399	385	125	303	302	549	586	185	187	714	540	327	287	382	496
	571	0	419	429	247	550	675	493	218	522	367	23	268	611	723	143	630	623	502	332	440	281	90	517	386	182	37	283	589	340	110
	336	419	0	289	369	573	500	158	346	547	466	405	368	477	549	280	653	640	373	384	39	250	381	435	265	487	383	359	554	85	311
	147	429	289	0	219	289	257	189	499	265	232	407	201	208	308	311	366	353	92	166	266	449	452	148	45	581	399	183	265	303	363
	365	247	369	219	0	310	439	357	395	281	134	225	22	371	484	188	394	385	271	86	368	394	302	274	186	423	227	40	343	328	229
	343	550	573	289	310	0	278	473	701	30	184	529	291	212	297	493	86	76	228	233	553	685	611	161	309	730	535	282	80	571	537
	167	675	500	257	439	278	0	351	755	278	376	652	418	75	52	566	301	288	173	358	467	699	706	172	301	835	648	400	200	539	618
	184	493	158	189	357	473	351	0	477	451	412	474	347	338	398	351	545	531	250	336	121	394	480	319	190	601	457	332	437	220	396
	615	218	346	499	395	701	755	477	0	672	529	225	412	704	806	209	786	777	588	469	380	108	128	625	455	158	204	419	721	263	167
	329	522	547	265	281	30	278	451	672	0	157	500	262	208	302	463	115	105	210	203	528	655	582	145	282	701	506	253	90	543	508
	355	367	466	232	134	184	376	412	529	157	0	346	120	302	413	322	264	257	236	83	457	526	431	205	223	547	353	118	233	441	362
	550	23	405	407	225	529	652	474	225	500	346	0	246	589	700	127	609	602	480	310	425	281	100	495	364	202	26	261	567	327	99
	347	268	368	201	22	291	418	347	412	262	120	246	0	349	463	204	376	367	250	65	365	407	322	252	171	443	248	20	322	331	247
	164	611	477	208	371	212	75	338	704	208	302	589	349	0	115	509	248	234	117	288	447	657	647	99	250	776	585	332	139	505	561
	215	723	549	308	484	297	52	398	806	302	413	700	463	115	0	616	306	294	222	402	515	750	756	213	352	884	696	445	217	590	668
	445	143	280	311	188	493	566	351	209	463	322	127	204	509	616	0	578	568	394	261	299	212	142	423	266	271	107	211	514	207	52
	399	630	653	366	394	86	301	545	786	115	264	609	376	248	306	578	0	14	295	318	632	770	694	227	389	811	616	367	113	654	622
	385	623	640	353	385	76	288	531	777	105	257	602	367	234	294	568	14	0	282	308	618	759	686	213	377	803	609	358	99	642	613
	125	502	373	92	271	228	173	250	588	210	236	480	250	117	222	394	295	282	0	196	346	541	534	69	134	663	475	232	187	393	446
	303	332	384	166	86	233	358	336	469	203	83	310	65	288	402	261	318	308	196	0	375	456	384	190	147	507	312	51	259	361	306
	302	440	39	266	368	553	467	121	380	528	457	425	365	447	515	299	632	618	346	375	0	287	408	411	247	518	404	355	530	118	334
	549	281	250	449	394	685	699	394	108	655	526	281	407	657	750	212	770	759	541	456	287	0	203	587	408	264	256	410	693	174	193
	586	90	381	452	302	611	706	480	128	582	431	100	322	647	756	142	694	686	534	384	408	203	0	559	407	130	83	333	642	297	90
	185	517	435	148	274	161	172	319	625	145	205	495	252	99	213	423	227	213	69	190	411	587	559	0	181	686	493	236	120	449	474
	187	386	265	45	186	309	301	190	455	282	223	364	171	250	352	266	389	377	134	147	247	408	407	181	0	536	355	153	295	269	318
	714	182	487	581	423	730	835	601	158	701	547	202	443	776	884	271	811	803	663	507	518	264	130	686	536	0	196	457	765	402	219
	540	37	383	399	227	535	648	457	204	506	353	26	248	585	696	107	616	609	475	312	404	256	83	493	355	196	0	262	569	304	75
	327	283	359	183	40	282	400	332	419	253	118	261	20	332	445	211	367	358	232	51	355	410	333	236	153	457	262	0	309	326	256
	287	589	554	265	343	80	200	437	721	90	233	567	322	139	217	514	113	99	187	259	530	693	642	120	295	765	569	309	0	563	562
	382	340	85	303	328	571	539	220	263	543	441	327	331	505	590	207	654	642	393	361	118	174	297	449	269	402	304	326	563	0	231
	496	110	311	363	229	537	618	396	167	508	362	99	247	561	668	52	622	613	446	306	334	193	90	474	318	219	75	256	562	231	0

coordXY = Coordinates (x,y): line zero => x line one => y column => customers
 	109	381	5	205	368	449	191	24	192	437	435	376	363	244	195	268	490	477	231	359	1	104	306	293	213	334	351	350	382	65	278
	319	821	638	430	575	276	174	482	928	303	459	799	554	226	123	734	201	206	342	490	600	867	870	312	474	996	801	540	233	698	785

d_pit = Demand of item p at customer i in period t
 	66	70	13	41	37	41	58	43	99	32	80	90
	17	86	82	20	30	40	86	81	36	67	21	24
	59	24	40	59	19	41	11	94	89	62	83	24
	96	100	73	84	94	87	19	29	96	28	60	71
	38	93	37	84	23	16	78	49	34	50	33	74
	35	92	97	98	67	43	15	53	15	75	47	88
	23	53	53	19	72	87	62	42	23	24	28	95
	55	70	43	12	45	58	33	86	85	85	51	87
	62	65	33	26	45	72	39	61	61	14	22	11
	92	76	10	60	61	70	54	54	88	30	57	77
	87	12	83	36	27	58	91	34	60	48	27	80
	78	61	72	71	79	27	29	16	86	52	83	21
	91	43	33	29	68	50	15	81	25	87	36	32
	93	55	41	48	54	75	86	78	22	28	93	78
	27	40	98	28	68	95	80	37	53	42	29	30
	92	37	26	57	42	10	78	54	77	49	13	74
	62	83	65	24	96	59	46	83	73	98	40	64
	24	10	56	21	53	13	54	30	46	58	96	74
	16	47	17	56	84	61	17	71	79	17	66	52
	78	85	62	92	40	39	53	40	81	50	91	96
	12	57	68	11	72	51	12	83	96	30	36	73
	42	40	57	28	49	12	51	72	15	99	30	40
	37	19	90	34	71	36	73	35	55	39	99	22
	74	14	50	70	42	34	23	95	36	27	59	94
	41	63	100	74	46	42	11	72	33	66	60	33
	20	28	45	85	18	25	16	95	54	29	97	40
	21	74	98	46	48	75	96	98	86	66	68	88
	79	59	42	58	82	24	51	55	31	37	38	87
	70	29	50	78	19	41	48	33	83	14	81	56
	73	16	99	90	38	69	70	84	24	73	47	14

	34	54	29	35	92	21	15	75	83	45	78	41
	94	25	45	67	13	36	65	39	75	51	33	80
	88	97	89	70	51	86	51	17	75	77	20	80
	94	85	16	71	25	19	97	72	23	73	27	12
	19	52	14	10	60	22	99	85	40	81	57	31
	56	65	44	46	30	54	38	41	48	79	58	99
	99	15	92	92	46	68	11	34	95	35	24	66
	82	51	62	96	44	87	51	79	61	22	59	26
	38	16	36	82	54	21	51	29	13	54	15	57
	87	90	46	62	28	19	57	30	84	29	35	77
	15	30	58	70	77	34	84	80	85	25	63	26
	27	99	18	80	58	53	60	91	45	41	89	96
	67	22	66	13	45	39	31	70	48	27	34	71
	14	96	91	76	91	70	78	63	68	59	57	81
	65	69	54	99	17	94	95	80	81	94	43	19
	44	68	73	55	58	68	73	29	39	98	87	99
	25	72	58	48	57	63	62	21	84	13	49	36
	95	97	29	73	83	17	100	99	86	16	62	13
	66	62	65	92	75	83	95	52	42	99	46	75
	67	32	92	74	95	33	30	17	92	70	88	84
	70	21	21	88	43	95	21	100	62	83	90	61
	36	86	74	77	99	55	31	86	91	97	43	23
	21	87	95	90	15	95	39	100	52	83	21	83
	56	70	95	34	65	16	27	22	79	80	30	22
	50	23	35	47	55	81	68	51	23	13	35	30
	19	53	30	56	24	60	71	32	70	57	37	38
	30	28	84	23	77	42	70	88	27	99	43	48
	38	81	25	28	12	51	99	59	18	11	59	94
	42	20	68	87	21	83	58	87	47	77	95	36
	11	29	28	68	37	53	47	74	61	86	23	79

	87	50	74	52	51	91	17	37	57	61	23	59
	34	32	85	88	19	72	93	33	25	20	93	44
	28	21	16	61	78	67	11	99	84	46	96	34
	25	93	19	46	41	57	89	73	32	56	36	74
	88	50	10	84	49	42	35	29	77	34	76	70
	84	85	12	90	65	42	50	63	34	38	38	56
	42	61	79	85	69	24	13	64	88	26	30	31
	86	50	57	77	45	24	82	31	62	70	22	82
	91	97	61	47	61	18	12	28	86	100	76	31
	70	77	87	38	13	39	61	79	57	14	65	59
	80	42	12	49	40	61	18	69	34	65	29	35
	71	61	64	54	98	76	86	22	34	21	86	19
	61	37	39	65	39	19	31	94	51	30	40	17
	90	33	88	62	27	82	81	82	25	29	20	31
	29	62	65	89	83	24	52	91	63	64	83	95
	72	39	18	96	93	85	78	54	68	91	29	72
	48	83	53	37	21	68	36	76	90	67	65	59
	86	52	78	78	20	11	31	36	78	87	55	68
	88	11	65	71	11	71	61	23	59	61	81	91
	84	99	76	68	25	12	39	72	20	71	86	60
	32	25	86	20	72	23	27	60	70	72	14	78
	24	49	28	57	80	87	38	67	75	42	37	18
	21	88	26	46	89	69	72	94	66	37	40	70
	40	28	39	51	30	51	69	64	85	76	57	39
	21	65	79	100	78	74	85	10	25	52	99	61
	52	28	18	52	21	34	56	19	12	97	89	45
	88	49	59	77	65	19	79	82	63	70	36	67
	72	92	15	86	70	79	48	49	11	92	94	21
	85	84	30	83	74	11	24	93	74	41	52	64
	32	51	84	16	87	63	94	38	10	99	81	46

	86	18	95	44	63	32	68	97	29	22	48	11
	39	51	62	65	21	84	41	79	46	90	45	45
	13	86	51	25	76	72	42	96	90	14	87	94
	48	94	11	18	61	59	72	65	43	24	84	83
	54	12	95	81	58	71	38	74	82	26	42	26
	82	39	37	69	46	80	68	20	53	61	21	82
	76	67	79	37	80	22	12	66	30	49	90	11
	15	52	31	60	69	35	25	86	51	81	38	24
	95	47	63	91	32	54	67	15	15	50	60	93
	14	30	48	28	16	99	83	79	81	82	52	12
	62	70	93	29	10	86	43	52	12	78	63	15
	79	89	35	26	61	99	32	13	59	12	24	30
	58	43	89	79	64	85	17	23	78	86	12	16
	82	76	30	22	23	34	31	26	98	21	62	82
	48	19	69	79	25	17	34	71	77	65	53	81
	40	41	37	48	77	71	27	48	51	93	19	61
	34	33	26	94	26	50	89	13	68	41	99	96
	23	37	17	83	45	93	26	60	97	97	24	70
	79	15	81	33	44	24	59	72	46	42	77	69
	90	78	62	91	12	46	69	49	28	67	74	50
	12	79	97	93	17	71	37	18	32	79	40	50
	50	83	73	86	55	28	73	17	89	81	66	17
	43	54	52	72	88	99	93	51	59	28	73	35
	50	58	24	60	74	72	35	11	99	45	72	89
	64	46	47	45	48	47	34	82	91	28	13	69
	20	48	23	58	98	51	85	29	100	68	37	27
	81	21	13	64	16	41	40	60	32	81	23	60
	93	38	14	14	11	53	45	88	26	60	81	25
	56	81	42	46	11	52	14	29	63	54	33	29
	91	24	14	25	15	82	73	80	64	83	16	11

	24	94	94	80	74	35	84	93	74	57	15	82
	52	31	45	97	32	27	44	23	69	63	15	48
	70	32	27	43	68	98	49	81	21	38	62	41
	21	66	64	94	15	49	94	15	81	74	13	33
	79	80	43	32	42	33	84	64	87	31	27	73
	49	14	17	36	45	38	20	91	23	99	86	71
	73	35	96	21	75	28	86	92	17	41	81	42
	27	50	73	87	93	45	14	61	19	96	72	52
	94	61	93	34	77	62	15	97	55	69	99	33
	53	80	49	66	46	23	13	17	93	24	94	95
	39	40	53	71	39	35	11	76	17	96	85	15
	29	100	100	27	33	21	16	16	29	79	11	97
	77	59	92	75	72	45	81	14	62	42	47	51
	44	34	38	72	80	18	35	37	54	35	59	85
	31	52	81	12	70	54	63	78	85	19	42	56
	93	73	99	90	45	45	17	15	51	38	20	10
	100	18	77	38	84	98	73	30	91	37	18	16
	17	33	31	64	18	99	57	18	66	14	49	24
	13	29	42	71	22	51	30	70	52	65	41	78
	64	69	99	61	11	95	27	60	41	64	81	76
	11	72	11	32	85	77	20	21	10	93	40	20
	33	40	98	48	65	21	84	11	48	58	91	23
	81	50	80	43	53	78	74	14	78	80	49	86
	40	90	34	54	91	67	28	51	91	32	76	46
	76	48	64	78	57	48	83	90	53	96	60	43
	32	49	27	49	91	28	26	19	72	83	89	59
	60	48	37	33	75	58	63	24	55	45	33	86
	39	90	98	16	19	37	86	15	16	79	54	44
	63	60	49	12	46	93	38	62	50	60	54	71
	56	27	48	80	64	12	25	43	39	72	85	41

	53	81	69	51	33	61	67	75	86	83	50	23
	53	78	33	49	34	94	73	24	92	75	20	45
	77	77	44	15	26	52	67	99	51	42	86	38
	42	86	33	78	17	25	20	55	19	34	93	50
	94	84	84	18	59	38	13	82	84	84	80	82
	18	68	23	48	53	84	64	52	87	54	72	59
	12	30	72	86	65	46	52	59	65	79	80	94
	34	17	86	51	42	33	58	63	44	65	85	95
	38	57	23	58	20	38	43	55	73	41	88	21
	78	88	70	70	22	86	85	50	74	82	49	70
	33	74	69	58	41	27	15	78	14	22	73	84
	54	32	50	24	85	40	11	30	29	31	91	40
	71	19	31	33	18	74	25	99	71	87	11	32
	47	31	73	28	45	78	76	53	83	86	69	37
	43	38	76	92	29	24	33	62	65	35	13	69
	31	67	49	99	38	82	45	50	49	65	96	35
	24	31	46	92	11	16	51	30	39	88	67	15
	67	11	13	14	69	75	23	62	90	43	41	20
	79	96	95	84	41	47	45	44	14	78	32	51
	12	27	44	40	85	53	40	23	25	69	46	46
	31	68	76	95	35	33	79	94	38	11	88	16
	96	33	33	40	69	70	27	31	12	18	71	99
	58	19	80	97	83	52	40	94	24	62	82	27
	87	19	58	60	83	27	32	36	23	21	15	65
	75	61	77	48	80	77	23	53	16	20	77	64
	66	72	81	50	55	12	100	12	44	29	98	41
	94	80	29	64	23	22	38	89	70	69	53	59
	42	96	38	50	98	48	66	66	71	94	25	45
	73	55	75	54	27	88	68	86	61	96	49	95
	26	87	71	75	39	36	76	29	13	39	79	45

	75	94	51	66	37	11	95	29	99	71	54	31
	81	84	37	96	62	73	67	28	36	66	33	67
	99	84	61	100	51	55	81	55	12	17	26	89
	61	99	71	15	13	87	52	16	62	32	30	48
	75	25	66	60	56	35	16	40	67	73	11	67
	15	73	30	75	51	84	30	42	11	53	22	62
	79	74	45	73	95	83	65	54	85	24	42	16
	23	19	98	29	52	80	53	43	76	45	64	18
	33	77	28	94	67	25	76	18	65	27	63	87
	59	16	47	86	39	90	46	58	48	92	70	20
	72	93	60	70	82	40	57	34	47	52	12	88
	18	70	36	95	81	79	41	53	86	12	35	86
	84	12	58	63	40	64	10	38	52	84	91	21
	16	81	32	45	97	35	18	55	31	59	85	28
	99	89	57	40	92	15	84	92	26	94	74	15
	76	76	59	83	33	18	54	64	43	11	66	19
	65	11	92	35	80	64	92	47	34	67	39	77
	51	10	21	33	67	34	24	60	75	55	45	84
	31	62	18	68	21	11	22	92	53	34	82	94
	42	51	95	88	25	80	54	69	22	57	51	83
	35	66	83	36	31	90	32	56	25	98	96	25
	42	55	41	75	37	74	97	97	70	40	97	91
	22	92	58	92	19	74	36	50	77	69	95	33
	91	21	70	13	37	68	81	41	83	26	53	73
	65	81	77	46	12	21	56	57	19	93	48	81
	80	98	62	40	25	39	19	53	21	39	74	79
	78	72	10	78	41	27	36	34	49	63	26	73
	15	69	84	40	48	73	42	83	93	23	26	78
	44	45	32	71	55	50	71	81	93	36	21	85
	69	89	29	55	14	99	76	15	72	36	35	66

	100	21	89	76	91	84	70	96	43	29	22	20
	42	51	29	73	35	36	58	55	27	79	74	65
	14	18	43	82	45	73	18	81	70	30	30	87
	31	12	39	43	97	77	98	68	70	76	61	63
	49	13	52	18	34	83	92	87	77	81	82	25
	68	93	31	91	83	70	90	63	48	100	38	14
	84	87	46	21	20	81	29	33	37	51	25	55
	59	89	51	59	69	78	15	34	71	70	65	68
	38	54	57	25	95	46	37	42	59	79	56	97
	51	25	66	81	74	45	48	65	69	52	68	41
	45	56	29	36	50	87	57	49	65	98	95	80
	63	65	18	97	30	92	42	11	23	67	38	33
	19	26	29	94	25	78	84	92	71	87	49	100
	87	48	37	79	24	96	58	78	97	44	71	97
	19	90	61	65	26	61	29	78	60	53	72	59
	74	78	96	70	76	58	36	48	34	46	38	89
	98	29	84	27	40	68	54	40	55	79	31	99
	30	73	22	68	16	42	52	30	47	91	59	84
	84	16	29	89	30	27	18	65	70	27	37	69
	66	74	89	69	16	63	21	85	92	98	71	13
	16	69	97	89	62	72	74	83	15	97	42	24
	45	18	79	61	49	98	60	38	75	61	86	14
	25	26	10	25	57	81	31	61	24	56	32	28
	62	77	65	77	56	19	59	100	87	25	82	49
	55	56	61	20	14	55	17	40	69	19	42	45
	82	44	35	49	20	32	87	62	16	11	12	35
	57	39	67	85	58	32	88	72	83	99	38	47
	38	100	26	57	78	98	33	72	15	53	99	64
	30	45	27	33	40	35	32	71	35	45	96	76
	99	30	18	47	84	68	68	74	64	84	24	53

	38	100	56	65	59	37	11	37	72	19	81	77
	15	88	26	22	67	20	25	72	38	70	46	51
	74	70	38	73	65	46	26	87	30	71	19	92
	15	72	59	85	55	69	30	54	22	73	78	39
	26	75	30	100	49	60	39	84	77	47	42	59
	34	47	61	38	20	90	83	67	78	57	67	60
	41	42	93	80	92	52	56	32	64	61	72	15
	62	40	84	33	90	88	73	49	50	71	15	94
	39	23	21	57	42	48	73	19	95	59	51	90
	63	23	53	32	28	93	33	37	99	36	56	25
	76	41	95	42	16	35	34	95	21	17	44	57
	45	71	50	93	60	10	12	58	89	76	39	46
	80	32	60	51	92	99	22	78	66	51	55	22
	43	90	52	65	17	33	29	76	88	46	81	16
	72	55	17	52	93	32	71	11	69	53	19	98
	85	28	27	44	12	41	93	75	51	47	63	56
	88	27	23	47	21	96	37	18	27	65	47	51
	54	96	82	53	13	76	69	83	97	86	89	25
	27	16	55	76	18	86	48	89	22	62	58	47
	93	71	67	49	48	85	33	47	41	87	48	40
	63	27	75	39	97	41	39	94	11	44	16	28
	77	46	26	44	75	88	74	73	83	77	51	83
	88	92	87	81	99	50	90	63	29	33	38	60
	92	27	96	35	28	69	22	71	88	85	27	99
	24	98	46	34	74	44	47	17	82	47	16	33
	53	71	58	34	28	91	100	74	60	73	32	11
	68	19	30	52	53	20	91	33	36	45	39	26
	84	34	55	20	44	59	51	68	74	29	33	33
	53	43	26	85	81	20	62	75	16	30	50	24
	91	30	27	69	37	39	27	97	71	33	62	28

	87	35	45	14	76	92	51	40	32	13	63	83
	45	87	57	72	89	56	39	52	89	39	77	43
	85	42	77	27	57	33	31	48	19	67	62	34
	55	62	21	59	78	63	22	65	98	21	25	13
	43	50	93	29	80	20	93	25	58	19	33	38
	93	48	80	54	45	39	80	51	77	95	29	72
	47	44	87	74	35	67	90	14	13	67	26	66
	30	47	72	66	71	39	22	81	65	65	65	75
	45	54	78	17	22	90	32	31	21	18	33	89
	62	79	32	89	34	40	53	91	84	14	88	61
	22	20	84	47	66	100	77	37	48	93	52	100
	78	98	31	36	81	67	79	18	51	80	24	43
	29	22	54	95	34	97	70	78	64	53	100	92
	64	15	66	78	99	32	61	94	73	22	79	98
	32	37	66	80	80	44	43	27	92	92	36	51
	60	64	45	84	10	17	92	83	49	74	28	78
	58	66	23	21	14	72	42	11	29	22	80	39
	96	61	18	33	75	12	70	27	66	54	50	52
	33	35	17	56	22	80	29	19	50	57	64	29
	10	63	22	51	76	64	37	78	41	67	100	37
	89	84	77	52	17	20	66	94	23	43	28	69
	90	67	79	97	39	82	96	49	40	90	68	86
	72	53	81	75	16	57	41	84	53	35	82	12
	31	13	57	66	63	21	34	75	51	20	25	46
	56	17	36	100	11	56	12	55	65	98	31	76
	94	36	51	22	57	12	42	99	51	33	46	22
	14	62	99	88	81	78	91	21	82	34	46	81
	24	28	41	14	83	27	11	66	74	12	42	85
	45	55	57	28	70	86	16	43	30	100	52	12
	85	25	13	52	58	52	88	30	28	81	32	37

