***** PARAMETERS PRP *****

Number of Customers = 30
Number of Products = 10
Number of Vehicles = 5
Number of Periods = 12

B = Production capacity
	48610

b_p = Time required to produce item p
 	1	1	1	1	1	1	1	1	1	1

c_p = Production cost of item p
 	800	300	800	300	800	300	300	800	300	300

s_p = Setup cost of item p
 	800	300	800	300	800	300	300	800	300	300

M = Big number
	194439

U_pi = Maximum inventory upper bound of item p at site i
 	194439	127	153	103	170	147	220	180	255	171	199	83	137	180	268	105	156	154	309	315	185	252	145	173	306	88	123	243	145	228	126
	194439	83	314	286	200	207	123	256	265	214	237	107	114	215	174	318	102	178	188	93	286	205	116	168	180	212	113	230	143	136	243
	194439	252	142	178	183	284	93	268	201	105	90	141	210	291	167	243	88	193	155	273	210	330	221	124	162	71	353	106	101	294	165
	194439	90	285	278	175	113	222	215	239	184	243	110	155	178	173	83	132	198	295	135	227	186	225	268	235	247	229	213	168	131	171
	194439	108	144	231	189	219	130	187	105	115	123	189	313	139	245	229	153	255	161	118	300	189	213	280	260	93	162	167	131	178	315
	194439	176	277	155	276	229	83	280	132	121	138	291	101	268	132	253	104	243	277	198	86	144	225	223	117	245	173	125	302	196	169
	194439	206	178	153	87	303	232	162	258	282	187	273	82	130	138	168	166	353	273	190	142	161	313	249	124	132	221	151	282	129	197
	194439	207	241	124	220	215	254	227	126	204	203	108	298	125	239	265	84	92	243	254	233	268	274	137	111	149	189	125	275	160	246
	194439	126	312	195	300	111	209	221	253	227	174	200	149	129	141	288	300	310	102	206	114	232	132	101	145	217	178	106	144	170	113
	194439	295	175	205	187	258	174	191	110	304	167	256	147	212	126	174	193	116	238	268	189	136	266	162	106	266	94	177	115	106	186

I_pi0 = Initial inventory of item p at site i
 	0	58	148	95	31	125	91	74	75	150	149	43	38	83	239	15	67	120	295	93	92	214	60	113	41	0	102	183	29	129	32
	0	55	62	140	55	139	68	23	242	31	26	77	63	40	17	183	23	106	181	20	78	138	34	69	131	20	91	152	59	76	88
	0	147	73	142	99	174	36	92	47	81	86	113	157	84	134	223	56	135	51	19	182	235	142	83	57	53	62	90	50	94	124
	0	29	213	220	166	98	213	85	112	50	229	85	98	102	53	41	33	120	266	126	126	88	47	141	159	15	50	89	131	126	94
	0	93	27	29	143	176	63	47	55	85	92	136	70	30	74	154	112	171	128	92	270	100	174	69	59	18	126	106	79	159	118
	0	58	208	113	88	82	53	42	97	87	77	129	25	90	14	73	26	75	171	59	13	127	174	222	104	226	103	46	256	148	154
	0	82	102	35	86	96	142	68	115	91	34	58	28	27	39	157	125	199	144	53	89	30	25	196	107	117	61	126	48	88	153
	0	201	158	107	163	184	195	160	108	40	156	95	52	111	172	132	58	32	68	119	232	128	117	101	59	32	70	77	176	154	38
	0	82	53	183	274	98	173	91	121	187	142	40	123	114	113	90	215	145	76	186	112	86	44	91	102	131	92	95	77	39	67
	0	94	150	147	174	23	171	121	39	118	106	20	19	64	105	157	106	47	131	153	14	77	71	109	62	60	51	169	89	57	164

h_pi = Inventory cost of item p at site i
 	8	6	8	3	9	7	4	9	3	5	7	3	3	8	6	6	1	3	3	4	4	9	2	9	2	6	9	7	4	1	3
	3	2	3	1	7	1	1	4	5	8	8	9	5	2	8	9	2	7	7	8	8	3	8	9	6	4	8	1	2	9	6
	8	2	5	5	3	7	2	1	6	7	3	3	1	8	4	4	5	4	6	8	7	3	9	6	7	9	9	2	8	1	4
	3	3	9	7	4	5	8	4	8	8	9	3	4	7	9	3	5	7	2	4	2	5	6	2	6	5	5	2	3	9	3
	8	5	2	4	6	2	6	6	1	5	1	8	9	4	3	2	7	2	2	8	2	4	7	2	4	9	3	3	9	1	6
	3	7	3	3	4	7	1	9	9	3	6	5	3	5	2	1	9	5	1	2	3	1	5	6	4	1	9	4	2	6	2
	3	2	6	2	1	7	1	3	5	7	7	2	2	7	2	4	6	4	3	2	3	9	5	2	6	6	6	4	8	3	9
	8	7	1	7	6	3	2	1	8	3	2	5	3	5	8	3	8	2	4	8	4	8	9	5	3	2	3	9	5	9	6
	3	9	6	8	5	5	9	4	7	3	2	7	9	2	3	6	7	9	6	9	2	8	2	2	9	7	9	8	5	9	7
	3	9	7	2	8	1	3	4	7	9	8	7	5	6	7	4	9	2	1	2	5	4	7	9	8	3	5	8	4	7	7

C = Vehicle capacity
	3530

f = Fixed transportation cost
	30535

a_ik = Transportation cost for traveling from node i to node k
 	0	592	592	648	514	650	127	178	804	411	198	140	593	622	602	196	208	528	629	244	619	790	301	268	257	405	292	403	216	503	283
	592	0	92	100	115	180	667	762	311	273	397	453	167	113	148	763	448	254	212	562	51	220	489	325	720	295	421	260	463	113	590
	592	92	0	187	187	95	681	755	244	223	395	458	76	34	56	749	476	336	121	600	59	281	536	327	750	242	465	315	435	177	632
	648	100	187	0	135	264	709	823	367	368	460	509	262	200	241	829	481	217	302	581	132	143	499	389	746	389	438	273	543	145	603
	514	115	187	135	0	281	575	690	423	279	330	375	251	216	239	697	349	152	302	455	164	277	378	259	617	301	313	148	422	19	481
	650	180	95	264	281	0	748	803	160	250	455	522	58	68	51	792	554	430	48	681	135	325	623	393	826	265	551	407	472	271	716
	127	667	681	709	575	748	0	193	905	520	295	227	692	712	699	237	231	556	733	190	701	849	275	356	136	517	297	444	340	567	215
	178	762	755	823	690	803	193	0	952	556	366	315	746	782	758	53	379	705	778	379	787	966	455	438	308	545	460	581	337	678	407
	804	311	244	367	423	160	905	952	0	397	612	679	214	212	210	937	713	564	175	840	261	369	779	551	985	408	708	558	617	416	874
	411	273	223	368	279	250	520	556	397	0	228	296	194	243	210	542	363	406	223	495	273	491	463	186	617	22	394	311	222	261	537
	198	397	395	460	330	455	295	366	612	228	0	69	399	425	407	369	158	378	438	282	423	602	276	73	390	228	222	249	132	316	326
	140	453	458	509	375	522	227	315	679	296	69	0	465	488	473	326	120	401	506	227	482	651	239	132	323	295	199	272	163	364	272
	593	167	76	262	251	58	692	746	214	194	399	465	0	69	23	735	501	402	53	630	132	346	574	337	772	210	503	365	416	239	665
	622	113	34	200	216	68	712	782	212	243	425	488	69	0	46	775	509	364	103	633	69	278	569	358	783	261	498	348	459	208	665
	602	148	56	241	239	51	699	758	210	210	407	473	23	46	0	749	503	389	65	631	110	323	573	343	776	226	501	358	430	227	665
	196	763	749	829	697	792	237	53	937	542	369	326	735	775	749	0	403	723	764	416	784	971	488	441	358	530	486	596	321	684	447
	208	448	476	481	349	554	231	379	713	363	158	120	501	509	503	403	0	329	548	133	486	620	121	178	275	369	86	214	279	343	174
	528	254	336	217	152	430	556	705	564	406	378	401	402	364	389	723	329	0	453	398	304	329	308	321	564	426	262	130	497	165	411
	629	212	121	302	302	48	733	778	175	223	438	506	53	103	65	764	548	453	0	678	171	371	624	380	817	234	552	417	443	290	714
	244	562	600	581	455	681	190	379	840	495	282	227	630	633	631	416	133	398	678	0	604	715	93	310	167	500	144	310	388	452	45
	619	51	59	132	164	135	701	787	261	273	423	482	132	69	110	784	486	304	171	604	0	224	534	352	760	293	465	306	476	160	634
	790	220	281	143	277	325	849	966	369	491	602	651	346	278	323	971	620	329	371	715	224	0	629	530	880	512	572	409	680	288	733
	301	489	536	499	378	623	275	455	779	463	276	239	574	569	573	488	121	308	624	93	534	629	0	281	258	472	73	231	399	377	105
	268	325	327	389	259	393	356	438	551	186	73	132	337	358	343	441	178	321	380	310	352	530	281	0	438	192	216	194	176	245	351
	257	720	750	746	617	826	136	308	985	617	390	323	772	783	776	358	275	564	817	167	760	880	258	438	0	617	309	474	460	613	160
	405	295	242	389	301	265	517	545	408	22	228	295	210	261	226	530	369	426	234	500	293	512	472	192	617	0	403	328	210	283	542
	292	421	465	438	313	551	297	460	708	394	222	199	503	498	501	486	86	262	552	144	465	572	73	216	309	403	0	166	351	310	169
	403	260	315	273	148	407	444	581	558	311	249	272	365	348	358	596	214	130	417	310	306	409	231	194	474	328	166	0	369	148	334
	216	463	435	543	422	472	340	337	617	222	132	163	416	459	430	321	279	497	443	388	476	680	399	176	460	210	351	369	0	406	433
	503	113	177	145	19	271	567	678	416	261	316	364	239	208	227	684	343	165	290	452	160	288	377	245	613	283	310	148	406	0	479
	283	590	632	603	481	716	215	407	874	537	326	272	665	665	665	447	174	411	714	45	634	733	105	351	160	542	169	334	433	479	0

coordXY = Coordinates (x,y): line zero => x line one => y column => customers
 	156	270	179	364	331	103	249	69	47	65	168	194	104	165	124	19	313	470	63	397	233	412	432	192	376	46	388	370	38	314	438
	159	739	750	772	642	806	73	4	955	559	356	293	749	780	760	19	294	583	781	192	773	906	278	424	27	548	335	500	339	636	174

d_pit = Demand of item p at customer i in period t
 	40	18	89	28	50	19	13	63	85	47	30	27
	74	74	14	61	15	16	22	70	74	69	90	31
	16	79	60	12	52	26	43	83	15	77	60	93
	31	17	34	70	74	40	12	90	73	61	86	92
	83	42	45	51	89	46	56	22	97	18	25	13
	21	70	22	25	86	84	33	70	28	92	75	55
	44	30	48	42	55	50	41	12	65	23	48	82
	75	98	50	10	26	53	68	62	84	19	11	57
	76	37	37	23	80	100	40	98	82	39	43	27
	62	65	22	10	68	42	11	33	67	21	45	31
	43	58	21	61	37	36	24	67	41	23	25	63
	38	34	27	41	48	66	53	74	35	79	22	32
	83	99	75	11	65	80	67	68	54	64	26	26
	56	18	69	96	48	29	15	81	83	51	76	20
	15	69	93	78	84	23	20	19	95	62	15	54
	67	22	90	96	33	20	38	27	36	27	68	98
	72	48	64	35	91	72	29	23	11	44	50	76
	71	87	50	87	27	96	86	27	39	73	40	59
	93	21	67	74	39	15	74	83	94	18	99	80
	19	35	38	17	54	48	79	91	11	58	15	91
	80	43	91	79	72	83	93	52	35	27	88	12
	32	28	54	10	38	65	24	99	33	78	22	95
	30	58	25	90	59	26	78	25	95	65	93	48
	41	36	96	71	97	49	57	82	21	69	56	60
	94	45	41	56	36	25	45	13	42	37	36	56
	64	38	66	86	21	70	70	54	81	39	89	62
	93	90	48	54	18	75	44	39	70	90	91	18
	29	70	80	11	61	18	33	78	40	33	87	39
	46	46	37	31	16	73	41	76	26	15	41	98
	32	96	22	55	33	23	34	17	36	36	75	43

	55	32	12	22	43	87	75	41	32	66	22	12
	62	30	57	93	90	78	14	55	89	46	83	56
	64	38	38	25	62	99	37	97	44	63	94	25
	55	32	80	54	46	39	49	67	28	40	70	41
	60	30	49	85	87	19	46	12	43	64	81	44
	68	98	44	96	87	19	65	28	84	13	49	86
	23	32	71	88	71	22	92	21	61	48	18	67
	36	81	91	34	80	50	26	32	59	32	21	93
	31	88	99	46	95	65	68	97	72	63	86	44
	26	52	42	22	94	66	93	25	50	96	75	70
	77	87	72	39	13	44	67	31	80	37	73	19
	63	85	96	15	94	18	25	81	26	47	39	92
	40	32	24	29	94	11	39	61	20	18	56	91
	17	64	88	71	44	65	67	37	44	83	70	45
	41	32	97	13	61	94	98	98	44	95	63	26
	23	82	14	42	37	59	46	96	61	19	90	43
	51	55	84	50	86	16	50	14	32	89	86	97
	98	83	20	37	17	97	97	59	87	44	32	80
	20	89	46	48	38	58	30	86	18	19	53	52
	78	92	97	85	25	87	17	28	51	82	26	18
	68	70	83	60	28	94	73	55	80	50	94	66
	34	89	64	52	44	31	41	19	71	100	98	52
	69	26	34	28	31	18	69	78	54	46	36	15
	85	18	28	92	40	93	11	99	100	51	88	13
	20	83	41	45	73	34	56	12	20	26	30	69
	91	97	59	30	57	63	53	73	41	41	45	28
	23	28	82	19	50	31	24	71	70	63	40	51
	59	99	48	68	17	17	26	12	76	76	32	41
	62	14	83	45	91	87	98	71	80	57	46	83
	88	46	43	97	17	18	33	64	86	26	16	50

	69	78	20	51	38	90	60	80	36	61	85	87
	28	45	11	41	14	93	88	83	20	21	81	41
	57	85	53	56	69	26	43	79	27	80	50	86
	40	59	11	89	99	79	19	69	68	63	63	73
	38	83	53	36	17	68	19	71	88	82	39	88
	36	59	12	59	32	67	98	27	83	24	50	12
	18	24	50	33	75	50	67	84	22	90	37	93
	47	62	54	28	66	19	99	16	42	23	11	16
	81	38	97	25	40	43	81	17	52	50	50	56
	73	13	20	69	12	41	91	23	61	48	23	67
	14	99	64	37	12	56	41	86	69	10	61	13
	76	32	23	26	41	29	18	35	59	57	41	67
	59	25	51	59	97	47	90	57	58	12	58	85
	62	56	16	91	32	26	57	70	92	72	17	75
	30	67	84	42	19	47	68	49	70	87	98	68
	56	56	26	93	34	59	15	58	33	22	54	21
	51	84	99	98	96	18	26	67	27	68	70	67
	51	100	28	18	36	35	84	86	40	82	30	31
	19	45	20	69	31	70	73	10	91	99	78	49
	55	37	90	86	44	30	79	54	72	21	26	35
	19	86	59	71	74	94	49	44	72	86	50	89
	93	13	36	60	43	58	66	97	40	80	59	17
	83	99	16	53	77	27	20	94	66	88	87	32
	45	12	23	22	89	86	96	65	61	46	44	60
	53	24	14	14	32	11	73	85	40	15	36	30
	62	42	56	99	63	32	94	97	99	65	58	80
	41	49	31	55	99	15	87	91	71	69	15	13
	21	29	70	68	94	18	22	64	67	17	78	56
	54	40	96	59	79	14	77	98	55	53	52	29
	68	56	87	45	50	54	45	80	40	30	41	64

	29	70	80	20	53	80	26	10	42	19	86	27
	65	99	49	94	64	66	53	57	95	92	56	65
	71	54	95	53	39	76	34	17	25	82	59	62
	74	92	54	95	91	57	40	19	30	30	42	75
	23	56	19	57	76	60	99	23	53	93	42	77
	52	68	93	79	30	86	92	13	24	24	39	66
	85	29	30	25	70	76	42	94	57	30	77	31
	24	88	70	13	12	77	97	100	25	83	36	92
	50	59	73	91	34	92	30	30	45	41	93	97
	14	95	57	63	89	99	35	40	69	47	74	47
	85	21	96	14	31	93	70	83	20	42	61	45
	83	15	67	22	28	81	30	99	56	42	68	29
	34	23	15	30	36	42	77	57	26	28	75	91
	53	72	79	63	48	16	70	25	80	90	43	52
	41	53	38	17	54	35	89	35	16	43	38	38
	33	100	92	89	80	24	61	94	60	37	94	27
	58	62	72	34	57	50	28	96	74	18	16	28
	23	91	72	80	61	17	74	59	74	71	17	69
	81	45	62	27	17	14	82	67	87	13	13	30
	33	93	76	97	54	95	64	44	24	66	14	21
	88	29	33	26	82	90	41	54	97	23	84	98
	11	36	12	58	54	22	34	59	66	48	55	86
	20	22	99	93	68	61	86	37	13	22	35	87
	93	66	83	40	22	29	70	78	29	66	46	84
	15	75	89	38	71	99	46	50	31	89	42	96
	50	46	64	30	55	88	89	85	41	11	60	69
	89	96	59	28	41	38	22	81	72	64	27	21
	17	82	32	99	19	35	20	14	59	44	41	42
	69	57	49	62	93	24	86	94	54	65	76	59
	94	94	49	38	35	67	66	32	48	70	71	21

	20	18	55	34	89	69	89	65	79	15	57	57
	27	34	76	38	26	81	66	31	80	41	34	43
	10	19	23	12	97	81	35	28	69	95	43	42
	32	87	24	53	22	27	94	18	67	13	72	58
	58	32	13	73	57	87	53	82	18	29	98	58
	63	77	97	94	25	76	28	32	63	81	98	47
	47	66	14	11	32	28	71	24	26	91	94	56
	55	65	18	39	86	11	62	59	86	72	60	18
	53	32	46	74	49	68	94	47	40	54	50	84
	38	54	44	99	81	20	37	73	90	40	83	76
	87	49	84	63	55	91	72	69	43	13	81	50
	70	23	64	99	57	18	73	74	51	70	71	80
	30	29	34	44	11	28	91	54	61	64	57	52
	21	53	94	23	47	66	51	27	53	28	95	29
	70	84	56	53	96	92	48	24	11	31	61	60
	99	13	30	44	13	55	19	84	14	42	26	19
	13	86	72	33	66	70	11	21	94	45	13	88
	30	51	47	83	16	100	25	34	61	76	56	66
	92	72	63	24	57	57	29	99	86	58	40	31
	87	47	91	45	57	36	51	20	72	49	69	97
	63	37	25	92	30	97	100	14	74	55	81	87
	22	57	66	29	29	45	36	99	75	66	91	23
	69	54	86	72	80	99	88	17	38	57	94	87
	59	16	23	65	42	35	82	77	52	29	93	51
	18	20	33	86	56	38	94	22	68	46	31	44
	30	68	28	73	95	40	59	35	84	28	80	27
	92	14	74	67	14	72	92	34	18	87	86	17
	53	26	35	19	36	15	11	57	65	95	32	80
	84	75	49	32	91	86	41	61	62	33	59	37
	53	65	37	83	83	81	79	71	39	68	52	45

	58	67	47	64	26	33	38	11	96	37	33	19
	37	49	54	68	11	94	57	65	89	66	64	11
	47	17	49	32	97	22	51	90	43	19	52	100
	88	95	87	65	20	83	17	14	59	34	89	12
	82	10	52	96	62	23	27	85	48	97	70	34
	53	67	20	18	92	27	11	11	62	72	39	27
	42	87	80	99	83	76	31	73	30	85	63	90
	97	36	78	85	88	29	82	63	38	55	88	53
	87	68	17	26	78	24	14	97	75	99	71	67
	77	71	69	18	33	19	43	16	75	28	90	13
	56	73	92	22	86	57	68	30	15	64	52	83
	25	82	60	32	24	92	54	85	63	23	28	36
	90	89	88	45	29	51	95	92	57	42	40	85
	14	29	14	99	53	43	60	78	96	12	15	15
	73	16	47	29	58	32	68	62	61	94	20	46
	26	87	24	81	31	37	53	95	52	40	82	18
	32	43	52	49	92	55	28	21	10	42	61	97
	40	44	63	24	100	43	87	98	64	44	15	43
	30	29	89	48	56	77	51	89	23	37	41	23
	13	87	11	15	95	24	68	12	23	65	76	27
	23	45	59	31	94	51	13	56	72	13	43	74
	89	50	35	43	24	70	96	64	40	50	31	82
	68	69	85	40	68	47	53	11	55	49	54	70
	55	49	33	46	97	81	75	72	38	85	52	20
	46	48	60	72	85	57	77	38	67	35	94	56
	45	58	72	70	64	53	44	62	23	40	79	80
	46	80	45	90	61	38	63	40	34	97	95	58
	94	66	41	55	38	60	78	68	46	30	80	69
	80	68	100	77	24	83	89	56	42	98	54	11
	70	15	31	38	81	41	85	81	90	19	77	49

	67	15	85	48	14	64	11	94	25	12	23	37
	52	50	78	54	67	69	24	62	43	16	99	99
	35	73	51	22	67	18	83	82	18	75	34	54
	24	44	18	26	10	77	89	93	14	23	41	63
	96	35	11	98	88	56	63	90	31	99	41	19
	84	58	15	58	90	42	90	12	39	81	92	34
	18	38	12	32	59	100	48	15	88	72	97	68
	85	30	45	29	54	93	51	16	21	63	47	84
	45	46	74	63	62	75	69	16	63	28	80	56
	34	24	14	17	78	49	33	59	66	56	98	32
	58	29	60	65	79	34	27	35	87	96	56	30
	28	29	21	49	13	73	84	53	39	24	21	59
	27	53	72	91	75	34	30	95	32	96	76	97
	39	29	42	43	39	14	79	85	87	14	31	49
	60	97	45	62	12	41	35	26	56	15	30	26
	57	28	40	88	71	51	35	90	79	93	11	22
	89	25	85	77	91	77	90	90	53	43	86	41
	61	70	13	83	70	86	73	34	36	47	46	36
	37	16	80	64	77	13	24	18	17	12	38	59
	16	73	11	19	98	15	41	16	96	66	21	96
	30	41	90	11	47	28	11	61	36	51	51	25
	25	98	69	53	67	60	74	32	32	68	86	88
	25	87	84	73	25	57	21	70	81	56	79	90
	84	23	28	78	33	17	78	98	95	83	59	67
	44	31	42	59	66	36	58	80	40	34	26	12
	61	97	43	58	54	71	14	12	83	40	70	59
	15	86	25	59	15	44	52	79	53	58	59	57
	15	33	91	66	52	86	79	13	64	64	99	15
	88	72	97	41	95	98	24	40	97	18	42	59
	88	65	48	82	87	79	96	45	68	37	60	31

	99	79	23	69	69	18	46	28	93	37	35	24
	38	27	27	66	17	83	51	20	66	28	84	71
	93	14	33	70	66	70	25	53	81	73	97	66
	39	42	82	27	49	84	62	80	15	13	97	70
	92	18	74	42	38	51	72	74	54	62	17	52
	47	83	13	52	56	84	31	65	73	18	22	65
	60	100	83	58	10	86	63	41	39	82	36	23
	66	42	24	38	99	29	20	25	14	38	89	19
	11	29	81	73	25	52	26	74	67	27	12	12
	78	78	50	33	68	64	41	26	37	10	29	95
	95	24	60	26	74	16	94	83	24	45	98	11
	31	21	91	95	35	75	50	58	85	56	93	25
	13	21	48	29	74	26	76	36	68	12	75	21
	69	71	32	61	86	27	70	64	79	49	22	86
	71	61	75	84	31	57	42	61	25	46	11	71
	58	29	73	74	17	21	98	19	35	28	30	21
	32	84	47	71	41	100	43	12	27	32	53	12
	17	24	27	65	18	66	42	44	92	21	71	95
	25	94	89	42	52	97	49	59	38	27	96	95
	96	40	96	60	26	92	14	94	70	38	45	29
	43	18	67	62	74	96	66	11	31	94	61	19
	30	87	74	94	60	54	96	36	96	94	47	54
	16	85	61	51	72	28	28	47	51	43	27	37
	11	48	82	51	66	61	52	65	57	72	46	53
	16	16	91	75	25	47	20	73	68	98	27	39
	70	45	12	15	44	83	31	84	11	76	19	78
	77	60	22	61	45	89	100	67	77	52	42	56
	41	20	18	97	73	93	70	16	77	23	62	69
	61	32	61	53	95	76	56	13	29	43	50	71
	38	45	88	73	86	78	51	61	85	76	27	30

	82	100	19	34	66	94	47	53	13	92	81	74
	53	34	86	97	37	14	96	55	81	93	43	59
	76	24	59	24	53	47	51	29	43	74	96	10
	84	33	59	98	77	71	60	38	28	80	79	14
	70	28	66	60	29	36	23	66	91	85	32	80
	83	90	76	32	14	41	43	62	24	72	44	47
	33	58	27	14	48	28	13	94	39	36	69	71
	99	22	72	28	26	98	63	42	51	13	59	35
	28	90	69	56	49	27	94	73	65	31	60	39
	32	13	97	30	77	20	72	66	89	89	22	90
	40	27	55	64	82	63	30	33	85	25	22	75
	55	68	31	61	51	40	19	40	83	77	30	39
	48	66	27	88	61	86	40	45	79	99	59	75
	91	22	33	68	64	31	16	15	46	70	12	96
	51	39	32	35	93	42	82	75	55	90	16	80
	64	72	24	55	61	75	88	36	73	43	95	35
	21	15	12	97	94	70	73	63	93	21	92	92
	76	40	33	44	80	51	69	91	50	22	15	43
	76	62	48	50	43	58	32	47	67	39	42	55
	37	22	53	91	72	82	48	41	88	70	31	46
	86	79	81	64	83	84	90	100	76	98	48	37
	14	30	92	13	75	73	10	59	25	27	87	24
	35	56	62	18	74	35	27	14	61	99	35	89
	41	61	95	11	29	19	15	60	75	39	85	49
	52	22	57	34	85	46	33	85	32	72	97	36
	92	62	44	88	82	15	52	55	46	74	36	66
	15	80	54	52	49	35	75	13	76	59	40	85
	77	85	10	30	86	60	65	40	28	47	23	25
	39	86	34	39	28	86	36	96	67	57	13	97
	67	60	93	51	77	76	37	51	31	39	54	42

	94	81	75	63	50	17	44	73	13	84	24	90
	24	75	51	52	36	91	66	20	91	47	61	84
	95	52	51	55	52	16	65	19	16	52	92	49
	94	80	36	65	46	74	77	39	55	47	54	79
	23	19	60	74	87	89	92	40	11	94	15	15
	74	48	49	60	93	40	46	62	91	24	43	64
	26	60	35	41	24	81	63	64	19	78	50	33
	39	97	11	17	33	43	89	65	81	91	24	69
	91	27	75	63	42	32	71	48	40	99	68	73
	82	24	100	19	15	14	47	16	77	28	60	20
	20	94	73	15	84	61	37	20	17	70	54	70
	19	54	39	56	35	79	54	75	31	24	85	36
	53	11	63	75	87	41	11	79	15	91	21	88
	30	55	20	51	33	22	56	70	13	28	28	99
	35	55	67	25	11	13	25	86	24	23	84	74
	64	42	95	31	63	100	63	66	90	68	34	54
	47	92	24	48	72	18	100	83	27	74	71	41
	36	95	33	18	25	30	66	40	38	73	76	42
	69	19	65	74	76	86	82	91	40	79	90	34
	14	27	51	30	45	18	98	51	92	78	29	34
	29	48	45	89	20	78	42	73	21	18	47	34
	46	25	36	20	54	62	26	82	57	94	85	51
	98	11	78	26	79	88	73	13	14	63	91	12
	62	65	59	90	71	12	61	53	28	48	37	49
	22	38	56	94	43	60	73	70	32	38	55	57
	51	49	18	29	38	87	99	56	74	11	25	24
	89	57	23	98	48	99	15	51	81	32	83	30
	19	70	87	21	41	38	69	95	14	84	73	81
	57	54	57	15	13	70	85	27	52	49	92	63
	78	86	45	69	79	46	97	37	42	23	72	71

