***** PARAMETERS PRP *****

Number of Customers = 30
Number of Products = 10
Number of Vehicles = 5
Number of Periods = 12

B = Production capacity
	49123

b_p = Time required to produce item p
 	1	1	1	1	1	1	1	1	1	1

c_p = Production cost of item p
 	300	300	300	800	800	800	300	800	800	800

s_p = Setup cost of item p
 	300	300	300	800	800	800	300	800	800	800

M = Big number
	196490

U_pi = Maximum inventory upper bound of item p at site i
 	196490	273	100	254	302	203	298	160	93	180	322	272	124	145	151	181	241	128	130	231	283	100	132	77	222	197	148	102	228	192	111
	196490	159	121	279	129	260	107	130	144	278	217	287	93	100	99	248	149	156	307	285	114	251	123	133	296	147	170	191	227	176	101
	196490	322	219	351	117	249	170	244	96	200	97	254	85	150	116	275	261	273	199	323	150	255	135	98	260	293	83	115	234	216	300
	196490	194	126	164	126	116	154	94	232	180	122	390	172	167	218	152	129	152	223	206	217	144	247	195	85	117	182	217	253	116	191
	196490	233	100	180	259	245	246	95	91	171	130	143	199	174	161	282	156	251	216	115	174	278	154	311	102	134	118	194	275	110	209
	196490	154	168	195	98	150	294	197	311	194	246	100	181	232	88	108	293	158	240	215	214	260	209	231	123	160	132	247	202	198	216
	196490	177	161	115	266	202	178	122	277	343	157	233	117	236	234	248	158	265	137	179	241	266	114	238	177	110	132	110	212	150	100
	196490	251	290	107	175	99	156	173	103	93	147	163	241	250	112	283	318	115	252	270	183	135	88	114	200	229	194	219	253	166	155
	196490	194	116	214	233	223	192	128	244	255	335	267	124	99	160	181	354	106	199	150	159	247	172	291	308	159	197	109	279	138	123
	196490	109	246	225	118	143	163	256	234	256	133	274	259	269	239	248	122	117	303	220	105	208	242	98	211	279	100	339	161	219	164

I_pi0 = Initial inventory of item p at site i
 	0	79	40	195	246	104	157	73	60	143	171	120	73	117	96	173	24	57	60	146	148	80	86	11	153	172	125	32	171	132	31
	0	82	73	186	68	205	85	114	83	45	167	165	15	64	27	56	60	135	92	90	98	198	40	124	85	131	54	145	80	156	89
	0	45	97	172	99	173	149	196	68	154	94	54	80	105	57	199	161	230	123	179	106	193	26	45	99	153	24	104	68	129	175
	0	176	89	132	119	28	124	71	197	133	63	151	17	130	143	149	78	53	48	91	133	117	88	100	65	51	140	84	98	72	107
	0	171	79	47	167	105	79	56	23	165	106	114	183	111	110	96	116	150	69	94	134	48	146	151	93	102	103	113	184	54	152
	0	28	147	55	32	65	104	99	162	140	75	75	94	19	70	90	270	118	74	150	64	88	186	115	64	79	44	53	160	177	178
	0	166	150	61	155	43	46	71	252	114	121	64	107	73	232	180	29	203	93	176	82	196	78	44	114	41	87	72	146	76	95
	0	61	160	65	96	83	44	137	61	34	114	26	106	139	82	215	277	92	108	86	54	68	61	58	198	144	11	90	175	141	92
	0	178	54	152	128	44	50	30	62	96	215	158	51	84	94	75	73	76	63	58	123	39	160	207	17	37	145	107	216	115	88
	0	30	34	70	77	28	143	92	57	127	131	101	220	33	90	133	98	95	153	120	73	29	14	67	41	174	95	318	74	141	163

h_pi = Inventory cost of item p at site i
 	3	4	8	8	7	7	9	9	8	6	1	5	8	1	2	2	2	1	1	5	6	5	8	5	9	1	4	6	2	1	1
	3	9	3	2	8	2	6	2	5	5	4	3	1	6	3	6	2	8	5	5	8	8	8	1	4	9	4	8	4	2	1
	3	9	6	7	1	2	9	7	8	3	3	4	5	3	3	9	5	8	6	6	6	7	9	9	5	1	9	2	8	9	4
	8	8	7	8	4	5	1	9	5	6	5	6	3	9	8	6	7	7	1	7	3	2	6	1	1	4	5	2	2	4	2
	8	4	8	3	4	8	9	3	4	3	1	2	8	3	1	8	6	2	8	4	3	5	9	7	4	5	7	2	7	8	8
	8	3	2	5	1	5	3	7	8	4	7	5	1	6	6	1	5	6	4	6	8	7	6	6	8	4	2	5	1	9	5
	3	1	3	4	6	1	3	6	7	1	5	7	6	5	8	4	2	7	5	1	5	7	9	3	5	3	1	5	4	4	6
	8	7	8	6	7	7	7	5	6	7	7	4	2	7	6	5	2	5	1	2	4	1	7	1	4	6	3	5	9	8	3
	8	5	5	5	7	1	1	3	2	9	1	3	4	2	3	8	2	2	7	4	1	6	3	3	2	2	7	9	6	9	3
	8	7	3	4	5	1	6	1	6	9	9	3	5	3	1	1	2	9	8	7	5	6	2	2	1	3	3	3	3	8	9

C = Vehicle capacity
	3900

f = Fixed transportation cost
	31031

a_ik = Transportation cost for traveling from node i to node k
 	0	220	252	318	225	541	266	345	147	437	266	463	526	425	306	117	119	321	417	539	261	337	432	304	418	211	388	233	80	347	393
	220	0	402	455	277	583	328	201	275	442	277	549	688	336	511	276	224	421	511	545	378	426	446	372	590	174	316	444	262	360	517
	252	402	0	68	164	774	508	405	384	684	212	232	666	395	398	139	179	106	632	782	61	562	677	144	556	266	351	167	172	595	589
	318	455	68	0	194	841	575	432	451	751	232	171	723	399	453	203	236	76	698	849	79	629	744	137	614	304	356	215	238	662	653
	225	277	164	194	0	761	484	241	371	646	55	274	733	244	483	135	107	146	642	750	117	561	643	96	622	112	200	294	167	556	615
	541	583	774	841	761	0	278	783	395	152	794	999	369	912	485	654	656	858	162	92	797	213	141	844	373	710	885	669	615	223	233
	266	328	508	575	484	278	0	524	124	178	517	728	390	643	322	381	379	585	184	275	525	99	169	568	314	436	613	429	343	95	201
	345	201	405	432	241	783	524	0	450	642	202	462	862	146	650	330	272	371	705	745	356	619	646	306	757	151	143	513	340	561	704
	147	275	384	451	371	395	124	450	0	302	409	605	415	553	259	260	265	464	273	399	403	191	293	450	316	339	519	312	221	215	257
	437	442	684	751	646	152	178	642	302	0	673	900	441	775	469	554	545	758	192	106	698	172	21	735	406	582	751	606	516	91	258
	266	277	212	232	55	794	517	202	409	673	0	278	782	189	535	187	150	171	681	777	158	598	671	108	671	103	145	348	216	583	658
	463	549	232	171	274	999	728	462	605	900	278	0	893	375	623	347	359	143	861	1001	203	789	894	178	784	378	343	384	385	809	820
	526	688	666	723	733	369	390	862	415	441	782	893	0	951	271	599	634	770	250	451	713	303	420	786	112	737	913	510	567	433	195
	425	336	395	399	244	912	643	146	553	775	189	375	951	0	716	371	322	326	820	879	336	735	778	262	842	216	45	537	394	691	809
	306	511	398	453	483	485	322	650	259	469	535	623	271	716	0	348	394	503	323	533	447	298	452	524	164	509	674	240	322	409	254
	117	276	139	203	135	654	381	330	260	554	187	347	599	371	348	0	61	205	523	655	145	447	548	195	488	180	328	183	39	464	490
	119	224	179	236	107	656	379	272	265	545	150	359	634	322	394	61	0	219	535	649	165	455	541	190	524	122	282	243	72	455	510
	321	421	106	76	146	858	585	371	464	758	171	143	770	326	503	205	219	0	723	859	62	649	752	67	659	258	285	272	243	667	684
	417	511	632	698	642	162	184	705	273	192	681	861	250	820	323	523	535	723	0	220	662	87	171	717	222	608	788	514	485	192	74
	539	545	782	849	750	92	275	745	399	106	777	1001	451	879	533	655	649	859	220	0	799	240	108	838	441	687	856	694	616	195	294
	261	378	61	79	117	797	525	356	403	698	158	203	713	336	447	145	165	62	662	799	0	588	692	83	602	226	292	224	183	608	623
	337	426	562	629	561	213	99	619	191	172	598	789	303	735	298	447	455	649	87	240	588	0	155	639	243	523	703	458	408	133	109
	432	446	677	744	643	141	169	646	293	21	671	894	420	778	452	548	541	752	171	108	692	155	0	731	386	582	753	594	510	89	238
	304	372	144	137	96	844	568	306	450	735	108	178	786	262	524	195	190	67	717	838	83	639	731	0	674	202	220	306	233	644	684
	418	590	556	614	622	373	314	757	316	406	671	784	112	842	164	488	524	659	222	441	602	243	386	674	0	628	803	402	456	376	150
	211	174	266	304	112	710	436	151	339	582	103	378	737	216	509	180	122	258	608	687	226	523	582	202	628	0	181	362	192	494	595
	388	316	351	356	200	885	613	143	519	751	145	343	913	45	674	328	282	285	788	856	292	703	753	220	803	181	0	493	352	665	775
	233	444	167	215	294	669	429	513	312	606	348	384	510	537	240	183	243	272	514	694	224	458	594	306	402	362	493	0	184	523	460
	80	262	172	238	167	615	343	340	221	516	216	385	567	394	322	39	72	243	485	616	183	408	510	233	456	192	352	184	0	426	453
	347	360	595	662	556	223	95	561	215	91	583	809	433	691	409	464	455	667	192	195	608	133	89	644	376	494	665	523	426	0	239
	393	517	589	653	615	233	201	704	257	258	658	820	195	809	254	490	510	684	74	294	623	109	238	684	150	595	775	460	453	239	0

coordXY = Coordinates (x,y): line zero => x line one => y column => customers
 	267	56	438	472	279	116	170	41	239	53	242	477	482	103	489	329	272	411	241	32	395	218	73	345	458	173	138	498	317	90	310
	578	638	762	820	802	59	331	838	434	197	842	990	98	970	368	677	696	864	162	94	805	245	193	871	207	766	943	607	640	280	188

d_pit = Demand of item p at customer i in period t
 	20	59	66	21	65	80	80	45	99	57	22	42
	40	70	49	57	56	47	59	35	97	59	12	17
	64	86	33	12	96	46	83	22	69	83	99	68
	35	85	41	85	24	42	86	75	86	49	18	98
	14	90	84	43	79	15	43	29	55	40	22	95
	83	74	91	12	80	67	81	56	17	52	80	21
	15	58	47	95	88	56	50	73	67	46	17	26
	39	21	42	72	86	65	81	12	18	57	38	29
	63	80	85	57	43	60	45	63	34	88	14	87
	88	83	31	72	57	92	99	24	74	70	24	58
	32	88	24	73	24	33	100	53	49	98	18	60
	73	48	10	29	27	47	92	57	23	17	21	52
	78	39	49	84	41	74	38	42	39	46	33	16
	96	77	90	53	36	69	22	47	46	13	17	38
	84	12	77	89	74	92	16	66	27	90	62	34
	24	36	52	74	29	85	62	23	68	88	90	92
	57	13	79	90	48	51	94	66	80	26	92	69
	60	94	94	67	93	84	18	86	24	45	36	81
	19	58	69	49	42	45	18	14	84	39	92	25
	51	53	44	53	60	19	60	61	96	41	48	94
	80	30	72	28	18	42	70	33	21	44	89	72
	29	22	35	40	42	34	82	44	38	62	53	45
	11	13	22	71	30	68	21	30	24	29	94	49
	49	42	20	42	63	69	67	96	70	32	72	44
	37	96	39	53	54	20	66	78	27	90	14	17
	62	63	92	16	23	37	34	63	71	32	54	45
	32	41	67	88	13	93	12	21	52	80	76	37
	12	71	88	87	32	13	69	83	41	53	63	71
	82	19	31	49	75	61	90	29	11	54	51	24
	31	27	69	39	37	77	60	97	69	87	49	22

	82	45	57	13	43	64	77	99	77	24	16	39
	73	92	91	30	83	96	51	53	94	15	23	26
	15	99	72	52	22	19	61	75	46	79	83	46
	68	12	88	98	97	19	50	60	90	47	94	49
	77	45	83	47	76	86	100	41	32	57	85	51
	85	95	62	20	35	49	15	76	39	57	75	32
	95	19	58	75	97	62	13	90	51	47	91	81
	83	89	69	16	43	35	24	48	65	45	26	34
	45	98	17	98	78	88	97	84	94	49	31	56
	55	40	72	32	80	16	85	25	67	33	76	70
	83	45	27	10	94	66	97	83	70	42	35	36
	15	38	15	30	57	50	75	69	72	42	19	73
	64	62	43	70	14	12	56	27	20	69	99	62
	27	91	40	57	57	33	12	55	68	35	38	79
	56	66	34	25	36	59	62	18	15	32	93	100
	60	57	75	45	42	46	54	22	41	79	51	24
	66	69	45	78	31	47	40	28	97	17	27	80
	92	93	34	37	87	70	98	75	89	99	55	92
	90	47	33	42	78	52	66	43	91	70	24	49
	98	81	66	47	57	20	28	74	52	65	10	88
	96	33	69	85	75	51	69	74	37	31	34	98
	40	62	84	13	82	67	99	39	92	46	48	64
	99	25	91	65	93	26	62	88	50	87	59	54
	85	85	24	79	62	77	26	44	85	13	55	75
	83	48	92	99	63	92	88	57	24	96	61	81
	30	24	23	13	69	79	80	18	39	35	90	11
	61	84	68	49	54	28	69	51	32	15	11	52
	12	68	40	18	89	85	25	74	66	90	90	25
	62	94	46	60	24	84	69	60	73	53	13	64
	89	42	24	73	28	57	52	27	86	81	19	27

	45	52	69	72	16	57	97	79	56	46	98	86
	97	29	45	17	94	12	33	36	14	44	34	71
	86	86	69	19	75	96	26	77	90	76	55	88
	99	43	74	86	91	11	45	77	22	16	75	61
	92	69	12	51	82	67	53	80	98	49	75	19
	14	85	50	12	43	88	50	51	33	46	15	22
	58	45	93	95	13	27	68	29	54	31	24	48
	43	25	61	45	72	70	30	74	83	33	13	29
	71	83	60	29	48	18	26	50	89	22	71	34
	64	30	60	70	42	33	33	14	33	23	91	91
	54	75	24	96	87	44	94	32	88	94	55	20
	28	52	58	35	78	34	16	31	20	54	56	47
	13	22	70	96	38	57	11	90	54	69	20	59
	26	31	89	88	75	88	14	45	28	45	92	72
	27	95	77	86	34	20	74	55	16	80	61	34
	23	95	43	73	94	76	80	37	73	44	51	93
	69	72	89	76	90	21	100	53	65	51	66	67
	49	44	30	54	51	34	45	43	70	99	52	25
	99	12	68	78	23	97	54	97	72	35	64	77
	87	19	95	58	24	42	32	93	28	43	12	67
	44	96	53	100	98	55	24	66	75	30	98	25
	26	98	68	15	91	11	13	72	34	14	47	49
	45	99	47	43	29	81	28	37	24	74	10	71
	56	43	25	23	44	76	13	60	91	69	39	84
	88	65	76	49	64	28	68	45	22	25	94	79
	24	22	54	74	44	47	18	29	37	41	91	18
	92	12	54	31	50	35	81	80	64	40	77	74
	68	93	99	39	67	23	83	17	19	98	11	85
	51	78	32	66	70	40	61	81	72	24	31	43
	95	26	54	91	59	39	71	63	74	53	61	33

	94	82	58	71	11	71	30	65	32	34	10	25
	14	75	46	66	64	73	33	97	68	92	77	52
	97	35	97	23	21	17	23	98	57	19	70	98
	61	25	33	45	11	59	82	80	18	22	35	32
	28	77	92	99	47	84	61	16	52	42	43	56
	95	29	47	89	28	86	74	19	28	18	37	65
	71	85	26	61	12	36	59	16	41	32	42	80
	38	75	84	98	87	37	82	12	99	23	42	18
	34	62	25	12	42	28	53	77	28	76	25	77
	33	30	100	15	86	68	35	77	61	93	62	70
	27	87	37	79	98	79	94	90	87	83	92	82
	17	92	74	56	40	35	92	71	32	73	34	73
	61	69	90	30	77	49	76	73	22	44	43	33
	19	70	17	37	63	56	78	19	83	29	17	36
	59	24	66	33	64	91	41	34	66	45	17	69
	23	55	89	74	57	80	50	48	76	40	83	100
	53	78	38	11	43	79	32	85	28	33	71	56
	48	41	46	43	95	68	93	15	53	36	49	82
	23	68	75	83	42	85	72	47	14	74	16	18
	40	35	30	28	18	50	17	48	92	13	85	65
	11	59	47	62	80	94	13	13	90	65	24	19
	88	55	59	21	74	90	74	65	57	17	45	96
	11	62	16	11	34	93	64	72	86	37	43	56
	65	75	19	39	14	14	77	83	12	17	42	55
	51	57	79	22	83	15	75	64	86	77	13	79
	75	65	78	66	40	43	73	43	49	65	80	51
	84	94	17	32	23	97	49	60	72	40	48	34
	25	73	35	34	69	87	72	24	97	27	34	30
	72	74	89	43	37	99	99	46	33	10	17	78
	26	81	93	19	42	50	61	74	96	54	96	72

	27	39	50	55	75	55	16	88	31	50	62	12
	79	64	87	92	32	24	15	27	86	26	47	19
	47	70	29	60	53	58	57	41	61	26	17	20
	64	56	47	58	46	67	79	22	17	87	40	39
	88	17	98	66	24	89	91	41	41	85	12	84
	79	46	83	94	31	32	68	64	28	13	41	12
	11	45	81	88	60	34	11	67	99	23	12	41
	23	98	98	34	26	69	26	29	66	32	30	16
	24	77	64	52	53	65	64	51	81	26	94	31
	37	31	38	82	13	63	37	16	87	58	35	22
	56	58	53	25	92	26	56	28	35	11	33	99
	43	74	66	17	18	50	18	72	19	98	83	38
	22	89	95	45	61	36	20	45	99	89	70	25
	21	89	78	84	30	59	42	36	65	25	88	27
	96	48	76	19	63	86	90	12	45	41	41	59
	33	83	53	37	87	57	11	32	23	51	64	92
	28	33	16	73	89	84	43	53	42	27	25	89
	69	76	64	29	51	20	73	42	43	75	25	82
	94	48	26	81	38	59	80	65	37	100	17	42
	19	54	61	52	74	16	93	46	24	89	79	90
	48	29	79	54	77	39	33	74	71	65	36	62
	72	74	83	29	86	41	100	13	21	21	40	36
	68	24	59	68	81	83	45	44	82	10	96	87
	93	37	79	100	66	51	35	13	70	14	17	34
	23	64	15	34	57	28	40	74	98	25	57	22
	36	67	32	21	93	83	57	50	61	88	65	55
	98	15	54	83	72	99	98	21	50	18	95	72
	75	53	56	40	16	56	54	18	85	51	79	78
	54	84	24	27	27	13	78	79	61	98	54	59
	39	58	55	59	19	66	13	67	42	86	97	26

	28	70	77	85	73	27	25	49	45	29	75	34
	27	22	72	26	91	30	28	92	61	56	93	72
	13	42	74	96	88	58	99	43	52	73	92	50
	32	55	83	44	79	60	40	57	14	69	15	42
	65	47	29	89	43	30	86	38	52	75	20	26
	44	60	41	25	75	24	94	72	98	15	84	73
	44	55	62	31	80	37	70	81	17	35	43	36
	50	40	47	25	86	78	94	84	80	42	90	31
	85	20	35	24	15	13	99	54	24	64	18	14
	75	31	64	70	38	38	66	64	39	96	82	75
	11	64	69	98	18	78	39	19	31	54	46	74
	94	85	85	18	100	58	37	29	56	73	73	17
	19	81	22	97	63	13	10	21	73	36	94	27
	17	19	34	99	68	74	54	19	34	18	15	74
	90	47	52	18	33	82	29	41	45	95	63	54
	55	93	82	40	32	74	30	59	18	78	66	76
	23	50	45	91	18	89	17	29	30	56	98	85
	16	58	81	70	91	49	82	79	77	40	10	68
	52	98	74	10	28	71	13	20	43	77	86	72
	31	33	98	29	40	21	87	43	82	19	61	99
	15	13	60	70	52	39	97	37	95	87	49	11
	56	49	81	36	14	42	95	47	11	94	62	41
	43	72	58	67	99	52	73	24	20	65	73	46
	64	80	40	52	46	62	76	44	84	42	84	66
	79	40	90	17	19	40	85	88	41	33	92	14
	21	23	12	35	56	42	53	79	46	96	12	52
	53	87	90	37	47	94	14	66	11	84	88	71
	78	82	48	53	53	12	63	30	19	36	92	41
	60	24	21	72	27	44	53	24	64	25	97	82
	31	55	92	32	44	27	42	36	27	15	72	45

	76	40	50	94	96	94	63	22	36	47	74	15
	54	96	24	67	32	31	18	33	26	29	30	43
	22	39	59	61	33	99	72	63	73	81	43	46
	90	65	50	39	64	92	30	72	32	37	39	29
	43	87	73	34	79	25	26	60	92	31	16	41
	46	68	62	54	67	64	41	69	50	18	82	90
	71	18	93	70	46	45	98	62	19	88	40	81
	96	85	71	19	83	89	94	62	77	46	36	72
	78	36	69	43	98	52	83	73	62	51	92	87
	71	50	23	35	71	48	50	49	30	79	93	27
	64	33	83	54	67	60	40	16	90	61	53	79
	53	54	68	48	23	40	99	70	67	97	44	41
	73	62	66	19	100	55	25	55	32	75	49	98
	24	96	95	17	33	53	67	88	51	13	94	71
	24	78	78	25	94	27	52	37	58	98	93	81
	29	78	85	92	70	63	38	36	27	17	55	40
	58	80	65	95	29	99	50	42	73	77	93	35
	93	66	53	37	100	92	62	77	24	83	80	55
	81	95	78	93	56	31	16	47	29	67	86	37
	39	31	12	36	84	78	92	42	46	99	97	66
	44	63	89	80	66	32	89	85	75	77	15	83
	27	13	38	96	21	48	34	24	43	10	80	23
	44	40	76	99	71	34	55	39	60	69	39	88
	29	85	84	49	44	22	93	72	41	26	67	94
	41	100	15	95	90	46	56	55	29	21	13	100
	87	17	45	28	56	97	14	11	10	74	27	61
	23	17	32	81	96	45	57	34	27	98	72	78
	71	30	45	36	59	15	47	78	44	40	73	98
	11	65	47	38	40	84	78	30	96	19	16	77
	21	74	24	63	62	51	28	16	27	97	93	44

	61	85	20	72	84	16	53	77	57	23	12	43
	97	63	11	43	55	51	75	77	49	95	39	42
	65	89	75	73	39	29	17	53	44	62	78	19
	96	60	34	70	52	26	76	81	49	85	16	53
	83	48	47	96	67	49	57	25	44	26	33	17
	44	17	82	34	20	88	55	27	11	69	86	89
	67	17	28	25	65	98	62	34	95	91	85	26
	61	99	37	36	14	26	73	71	36	20	66	77
	34	89	39	40	31	55	29	77	91	13	46	14
	66	48	28	74	16	29	25	78	43	29	94	56
	26	33	24	76	21	35	68	91	51	88	72	66
	73	33	89	33	25	40	69	42	92	35	12	35
	68	31	40	76	81	93	34	29	39	28	47	33
	82	37	72	63	26	90	39	70	39	39	36	76
	61	83	71	99	64	33	51	52	13	72	47	33
	98	93	86	68	82	45	76	30	16	25	77	66
	14	78	39	63	25	68	70	81	92	76	15	67
	21	87	34	57	26	79	41	35	39	96	32	58
	86	27	93	17	76	100	72	27	19	29	57	44
	10	44	92	51	45	74	88	89	13	82	90	53
	68	91	99	49	68	11	80	90	88	60	61	46
	24	12	25	53	56	48	13	40	17	70	93	75
	58	14	63	64	27	72	98	45	92	92	29	27
	68	77	37	16	13	99	61	97	98	97	80	58
	48	73	23	96	26	88	13	24	46	27	32	53
	11	95	31	85	85	39	52	35	56	33	41	19
	24	66	93	89	19	56	62	47	21	46	44	91
	91	84	85	89	12	63	84	94	26	11	49	72
	50	91	48	42	90	15	56	30	71	69	80	20
	92	25	71	60	44	27	83	37	30	57	18	75

	21	65	92	26	47	74	80	20	96	60	99	94
	15	39	15	78	17	11	69	29	79	35	31	47
	23	53	76	36	36	97	12	75	14	92	68	61
	68	11	49	83	12	43	56	54	34	45	83	20
	44	26	14	32	76	44	65	39	46	19	47	83
	50	33	86	80	98	90	80	28	39	87	38	60
	30	96	31	92	57	53	34	23	13	45	21	15
	62	71	85	69	37	42	31	67	58	98	48	64
	44	52	26	80	15	50	28	91	89	14	100	23
	47	71	97	76	94	14	83	76	96	92	31	26
	61	20	11	66	51	82	43	91	73	23	47	73
	51	60	100	30	13	38	33	24	39	31	19	58
	84	38	15	38	93	42	48	72	21	41	64	39
	94	44	28	85	38	32	70	47	29	38	39	97
	75	50	31	99	86	96	48	22	80	11	43	81
	73	27	53	91	100	83	78	72	63	45	91	73
	76	46	94	98	57	14	36	24	53	54	50	35
	51	12	39	36	18	85	58	37	62	97	41	61
	48	10	25	26	29	99	67	91	15	48	43	99
	66	57	64	20	18	50	43	87	45	95	32	59
	39	69	77	67	29	54	59	87	34	44	85	98
	39	43	78	17	69	27	99	64	73	38	86	56
	69	18	49	71	88	83	34	13	70	31	82	91
	17	81	18	100	67	80	69	64	94	67	16	65
	23	14	56	92	95	57	12	64	80	13	29	99
	55	79	11	60	52	18	70	62	28	57	75	23
	80	27	35	65	67	92	34	36	61	31	63	60
	96	72	48	76	22	19	94	74	93	80	76	88
	15	67	33	73	23	47	33	58	31	70	26	76
	88	77	79	31	86	71	23	61	41	98	65	19

	30	88	24	23	78	63	74	34	89	63	48	37
	34	23	42	82	29	58	99	15	52	68	67	22
	54	16	15	50	58	62	81	75	41	60	77	86
	77	99	89	49	79	68	37	26	21	43	47	72
	28	90	20	66	51	14	88	68	59	14	17	57
	96	47	41	78	94	12	19	80	29	35	71	49
	56	36	79	88	37	99	76	89	91	31	58	29
	19	38	89	21	82	80	93	62	38	15	68	96
	99	28	63	80	72	12	26	21	77	15	35	86
	39	80	12	21	40	57	98	42	26	27	33	58
	28	73	79	69	33	90	20	49	90	63	38	25
	87	14	52	67	95	82	87	11	91	21	99	70
	33	36	23	68	61	45	76	68	65	60	83	27
	30	60	55	71	47	22	13	70	72	69	33	32
	82	51	44	46	51	17	41	82	77	26	45	32
	98	50	52	55	73	69	33	40	54	66	58	81
	95	40	45	63	94	21	80	49	82	88	20	27
	81	72	98	84	25	62	58	73	16	84	58	16
	28	48	44	62	67	57	64	12	16	54	46	30
	73	53	87	24	10	95	55	90	18	61	43	20
	29	68	96	96	69	39	67	31	37	19	13	60
	14	72	94	55	32	45	21	55	49	47	41	55
	26	15	26	83	25	65	34	58	45	52	91	68
	41	66	23	96	45	88	28	30	85	15	84	31
	89	14	71	91	17	63	74	47	16	72	31	85
	95	24	70	16	63	59	23	70	34	30	40	74
	100	100	98	20	90	68	30	43	63	88	47	67
	53	21	89	84	12	43	80	41	26	28	95	71
	10	54	77	89	23	57	88	28	98	54	70	10
	39	62	62	75	71	93	48	13	13	33	50	95

