***** PARAMETERS PRP *****

Number of Customers = 30
Number of Products = 10
Number of Vehicles = 5
Number of Periods = 12

B = Production capacity
	49429

b_p = Time required to produce item p
 	1	1	1	1	1	1	1	1	1	1

c_p = Production cost of item p
 	300	800	800	300	800	300	800	800	300	800

s_p = Setup cost of item p
 	300	800	800	300	800	300	800	800	300	800

M = Big number
	197714

U_pi = Maximum inventory upper bound of item p at site i
 	197714	168	142	167	277	165	131	257	135	164	116	273	175	172	194	231	250	193	252	246	192	162	112	223	99	173	147	82	118	107	222
	197714	247	298	204	110	155	126	221	94	145	223	185	87	174	255	112	134	293	165	218	198	302	191	221	177	117	275	165	275	121	98
	197714	203	240	142	247	240	169	95	190	207	101	109	146	238	325	75	263	163	273	341	177	105	317	138	269	239	171	230	262	197	195
	197714	167	200	227	280	119	102	303	221	271	120	235	160	108	220	171	75	278	140	156	161	180	115	173	184	196	175	114	141	109	155
	197714	137	159	238	307	328	161	188	120	112	111	221	90	228	296	209	259	116	278	182	216	139	201	215	153	122	206	149	298	95	200
	197714	105	188	185	111	180	122	261	170	225	93	224	109	129	201	241	221	232	233	129	131	216	114	166	258	174	134	201	175	263	149
	197714	157	145	202	102	121	144	288	91	242	170	195	222	114	151	228	258	193	165	245	212	276	296	269	214	223	270	235	196	175	271
	197714	175	123	115	144	172	152	198	216	265	109	91	114	201	117	245	253	318	191	93	279	263	113	229	121	263	196	215	211	313	229
	197714	102	116	200	163	120	234	175	197	126	119	98	206	189	231	223	142	114	201	185	243	189	110	227	264	138	120	112	168	232	170
	197714	164	121	304	178	192	191	272	172	266	165	298	177	231	99	299	115	278	131	89	153	175	225	154	93	278	288	100	309	105	263

I_pi0 = Initial inventory of item p at site i
 	0	117	48	109	75	36	72	176	31	89	78	161	171	35	113	164	78	186	209	188	132	158	97	29	76	110	115	41	71	88	74
	0	39	194	124	60	62	123	77	40	93	17	67	60	67	238	80	78	158	21	168	43	41	115	146	123	117	272	144	79	80	94
	0	54	117	109	55	157	133	89	173	108	83	86	136	157	62	57	119	96	273	72	149	56	42	85	157	163	51	50	192	79	81
	0	103	187	23	201	44	60	85	119	50	118	214	119	58	96	141	34	37	70	52	92	175	80	115	66	144	69	54	74	23	45
	0	67	158	97	100	72	149	119	50	74	106	164	12	186	27	32	81	59	20	96	187	59	88	161	62	105	160	134	89	85	150
	0	105	95	162	89	25	68	55	101	154	69	142	60	98	50	142	190	153	137	81	113	181	92	105	54	25	40	179	172	230	103
	0	117	142	18	48	80	109	260	84	239	52	114	168	64	89	49	180	15	165	144	149	177	125	19	73	165	270	120	142	20	78
	0	69	94	51	95	151	58	122	62	159	92	42	106	85	90	79	135	150	92	59	45	187	104	121	119	222	181	63	158	42	75
	0	31	81	153	105	88	142	167	21	68	86	64	132	87	91	59	92	78	57	172	214	136	95	99	178	31	95	80	114	165	133
	0	68	75	78	91	143	138	145	149	213	152	201	106	184	28	167	69	219	112	44	153	79	117	75	91	247	195	31	230	77	155

h_pi = Inventory cost of item p at site i
 	3	9	7	7	2	8	1	3	2	7	3	7	1	1	7	9	2	7	8	4	9	6	9	4	2	7	8	8	9	3	1
	8	5	5	2	6	3	6	8	8	8	7	3	9	2	7	9	6	9	2	5	4	8	1	4	1	1	6	3	5	9	2
	8	1	7	6	8	9	7	2	3	6	8	4	8	7	3	6	4	3	8	6	9	8	1	9	5	4	5	4	1	1	8
	3	4	6	1	9	3	4	9	7	1	5	2	2	4	5	8	1	5	8	7	7	5	8	6	7	7	2	4	8	7	3
	8	2	6	7	2	9	5	7	5	3	6	3	2	3	8	4	8	4	6	3	9	1	9	9	3	1	3	8	4	3	2
	3	3	6	7	7	9	8	1	4	6	5	7	2	2	8	6	7	3	4	1	9	7	2	7	8	5	9	5	2	6	8
	8	8	7	3	3	9	2	2	6	2	4	4	6	4	2	5	8	2	1	1	9	5	5	5	3	9	8	9	5	5	3
	8	9	4	6	4	2	2	4	4	8	5	5	2	4	8	3	3	8	8	3	5	8	4	8	5	9	2	3	7	5	7
	3	3	1	3	1	4	6	5	2	5	7	6	2	8	5	5	5	2	9	1	4	4	6	7	9	6	5	7	4	2	7
	8	5	9	4	4	8	5	1	5	8	7	3	8	5	5	7	7	3	8	4	6	2	1	4	1	1	2	7	7	9	4

C = Vehicle capacity
	3410

f = Fixed transportation cost
	30256

a_ik = Transportation cost for traveling from node i to node k
 	0	198	517	412	515	299	326	444	425	394	354	546	576	382	333	527	301	485	333	416	248	287	134	233	147	54	336	314	580	322	641
	198	0	360	278	422	367	180	404	430	248	237	482	477	324	276	475	387	431	156	282	290	299	260	168	57	252	205	364	509	293	518
	517	360	0	117	195	465	192	713	764	125	513	758	209	632	594	763	745	284	379	114	646	647	613	508	385	564	185	718	286	306	189
	412	278	117	0	162	353	99	664	703	37	471	723	208	582	538	723	662	218	341	5	567	576	518	440	291	456	78	642	260	195	240
	515	422	195	162	0	351	250	819	851	198	629	882	62	737	692	881	791	101	502	158	704	719	636	588	421	549	220	780	99	211	148
	299	367	465	353	351	0	334	730	722	362	597	824	406	659	608	811	596	272	518	354	546	581	429	496	321	300	313	613	369	160	498
	326	180	192	99	250	334	0	570	606	71	380	633	302	488	443	632	564	282	256	103	469	478	425	342	196	374	34	544	343	194	339
	444	404	713	664	819	730	570	0	96	629	202	110	871	83	129	85	258	835	335	668	214	165	345	241	426	470	600	193	910	693	894
	425	430	764	703	851	722	606	96	0	670	267	187	906	147	172	155	184	857	393	707	179	142	308	264	440	441	633	127	938	706	939
	394	248	125	37	198	362	71	629	670	0	435	687	243	547	504	688	634	251	305	40	538	545	495	408	267	440	61	612	296	208	271
	354	237	513	471	629	597	380	202	267	435	0	254	678	124	101	254	332	656	134	474	233	200	314	124	276	397	412	276	723	528	696
	546	482	758	723	882	824	633	110	187	687	254	0	930	166	217	34	364	908	383	727	323	274	453	329	512	575	666	300	976	774	944
	576	477	209	208	62	406	302	871	906	243	678	930	0	789	744	931	851	141	548	204	762	776	697	643	480	610	274	838	85	271	99
	382	324	632	582	737	659	488	83	147	547	124	166	789	0	52	153	254	755	255	586	179	131	300	165	350	414	518	189	828	615	812
	333	276	594	538	692	608	443	129	172	504	101	217	744	52	0	204	239	707	221	542	149	106	258	114	299	367	473	178	782	565	772
	527	475	763	723	881	811	632	85	155	688	254	34	931	153	204	0	334	904	386	727	298	250	430	317	502	554	664	271	975	766	948
	301	387	745	662	791	596	564	258	184	634	332	364	851	254	239	334	0	776	419	666	107	134	168	253	372	298	585	67	867	616	901
	485	431	284	218	101	272	282	835	857	251	656	908	141	755	707	904	776	0	537	216	698	720	614	597	418	511	249	773	100	163	238
	333	156	379	341	502	518	256	335	393	305	134	383	548	255	221	386	419	537	0	345	313	296	347	167	211	385	290	374	598	424	563
	416	282	114	5	158	354	103	668	707	40	474	727	204	586	542	727	666	216	345	0	571	580	522	444	295	460	82	646	256	196	236
	248	290	646	567	704	546	469	214	179	538	233	323	762	179	149	298	107	698	313	571	0	50	133	147	284	263	492	76	785	542	807
	287	299	647	576	719	581	478	165	142	545	200	274	776	131	106	250	134	720	296	580	50	0	180	140	303	308	503	78	803	566	815
	134	260	613	518	636	429	425	345	308	495	314	453	697	300	258	430	168	614	347	522	133	180	0	195	229	135	441	188	707	452	755
	233	168	508	440	588	496	342	241	264	408	124	329	643	165	114	317	253	597	167	444	147	140	195	0	186	274	370	214	676	452	678
	147	57	385	291	421	321	196	426	440	267	276	512	480	350	299	502	372	418	211	295	284	303	229	186	0	200	214	359	502	268	530
	54	252	564	456	549	300	374	470	441	440	397	575	610	414	367	554	298	511	385	460	263	308	135	274	200	0	381	322	608	348	680
	336	205	185	78	220	313	34	600	633	61	412	666	274	518	473	664	585	249	290	82	492	503	441	370	214	381	0	567	311	167	316
	314	364	718	642	780	613	544	193	127	612	276	300	838	189	178	271	67	773	374	646	76	78	188	214	359	322	567	0	860	616	882
	580	509	286	260	99	369	343	910	938	296	723	976	85	828	782	975	867	100	598	256	785	803	707	676	502	608	311	860	0	260	175
	322	293	306	195	211	160	194	693	706	208	528	774	271	615	565	766	616	163	424	196	542	566	452	452	268	348	167	616	260	0	354
	641	518	189	240	148	498	339	894	939	271	696	944	99	812	772	948	901	238	563	236	807	815	755	678	530	680	316	882	175	354	0

coordXY = Coordinates (x,y): line zero => x line one => y column => customers
 	76	270	466	356	312	4	327	333	242	365	387	427	345	336	312	394	83	212	407	357	164	208	75	269	214	23	312	149	269	162	442
	434	472	773	736	891	724	642	73	43	701	267	17	943	155	200	14	134	899	399	740	203	180	301	305	482	425	672	129	980	744	960

d_pit = Demand of item p at customer i in period t
 	93	24	73	35	99	93	23	43	39	23	68	58
	48	13	18	37	85	62	63	16	69	33	37	88
	88	21	75	82	51	43	90	48	35	49	69	17
	22	19	17	17	96	89	46	39	85	90	77	68
	36	74	21	90	41	73	38	68	22	87	22	88
	72	91	89	72	12	85	60	46	67	31	91	72
	55	65	56	87	97	33	73	53	98	46	90	18
	31	18	53	13	50	74	93	34	25	20	94	35
	89	12	33	35	15	90	49	14	33	20	29	74
	78	79	41	87	60	77	34	73	24	69	18	58
	98	38	25	35	36	98	89	77	52	66	23	18
	41	89	41	22	24	92	11	50	30	27	50	48
	35	88	36	26	65	68	39	87	89	14	62	78
	55	43	15	78	12	26	75	63	70	70	59	15
	72	22	70	62	71	72	75	29	40	61	94	25
	32	46	24	62	83	57	13	68	15	87	60	53
	37	51	62	36	61	12	68	41	29	58	51	73
	21	37	76	75	43	30	68	52	60	65	63	14
	95	36	57	83	20	89	72	39	83	98	52	14
	33	99	89	46	49	94	59	93	92	70	11	33
	42	93	23	28	92	94	15	50	99	78	20	12
	97	16	79	88	35	79	82	93	36	12	15	39
	29	70	80	58	70	15	47	50	70	89	46	44
	76	79	18	30	72	52	46	37	67	87	19	13
	35	45	30	35	43	50	94	84	59	60	67	89
	54	61	76	20	44	15	97	60	13	34	38	76
	41	54	14	45	67	44	30	59	35	26	59	20
	51	20	79	62	83	89	46	61	41	69	66	39
	88	18	51	84	18	72	61	17	83	25	64	61
	12	62	47	66	80	85	91	69	25	39	20	70

	39	79	72	85	74	83	70	71	65	46	45	13
	54	96	44	31	61	16	67	75	74	59	47	92
	79	21	24	33	41	12	88	40	18	79	21	33
	60	67	80	92	37	65	21	36	36	47	65	53
	20	25	17	62	100	23	49	72	49	92	59	50
	92	31	66	11	79	71	38	64	50	98	82	74
	19	27	31	66	60	89	51	98	66	41	80	34
	40	90	50	37	20	55	62	36	10	73	28	63
	12	66	15	14	100	58	46	78	39	39	98	13
	17	11	61	73	84	16	43	18	48	14	64	86
	54	13	28	99	36	85	50	89	94	46	85	60
	60	55	27	15	24	20	18	69	40	82	55	54
	23	44	41	63	53	99	14	23	15	44	28	76
	66	90	38	44	87	16	56	59	18	63	18	57
	80	93	83	33	76	43	49	57	18	13	47	82
	78	86	89	90	81	16	86	82	88	47	24	38
	43	78	37	83	43	36	94	78	75	13	25	97
	21	16	15	88	89	14	18	82	45	41	45	21
	21	65	82	92	99	87	38	87	59	78	95	70
	43	40	43	23	43	60	55	31	52	75	81	48
	41	41	55	55	46	90	66	93	21	100	35	82
	52	63	89	67	56	88	33	44	99	48	98	28
	86	60	32	15	88	33	27	99	14	76	60	72
	99	10	14	40	97	53	50	20	85	100	84	54
	21	96	81	81	91	35	67	15	15	53	96	51
	81	47	70	74	73	21	27	34	21	89	62	60
	67	63	14	49	64	97	30	54	18	85	80	37
	79	81	22	41	13	78	61	29	57	87	45	68
	80	97	11	87	36	33	86	47	86	46	43	74
	37	57	89	27	21	36	48	94	70	63	15	31

	54	76	98	85	96	51	54	72	45	98	23	59
	57	60	72	12	34	15	39	82	89	79	19	19
	59	50	37	85	73	75	91	80	69	81	77	77
	55	88	54	72	53	17	37	92	79	32	87	76
	99	58	92	40	36	17	81	54	99	39	18	88
	10	73	50	51	44	79	27	83	43	36	97	84
	23	66	22	43	41	47	17	42	24	72	86	86
	43	55	75	43	49	75	58	62	83	72	46	97
	45	63	68	13	12	58	58	31	38	87	82	66
	83	70	30	59	10	52	49	16	93	51	21	73
	53	33	74	38	99	12	30	44	95	23	97	58
	96	40	99	90	65	63	88	56	96	33	90	59
	100	57	81	58	16	67	51	11	84	73	46	70
	62	94	37	41	64	53	41	79	64	92	77	76
	57	29	38	13	20	46	18	20	38	88	26	55
	90	29	57	13	15	61	91	18	86	59	34	78
	37	22	37	12	65	76	59	19	78	86	95	64
	73	95	33	72	55	100	73	96	33	30	76	82
	72	98	92	89	39	21	72	55	76	86	100	18
	42	64	43	32	90	85	95	68	14	27	57	91
	56	20	28	12	94	38	72	83	40	71	83	32
	42	58	89	60	87	46	76	37	64	96	67	38
	34	51	75	39	42	10	26	25	81	67	46	57
	94	63	98	67	41	50	18	84	68	12	13	38
	79	84	77	74	56	44	65	51	22	86	13	65
	20	31	48	74	84	99	37	86	24	86	32	61
	50	65	15	33	34	24	66	22	76	73	30	63
	92	51	24	25	99	32	34	59	56	35	45	76
	79	67	87	17	28	96	54	76	86	92	86	21
	81	22	100	24	60	91	66	20	75	83	61	97

	36	49	18	83	39	95	45	87	52	39	89	34
	56	63	68	33	50	65	65	22	73	26	34	44
	23	50	22	46	76	44	85	30	35	51	30	53
	95	64	42	81	63	64	24	21	73	20	43	83
	44	79	96	55	18	43	49	98	38	66	54	71
	60	99	15	42	23	61	66	17	67	56	71	36
	19	66	89	79	26	79	20	42	78	88	74	66
	59	60	75	89	87	49	13	79	86	24	20	23
	50	48	76	87	20	52	19	46	99	23	39	92
	99	19	47	25	72	67	87	98	41	71	33	59
	93	29	92	86	83	22	65	45	69	61	21	40
	38	66	15	82	27	81	73	25	95	67	54	17
	58	21	80	40	89	26	90	16	59	56	72	42
	96	27	15	83	24	24	40	16	52	69	21	61
	79	62	39	68	97	82	12	95	51	12	71	15
	34	79	41	55	51	33	16	36	12	31	39	22
	37	87	94	74	42	17	79	20	48	72	14	83
	70	23	29	52	20	37	40	91	41	49	62	46
	28	24	95	65	30	56	35	58	85	19	90	37
	92	91	42	39	22	57	89	63	33	71	19	25
	76	99	14	84	83	70	49	67	52	40	70	14
	80	78	81	25	58	58	23	80	93	51	45	18
	23	92	92	73	66	68	23	65	43	34	88	26
	66	94	51	53	64	28	63	97	61	48	84	25
	17	75	52	78	27	60	12	92	23	69	50	34
	69	43	99	99	42	82	14	21	71	50	15	93
	54	71	85	73	27	35	98	71	27	18	57	65
	74	82	78	91	76	38	48	70	94	53	59	80
	23	43	79	38	78	22	90	31	65	53	39	95
	20	25	17	37	12	25	34	76	38	31	58	93

	20	31	16	66	54	41	40	84	36	63	19	76
	69	89	50	80	44	86	14	57	32	21	26	69
	86	11	49	14	45	29	88	20	13	80	80	57
	100	73	96	59	71	23	30	97	65	11	94	17
	72	48	66	40	64	63	73	42	84	96	55	84
	95	54	50	52	100	90	39	20	16	65	11	52
	20	99	90	56	12	15	46	23	79	45	13	65
	35	15	89	14	35	56	72	76	95	63	81	91
	74	83	25	29	88	69	17	99	98	11	23	53
	34	72	22	14	31	85	71	42	79	80	53	85
	99	65	41	17	82	49	39	41	82	25	28	94
	12	39	14	39	43	83	35	57	99	15	31	73
	49	51	68	18	39	91	71	90	88	18	56	44
	27	28	61	29	75	28	65	96	70	74	73	84
	32	86	14	97	48	23	57	97	10	47	34	83
	81	74	37	43	85	39	81	22	18	49	70	23
	11	35	13	24	83	51	55	52	11	74	24	32
	20	67	69	96	75	55	84	31	57	30	28	55
	96	34	46	87	16	47	22	88	72	73	96	50
	98	89	68	63	33	75	97	59	82	82	53	65
	59	55	70	31	70	96	99	97	86	63	61	45
	88	78	83	52	99	71	45	88	13	51	44	90
	79	82	49	73	66	84	72	53	96	92	50	65
	62	98	98	63	36	28	17	44	22	36	27	80
	36	69	75	95	36	52	63	77	83	55	43	47
	59	31	70	86	60	75	65	14	66	34	36	21
	22	92	20	22	55	26	85	16	42	80	95	39
	89	93	60	65	64	42	88	64	95	69	64	100
	85	71	33	37	20	25	45	51	49	44	42	66
	90	35	25	13	74	73	10	57	42	77	14	90

	19	55	14	17	68	84	90	83	39	63	20	76
	58	37	73	97	84	45	41	79	13	76	51	96
	48	62	52	22	59	28	68	85	14	50	10	56
	11	78	77	63	87	14	82	98	17	55	60	22
	25	30	15	96	35	89	16	23	100	42	49	20
	68	63	32	90	24	28	13	54	42	42	15	16
	24	31	48	97	38	30	46	51	49	50	75	88
	65	36	95	67	64	37	69	46	64	22	94	20
	71	64	19	12	72	13	57	82	71	25	35	19
	27	12	30	59	87	81	95	55	10	32	46	22
	55	76	11	79	73	26	11	12	26	86	58	24
	60	80	13	73	73	11	94	81	37	45	29	57
	38	48	12	49	89	31	14	28	81	19	17	89
	50	65	37	55	54	48	10	90	32	40	35	87
	63	79	54	18	39	83	74	68	94	45	62	44
	99	91	20	73	36	26	19	75	64	62	75	24
	13	20	78	42	28	78	64	62	50	25	18	78
	78	12	47	27	13	36	41	97	45	21	88	55
	81	71	17	21	69	40	18	75	37	41	15	29
	70	17	26	78	89	82	75	49	92	65	79	62
	29	35	35	82	80	45	49	45	55	93	31	68
	39	53	26	91	66	80	92	35	70	44	39	47
	17	56	32	20	22	83	74	79	82	33	93	72
	11	43	79	39	74	96	67	68	51	42	12	37
	25	25	13	57	21	96	25	54	29	17	70	90
	40	56	58	88	46	37	98	33	92	88	88	79
	83	77	19	72	23	80	56	78	32	44	15	24
	34	85	53	97	91	15	68	92	65	65	22	11
	88	50	22	70	40	86	39	57	45	75	41	18
	16	87	22	78	81	81	10	15	41	57	84	22

	20	97	38	66	43	59	46	58	45	60	26	71
	45	86	11	59	82	64	47	79	18	36	20	34
	18	85	11	49	58	100	93	28	30	70	35	28
	48	18	93	34	92	62	39	95	16	63	24	29
	80	37	36	43	24	74	68	74	90	86	34	80
	16	93	36	16	38	12	90	41	60	47	93	34
	78	100	82	59	99	82	56	76	46	39	84	64
	39	45	56	28	61	23	35	97	73	25	16	49
	80	78	81	26	33	45	50	65	55	60	76	78
	52	46	91	87	40	27	92	84	29	25	89	18
	71	43	35	70	44	56	26	17	24	68	73	57
	68	20	80	62	22	27	24	20	79	84	96	83
	31	33	86	94	57	67	38	71	77	14	97	17
	19	70	74	52	25	89	47	40	77	78	21	12
	49	30	50	70	75	63	19	55	53	76	99	45
	97	58	25	33	29	49	54	79	25	55	55	59
	15	77	20	51	96	62	62	98	64	88	82	57
	48	35	82	92	19	93	73	70	39	52	16	40
	79	65	67	86	59	56	11	82	27	51	87	64
	81	32	36	61	25	92	30	70	43	59	17	89
	97	80	53	77	83	82	80	25	83	82	39	46
	59	66	55	64	86	44	46	57	83	44	89	18
	19	69	52	97	71	56	31	93	37	68	39	14
	73	87	29	54	32	98	34	22	78	19	40	76
	37	43	27	58	97	40	23	53	31	25	53	49
	72	48	89	61	36	38	50	52	25	39	81	58
	53	67	13	36	28	84	69	33	27	50	71	32
	95	37	10	85	88	73	94	85	75	49	22	71
	20	32	24	80	45	95	96	35	69	95	23	84
	78	81	28	58	13	70	83	53	10	62	68	46

	69	46	22	45	23	83	25	28	19	22	10	27
	94	49	10	97	33	16	68	80	85	86	55	62
	15	36	84	58	90	19	99	64	82	38	12	90
	66	29	92	19	26	70	25	28	38	72	25	87
	79	72	77	97	36	69	25	65	39	26	35	69
	21	37	44	54	41	57	61	93	76	44	20	59
	64	58	24	77	88	24	88	26	76	93	85	90
	62	97	63	88	12	47	40	79	47	18	54	41
	90	69	44	48	72	93	55	43	89	71	69	52
	92	61	40	54	12	42	70	90	28	17	77	71
	13	29	35	47	51	29	57	62	52	64	54	55
	49	57	41	74	97	89	77	42	11	85	44	16
	41	44	86	61	42	63	44	80	79	17	37	10
	90	82	70	85	67	46	53	47	93	30	26	14
	79	52	30	67	68	28	50	78	98	79	58	49
	89	46	38	89	32	27	55	36	54	21	77	43
	92	58	85	89	66	16	82	37	77	41	41	80
	15	77	96	93	85	60	46	82	43	94	21	53
	48	11	30	19	75	72	22	73	46	39	55	67
	45	97	57	38	98	39	70	92	40	100	87	74
	71	15	90	11	68	67	10	95	77	35	59	34
	48	56	13	56	70	72	76	27	49	85	70	58
	34	59	28	47	82	87	46	61	69	32	65	78
	47	72	85	84	11	12	13	91	80	74	83	73
	89	15	28	90	69	91	39	99	67	40	87	76
	63	85	33	99	16	38	20	86	23	14	66	45
	45	18	84	85	63	34	75	86	30	62	40	24
	27	44	37	50	12	25	16	57	58	45	78	57
	42	57	86	99	39	68	19	55	84	71	89	42
	75	17	88	80	53	68	89	19	26	38	49	86

	31	98	72	96	30	73	58	12	47	34	40	18
	81	89	61	67	58	39	55	28	88	36	38	56
	98	55	80	30	85	67	16	12	21	69	26	42
	49	56	33	23	12	49	72	59	48	44	15	29
	88	97	22	75	55	83	63	37	73	36	32	56
	74	68	78	67	16	84	96	12	68	42	75	23
	73	94	38	98	19	97	72	24	47	47	42	49
	21	25	44	19	71	27	18	73	36	58	39	42
	68	86	19	40	98	99	26	83	68	64	85	22
	86	92	37	79	32	94	30	71	74	53	43	24
	64	95	39	84	75	32	17	39	66	23	32	19
	33	11	88	81	13	31	43	12	29	47	34	72
	61	26	75	66	57	85	57	87	78	55	12	96
	91	70	37	83	19	68	74	24	43	87	83	14
	59	95	95	39	11	40	76	38	58	40	64	55
	10	82	54	93	23	11	44	40	79	92	11	28
	11	67	91	30	89	94	93	66	17	76	34	18
	27	30	87	38	34	55	43	13	14	31	34	77
	84	13	16	59	84	99	97	23	81	71	11	100
	91	16	36	71	81	38	67	67	100	55	57	50
	32	41	63	30	54	39	24	15	66	97	84	22
	95	67	91	15	41	10	89	54	25	23	75	74
	44	29	26	69	50	99	28	70	87	98	47	33
	84	94	94	76	99	82	36	42	48	48	11	77
	31	94	22	68	47	20	63	14	62	18	38	76
	95	67	11	44	29	22	40	81	25	19	37	11
	20	12	18	30	34	27	75	43	22	72	68	25
	98	16	85	68	90	42	53	90	30	57	25	17
	31	59	32	43	59	87	60	84	40	90	30	81
	74	59	72	71	61	48	23	69	70	76	41	17

	68	95	19	62	55	16	61	20	98	62	72	27
	38	37	59	48	81	83	63	73	16	86	99	45
	78	52	22	92	84	24	51	79	33	50	80	84
	91	58	69	77	29	25	48	17	92	88	83	36
	35	21	87	94	75	30	75	94	96	88	13	60
	77	61	82	56	74	47	80	64	24	82	60	58
	30	93	22	70	88	90	18	32	47	10	61	91
	50	99	69	43	81	22	65	88	31	64	43	31
	40	96	77	59	53	34	51	86	93	57	59	92
	10	49	93	83	10	73	50	70	94	34	35	60
	11	36	63	91	54	76	77	11	84	61	69	83
	77	29	28	70	24	44	69	82	91	37	67	90
	72	99	13	59	64	83	13	68	50	22	64	85
	28	95	81	34	55	30	13	37	93	25	28	75
	34	60	32	41	72	42	57	64	87	88	54	87
	69	23	82	78	26	77	36	59	89	66	42	41
	83	74	52	10	76	76	56	78	94	87	71	77
	96	16	33	49	75	57	73	94	40	92	71	89
	10	34	80	52	58	78	42	30	20	25	30	73
	64	57	32	17	32	34	97	96	14	39	65	65
	79	59	64	53	53	58	95	21	22	93	31	73
	50	46	21	59	70	99	38	88	79	50	26	49
	14	61	98	39	53	52	42	76	41	45	82	13
	41	11	39	22	25	37	89	43	39	36	93	84
	93	86	68	86	75	23	65	13	52	32	11	64
	78	67	50	68	65	14	46	84	66	18	53	81
	31	85	13	25	70	81	82	12	99	16	58	28
	94	80	56	91	79	71	61	26	32	32	55	64
	64	13	18	74	76	62	79	19	56	66	65	35
	40	20	62	33	49	26	44	53	71	100	86	46

