***** PARAMETERS PRP *****

Number of Customers = 30
Number of Products = 10
Number of Vehicles = 5
Number of Periods = 12

B = Production capacity
	49934

b_p = Time required to produce item p
 	1	1	1	1	1	1	1	1	1	1

c_p = Production cost of item p
 	300	800	800	300	300	300	300	300	300	300

s_p = Setup cost of item p
 	300	800	800	300	300	300	300	300	300	300

M = Big number
	199735

U_pi = Maximum inventory upper bound of item p at site i
 	199735	298	193	234	110	284	267	270	170	219	257	84	133	225	175	223	270	92	240	101	133	285	314	108	152	107	97	119	106	147	153
	199735	143	305	127	270	117	270	188	248	208	113	239	242	100	261	152	109	187	159	146	172	238	267	276	198	166	174	176	232	123	138
	199735	172	166	104	183	300	190	238	124	176	242	192	95	229	125	191	91	234	120	166	197	200	186	115	239	128	110	284	101	256	89
	199735	272	208	304	222	330	325	280	135	215	228	176	133	284	285	214	319	131	257	288	228	214	242	243	172	238	125	180	237	154	137
	199735	235	100	288	225	286	122	154	290	141	147	185	106	247	280	154	267	207	140	202	254	109	232	350	230	207	224	236	114	260	248
	199735	247	349	300	169	181	202	139	109	301	99	110	212	284	127	222	197	92	271	153	171	290	184	171	184	202	355	141	111	326	155
	199735	181	86	224	253	262	166	224	114	267	132	101	265	270	281	148	317	116	239	105	200	219	192	184	250	155	179	126	135	127	126
	199735	290	291	128	114	187	177	134	269	95	126	268	211	129	138	248	310	140	266	149	99	137	112	313	192	228	141	104	305	300	261
	199735	212	126	181	175	224	232	80	165	114	113	195	157	275	182	111	111	321	318	197	140	195	170	165	91	110	115	192	191	175	118
	199735	233	273	238	100	306	276	167	201	238	224	158	160	86	199	218	238	273	172	234	129	218	209	109	261	231	312	269	290	324	111

I_pi0 = Initial inventory of item p at site i
 	0	89	179	233	66	178	41	54	95	219	86	59	104	172	91	185	41	81	143	56	57	72	295	26	118	103	30	32	80	29	47
	0	49	29	61	116	76	234	95	173	20	100	78	194	47	92	63	72	133	69	127	159	132	261	170	141	141	19	129	116	78	29
	0	28	150	77	179	184	107	184	115	107	184	192	87	131	34	172	65	186	21	54	106	177	145	20	72	103	83	268	56	98	68
	0	265	86	54	176	116	211	128	70	198	37	144	90	174	214	72	153	48	91	181	159	67	54	71	42	115	73	21	218	141	72
	0	149	93	30	74	209	116	116	126	94	118	135	48	164	171	85	52	131	75	11	182	79	133	89	145	196	224	35	112	28	176
	0	216	134	94	88	136	49	97	94	147	69	56	174	81	125	78	167	24	29	52	113	117	174	61	142	27	116	121	98	165	84
	0	163	0	55	193	191	92	184	99	249	71	28	170	144	130	133	85	116	135	43	86	189	19	182	216	105	98	85	94	120	103
	0	193	70	97	54	16	109	87	129	84	36	12	88	47	99	159	183	61	193	98	99	134	97	59	154	66	137	66	168	41	148
	0	204	87	120	126	138	168	75	152	77	89	93	78	169	124	82	109	49	93	123	60	161	151	24	40	96	86	144	154	91	89
	0	109	201	99	99	134	202	43	110	94	60	98	102	52	39	145	45	153	170	197	36	139	126	77	62	219	119	106	148	238	93

h_pi = Inventory cost of item p at site i
 	3	5	2	8	8	6	6	6	6	5	9	2	5	5	5	2	9	4	1	5	1	9	2	4	8	9	8	5	1	8	7
	8	6	5	2	7	8	9	3	6	9	6	4	6	4	6	3	6	4	3	9	3	5	5	1	1	6	1	1	2	7	1
	8	6	4	9	4	5	5	2	8	7	3	2	2	2	8	4	3	7	4	2	6	6	1	2	8	7	9	6	8	7	1
	3	6	9	5	3	3	1	1	6	6	8	1	2	2	7	4	5	9	8	3	2	2	5	1	4	7	4	1	8	6	7
	3	2	9	7	9	2	9	1	2	2	9	8	7	6	9	1	3	3	7	5	4	5	4	6	7	2	2	1	2	4	4
	3	9	4	2	6	4	7	1	7	7	5	5	2	8	6	1	4	5	7	6	9	4	6	5	7	1	6	4	9	7	9
	3	4	8	6	5	6	6	2	4	2	3	4	1	1	2	1	2	1	1	5	6	8	8	8	9	1	4	6	4	8	8
	3	4	3	3	4	3	3	1	9	7	2	8	2	6	1	9	4	3	5	8	2	1	4	9	7	6	2	3	7	8	2
	3	9	3	8	2	9	5	3	6	4	5	8	5	1	5	2	5	6	6	3	6	8	1	9	2	1	1	6	7	9	2
	3	7	9	8	8	1	2	2	9	8	8	8	4	8	8	4	2	8	5	9	9	4	1	3	3	5	1	2	6	9	9

C = Vehicle capacity
	3550

f = Fixed transportation cost
	29481

a_ik = Transportation cost for traveling from node i to node k
 	0	379	43	837	402	318	211	862	120	626	945	123	505	921	865	96	350	422	343	605	774	172	153	543	359	111	951	903	609	569	626
	379	0	391	462	243	302	170	501	333	303	596	403	182	552	489	302	161	191	178	227	405	415	309	267	27	302	594	531	231	194	273
	43	391	0	844	436	357	222	882	95	622	943	81	504	925	879	93	344	414	373	614	792	131	193	534	369	147	950	908	619	576	628
	837	462	844	0	601	711	627	282	771	283	216	838	357	104	163	752	520	469	584	235	218	836	766	385	480	762	186	77	235	269	233
	402	243	436	601	0	124	273	516	429	527	779	487	417	703	560	375	385	430	79	388	454	521	259	508	254	292	766	676	379	375	477
	318	302	357	711	124	0	256	639	375	604	879	421	484	811	681	318	410	469	132	488	576	463	166	566	304	211	869	786	482	469	565
	211	170	222	627	273	256	0	663	175	431	744	242	306	713	657	134	175	245	195	395	570	264	174	361	149	148	747	694	399	359	422
	862	501	882	282	516	639	663	0	833	490	491	902	498	360	124	796	626	604	537	330	106	915	749	568	526	764	454	332	312	368	414
	120	333	95	771	429	375	175	833	0	537	858	70	423	848	819	58	259	326	357	546	738	93	225	445	309	174	868	832	554	507	549
	626	303	622	283	527	604	431	490	537	0	322	598	127	329	406	533	279	212	476	190	388	587	598	105	307	578	334	322	210	173	79
	945	596	943	216	779	879	744	491	858	322	0	920	441	135	367	853	600	533	748	392	433	906	903	419	607	889	44	160	401	411	324
	123	403	81	838	487	421	242	902	70	598	920	0	488	913	888	114	323	387	418	614	807	50	262	504	378	212	931	898	623	575	614
	505	182	504	357	417	484	306	498	423	127	441	488	0	426	441	413	166	114	359	168	392	482	472	97	183	453	447	412	186	131	127
	921	552	925	104	703	811	713	360	848	329	135	913	426	0	236	833	591	533	683	328	313	907	859	434	568	852	95	30	331	358	300
	865	489	879	163	560	681	657	124	819	406	367	888	441	236	0	790	589	554	565	280	108	895	769	496	512	776	330	208	268	321	337
	96	302	93	752	375	318	134	796	58	533	853	114	413	833	790	0	255	327	305	522	704	147	170	448	278	119	859	816	528	485	536
	350	161	344	520	385	410	175	626	259	279	600	323	166	591	589	255	0	73	309	309	523	317	349	194	139	317	609	577	322	268	292
	422	191	414	469	430	469	245	604	326	212	533	387	114	533	554	327	73	0	359	277	499	376	419	121	176	390	545	521	293	237	237
	343	178	373	584	79	132	195	537	357	476	748	418	359	683	565	305	309	359	0	358	464	449	213	445	185	236	739	658	352	338	434
	605	227	614	235	388	488	395	330	546	190	392	614	168	328	280	522	309	277	358	0	224	618	532	244	247	528	382	306	21	41	114
	774	405	792	218	454	576	570	106	738	388	433	807	392	313	108	704	523	499	464	224	0	818	670	463	430	681	402	283	207	263	311
	172	415	131	836	521	463	264	915	93	587	906	50	482	907	895	147	317	376	449	618	818	0	306	488	390	256	920	893	628	578	608
	153	309	193	766	259	166	174	749	225	598	903	262	472	859	769	170	349	419	213	532	670	306	0	534	297	52	902	837	532	502	580
	543	267	534	385	508	566	361	568	445	105	419	504	97	434	496	448	194	121	445	244	463	488	534	0	263	508	434	427	264	213	160
	359	27	369	480	254	304	149	526	309	307	607	378	183	568	512	278	139	176	185	247	430	390	297	263	0	285	607	548	251	211	283
	111	302	147	762	292	211	148	764	174	578	889	212	453	852	776	119	317	390	236	528	681	256	52	508	285	0	891	832	530	495	566
	951	594	950	186	766	869	747	454	868	334	44	931	447	95	330	859	609	545	739	382	402	920	902	434	607	891	0	123	389	404	326
	903	531	908	77	676	786	694	332	832	322	160	898	412	30	208	816	577	521	658	306	283	893	837	427	548	832	123	0	308	337	286
	609	231	619	235	379	482	399	312	554	210	401	623	186	331	268	528	322	293	352	21	207	628	532	264	251	530	389	308	0	56	134
	569	194	576	269	375	469	359	368	507	173	411	575	131	358	321	485	268	237	338	41	263	578	502	213	211	495	404	337	56	0	107
	626	273	628	233	477	565	422	414	549	79	324	614	127	300	337	536	292	237	434	114	311	608	580	160	283	566	326	286	134	107	0

coordXY = Coordinates (x,y): line zero => x line one => y column => customers
 	270	244	312	297	12	12	266	16	368	451	497	392	386	363	136	313	396	434	89	262	96	441	144	482	261	195	456	338	242	281	375
	974	596	981	138	666	789	764	151	905	375	57	970	483	58	120	889	648	586	683	370	220	961	888	475	616	893	42	74	366	406	357

d_pit = Demand of item p at customer i in period t
 	89	76	61	20	38	60	66	97	43	40	82	44
	40	87	24	28	31	45	62	71	18	100	47	26
	61	93	79	49	49	82	92	42	55	12	23	64
	12	54	53	95	85	89	28	69	30	48	78	18
	96	82	42	81	38	79	89	22	22	94	21	16
	41	66	65	87	26	85	63	18	66	16	62	46
	35	19	29	61	95	29	66	37	56	57	78	85
	95	29	50	92	19	66	95	30	17	82	86	17
	72	60	12	75	34	89	42	95	13	66	49	50
	24	20	30	12	98	99	39	78	49	67	74	26
	59	33	44	26	83	39	47	14	53	12	47	46
	63	27	14	94	83	69	70	89	75	90	78	46
	92	80	70	95	12	47	20	100	41	33	23	62
	91	41	20	78	59	77	44	99	63	56	13	59
	87	98	98	75	97	63	93	52	75	45	90	19
	41	20	95	60	98	82	32	17	82	25	15	82
	49	32	27	80	96	43	66	32	42	22	16	47
	34	16	93	40	52	35	36	40	33	97	75	26
	56	69	96	35	34	51	41	28	68	76	18	33
	57	41	94	37	16	89	84	56	85	95	75	69
	72	22	24	53	98	60	74	64	85	32	12	89
	73	82	93	47	21	97	79	15	98	52	16	80
	26	92	28	50	77	71	56	37	76	43	12	78
	48	70	77	52	31	12	22	16	93	43	70	73
	25	52	26	24	87	67	61	61	54	82	38	64
	30	93	52	37	19	91	12	60	82	60	32	15
	22	10	66	30	98	95	84	70	50	85	59	45
	80	56	21	87	80	31	74	60	30	24	80	15
	29	27	60	61	56	38	65	39	15	67	50	81
	47	24	60	19	42	49	69	24	92	61	51	73

	49	49	15	69	28	58	85	78	38	54	26	22
	29	60	73	23	97	88	47	51	64	99	89	12
	61	37	46	46	78	38	58	91	41	92	93	82
	23	11	82	16	76	46	80	86	26	45	73	84
	76	52	65	60	52	52	78	11	88	34	55	81
	15	95	99	25	14	42	87	48	91	75	35	21
	32	63	96	43	96	57	22	82	92	68	25	76
	48	74	51	78	33	41	64	35	16	17	85	54
	20	93	80	87	72	59	43	68	89	85	73	62
	22	78	29	77	76	86	27	89	50	19	30	92
	31	47	55	78	13	86	42	77	79	67	58	84
	92	13	89	52	78	38	33	89	59	64	42	78
	47	87	98	31	65	88	16	21	44	16	73	14
	92	24	41	66	83	20	79	30	28	53	88	22
	44	19	40	83	59	34	16	86	63	21	55	87
	72	74	99	43	30	83	27	20	45	34	53	71
	74	59	97	25	72	36	40	94	14	94	51	93
	69	80	90	77	26	41	21	35	17	90	34	56
	31	45	51	62	15	64	14	81	14	86	84	36
	63	64	32	12	58	35	66	83	49	50	84	90
	37	37	58	41	97	47	20	21	33	56	79	46
	94	80	87	79	17	27	86	35	96	26	80	93
	18	58	35	59	57	56	82	69	66	96	11	55
	82	59	59	62	99	70	75	89	24	91	52	28
	74	67	27	64	76	51	84	25	64	63	42	28
	19	21	62	91	81	78	85	15	89	57	57	39
	87	42	98	86	13	25	59	66	60	25	74	68
	18	98	77	32	14	65	78	77	44	49	73	70
	33	30	15	100	38	61	35	52	16	45	42	25
	29	63	66	88	46	84	44	92	90	97	39	87

	28	12	11	22	58	20	90	33	33	82	48	79
	30	22	98	64	97	66	13	51	24	22	99	76
	77	29	80	65	60	28	15	35	65	82	21	66
	82	97	61	47	18	95	65	55	18	41	63	89
	63	82	23	16	94	94	91	85	82	29	14	47
	18	21	68	17	77	99	79	49	81	89	71	90
	64	47	73	48	53	82	97	37	52	74	55	33
	23	92	99	74	59	90	89	55	40	29	76	18
	54	53	70	58	25	99	74	23	11	93	88	56
	93	57	34	37	77	63	71	76	27	60	97	34
	21	78	93	87	62	63	90	61	84	10	37	80
	49	21	17	47	87	89	43	44	21	29	61	62
	54	77	32	42	74	96	61	41	59	28	42	81
	34	92	89	68	80	51	75	32	17	54	67	90
	34	61	77	52	42	75	73	21	30	55	38	15
	44	21	73	68	54	28	72	75	24	49	25	13
	66	40	80	85	93	60	51	36	58	47	37	50
	21	84	48	63	86	36	36	24	84	59	91	86
	54	35	96	32	56	47	67	96	41	64	54	20
	73	33	97	62	82	64	83	90	18	25	77	84
	64	15	98	78	90	97	14	94	39	76	92	43
	71	74	62	38	38	67	74	47	99	49	27	99
	20	88	53	24	33	58	64	69	53	94	79	55
	18	54	30	95	66	14	79	19	92	69	11	26
	33	59	11	28	30	53	43	32	70	67	26	61
	43	40	69	16	78	22	28	62	47	82	98	74
	81	67	93	27	43	25	18	52	52	67	88	68
	20	36	73	22	42	39	90	85	62	39	55	44
	84	14	79	87	27	81	73	18	20	83	21	28
	49	19	90	87	30	34	14	53	30	50	50	25

	53	92	49	71	46	65	97	94	34	71	93	50
	49	37	43	37	26	96	77	80	34	88	47	10
	54	79	30	19	87	63	31	70	81	84	49	82
	85	91	81	85	28	39	39	45	33	32	45	62
	54	11	51	25	62	40	85	99	92	83	96	94
	22	26	65	98	78	94	57	97	81	98	50	14
	85	43	50	66	65	83	91	11	41	24	99	15
	70	89	97	11	98	86	81	100	41	40	87	10
	17	97	84	55	82	47	35	73	36	57	33	29
	37	22	18	74	10	82	35	60	77	81	16	35
	51	93	71	80	63	18	15	92	46	15	69	90
	90	65	93	72	72	28	39	85	25	100	99	27
	15	79	80	54	50	90	78	37	23	73	64	38
	64	80	42	28	48	63	56	73	79	13	87	50
	52	20	17	54	66	93	37	98	16	78	14	98
	70	43	40	29	81	73	58	59	88	71	64	89
	14	34	31	80	32	66	36	13	96	30	38	52
	39	52	70	53	51	15	65	25	60	92	32	62
	34	87	60	95	98	12	17	16	98	50	59	64
	90	69	41	52	31	88	96	65	28	82	17	25
	67	54	14	38	85	17	86	33	17	33	32	38
	34	20	67	69	51	75	75	99	97	66	41	32
	22	23	26	74	70	53	57	90	48	69	39	12
	42	90	41	64	11	26	43	91	64	78	93	44
	34	81	59	100	65	59	53	31	68	63	61	40
	20	53	98	60	67	41	43	85	88	76	21	97
	21	43	78	80	58	95	10	13	11	52	62	17
	29	49	72	68	49	12	75	72	64	60	61	99
	12	33	96	96	16	47	29	40	92	57	51	48
	72	83	25	11	63	20	61	53	18	11	78	51

	72	77	10	95	92	76	97	16	42	10	77	41
	93	61	10	32	80	21	24	57	36	79	95	11
	11	19	26	93	53	76	72	90	29	90	63	69
	74	24	23	18	89	32	70	98	25	36	35	17
	77	47	85	23	16	93	50	17	44	78	99	57
	63	11	42	35	73	20	74	51	18	20	35	47
	88	28	54	44	22	95	49	44	42	67	67	14
	44	82	94	89	25	44	71	92	20	74	41	19
	44	50	31	20	30	40	90	41	63	40	68	48
	80	38	13	70	94	68	14	35	55	34	64	21
	72	63	54	73	86	89	16	41	79	50	45	71
	48	63	43	32	46	40	45	41	98	96	52	34
	99	65	38	12	39	69	70	48	95	93	95	19
	69	76	26	13	83	68	83	10	40	47	61	95
	23	35	13	14	18	83	12	64	96	13	15	75
	20	32	67	31	59	67	87	84	61	92	25	15
	23	21	87	50	47	30	83	40	82	23	67	67
	75	18	19	60	20	16	28	46	74	92	92	19
	11	85	52	38	34	96	29	31	76	51	16	86
	72	63	12	35	40	53	81	27	80	42	74	30
	79	98	23	33	83	15	61	30	40	78	99	16
	77	16	40	68	68	83	11	78	72	81	28	73
	89	43	74	86	80	93	31	82	81	98	21	61
	65	80	48	23	68	46	33	44	24	14	79	27
	24	47	34	91	77	66	16	13	19	69	66	100
	44	49	46	85	28	25	88	73	69	41	43	82
	35	38	76	26	19	65	60	46	15	21	74	92
	47	52	13	81	87	45	36	92	24	78	61	66
	28	91	59	59	97	82	89	78	17	73	76	31
	94	82	52	56	32	43	17	37	30	57	45	50

	14	58	92	52	74	16	23	91	40	30	89	13
	40	94	89	73	82	80	86	62	56	81	16	79
	60	34	71	71	70	52	71	65	79	91	25	31
	88	32	51	86	98	72	60	17	10	51	78	31
	99	37	71	19	16	83	21	13	81	15	55	32
	49	23	51	43	76	48	62	74	37	53	66	25
	97	42	91	62	53	47	72	86	92	49	84	60
	44	50	28	58	18	73	47	52	90	74	27	93
	87	60	21	90	36	19	91	71	68	18	76	86
	69	87	31	25	87	87	17	68	32	18	62	12
	56	84	78	22	80	89	50	52	25	98	12	14
	78	78	18	86	97	13	64	24	24	82	17	56
	68	13	91	49	16	73	38	99	83	83	17	52
	33	54	38	41	96	64	90	76	64	75	44	88
	12	49	17	64	95	43	21	61	45	87	20	18
	86	81	71	38	61	32	28	75	17	38	20	45
	24	77	11	24	27	57	32	77	73	65	56	30
	29	32	86	52	53	48	89	71	35	66	75	14
	52	57	51	82	20	17	38	61	97	64	10	64
	28	85	81	85	68	34	89	39	47	38	80	10
	90	27	96	49	34	82	26	53	91	80	32	36
	13	86	75	90	78	93	63	36	67	59	24	50
	50	11	95	17	73	67	40	23	71	30	18	18
	54	88	62	50	81	11	83	71	41	51	93	52
	27	11	77	47	19	26	41	87	20	16	70	44
	55	61	94	83	76	86	81	62	45	49	65	95
	70	51	31	82	63	48	96	99	67	93	99	44
	47	51	26	50	80	43	88	94	39	34	31	83
	81	51	33	95	39	39	79	90	96	38	80	62
	84	92	32	34	79	92	12	45	38	26	56	28

	63	81	19	69	96	34	76	28	73	63	67	54
	96	18	28	28	66	57	42	12	43	19	82	25
	55	21	58	28	62	41	84	40	99	73	85	25
	78	56	59	72	96	33	49	26	99	80	87	25
	95	11	40	45	81	74	67	74	18	63	36	24
	35	57	87	36	20	69	86	78	36	51	56	51
	48	60	36	40	10	88	83	94	62	14	61	75
	18	81	52	52	58	48	58	57	40	51	74	92
	56	58	89	46	23	54	50	21	46	53	90	55
	71	62	96	44	94	89	70	58	33	79	68	28
	28	32	52	96	36	93	10	89	17	73	59	23
	19	72	79	14	83	98	30	69	29	36	82	25
	75	69	56	83	93	83	37	74	76	97	29	39
	44	86	49	45	35	64	50	73	49	70	32	78
	80	41	12	62	97	38	68	13	79	58	15	27
	48	37	88	99	26	69	83	76	85	71	55	24
	62	54	68	35	61	80	17	82	44	80	55	59
	45	90	94	48	20	22	42	55	96	71	71	63
	43	82	66	85	45	11	55	57	25	52	33	75
	86	60	31	71	67	26	36	27	29	47	90	31
	38	20	84	47	18	52	95	35	62	79	87	41
	19	46	79	96	89	77	44	81	79	43	97	19
	78	34	70	77	84	92	41	93	13	21	81	51
	58	66	92	89	45	54	54	83	43	60	28	77
	47	27	31	86	30	43	69	59	76	95	15	43
	98	84	92	83	87	91	31	32	15	13	41	48
	85	48	36	73	34	66	97	92	78	13	65	66
	25	69	85	97	11	83	70	88	72	95	42	71
	46	74	88	95	77	42	25	59	81	82	27	67
	15	88	59	46	96	97	49	44	51	71	59	82

	60	12	59	62	48	73	25	57	61	98	42	98
	56	14	46	16	66	100	90	93	10	54	95	59
	97	44	80	29	97	98	87	33	19	47	77	57
	54	64	52	71	28	26	93	11	79	69	42	94
	16	41	67	49	45	78	27	81	94	86	93	70
	94	15	72	81	67	80	79	86	76	12	23	23
	87	96	14	28	52	49	18	37	40	12	46	55
	85	44	18	58	64	96	83	65	59	60	89	86
	31	53	42	50	48	25	29	17	89	61	57	66
	36	16	15	94	61	34	24	39	84	19	33	48
	12	36	71	36	87	75	54	92	10	33	43	94
	53	35	45	72	80	56	78	13	23	78	15	84
	47	88	53	49	58	63	36	77	57	75	97	72
	84	15	42	75	43	42	15	75	85	29	14	34
	76	47	36	84	93	57	48	18	96	86	48	56
	85	58	40	21	88	93	55	24	76	31	92	82
	61	84	58	56	19	18	37	57	52	24	60	33
	47	78	49	19	84	48	60	46	63	10	82	53
	77	21	85	31	76	37	31	27	53	19	51	89
	59	40	41	21	39	39	91	91	64	12	14	84
	63	29	42	49	31	16	41	29	52	22	96	77
	77	20	42	52	60	87	99	34	30	91	21	59
	59	83	92	49	21	19	80	55	47	73	79	93
	58	71	25	66	90	69	25	24	59	96	87	99
	20	15	15	16	43	77	27	20	91	75	92	57
	100	37	94	55	93	94	14	97	68	79	50	67
	66	77	31	27	23	57	63	50	88	41	80	19
	21	64	83	40	53	58	75	21	65	99	100	53
	41	57	87	55	46	64	22	76	57	65	83	67
	43	18	87	56	70	59	28	31	47	94	43	51

	81	49	74	92	94	49	42	73	91	78	65	60
	87	47	94	23	38	69	17	52	73	92	66	98
	58	62	34	35	21	29	95	36	16	17	20	11
	12	84	30	75	52	26	16	82	19	33	60	35
	65	73	66	30	50	93	21	90	90	55	10	30
	59	43	31	35	84	43	50	99	77	61	81	32
	48	27	25	40	35	21	26	49	18	59	70	59
	14	69	69	23	20	84	11	61	99	59	66	84
	77	71	46	15	79	87	75	36	81	17	19	78
	89	39	34	77	94	73	43	18	71	49	67	26
	31	24	26	12	80	18	66	83	73	26	85	60
	78	54	81	54	69	27	72	43	37	17	55	40
	58	51	60	60	23	79	94	12	14	95	68	47
	41	83	46	53	18	61	12	70	91	88	84	82
	82	46	95	82	68	42	14	82	50	21	65	20
	94	15	46	58	35	70	11	85	73	49	78	52
	49	91	28	47	66	43	93	41	60	84	94	75
	76	17	17	91	64	58	62	93	68	54	73	89
	23	16	84	16	16	41	25	20	26	78	42	85
	60	83	84	60	96	78	85	95	50	44	53	52
	74	87	68	15	56	33	43	40	21	81	33	33
	86	65	26	16	78	68	34	58	80	41	70	59
	24	91	40	70	29	37	88	67	15	64	75	58
	40	97	19	33	94	31	21	81	74	27	14	14
	96	66	75	39	38	50	88	76	12	85	23	11
	86	63	87	33	39	87	46	75	57	36	39	42
	84	60	13	53	19	49	64	97	54	29	22	31
	84	31	39	76	15	71	92	84	61	89	57	66
	91	88	16	91	56	94	13	28	16	17	92	97
	89	84	41	29	78	59	30	79	66	13	87	55

	56	18	35	74	38	100	23	42	34	78	40	21
	38	81	82	95	79	87	73	45	26	96	88	30
	99	78	23	38	93	23	90	69	82	51	29	38
	34	65	32	70	76	62	70	38	46	43	21	43
	81	53	37	36	71	79	48	38	60	67	72	92
	32	97	45	28	19	42	65	87	70	17	83	77
	43	60	39	65	84	50	97	20	19	27	84	78
	93	17	84	75	58	54	86	28	32	26	12	38
	35	35	24	94	84	62	79	53	28	68	53	99
	60	16	64	29	32	26	12	89	18	33	62	97
	57	41	60	71	64	49	67	56	11	58	43	56
	51	51	80	44	71	34	66	15	17	69	63	80
	21	31	14	42	82	34	32	45	77	35	82	22
	39	14	91	16	24	59	98	35	26	86	28	81
	43	41	31	30	36	50	26	20	98	54	42	52
	45	90	13	93	41	20	81	47	28	18	34	62
	47	29	57	20	43	57	40	40	90	61	73	99
	58	26	86	87	72	62	100	26	32	27	75	35
	97	37	63	39	57	74	22	90	30	75	23	94
	22	14	96	61	23	93	47	61	13	13	13	61
	35	93	11	62	59	37	78	22	66	15	81	94
	17	70	39	27	88	45	77	70	69	18	10	97
	77	52	29	78	53	82	39	49	67	40	28	59
	20	42	64	82	73	79	69	14	43	21	72	48
	90	97	32	64	75	20	69	20	74	38	15	98
	83	36	67	38	64	86	15	67	67	82	47	97
	41	65	36	84	22	73	24	92	73	14	33	89
	55	21	54	18	48	94	89	72	51	10	88	95
	25	80	99	34	15	82	86	83	99	54	32	89
	12	81	81	30	56	81	88	36	67	90	14	32

