***** PARAMETERS PRP *****

Number of Customers = 30
Number of Products = 10
Number of Vehicles = 5
Number of Periods = 12

B = Production capacity
	49631

b_p = Time required to produce item p
 	1	1	1	1	1	1	1	1	1	1

c_p = Production cost of item p
 	800	300	800	300	800	800	300	300	800	800

s_p = Setup cost of item p
 	800	300	800	300	800	800	300	300	800	800

M = Big number
	198523

U_pi = Maximum inventory upper bound of item p at site i
 	198523	232	231	116	119	117	240	105	108	163	219	101	140	98	285	178	128	87	132	280	106	243	178	262	267	228	141	276	175	324	141
	198523	218	310	222	88	360	299	261	97	154	146	226	278	115	230	115	315	149	190	160	134	230	101	236	244	220	214	137	121	109	151
	198523	153	256	142	130	185	244	122	195	261	207	238	300	321	221	121	255	186	105	155	171	289	106	262	189	170	110	320	206	202	200
	198523	175	258	168	312	81	218	250	287	188	262	99	107	232	297	340	189	274	231	260	186	79	245	200	126	247	184	111	297	193	93
	198523	277	227	169	275	100	268	288	77	220	125	301	101	221	129	165	195	204	213	318	110	246	88	83	237	130	170	269	181	199	168
	198523	204	169	119	115	234	266	194	231	100	151	332	103	128	277	153	303	331	335	149	87	190	261	326	230	236	87	123	120	138	239
	198523	111	151	131	259	201	248	120	80	124	100	107	115	222	123	199	251	225	310	122	114	132	157	203	198	158	216	227	193	98	129
	198523	141	174	159	225	115	151	111	108	211	79	293	117	224	346	283	80	134	236	188	122	253	216	233	152	295	178	130	190	188	270
	198523	181	110	84	75	232	155	266	239	230	104	200	139	252	135	191	134	281	230	223	117	203	174	184	110	179	265	295	187	288	272
	198523	90	104	284	122	102	190	254	201	197	319	144	81	145	152	213	200	247	174	208	189	85	88	228	218	302	110	122	285	115	133

I_pi0 = Initial inventory of item p at site i
 	0	154	230	76	115	46	162	89	70	145	50	79	139	61	100	95	92	42	127	12	73	91	155	83	227	65	99	256	159	159	30
	0	165	130	56	67	181	153	209	23	61	97	193	86	47	18	81	135	90	130	128	94	75	96	82	53	169	114	134	18	27	104
	0	108	76	40	126	47	166	54	92	205	43	89	188	100	56	120	187	99	96	106	140	84	99	175	118	153	59	154	170	201	142
	0	91	214	118	281	77	127	60	98	158	251	94	82	59	196	228	74	173	175	141	130	64	63	52	42	209	127	93	160	144	75
	0	16	205	50	54	39	106	154	77	99	77	232	46	75	86	75	181	190	115	197	69	165	0	0	182	130	139	48	81	97	148
	0	176	37	90	101	166	76	176	156	84	112	182	93	93	244	138	239	120	148	97	23	91	77	231	195	79	49	116	68	113	137
	0	51	131	126	201	156	196	47	51	123	71	95	35	170	91	34	186	24	151	99	20	12	99	28	114	117	205	224	164	84	41
	0	80	166	97	124	30	54	83	85	69	57	258	101	182	225	161	25	79	23	83	66	174	42	132	152	272	88	51	168	160	153
	0	100	98	32	75	124	122	23	72	168	78	192	98	128	119	146	71	76	196	146	83	132	109	69	107	159	206	90	141	216	162
	0	33	28	87	50	91	19	91	77	162	185	81	77	61	103	186	55	123	50	128	85	0	65	31	99	224	57	48	149	68	133

h_pi = Inventory cost of item p at site i
 	8	4	4	6	7	3	7	4	5	9	7	7	4	2	2	9	1	5	9	5	2	1	3	5	2	3	3	6	5	2	5
	3	6	6	3	1	1	5	6	5	6	7	8	9	2	4	9	3	7	3	6	8	2	9	2	6	3	9	8	8	4	3
	8	2	9	9	5	7	8	5	5	5	1	4	8	5	7	3	2	8	4	4	4	1	9	8	7	9	6	8	4	1	1
	3	2	9	4	8	9	5	6	8	1	8	2	7	6	9	9	7	9	8	3	6	4	5	8	2	6	8	1	9	8	9
	8	4	6	3	7	3	1	7	4	9	1	2	1	1	4	9	6	7	3	9	2	4	2	1	9	3	8	1	4	4	4
	8	7	2	1	9	1	5	8	6	6	8	9	5	6	3	8	9	3	7	8	4	7	3	5	9	4	5	7	2	8	3
	3	2	8	7	6	5	7	5	6	6	4	7	3	4	1	7	6	1	5	7	6	5	3	2	5	2	4	1	3	3	4
	3	6	2	4	5	3	5	9	9	5	5	4	4	6	9	7	9	8	5	5	1	1	8	8	6	4	5	5	5	6	6
	8	6	1	6	4	4	8	1	4	7	7	2	1	5	8	5	9	9	7	9	5	1	3	9	5	1	7	4	7	1	8
	8	6	8	8	3	5	2	7	5	5	4	6	2	3	8	5	6	2	6	8	1	2	3	8	3	7	9	4	3	8	2

C = Vehicle capacity
	3600

f = Fixed transportation cost
	31279

a_ik = Transportation cost for traveling from node i to node k
 	0	784	460	412	124	501	639	393	388	542	589	386	662	373	675	334	466	871	352	769	189	471	413	324	532	566	102	776	417	666	165
	784	0	1009	957	749	343	272	735	863	246	243	472	212	812	118	453	648	206	510	96	792	317	499	771	260	219	684	176	381	258	638
	460	1009	0	56	367	667	767	281	147	778	768	540	818	199	893	660	391	1004	505	954	290	762	512	241	821	810	479	921	649	791	463
	412	957	56	0	314	615	718	234	99	724	716	487	768	149	841	604	348	957	451	903	237	706	460	188	766	756	425	873	594	743	408
	124	749	367	314	0	435	569	270	273	503	533	307	601	253	635	326	347	810	268	721	78	452	320	202	515	531	112	716	370	596	116
	501	343	667	615	435	0	139	393	521	131	103	134	167	469	227	237	316	375	174	294	464	189	156	429	214	162	400	281	103	165	338
	639	272	767	718	569	139	0	486	621	178	85	262	61	569	178	363	387	245	302	194	591	276	265	536	270	192	538	156	234	28	476
	393	735	281	234	270	393	486	0	136	512	492	276	539	87	619	440	118	723	247	675	221	514	237	84	568	545	348	640	393	511	297
	388	863	147	99	273	521	621	136	0	633	622	395	671	52	747	529	251	859	362	807	200	623	365	100	680	666	378	775	506	645	347
	542	246	778	724	503	131	178	512	633	0	94	238	157	583	134	221	444	346	273	230	547	103	277	537	94	33	441	255	135	193	393
	589	243	768	716	533	103	85	492	622	94	0	236	75	570	130	291	407	282	276	191	565	193	257	531	186	109	487	188	173	101	430
	386	472	540	487	307	134	262	276	395	238	236	0	299	345	355	209	226	505	41	427	331	244	58	300	294	271	290	413	119	290	222
	662	212	818	768	601	167	61	539	671	157	75	299	0	620	122	365	443	210	339	137	629	260	310	584	241	160	560	116	247	53	502
	373	812	199	149	253	469	569	87	52	583	570	345	620	0	696	486	203	808	312	756	186	575	314	58	631	615	351	724	457	594	313
	675	118	893	841	635	227	178	619	747	134	130	355	122	696	0	350	537	234	393	105	675	218	383	654	173	111	574	157	266	174	525
	334	453	660	604	326	237	363	440	529	221	291	209	365	486	350	0	424	565	211	450	388	138	266	430	199	239	238	473	135	386	210
	466	648	391	348	347	316	387	118	251	444	407	226	443	203	537	424	0	617	214	580	316	468	173	196	514	476	399	538	344	410	336
	871	206	1004	957	810	375	245	723	859	346	282	505	210	808	234	565	617	0	545	133	835	444	509	778	406	335	769	95	455	218	711
	352	510	505	451	268	174	302	247	362	273	276	41	339	312	393	211	214	545	0	467	291	268	68	264	322	305	257	453	146	329	189
	769	96	954	903	721	294	194	675	807	230	191	427	137	756	105	450	580	133	467	0	755	322	444	719	277	213	668	81	354	176	615
	189	792	290	237	78	464	591	221	200	547	565	331	629	186	675	388	316	835	291	755	0	507	330	142	569	577	189	743	412	618	180
	471	317	762	706	452	189	276	514	623	103	193	244	260	575	218	138	468	444	268	322	507	0	296	523	63	110	373	356	125	293	337
	413	499	512	460	320	156	265	237	365	277	257	58	310	314	383	266	173	509	68	444	330	296	0	275	342	310	321	419	171	291	252
	324	771	241	188	202	429	536	84	100	537	531	300	584	58	654	430	196	778	264	719	142	523	275	0	581	569	295	692	408	562	255
	532	260	821	766	515	214	270	568	680	94	186	294	241	631	173	199	514	406	322	277	569	63	342	581	0	81	436	322	176	283	400
	566	219	810	756	531	162	192	545	666	33	109	271	160	615	111	239	476	335	305	213	577	110	310	569	81	0	466	247	166	203	419
	102	684	479	425	112	400	538	348	378	441	487	290	560	351	574	238	399	769	257	668	189	373	321	295	436	466	0	675	316	564	70
	776	176	921	873	716	281	156	640	775	255	188	413	116	724	157	473	538	95	453	81	743	356	419	692	322	247	675	0	360	130	617
	417	381	649	594	370	103	234	393	506	135	173	119	247	457	266	135	344	455	146	354	412	125	171	408	176	166	316	360	0	259	262
	666	258	791	743	596	165	28	511	645	193	101	290	53	594	174	386	410	218	329	176	618	293	291	562	283	203	564	130	259	0	503
	165	638	463	408	116	338	476	297	347	393	430	222	502	313	525	210	336	711	189	615	180	337	252	255	400	419	70	617	262	503	0

coordXY = Coordinates (x,y): line zero => x line one => y column => customers
 	57	59	499	459	173	211	263	422	444	97	184	232	216	425	99	24	442	254	233	152	245	23	289	371	4	76	77	232	133	267	126
	861	78	986	947	818	385	257	716	850	321	286	517	219	802	188	529	600	13	557	98	847	392	520	782	332	296	761	105	451	230	712

d_pit = Demand of item p at customer i in period t
 	59	46	49	55	76	14	36	89	37	12	13	70
	62	31	91	46	55	83	47	59	29	37	70	83
	65	11	85	38	50	93	27	26	33	93	96	77
	18	39	58	58	23	76	54	55	88	93	74	75
	46	29	94	27	19	44	47	61	30	17	33	22
	64	39	59	22	14	24	49	31	87	64	32	90
	89	48	42	62	43	91	29	17	42	64	53	49
	70	74	69	79	68	12	17	99	68	38	23	30
	38	80	27	90	92	24	26	62	77	41	57	38
	50	73	39	15	89	51	85	51	81	85	14	23
	14	65	65	42	56	30	84	51	47	68	29	54
	70	29	11	29	43	37	60	74	53	33	58	63
	61	54	16	45	66	10	64	44	73	12	67	74
	57	43	68	65	33	74	73	70	83	34	57	26
	64	31	59	21	90	97	53	68	37	27	71	92
	92	19	53	67	61	32	87	11	100	83	98	63
	17	25	83	22	40	68	14	87	70	32	29	34
	46	17	64	27	75	58	14	20	69	84	17	36
	12	61	62	39	32	44	87	97	60	82	77	19
	73	36	21	92	64	84	31	58	69	36	28	44
	91	15	98	59	92	22	42	11	89	54	79	76
	68	87	69	84	23	73	98	18	42	84	54	11
	83	33	87	55	94	65	71	96	36	20	76	69
	97	90	40	90	67	80	23	58	25	58	92	81
	65	20	81	85	53	85	28	65	11	39	74	79
	31	57	11	13	93	44	18	36	65	82	96	16
	100	78	78	65	94	89	53	43	90	64	17	57
	91	51	17	25	42	41	91	94	63	33	57	93
	91	68	82	64	82	65	23	46	71	99	67	20
	30	62	89	59	22	48	41	37	48	22	51	53

	85	36	44	91	61	54	85	50	15	82	28	23
	57	56	17	57	40	100	80	41	65	77	95	59
	18	28	10	95	29	74	11	38	89	36	55	50
	17	24	26	33	90	26	24	27	86	81	80	16
	90	49	42	98	43	50	71	92	64	83	91	91
	65	72	16	37	33	39	90	97	49	65	88	67
	83	99	27	44	41	84	92	27	12	42	29	46
	23	43	41	89	55	56	17	48	15	86	91	15
	34	27	54	57	65	94	10	45	63	23	89	54
	68	29	87	39	96	86	57	47	92	91	93	88
	66	43	84	23	40	96	59	61	13	74	98	22
	86	63	59	11	99	32	59	67	39	28	99	24
	47	86	83	23	19	38	67	39	27	88	96	74
	18	92	68	83	30	28	35	39	44	34	54	28
	81	91	19	57	98	44	34	93	96	27	22	27
	12	33	90	85	41	84	37	83	54	97	71	69
	90	21	50	87	57	12	47	53	98	27	34	21
	68	62	15	90	47	10	60	14	59	56	44	44
	10	59	59	45	35	41	42	96	65	22	77	88
	94	66	28	25	24	53	93	53	39	18	21	20
	75	31	91	77	13	97	47	93	91	29	27	20
	96	10	43	96	93	30	100	13	27	23	13	64
	36	46	82	81	90	16	11	49	92	57	66	81
	53	89	66	32	95	54	91	16	38	72	33	93
	90	25	25	29	62	87	71	57	65	26	40	83
	26	26	62	80	39	34	23	38	95	40	78	100
	79	55	96	82	18	34	67	13	13	38	28	25
	18	42	92	82	87	17	90	46	44	62	81	63
	27	95	30	51	29	99	86	11	61	91	21	54
	11	30	63	52	54	50	20	64	82	91	41	44

	74	34	18	49	61	17	82	66	43	75	75	18
	76	19	59	88	27	38	63	48	11	55	48	83
	40	15	42	54	40	12	44	51	55	75	58	82
	67	59	34	98	40	35	60	69	81	74	83	78
	47	95	36	76	73	62	57	74	34	80	43	62
	71	46	49	95	22	65	69	88	41	62	88	36
	54	89	91	47	87	25	72	52	63	56	51	44
	20	72	63	73	55	17	49	26	35	100	54	20
	39	76	90	98	77	53	26	36	67	72	72	76
	43	89	56	80	47	43	41	40	71	52	14	45
	89	33	81	29	34	45	84	65	11	40	16	44
	74	44	70	58	76	49	37	89	61	32	32	97
	100	90	36	20	49	70	78	80	33	67	95	53
	12	44	99	63	19	21	20	34	84	74	13	47
	98	22	56	86	72	96	17	71	32	25	99	51
	59	36	92	94	25	98	36	28	10	92	15	26
	44	55	90	25	55	84	80	46	96	33	78	59
	45	51	42	96	45	86	12	37	12	83	33	90
	73	33	90	84	76	20	22	26	74	23	43	56
	40	100	99	60	34	11	61	29	47	72	69	61
	84	35	66	14	71	83	54	73	66	64	69	14
	23	76	20	97	58	76	16	54	71	58	48	39
	30	97	34	14	54	15	24	64	26	98	76	97
	46	72	99	90	81	51	65	17	18	71	70	77
	56	97	68	26	61	30	81	52	88	86	10	25
	59	75	38	29	67	27	32	99	64	82	73	14
	77	19	58	28	23	95	51	97	56	89	88	86
	76	12	40	42	31	68	90	77	18	14	70	79
	58	84	59	68	95	73	44	76	71	39	78	63
	70	72	72	98	80	36	74	61	13	99	68	56

	91	93	55	48	89	40	100	23	26	63	37	36
	44	74	96	61	52	44	36	33	15	68	83	12
	48	70	81	19	12	49	72	35	74	50	64	96
	89	86	73	33	89	48	55	60	37	77	34	68
	25	29	23	50	42	68	61	48	18	16	10	94
	85	42	25	91	81	97	20	23	43	12	44	92
	42	18	73	24	18	39	99	26	60	92	94	15
	98	63	25	100	93	47	50	71	33	21	11	77
	85	37	36	100	47	96	79	87	30	17	59	77
	80	90	81	38	19	45	73	59	81	54	87	78
	77	17	59	67	20	46	32	83	61	77	32	23
	56	26	81	22	90	82	63	32	22	43	83	39
	12	47	11	89	46	88	67	89	59	63	54	71
	87	41	14	54	63	58	64	51	56	63	100	62
	64	93	39	32	79	99	38	98	78	73	38	85
	74	40	29	88	23	71	87	39	48	99	99	60
	38	80	55	11	83	79	22	75	76	14	45	79
	75	34	66	22	58	55	56	61	71	56	40	100
	26	59	56	18	43	94	73	49	33	56	85	32
	74	43	13	80	51	64	27	30	22	45	40	69
	35	29	83	44	45	17	32	12	32	43	83	17
	26	37	63	74	61	10	67	40	24	96	78	12
	52	99	64	68	32	73	73	57	81	43	83	76
	42	27	45	21	49	21	95	88	91	91	95	88
	77	42	90	87	64	95	94	38	20	97	15	23
	67	60	44	32	15	88	84	63	15	17	53	15
	93	57	66	61	11	65	33	38	75	43	48	77
	30	83	47	96	72	38	79	71	71	39	38	48
	98	46	56	89	71	89	75	70	14	42	97	26
	54	21	75	65	14	60	25	48	35	69	19	74

	16	71	38	96	39	75	94	74	24	25	71	41
	34	82	34	55	46	98	71	27	28	86	20	99
	50	58	63	27	88	89	20	27	52	84	41	75
	11	43	64	89	22	86	47	59	91	51	13	84
	39	18	48	51	55	14	84	22	63	64	50	94
	77	29	22	40	58	91	75	27	96	61	36	31
	73	81	42	24	41	54	67	77	66	77	55	34
	18	38	21	22	16	58	74	10	62	93	15	36
	72	27	69	81	65	43	57	30	62	55	43	55
	77	49	71	75	54	69	75	70	18	31	84	79
	74	74	84	45	38	39	83	53	74	94	42	22
	46	87	59	42	36	36	39	38	78	83	32	27
	75	69	65	23	52	38	97	12	12	47	20	20
	86	57	59	89	57	57	76	33	72	77	78	35
	38	37	31	86	81	58	65	61	24	57	77	45
	61	21	99	83	11	49	62	93	97	44	95	66
	36	89	52	13	13	21	47	25	48	73	58	15
	60	55	35	47	43	98	51	48	11	82	97	11
	26	90	81	26	59	80	90	81	79	17	35	100
	69	57	60	48	47	17	76	31	89	50	30	87
	69	96	76	97	82	67	26	74	81	38	22	11
	89	17	36	55	85	37	49	28	24	34	27	49
	89	31	31	75	77	15	41	38	28	22	40	13
	69	16	97	73	41	99	35	76	49	92	34	29
	39	91	60	59	58	96	75	83	51	19	47	99
	60	42	37	49	58	70	30	77	67	84	76	31
	48	60	92	59	73	20	52	37	23	89	66	26
	44	37	69	76	21	94	96	91	74	40	45	35
	31	35	31	51	100	43	36	14	65	79	67	44
	49	99	74	88	59	52	34	32	45	25	54	59

	93	83	54	34	47	76	93	79	90	52	95	21
	37	60	46	62	83	70	34	19	12	81	88	84
	75	15	38	90	17	91	95	71	77	37	42	65
	67	34	64	41	33	15	85	86	77	64	64	57
	78	88	33	90	24	55	96	25	69	41	56	48
	76	86	44	79	62	51	81	29	58	90	43	100
	81	95	74	80	83	26	31	60	77	24	47	97
	80	76	59	65	23	74	65	85	76	24	54	11
	84	99	25	47	89	53	39	41	32	24	41	27
	18	94	83	40	71	36	86	48	30	16	41	41
	26	89	67	56	92	89	28	87	94	78	71	20
	93	71	11	24	74	18	42	84	45	20	56	78
	39	21	33	49	68	54	21	21	53	81	43	28
	45	26	92	81	41	49	18	64	45	98	93	13
	78	14	46	53	20	55	12	55	82	93	37	67
	73	21	80	65	39	82	27	32	55	100	90	62
	63	57	92	61	86	22	30	39	92	98	63	91
	85	63	65	74	44	96	44	85	51	30	76	91
	71	11	15	14	14	78	95	59	68	57	71	43
	23	78	79	38	42	61	15	85	27	11	46	17
	52	39	63	87	58	52	61	43	47	94	82	81
	77	52	47	33	70	43	63	66	37	25	38	75
	87	48	96	47	97	32	96	11	88	11	92	78
	63	43	89	73	10	50	70	48	13	12	36	46
	79	29	36	93	54	56	15	40	100	69	61	75
	49	52	18	32	39	35	75	31	92	15	46	35
	33	83	18	91	97	75	74	91	31	38	13	95
	44	24	44	97	64	66	75	69	11	83	91	54
	34	28	51	31	46	33	43	70	49	31	71	64
	54	20	63	36	90	34	95	71	67	33	82	71

	51	94	47	12	15	76	20	57	82	56	64	92
	72	59	25	54	61	42	61	19	94	11	63	43
	73	53	73	98	74	69	34	24	32	81	79	93
	12	78	67	44	100	73	95	82	63	83	28	52
	14	31	90	21	73	83	35	15	75	86	35	44
	97	99	68	53	76	47	22	35	81	37	38	91
	47	39	96	25	81	11	96	79	46	54	62	82
	35	16	65	59	28	75	20	18	86	14	51	12
	34	89	57	77	34	95	17	51	84	65	64	77
	71	25	54	55	50	70	44	17	55	31	59	69
	95	25	46	37	56	43	87	68	48	21	33	80
	35	85	27	99	33	33	30	62	66	62	92	66
	57	90	23	55	96	79	13	53	11	38	75	76
	67	24	94	22	99	27	86	100	68	38	85	29
	34	61	85	30	39	41	43	97	23	78	43	23
	78	49	25	34	60	26	85	44	42	39	26	94
	24	80	27	78	59	92	90	26	45	76	54	24
	54	18	20	59	83	56	95	90	59	82	70	58
	99	60	85	63	72	95	27	13	97	11	95	14
	20	53	13	99	99	50	20	47	80	94	90	21
	12	48	26	85	72	19	54	53	41	31	47	40
	99	80	76	27	11	49	25	58	38	68	14	84
	28	75	43	57	97	79	59	16	73	44	22	16
	80	34	85	61	95	53	58	77	80	26	99	42
	45	39	33	95	14	50	37	26	30	99	93	71
	39	72	94	43	71	90	18	65	40	30	35	50
	32	74	27	91	79	30	100	47	90	24	18	70
	52	39	73	42	87	47	92	18	41	85	98	98
	61	23	42	68	86	48	32	15	13	53	61	87
	27	14	49	15	53	49	46	61	70	31	65	36

	27	53	67	76	65	32	20	46	85	48	34	12
	93	73	70	12	79	71	40	93	36	51	65	11
	97	68	54	21	50	19	32	53	73	86	57	25
	10	29	85	52	21	79	58	93	86	33	92	36
	30	98	33	32	27	85	75	55	94	65	16	77
	54	57	28	31	51	44	46	80	19	75	70	49
	83	89	71	91	35	13	10	96	45	60	13	59
	85	27	41	89	12	93	49	47	69	68	36	34
	69	60	89	22	85	26	26	35	87	29	89	15
	30	27	13	54	66	16	46	23	44	62	24	69
	36	80	90	52	68	43	58	43	44	99	20	70
	52	49	47	36	86	49	97	57	34	97	85	11
	100	82	50	39	73	72	99	64	96	97	44	80
	85	79	61	47	66	36	81	64	70	98	56	87
	44	13	76	28	17	74	95	99	96	27	28	81
	25	76	12	31	40	23	46	11	43	80	21	71
	57	22	34	18	11	54	63	62	61	31	46	75
	23	25	78	20	31	55	57	52	74	56	36	60
	16	45	22	38	58	20	89	37	90	64	22	64
	66	56	83	58	91	21	54	70	73	15	99	45
	94	80	23	62	20	83	51	89	59	90	90	17
	42	49	55	11	11	79	88	70	17	54	83	89
	41	14	77	15	12	86	40	61	96	16	11	90
	58	14	80	22	63	15	76	22	52	82	96	27
	61	58	82	71	61	100	37	68	64	34	56	17
	88	85	49	74	68	91	91	33	40	15	46	33
	51	78	43	11	27	38	17	20	99	71	42	24
	45	27	96	86	77	88	27	11	30	49	12	22
	67	93	34	49	20	35	80	89	99	82	41	61
	93	16	44	46	93	33	57	18	56	65	53	75

	12	88	13	57	37	75	45	57	11	95	35	17
	98	16	55	35	18	81	48	89	75	40	19	87
	11	21	56	65	60	20	15	45	93	69	30	18
	75	32	15	34	74	17	31	13	20	43	31	63
	49	13	29	33	26	96	56	47	90	80	84	94
	98	24	93	65	56	63	16	76	16	17	73	24
	23	33	17	92	60	56	100	30	43	94	21	70
	57	15	56	47	50	52	42	55	48	31	33	87
	10	95	63	10	58	20	41	28	17	88	38	84
	35	43	68	60	26	46	55	39	94	95	44	18
	43	55	94	42	51	72	34	70	63	11	35	29
	98	66	85	82	81	82	13	50	46	74	66	91
	54	74	100	53	31	37	88	41	88	88	13	89
	52	67	68	24	56	56	23	87	21	16	48	22
	49	61	36	37	86	84	98	69	98	52	34	61
	71	65	59	78	74	100	71	68	82	31	17	90
	44	32	97	46	11	20	84	75	73	83	72	38
	12	43	59	82	41	89	86	62	14	84	36	82
	53	93	78	62	32	25	30	92	80	11	83	30
	83	97	38	45	73	13	29	59	97	52	59	59
	54	40	38	63	17	36	20	48	17	61	45	47
	65	44	78	17	13	71	89	85	73	93	26	42
	17	52	39	36	61	23	32	36	97	18	72	70
	12	95	34	73	56	40	73	37	77	17	81	67
	40	70	49	44	26	26	49	63	50	45	38	37
	21	87	98	82	71	42	20	94	53	76	57	93
	90	95	81	79	68	96	51	10	16	58	26	39
	57	84	76	55	96	56	88	45	26	47	47	71
	86	57	73	96	60	34	73	83	70	57	91	85
	89	73	85	89	41	91	75	50	55	30	60	79

	33	73	93	25	56	14	14	14	29	75	76	36
	28	79	58	14	27	95	95	51	33	74	10	59
	87	62	42	15	43	57	66	53	63	96	80	18
	50	84	91	53	50	61	15	44	80	32	72	98
	49	42	24	26	79	20	52	46	97	100	22	54
	19	50	66	58	26	62	44	77	48	29	64	28
	91	26	75	65	99	92	18	74	16	20	22	12
	77	95	78	86	98	82	18	82	89	44	22	33
	91	71	98	47	80	10	61	55	57	52	91	73
	94	91	53	33	65	77	97	71	34	76	37	37
	81	80	83	77	82	67	78	35	21	87	92	82
	77	42	57	56	16	67	12	34	52	21	32	22
	16	45	79	94	86	25	60	56	69	11	26	13
	90	13	68	69	88	23	76	23	83	30	32	12
	61	97	28	73	83	54	48	15	64	38	44	33
	37	18	44	25	34	31	50	77	37	74	18	34
	30	34	59	48	31	94	60	82	98	86	88	32
	50	41	16	96	64	79	37	82	12	78	67	72
	20	57	51	21	84	20	57	50	94	12	62	96
	85	13	63	95	28	11	71	41	24	20	80	36
	92	16	96	54	36	40	17	36	13	25	30	53
	65	44	71	86	38	16	14	25	14	53	34	65
	31	17	72	32	48	31	58	50	41	94	20	52
	99	66	53	37	14	84	71	51	21	84	12	61
	45	85	30	64	28	92	14	95	66	40	76	89
	13	44	74	62	54	15	68	81	58	13	98	78
	48	91	74	57	48	80	51	59	34	76	82	31
	16	40	93	38	26	76	15	91	93	83	51	62
	68	95	50	31	13	87	78	24	100	29	50	67
	65	68	30	29	83	67	50	99	72	94	71	69

