***** PARAMETERS PRP *****

Number of Customers = 30
Number of Products = 10
Number of Vehicles = 5
Number of Periods = 12

B = Production capacity
	49354

b_p = Time required to produce item p
 	1	1	1	1	1	1	1	1	1	1

c_p = Production cost of item p
 	800	800	300	300	300	300	300	800	800	800

s_p = Setup cost of item p
 	800	800	300	300	300	300	300	800	800	800

M = Big number
	197414

U_pi = Maximum inventory upper bound of item p at site i
 	197414	151	113	248	266	87	238	298	135	202	300	273	228	86	146	244	208	234	194	124	220	298	120	238	134	288	259	118	205	292	189
	197414	177	193	164	197	194	219	186	258	202	169	134	122	115	201	127	205	235	175	266	105	209	318	208	96	189	238	308	173	310	98
	197414	261	187	269	205	188	119	104	232	163	232	187	255	305	125	115	180	107	184	275	117	293	201	86	133	102	163	254	227	127	135
	197414	349	317	181	297	98	105	186	284	162	171	89	182	236	235	93	202	241	288	275	91	319	223	106	289	178	242	258	236	115	188
	197414	117	85	196	94	185	134	139	129	220	116	265	112	238	101	160	250	109	245	161	108	196	195	74	91	124	111	255	326	170	175
	197414	242	137	162	138	94	252	149	178	318	217	259	245	269	226	310	83	88	173	224	208	309	108	107	269	117	280	148	338	277	217
	197414	243	114	110	185	89	199	148	218	134	172	268	178	170	113	256	286	172	165	140	175	126	106	161	260	194	104	206	237	159	109
	197414	111	156	90	214	305	110	89	300	109	122	206	160	182	132	190	196	217	94	106	235	99	109	125	270	168	228	209	132	155	239
	197414	318	149	273	192	197	220	127	280	130	99	205	181	206	142	148	75	273	150	233	180	80	199	229	136	175	170	304	348	280	258
	197414	324	316	151	244	254	166	162	270	114	265	180	115	213	244	149	128	210	234	186	99	195	304	278	196	272	161	320	230	177	258

I_pi0 = Initial inventory of item p at site i
 	0	39	32	65	260	51	73	184	67	195	84	190	226	50	85	173	168	149	146	40	86	267	104	133	114	127	244	78	113	227	95
	0	110	132	101	81	154	164	181	229	102	41	95	44	58	166	125	199	123	167	164	80	142	150	62	74	181	148	100	46	230	52
	0	203	176	44	67	179	77	60	20	128	95	169	243	125	125	44	116	100	159	128	65	158	91	26	132	97	157	56	196	98	94
	0	61	261	147	272	90	27	157	15	17	59	0	127	112	150	0	153	122	93	202	47	195	180	71	200	92	171	149	213	81	173
	0	115	0	119	68	106	103	84	37	139	89	37	82	232	46	90	35	50	174	160	12	22	93	38	66	18	40	133	32	144	44
	0	170	101	84	54	73	54	89	114	230	200	180	194	40	145	217	61	71	63	221	135	84	89	77	130	64	30	64	172	86	81
	0	138	97	58	59	67	158	92	165	93	115	128	120	65	40	237	82	105	109	120	101	85	45	129	146	99	58	95	81	78	81
	0	48	148	56	149	16	25	61	177	94	15	87	133	75	114	35	58	151	53	28	131	89	55	107	247	110	85	126	103	47	83
	0	74	81	18	149	100	60	64	174	100	95	142	142	96	108	82	0	210	34	89	168	57	52	147	31	122	83	72	210	113	191
	0	265	244	61	223	209	116	103	23	59	76	87	74	91	84	129	92	156	135	161	30	127	134	149	157	149	124	227	189	130	178

h_pi = Inventory cost of item p at site i
 	8	4	1	6	8	9	6	1	2	5	3	6	9	6	6	6	8	8	3	2	3	9	5	5	1	9	6	7	2	4	5
	8	2	5	4	2	4	1	7	9	7	3	4	2	1	6	9	4	9	5	7	6	9	4	4	9	7	4	3	5	9	2
	3	3	9	8	6	2	9	2	1	3	3	4	4	2	7	9	8	4	8	3	5	9	4	2	7	6	7	1	6	3	3
	3	7	9	1	5	5	3	8	4	1	5	6	7	2	8	8	5	8	6	3	7	6	8	8	2	8	9	5	6	1	7
	3	6	6	2	6	6	6	4	2	3	3	4	4	6	1	4	1	5	3	2	3	8	9	1	7	4	6	7	3	1	4
	3	3	9	4	9	7	5	1	2	5	7	9	5	8	8	7	4	4	6	4	8	6	1	5	7	7	6	4	4	6	8
	3	3	8	6	7	7	1	3	5	4	5	7	5	6	6	6	4	6	7	7	5	6	8	2	8	1	3	7	5	4	8
	8	9	3	8	1	3	7	6	7	7	7	6	5	6	8	4	5	5	9	8	2	2	4	2	1	4	3	9	3	8	7
	8	3	2	5	3	9	5	2	1	3	5	2	4	8	3	5	7	8	7	4	1	8	5	6	8	7	5	3	6	4	9
	8	4	9	3	9	8	7	6	9	7	9	1	4	3	7	4	1	5	3	8	2	6	6	7	3	8	6	2	6	3	9

C = Vehicle capacity
	3490

f = Fixed transportation cost
	31279

a_ik = Transportation cost for traveling from node i to node k
 	0	169	570	675	410	867	209	659	533	359	1002	580	793	678	758	977	533	675	213	164	435	944	370	143	1009	315	568	264	271	574	931
	169	0	409	537	261	718	91	569	377	229	854	460	663	573	598	822	385	586	246	102	353	794	251	165	870	214	426	123	270	481	766
	570	409	0	204	172	324	367	397	56	243	460	239	331	353	190	417	99	408	516	421	335	396	259	487	494	315	130	310	479	341	363
	675	537	204	0	278	208	468	240	189	316	333	128	133	179	188	331	158	245	557	512	303	282	308	559	335	367	112	417	502	225	368
	410	261	172	278	0	460	202	363	127	73	595	221	407	347	352	568	125	379	344	254	210	536	98	316	610	146	167	146	312	283	533
	867	718	324	208	460	0	659	404	343	511	137	333	170	337	156	125	335	402	763	707	510	77	508	760	180	569	301	605	709	418	221
	209	91	367	468	202	659	0	481	327	153	794	380	589	489	552	769	325	498	192	56	263	735	168	130	803	125	360	58	198	394	730
	659	569	397	240	363	404	481	0	355	351	491	160	241	68	427	525	307	18	480	503	224	462	322	519	448	356	267	450	415	88	599
	533	377	56	189	127	343	327	355	0	193	479	196	321	316	226	445	49	368	466	380	280	418	206	442	504	264	92	270	427	293	408
	359	229	243	316	73	511	153	351	193	0	644	232	437	348	415	624	180	368	274	197	162	587	36	253	651	74	210	106	239	265	600
	1002	854	460	333	595	137	794	491	479	644	0	452	252	427	282	94	470	486	889	841	630	65	639	891	93	699	434	740	833	523	262
	580	460	239	128	221	333	380	160	196	232	452	0	216	127	303	457	148	173	441	417	179	405	213	454	439	265	109	337	382	109	491
	793	663	331	133	407	170	589	241	321	437	252	216	0	176	249	286	290	237	655	629	389	221	424	669	225	479	243	541	595	272	383
	678	573	353	179	347	337	489	68	316	348	427	127	176	0	364	458	270	69	513	518	247	395	323	543	389	367	225	451	449	111	533
	758	598	190	188	352	156	552	427	226	415	282	303	249	364	0	228	237	432	684	605	460	218	421	666	335	482	224	495	638	408	193
	977	822	417	331	568	125	769	525	445	624	94	457	286	458	228	0	446	522	882	820	634	69	625	876	184	686	418	714	830	542	169
	533	385	99	158	125	335	325	307	49	180	470	148	290	270	237	446	0	320	447	374	241	411	184	432	486	245	50	270	402	245	427
	675	586	408	245	379	402	498	18	368	368	486	173	237	69	432	522	320	0	496	520	241	458	338	536	440	373	279	467	430	105	601
	213	246	516	557	344	763	192	480	466	274	889	441	655	513	684	882	447	496	0	148	269	838	263	86	879	203	466	234	67	404	872
	164	102	421	512	254	707	56	503	380	197	841	417	629	518	605	820	374	520	148	0	281	784	206	76	846	153	407	113	169	417	784
	435	353	335	303	210	510	263	224	280	162	630	179	389	247	460	634	241	241	269	281	0	583	127	298	613	139	237	242	207	140	652
	944	794	396	282	536	77	735	462	418	587	65	405	221	395	218	69	411	458	838	784	583	0	584	836	135	644	378	681	783	484	218
	370	251	259	308	98	508	168	322	206	36	639	213	424	323	421	625	184	338	263	206	127	584	0	253	641	62	208	129	221	235	610
	143	165	487	559	316	760	130	519	442	253	891	454	669	543	666	876	432	536	86	76	298	836	253	0	890	193	459	184	132	437	849
	1009	870	494	335	610	180	803	448	504	651	93	439	225	389	335	184	486	440	879	846	613	135	641	890	0	699	444	751	819	494	349
	315	214	315	367	146	569	125	356	264	74	699	265	479	367	482	686	245	373	203	153	139	644	62	193	699	0	269	105	166	269	670
	568	426	130	112	167	301	360	267	92	210	434	109	243	225	224	418	50	279	466	407	237	378	208	459	444	269	0	308	417	214	416
	264	123	310	417	146	605	58	450	270	106	740	337	541	451	495	714	270	467	234	113	242	681	129	184	751	105	308	0	226	363	673
	271	270	479	502	312	709	198	415	427	239	833	382	595	449	638	830	402	430	67	169	207	783	221	132	819	166	417	226	0	339	829
	574	481	341	225	283	418	394	88	293	265	523	109	272	111	408	542	245	105	404	417	140	484	235	437	494	269	214	363	339	0	593
	931	766	363	368	533	221	730	599	408	600	262	491	383	533	193	169	427	601	872	784	652	218	610	849	349	670	416	673	829	593	0

coordXY = Coordinates (x,y): line zero => x line one => y column => customers
 	446	481	421	230	376	252	399	29	383	337	197	188	131	69	378	290	335	16	250	381	176	238	302	335	107	300	293	403	213	99	455
	14	179	583	653	417	859	217	523	543	356	984	533	741	577	768	978	535	534	97	164	355	934	354	104	964	293	561	274	152	471	944

d_pit = Demand of item p at customer i in period t
 	39	38	34	18	23	90	93	74	98	13	54	31
	21	11	69	24	28	27	23	84	12	71	29	53
	12	42	11	20	92	39	80	74	25	59	68	74
	87	90	83	99	65	36	42	39	65	97	85	11
	51	93	24	40	49	29	88	56	19	10	32	33
	73	50	84	32	11	72	35	44	22	11	67	71
	57	64	63	26	89	44	98	47	48	44	88	46
	67	98	73	89	34	11	41	84	55	91	68	99
	87	75	33	13	56	87	21	74	99	80	97	84
	84	55	48	80	69	79	57	19	96	14	24	96
	45	19	99	27	83	87	16	67	99	67	20	26
	23	39	97	67	45	91	33	56	84	29	67	54
	13	37	38	14	96	46	91	66	15	18	44	40
	85	67	50	22	39	22	26	66	33	68	76	31
	91	82	73	29	59	89	39	41	68	45	39	78
	53	64	51	57	97	96	58	94	95	25	59	82
	96	53	17	53	89	73	18	49	39	73	95	48
	94	52	17	33	11	27	68	29	10	76	98	67
	40	28	77	84	36	81	69	65	97	70	55	39
	86	61	25	45	34	35	18	31	64	92	12	26
	63	45	84	75	33	60	35	94	76	49	34	68
	78	26	99	82	61	85	31	76	11	36	41	94
	54	79	14	59	33	74	83	35	45	30	52	13
	19	95	30	52	14	26	36	75	21	68	33	65
	39	88	49	96	77	99	16	21	62	54	18	71
	64	84	96	51	97	73	26	71	64	61	29	60
	78	95	25	36	54	59	63	52	85	39	27	93
	69	22	22	26	83	57	79	19	38	76	31	94
	67	28	73	59	46	83	10	42	54	66	89	84
	95	20	65	27	54	59	33	53	62	15	17	66

	39	71	94	54	40	89	54	36	89	26	38	79
	37	95	84	60	75	12	78	81	52	44	89	65
	61	21	19	83	79	84	87	63	49	74	19	15
	52	29	63	63	20	30	54	80	26	62	64	48
	83	71	46	53	18	49	48	47	59	51	27	29
	50	33	81	56	44	78	15	98	23	18	75	87
	59	37	85	75	12	38	64	15	36	11	97	29
	44	93	71	21	74	74	56	13	55	28	78	12
	18	15	69	37	48	44	88	78	51	36	24	98
	41	68	26	86	39	63	62	76	12	80	63	58
	95	95	41	92	49	23	65	10	49	93	99	92
	44	85	56	59	65	80	97	15	76	30	87	36
	58	78	16	90	83	30	98	25	84	55	37	33
	70	96	90	13	57	93	66	83	58	71	73	32
	99	12	14	72	79	26	67	96	97	48	95	55
	78	98	23	24	94	67	64	97	95	98	73	10
	45	42	36	74	79	56	33	19	71	35	47	26
	16	89	62	79	42	28	62	62	60	80	83	36
	50	51	63	45	22	38	97	98	89	96	69	79
	34	46	34	37	21	35	51	99	74	82	61	53
	71	71	75	73	31	19	24	41	94	13	56	60
	22	43	85	40	79	86	49	66	88	31	90	85
	62	12	37	63	81	76	46	49	88	17	24	70
	16	26	32	68	55	83	63	70	28	71	41	24
	24	78	79	75	62	42	32	81	79	82	59	61
	35	29	20	64	86	99	75	48	79	26	66	87
	100	32	31	81	39	95	44	86	19	51	76	84
	46	50	78	74	89	52	17	99	24	27	53	81
	82	61	56	31	88	80	28	18	75	72	65	87
	13	39	86	10	59	56	34	80	41	61	65	42

	75	94	34	96	77	92	91	26	69	77	36	17
	48	84	44	28	23	61	46	90	43	10	20	63
	44	27	28	65	75	64	57	61	31	96	43	54
	39	28	46	18	92	93	37	38	93	42	47	43
	15	77	87	48	16	99	73	32	90	72	67	77
	77	84	72	59	20	27	28	66	10	80	97	93
	60	77	24	61	50	88	12	90	85	27	15	37
	20	25	29	97	45	65	56	62	30	82	17	29
	84	44	99	76	82	10	19	53	48	26	16	96
	17	78	37	34	15	87	48	65	46	64	54	11
	16	68	52	33	72	52	93	99	79	98	59	25
	99	79	65	51	66	89	43	49	67	17	82	58
	39	86	58	91	80	15	20	93	27	60	90	74
	71	54	50	68	77	85	75	16	80	73	76	24
	44	77	21	53	52	60	92	80	37	80	22	72
	29	87	99	13	46	40	38	96	30	93	89	60
	68	32	98	52	16	61	41	61	97	80	28	10
	79	80	56	11	18	50	47	22	41	91	46	12
	52	76	98	64	74	14	71	22	47	32	40	71
	65	96	66	58	16	21	48	57	90	74	82	29
	80	78	56	15	24	97	19	83	17	93	70	70
	91	52	18	55	30	19	59	84	45	30	81	40
	26	51	17	61	14	52	51	68	33	80	41	23
	99	33	81	72	100	50	83	62	28	56	81	51
	97	17	49	79	26	68	26	44	51	56	60	37
	30	31	96	49	39	31	65	47	80	30	80	74
	56	51	84	56	31	82	100	67	93	55	65	22
	48	88	60	33	72	98	48	55	46	60	33	41
	98	18	14	97	55	65	95	38	98	25	70	88
	68	26	67	99	74	97	41	73	38	57	74	97

	61	55	61	70	88	84	69	93	11	53	100	92
	94	76	91	26	83	59	79	19	18	78	87	51
	55	92	77	11	29	34	28	49	27	19	69	52
	10	97	88	77	85	84	24	69	66	16	49	47
	56	34	11	76	63	37	83	91	52	42	19	26
	27	86	51	33	88	73	91	42	19	57	51	11
	60	33	64	39	23	12	28	88	22	96	23	69
	15	91	66	40	51	94	65	11	91	63	18	76
	17	97	98	58	66	82	46	44	35	31	21	54
	59	11	67	84	93	65	42	70	15	76	65	37
	100	26	32	43	75	14	47	16	77	48	37	17
	57	47	12	11	75	52	69	25	18	74	24	83
	23	40	19	30	91	34	87	68	50	99	92	75
	16	97	37	93	81	75	47	42	12	100	16	88
	100	13	25	14	32	73	65	83	35	35	29	56
	92	61	89	44	51	54	85	16	12	48	31	24
	85	37	77	73	50	30	18	40	76	83	63	91
	93	26	93	60	42	86	30	76	97	96	70	95
	72	97	33	95	25	32	63	84	34	25	63	38
	47	100	17	99	42	18	24	48	93	13	15	32
	71	25	99	68	37	83	93	63	76	26	36	88
	77	75	28	51	52	10	37	47	35	10	39	74
	71	52	93	17	75	26	28	41	64	81	51	36
	59	80	61	20	42	88	19	88	93	58	29	57
	40	52	77	70	80	45	59	95	78	13	56	45
	47	17	27	80	77	69	88	19	12	13	52	80
	90	59	37	40	57	89	17	28	16	84	15	87
	98	81	34	38	93	74	27	50	93	61	26	33
	44	37	98	26	38	98	48	56	100	53	64	25
	77	96	91	48	22	76	62	77	45	61	47	48

	20	95	19	58	59	86	66	95	10	37	77	80
	99	14	53	42	61	10	77	17	44	64	11	17
	61	44	14	37	49	34	29	91	54	62	86	26
	68	89	48	42	37	10	20	23	76	85	40	24
	95	11	64	31	20	32	77	57	53	78	23	15
	20	45	38	81	27	11	27	43	67	88	41	46
	33	51	21	58	61	54	25	52	45	77	66	13
	21	16	54	43	81	34	20	83	88	44	22	11
	54	61	24	99	28	16	78	88	56	67	33	55
	51	38	60	85	75	81	52	36	100	49	15	52
	37	63	83	53	86	85	57	34	15	24	36	63
	82	88	59	98	14	92	11	46	13	63	82	21
	42	43	92	55	78	62	26	23	91	73	88	41
	32	14	62	16	59	29	23	37	45	16	32	39
	13	77	78	32	75	79	44	37	47	87	12	58
	35	56	42	79	17	34	23	46	99	70	85	15
	50	76	19	22	48	50	60	95	10	65	86	72
	97	77	72	41	34	59	56	45	88	28	91	47
	77	26	57	11	71	80	62	63	23	83	47	45
	12	59	100	76	30	36	88	38	82	60	17	49
	22	71	50	41	22	13	30	95	26	48	81	88
	77	16	55	57	30	25	49	46	58	74	82	17
	38	33	43	26	68	27	13	45	21	72	20	38
	17	49	52	31	39	22	91	19	86	42	60	37
	18	17	25	59	30	52	24	74	25	44	63	66
	40	75	79	42	43	79	27	45	50	86	30	70
	37	96	47	78	63	38	19	37	76	61	15	45
	32	96	65	88	17	96	63	34	50	71	88	82
	58	63	23	79	44	87	69	93	24	63	31	44
	44	52	31	41	89	76	11	32	91	84	79	68

	19	86	65	38	81	67	43	65	50	42	90	81
	30	71	81	94	90	71	61	96	70	49	51	58
	32	52	70	84	19	34	29	69	75	96	66	20
	35	19	95	69	20	17	70	38	67	80	16	26
	73	85	23	19	37	45	57	42	24	32	93	35
	20	34	73	89	78	96	30	89	89	67	50	41
	89	16	32	37	98	86	25	27	57	11	69	50
	29	85	60	95	40	47	77	42	59	31	63	82
	50	29	68	83	98	27	67	71	90	74	34	71
	91	94	15	35	79	15	57	36	43	64	51	72
	13	49	23	95	58	77	57	83	87	13	28	38
	92	76	26	46	83	57	95	50	25	91	36	59
	40	63	81	58	92	11	51	14	38	68	55	74
	36	64	45	84	60	17	80	59	75	21	89	48
	77	44	96	98	87	19	65	24	91	11	48	84
	61	54	17	61	64	20	16	24	80	25	51	22
	50	21	77	33	32	30	29	59	49	14	61	71
	63	33	73	87	46	93	74	97	41	24	26	34
	64	79	78	82	76	90	87	61	95	98	10	76
	45	31	14	45	77	98	19	83	31	76	36	70
	84	69	100	64	49	97	42	26	33	83	25	69
	89	18	32	90	41	72	41	26	70	42	65	62
	41	36	55	60	77	89	50	96	25	20	72	19
	45	85	63	22	25	43	87	96	45	15	76	43
	51	13	14	26	12	66	85	28	67	18	39	50
	30	74	22	68	81	86	45	75	57	25	17	91
	21	43	90	21	68	40	17	74	57	28	74	58
	84	11	77	54	99	93	85	88	39	91	11	78
	86	47	50	15	66	67	44	48	94	74	62	11
	30	30	21	26	38	77	40	33	29	84	33	80

	26	65	47	98	85	90	56	20	16	96	65	66
	81	16	80	50	55	66	60	41	19	68	53	95
	58	84	72	90	65	38	25	70	16	31	32	81
	59	41	25	47	82	99	15	88	74	83	91	37
	24	43	13	54	23	28	50	78	53	67	87	13
	57	54	47	53	63	49	27	53	42	84	20	48
	33	59	57	31	98	23	65	98	29	15	38	44
	88	46	31	82	91	19	21	20	62	38	61	96
	93	88	96	16	64	74	96	57	11	53	86	69
	85	11	19	52	85	89	63	80	43	36	41	84
	23	90	15	50	85	100	59	30	96	16	53	25
	75	45	81	48	79	14	68	23	15	14	37	36
	15	50	97	75	63	27	37	56	58	61	85	56
	40	69	69	94	98	45	65	25	14	70	57	29
	46	76	37	78	20	83	50	42	23	50	77	33
	82	83	60	25	14	16	84	52	86	24	84	76
	65	40	97	57	95	52	51	63	26	42	23	77
	66	33	10	100	26	58	95	48	39	56	72	55
	22	48	50	99	97	30	17	97	17	11	24	47
	26	75	17	43	38	45	97	93	97	53	79	35
	85	56	16	51	55	88	85	88	94	72	35	31
	45	85	39	64	61	99	21	56	56	62	18	30
	71	58	73	46	34	74	32	66	56	71	25	36
	96	50	44	58	63	27	42	28	50	81	38	47
	99	30	83	24	57	85	79	75	88	63	44	49
	58	62	33	59	65	54	18	32	14	92	88	48
	95	94	81	29	91	65	90	53	91	47	19	69
	81	60	55	60	50	54	47	64	15	58	84	82
	24	54	100	11	65	35	31	88	46	43	63	76
	11	70	59	81	75	50	92	93	25	18	63	15

	48	68	96	33	20	68	36	69	61	45	27	93
	95	53	26	89	14	36	82	43	82	52	18	33
	26	30	68	36	49	26	40	95	16	60	75	20
	88	61	72	50	81	57	19	40	13	25	90	47
	16	19	79	29	65	44	71	89	99	70	86	64
	25	45	39	41	90	65	89	31	58	83	44	50
	61	52	60	50	15	79	10	14	44	29	82	38
	91	45	15	26	86	99	13	66	82	86	98	12
	94	29	37	22	84	26	89	88	18	93	42	29
	15	81	74	89	55	82	96	56	34	38	19	94
	62	25	96	60	10	16	45	91	33	14	13	30
	61	57	15	31	73	91	12	60	98	42	33	65
	75	77	25	50	82	17	52	14	67	83	92	95
	38	31	45	85	72	74	99	51	73	79	48	94
	20	15	83	93	91	13	64	96	50	86	61	88
	58	44	72	84	80	19	50	80	96	59	82	61
	90	61	92	32	42	21	83	11	66	47	13	93
	53	86	43	35	89	32	20	24	38	60	44	40
	11	17	33	82	96	95	17	12	61	79	68	65
	41	60	30	33	77	26	59	39	73	65	11	50
	89	28	42	17	85	70	74	25	81	26	37	21
	55	11	14	82	10	66	56	68	80	60	96	58
	10	97	57	37	89	54	34	98	18	98	63	92
	89	89	28	41	55	11	34	18	62	25	100	95
	85	25	20	16	14	22	99	40	14	21	59	90
	85	78	82	48	44	19	27	65	94	16	70	57
	20	41	24	41	78	17	99	93	14	12	30	33
	91	12	61	61	93	48	84	75	50	89	28	99
	47	82	27	52	93	75	57	47	25	47	34	32
	43	40	47	89	30	51	17	38	97	27	22	72

	74	93	74	97	40	83	20	47	63	73	18	82
	38	10	33	56	96	46	32	44	84	46	82	27
	18	73	80	58	41	64	43	97	36	22	60	64
	87	62	73	18	24	82	12	12	39	21	21	10
	100	33	64	50	30	78	88	23	35	62	13	16
	60	24	70	15	50	50	70	87	40	99	40	55
	64	73	13	96	62	100	33	99	71	71	35	43
	33	44	86	11	36	36	21	79	75	96	69	86
	28	72	63	94	59	82	55	79	35	100	72	40
	80	15	80	91	36	46	62	69	29	40	12	33
	83	59	19	49	96	83	21	55	45	21	72	11
	49	93	99	60	40	15	93	63	88	46	49	29
	22	74	41	96	50	81	62	16	29	86	38	24
	13	95	25	80	49	55	89	49	22	15	43	34
	82	94	20	92	30	23	30	42	17	28	40	92
	91	23	66	19	37	18	13	12	42	10	53	64
	55	57	70	28	23	46	66	39	100	64	51	56
	34	11	53	97	22	85	87	38	11	51	55	54
	39	50	53	12	15	36	13	91	78	53	48	72
	86	82	19	89	27	44	55	25	31	34	14	34
	57	26	77	45	82	22	43	18	33	40	12	24
	52	34	98	66	99	18	93	67	31	97	74	66
	50	72	15	10	28	76	86	80	82	94	48	46
	31	89	99	100	39	90	70	95	79	34	72	20
	47	75	22	39	90	19	42	98	81	97	30	59
	49	34	61	34	42	72	43	61	82	82	83	37
	72	47	74	99	92	56	25	66	74	75	29	21
	29	66	64	51	64	90	79	99	87	33	75	98
	14	99	78	15	48	92	34	16	63	39	80	94
	79	38	74	27	50	21	81	23	90	35	66	34

	30	86	74	75	91	62	84	98	30	60	39	49
	57	80	39	68	52	24	100	69	63	66	73	68
	61	53	57	33	70	49	45	31	89	66	24	24
	60	70	93	96	90	86	62	26	44	49	36	19
	63	93	53	62	68	73	81	97	30	15	89	37
	35	64	17	90	80	43	46	74	63	90	43	17
	24	79	25	63	77	62	92	12	77	75	12	51
	23	25	33	88	91	29	19	60	75	33	82	89
	59	83	32	24	28	25	78	33	94	79	60	89
	76	98	68	58	36	58	17	27	47	29	66	57
	74	13	60	52	73	90	55	62	85	74	64	18
	74	82	32	56	93	16	90	51	86	25	29	54
	43	38	10	11	38	16	56	77	96	31	31	65
	46	38	24	100	29	59	42	77	71	69	99	78
	78	25	26	66	48	43	51	15	55	39	53	95
	92	79	82	32	97	40	58	94	48	29	29	87
	35	57	48	16	23	52	91	67	54	71	73	43
	24	71	40	45	34	76	30	47	44	25	97	29
	28	98	35	32	16	92	33	13	21	76	20	93
	30	52	72	82	35	32	69	50	13	51	36	74
	44	50	12	21	27	20	76	19	58	72	99	87
	79	55	96	22	88	68	72	74	87	34	15	40
	43	92	14	79	45	14	81	57	90	23	88	40
	58	99	92	78	84	69	51	71	84	16	32	48
	69	80	32	19	89	96	29	47	30	64	87	11
	34	71	19	19	77	73	51	24	97	48	59	73
	82	94	51	39	50	35	81	92	73	72	81	17
	38	52	66	33	15	88	50	45	14	69	46	37
	60	70	95	35	41	39	36	70	17	88	85	71
	90	25	63	79	74	26	61	32	88	28	11	43

