***** PARAMETERS PRP *****

Number of Customers = 30
Number of Products = 10
Number of Vehicles = 5
Number of Periods = 12

B = Production capacity
	49316

b_p = Time required to produce item p
 	1	1	1	1	1	1	1	1	1	1

c_p = Production cost of item p
 	800	300	800	800	300	300	300	300	300	300

s_p = Setup cost of item p
 	800	300	800	800	300	300	300	300	300	300

M = Big number
	197264

U_pi = Maximum inventory upper bound of item p at site i
 	197264	265	245	235	297	144	99	234	137	175	311	131	267	190	300	229	173	181	235	196	131	278	191	168	238	237	217	263	140	319	130
	197264	118	155	251	199	123	157	241	157	236	254	177	116	300	248	290	97	171	206	264	182	248	126	119	93	119	282	353	247	258	134
	197264	286	179	182	189	265	242	86	382	133	239	266	195	175	293	181	139	165	282	174	308	139	237	228	118	265	260	295	254	207	81
	197264	119	159	168	221	110	236	199	220	265	316	116	306	252	176	214	139	252	265	170	179	284	267	313	162	217	283	182	163	138	232
	197264	297	271	217	129	211	238	275	231	208	281	267	237	123	231	236	294	169	269	238	135	96	235	220	223	113	320	310	184	164	115
	197264	160	128	196	305	104	155	265	275	101	198	210	200	186	123	235	195	252	295	147	76	200	212	91	223	160	237	188	287	238	191
	197264	252	239	241	124	102	102	175	107	285	189	117	102	267	267	233	221	246	208	104	107	254	205	182	232	195	86	313	254	120	240
	197264	221	146	245	302	222	263	266	220	234	313	219	160	195	138	222	204	305	175	180	107	255	250	333	206	176	256	123	192	170	157
	197264	130	153	87	241	239	138	255	110	295	144	217	308	275	159	289	267	162	204	213	245	240	265	186	196	243	256	112	148	224	248
	197264	170	99	232	156	208	210	226	116	111	129	208	165	215	109	111	164	136	238	174	166	260	171	93	253	209	128	108	149	196	231

I_pi0 = Initial inventory of item p at site i
 	0	54	136	156	43	46	98	144	17	94	95	65	196	55	75	107	21	109	115	39	101	185	95	153	123	199	216	133	76	22	120
	0	63	29	176	161	96	157	35	125	194	172	80	59	18	71	14	78	142	148	63	80	242	113	92	73	66	92	170	216	184	71
	0	88	136	147	124	222	110	52	297	96	15	231	119	24	90	83	76	76	98	94	290	137	228	134	115	133	179	260	79	116	49
	0	65	131	18	211	54	147	124	23	194	240	77	199	113	31	186	89	80	113	143	168	47	50	224	73	138	99	122	162	113	90
	0	54	198	164	71	48	143	194	150	56	75	35	182	89	120	173	202	153	217	98	95	95	181	80	162	56	65	139	36	61	76
	0	77	32	191	242	74	108	184	246	73	25	27	47	182	67	24	50	68	35	87	41	51	160	25	182	149	133	78	140	67	184
	0	55	98	155	119	81	56	142	96	272	150	112	85	219	136	69	103	244	15	10	95	244	98	31	183	104	37	186	89	55	25
	0	64	79	10	163	88	207	87	54	150	103	204	62	107	132	154	153	211	118	140	79	194	234	79	123	140	236	77	60	147	65
	0	80	94	85	231	55	54	183	79	97	112	32	211	183	159	163	130	111	186	205	213	138	226	143	129	115	50	11	44	125	178
	0	127	51	82	88	129	63	146	48	68	122	81	102	60	102	100	131	122	132	168	77	184	149	14	150	19	69	79	139	89	161

h_pi = Inventory cost of item p at site i
 	8	5	5	9	3	4	4	3	1	2	2	9	7	8	1	2	1	9	5	8	9	1	4	8	7	5	7	1	8	9	9
	3	3	2	3	4	1	5	9	1	8	2	7	4	8	2	9	4	6	7	6	9	6	7	7	9	4	5	4	1	7	8
	8	2	9	2	7	3	4	7	1	8	1	1	3	5	6	9	9	1	8	8	9	3	2	4	2	9	5	3	9	5	7
	8	1	9	1	4	2	5	8	4	6	8	1	1	9	6	5	5	3	4	3	8	2	8	7	5	1	9	8	1	1	8
	3	3	9	4	9	4	9	8	2	7	4	8	1	2	6	8	9	4	3	2	3	4	6	1	5	6	7	4	1	3	8
	3	2	1	5	2	9	3	3	5	5	8	8	1	1	6	5	7	9	6	2	8	2	3	2	9	2	5	7	3	8	4
	3	2	2	5	3	7	5	4	4	5	5	3	8	5	4	1	9	9	6	9	5	1	1	6	8	1	3	6	7	3	8
	3	5	2	8	2	4	2	5	5	3	7	1	1	5	7	6	4	3	4	9	6	1	1	1	1	2	1	6	2	4	7
	3	2	1	1	8	6	7	5	9	6	5	5	2	2	4	6	5	3	9	5	9	7	8	8	4	4	4	5	9	1	6
	3	9	6	8	6	8	2	7	5	2	1	4	3	7	9	6	7	1	2	6	7	3	4	5	6	3	5	2	1	4	2

C = Vehicle capacity
	3820

f = Fixed transportation cost
	28365

a_ik = Transportation cost for traveling from node i to node k
 	0	272	254	85	237	585	281	674	59	322	349	414	528	360	478	437	179	487	463	403	279	466	442	620	436	679	273	117	536	15	302
	272	0	56	262	486	444	379	463	222	403	339	385	436	402	454	230	373	461	247	433	424	391	211	407	392	460	4	385	308	260	444
	254	56	0	228	452	499	327	516	199	433	284	430	488	437	500	285	331	507	301	378	374	441	264	460	439	513	54	361	361	244	394
	85	262	228	0	225	632	199	701	61	402	266	480	585	436	548	460	121	556	484	319	207	525	457	645	501	703	262	143	554	90	231
	237	486	452	225	0	817	259	910	269	505	390	629	753	555	687	672	140	695	698	386	203	689	674	856	654	915	487	131	770	251	215
	585	444	499	632	817	0	803	190	573	390	782	231	104	335	226	229	752	225	228	875	833	154	271	180	203	215	447	688	226	571	856
	281	379	327	199	259	803	0	842	255	601	137	673	769	634	742	606	136	750	625	135	68	711	589	786	692	839	378	279	687	288	77
	674	463	516	701	910	190	842	0	646	551	790	400	290	501	411	241	820	410	219	887	884	327	253	57	375	28	465	786	158	659	905
	59	222	199	61	269	573	255	646	0	350	304	421	525	380	489	407	180	497	432	367	267	465	406	591	441	650	224	163	503	53	290
	322	403	433	402	505	390	601	551	350	0	647	160	296	59	195	385	497	202	412	716	599	237	422	512	189	568	407	379	475	313	623
	349	339	284	266	390	782	137	790	304	647	0	689	765	671	760	566	256	768	580	98	205	714	540	735	703	783	336	384	633	351	208
	414	385	430	480	629	231	673	400	421	160	689	0	137	104	71	277	592	79	299	771	687	78	323	367	29	420	389	499	350	402	710
	528	436	488	585	753	104	769	290	525	296	765	137	0	239	123	256	703	121	266	854	791	65	303	271	108	314	439	623	290	515	814
	360	402	437	436	555	335	634	501	380	59	671	104	239	0	138	351	537	145	377	744	638	182	392	465	133	519	406	427	436	350	662
	478	454	500	548	687	226	742	411	489	195	760	71	123	138	0	327	657	9	346	841	753	93	374	386	65	433	457	558	387	467	777
	437	230	285	460	672	229	606	241	407	385	566	277	256	351	327	0	580	332	29	661	645	239	48	185	266	243	232	552	102	423	666
	179	373	331	121	140	752	136	820	180	497	256	592	703	537	657	580	0	665	603	270	106	641	574	765	614	822	373	145	672	191	129
	487	461	507	556	695	225	750	410	497	202	768	79	121	145	9	332	665	0	350	849	762	96	379	387	71	433	465	566	389	475	785
	463	247	301	484	698	228	625	219	432	412	580	299	266	377	346	29	603	350	0	676	666	256	43	163	287	219	248	578	74	449	687
	403	433	378	319	386	875	135	887	367	716	98	771	854	744	841	661	270	849	676	0	185	800	637	832	787	880	431	412	730	408	177
	279	424	374	207	203	833	68	884	267	599	205	687	791	638	753	645	106	762	666	185	0	731	633	828	707	883	423	249	731	289	24
	466	391	441	525	689	154	711	327	465	237	714	78	65	182	93	239	641	96	256	800	731	0	287	298	50	348	395	559	294	453	754
	442	211	264	457	674	271	589	253	406	422	540	323	303	392	374	48	574	379	43	637	633	287	0	197	313	251	212	558	99	428	653
	620	407	460	645	856	180	786	57	591	512	735	367	271	465	386	185	765	387	163	832	828	298	197	0	344	60	409	733	103	606	849
	436	392	439	501	654	203	692	375	441	189	703	29	108	133	65	266	614	71	287	787	707	50	313	344	0	395	395	524	333	424	731
	679	460	513	703	915	215	839	28	650	568	783	420	314	519	433	243	822	433	219	880	883	348	251	60	395	0	462	793	153	665	903
	273	4	54	262	487	447	378	465	224	407	336	389	439	406	457	232	373	465	248	431	423	395	212	409	395	462	0	386	310	261	443
	117	385	361	143	131	688	279	786	163	379	384	499	623	427	558	552	145	566	578	412	249	559	558	733	524	793	386	0	651	130	269
	536	308	361	554	770	226	687	158	503	475	633	350	290	436	387	102	672	389	74	730	731	294	99	103	333	153	310	651	0	522	751
	15	260	244	90	251	571	288	659	53	313	351	402	515	350	467	423	191	475	449	408	289	453	428	606	424	665	261	130	522	0	313
	302	444	394	231	215	856	77	905	290	623	208	710	814	662	777	666	129	785	687	177	24	754	653	849	731	903	443	269	751	313	0

coordXY = Coordinates (x,y): line zero => x line one => y column => customers
 	151	382	389	213	53	272	311	460	209	6	442	107	179	32	70	381	187	68	405	432	250	162	423	449	123	486	385	73	455	157	256
	608	466	521	665	823	36	838	10	605	321	799	197	81	269	137	237	783	129	221	896	868	143	260	65	173	18	468	694	167	595	891

d_pit = Demand of item p at customer i in period t
 	54	41	85	15	56	39	24	16	100	96	62	49
	48	88	84	42	87	31	18	46	70	70	53	99
	89	29	38	95	81	60	95	36	20	52	92	19
	24	19	84	39	98	25	84	88	49	77	66	59
	46	52	43	10	30	55	61	73	54	52	51	47
	98	13	96	42	50	29	28	80	49	36	39	33
	81	63	90	75	38	21	73	53	92	12	38	66
	17	50	82	21	82	43	74	81	84	95	97	97
	36	46	12	88	80	41	15	40	23	81	17	46
	95	79	77	98	97	52	88	13	76	75	87	95
	65	76	25	86	82	72	73	68	75	64	23	75
	34	46	60	56	51	16	63	79	29	32	76	98
	55	61	97	19	99	42	94	83	18	58	60	74
	75	51	78	90	61	90	24	18	30	44	64	96
	58	18	31	82	99	85	41	19	91	75	59	29
	21	13	51	72	29	16	61	25	35	94	60	43
	17	92	25	27	12	49	58	19	66	72	52	55
	32	83	63	49	36	66	86	14	47	18	13	56
	39	52	49	32	84	19	67	45	91	20	70	20
	32	69	77	86	71	97	58	16	53	93	66	70
	22	19	90	54	84	85	63	14	17	46	82	92
	49	46	18	61	35	33	72	44	11	10	61	19
	87	66	98	36	47	21	93	41	15	38	40	91
	14	22	87	12	63	99	80	27	28	15	42	81
	54	32	31	82	65	47	37	56	35	59	40	30
	88	59	69	52	92	22	49	62	69	22	11	57
	79	17	37	46	77	73	30	43	59	17	92	62
	39	37	54	54	16	65	19	20	99	83	35	37
	22	79	42	52	70	48	69	63	99	68	78	76
	15	33	13	59	25	23	83	69	59	27	59	53

	63	84	97	55	67	47	47	48	33	72	73	24
	29	30	94	24	98	55	77	98	56	13	29	18
	95	81	76	39	24	71	56	46	96	63	33	74
	100	61	96	19	81	80	35	17	61	12	15	21
	96	38	32	65	25	18	12	43	84	11	56	13
	20	63	23	51	85	41	70	50	67	19	57	82
	35	69	20	11	39	40	91	77	10	77	93	16
	37	88	57	46	80	56	73	59	36	44	28	24
	45	42	30	77	56	78	96	10	67	49	80	79
	95	77	99	38	74	95	72	34	30	13	87	47
	80	98	54	32	67	88	12	55	65	84	53	21
	59	70	37	39	72	57	87	29	47	34	73	94
	18	31	66	47	39	65	75	53	99	65	85	78
	51	20	41	58	81	28	12	96	24	17	88	79
	14	85	81	48	36	85	65	81	69	21	100	12
	39	39	22	51	29	88	90	78	19	66	38	20
	37	83	22	30	33	43	65	42	21	20	86	31
	91	20	37	45	88	48	66	28	88	32	47	28
	63	53	65	23	78	79	87	88	64	67	85	39
	48	32	80	90	59	70	47	92	85	63	25	37
	79	82	53	28	37	65	49	99	62	77	74	38
	62	51	29	54	53	46	10	36	35	34	78	15
	65	27	60	23	69	84	75	97	81	47	56	28
	73	99	21	32	17	17	82	81	15	16	74	29
	66	96	93	27	26	63	27	75	30	95	79	34
	92	15	94	88	12	92	77	39	27	64	29	48
	98	72	79	19	63	64	92	63	38	82	96	82
	23	92	44	57	92	22	11	76	42	96	97	88
	53	66	65	95	51	96	29	35	81	72	50	82
	45	26	84	53	53	97	56	52	100	79	90	69

	25	63	97	85	46	72	19	91	82	13	62	31
	62	74	74	31	66	39	57	92	58	65	57	40
	95	15	37	42	83	99	48	96	11	64	66	73
	92	32	93	81	23	52	93	91	13	82	81	21
	42	55	74	51	45	48	95	69	98	64	75	79
	62	48	93	31	84	22	98	51	20	97	74	47
	36	16	91	34	14	79	88	20	24	60	17	38
	22	98	96	81	98	69	70	87	18	96	98	83
	48	25	23	80	89	40	30	16	14	99	10	59
	15	45	64	90	19	37	83	43	72	92	66	91
	60	64	49	58	25	79	49	43	47	44	60	60
	26	15	57	21	89	87	66	46	63	63	30	21
	24	31	11	80	79	84	85	32	79	32	96	65
	12	78	31	97	72	10	60	92	87	43	32	88
	83	55	88	69	31	52	96	22	47	22	92	68
	36	26	14	73	68	24	33	32	97	39	63	49
	43	12	21	44	57	57	96	69	61	89	64	47
	98	76	84	87	52	78	36	86	94	58	46	51
	94	31	26	60	38	45	40	88	76	56	95	46
	90	71	93	36	93	36	90	39	77	35	65	13
	27	94	16	17	12	90	99	16	21	61	42	61
	58	60	57	53	74	39	71	17	26	91	97	69
	46	88	55	16	27	15	22	65	66	79	32	35
	66	49	49	75	73	53	47	41	74	70	40	70
	36	97	52	17	90	52	73	63	17	31	79	29
	75	30	74	57	31	28	15	29	92	49	73	72
	70	91	49	50	25	54	27	40	52	80	77	94
	79	49	97	10	85	55	73	28	85	51	94	56
	37	79	43	33	78	48	22	20	38	93	72	59
	49	79	18	49	34	32	30	50	13	48	51	35

	65	51	40	71	64	63	69	51	70	68	41	62
	64	67	83	13	29	68	63	41	42	47	36	82
	18	78	30	51	89	71	76	90	25	13	33	96
	56	52	31	72	69	87	40	51	61	69	14	62
	54	34	92	80	61	99	22	31	31	46	24	83
	25	43	42	37	90	12	59	92	56	18	13	79
	37	87	11	86	79	44	32	60	40	44	33	43
	23	55	28	82	83	25	40	62	51	24	40	15
	95	99	77	90	35	94	25	47	79	35	83	35
	99	24	96	21	78	65	79	91	54	40	67	44
	77	40	97	55	27	97	83	28	75	58	40	20
	77	66	56	68	18	95	61	94	55	34	23	87
	67	46	17	44	60	55	85	57	22	19	54	79
	31	15	98	90	43	77	27	22	98	73	92	36
	16	24	48	98	22	59	82	96	92	21	62	21
	30	26	33	54	82	54	12	96	57	40	39	33
	80	88	59	70	20	87	77	67	56	29	96	27
	74	39	76	81	27	46	84	30	10	43	64	63
	23	56	31	33	22	87	98	64	70	35	99	62
	75	29	64	45	70	23	66	82	65	65	64	67
	47	72	35	27	93	97	19	75	30	56	36	95
	50	73	53	70	99	76	87	31	42	96	37	86
	96	82	46	62	64	59	32	71	93	21	37	87
	73	94	32	29	11	86	24	21	70	97	67	45
	60	78	81	100	35	29	26	45	88	14	68	27
	99	12	36	35	77	62	37	58	28	84	62	88
	15	83	24	70	59	19	78	71	95	47	65	100
	61	24	58	19	28	40	39	80	97	71	87	49
	14	12	35	52	14	58	86	39	36	76	76	54
	41	49	20	63	65	29	46	29	47	43	46	79

	54	52	42	88	27	99	75	66	92	18	51	49
	63	32	42	61	13	42	50	95	20	99	58	76
	37	43	84	76	65	53	58	15	75	65	35	45
	71	81	59	75	46	92	41	73	15	74	66	81
	48	62	37	69	18	59	47	85	70	29	75	35
	46	97	69	94	36	60	27	17	90	89	54	36
	78	28	88	24	94	74	29	48	91	30	32	43
	58	92	90	71	27	93	10	11	54	43	97	46
	25	31	84	14	17	98	11	19	95	64	89	78
	75	85	91	54	19	37	96	35	66	57	31	28
	35	54	68	62	41	58	90	45	45	58	14	70
	92	90	92	87	48	31	87	22	80	46	10	25
	89	37	87	49	75	26	63	88	69	92	21	43
	79	41	16	99	77	33	49	65	41	97	66	30
	20	63	90	61	55	79	12	61	71	93	48	56
	89	25	88	42	13	68	93	15	67	55	61	89
	73	50	30	35	71	75	86	15	76	58	88	18
	80	81	56	85	15	93	70	78	56	55	97	41
	98	39	52	47	99	72	51	12	67	88	49	39
	95	85	34	95	30	73	97	96	67	59	29	52
	60	35	98	27	49	55	24	77	15	76	20	37
	38	89	54	62	34	82	36	57	59	31	71	93
	64	16	42	31	23	41	45	89	78	60	17	22
	14	65	83	100	27	98	63	11	17	13	21	23
	43	13	87	93	13	66	35	56	90	78	25	81
	65	97	56	29	66	65	43	92	89	50	40	76
	41	98	54	78	57	90	80	27	74	27	98	19
	36	16	27	95	50	23	74	45	100	24	16	46
	12	49	47	82	31	13	38	72	44	24	27	52
	76	19	36	72	34	24	46	86	85	99	41	72

	49	28	95	24	60	41	73	53	68	37	75	36
	32	51	99	78	29	47	91	86	90	66	75	24
	69	97	25	97	52	39	52	30	64	13	25	25
	82	67	65	28	97	28	83	57	17	64	94	51
	25	37	12	67	87	37	38	77	86	75	37	44
	16	92	49	97	36	80	12	51	66	17	23	81
	71	50	49	14	47	29	95	53	71	57	76	23
	94	76	76	81	19	93	72	54	81	31	83	66
	73	67	71	19	78	20	73	14	26	63	22	80
	25	29	38	67	18	66	84	17	94	46	65	45
	27	97	32	79	41	36	71	67	46	28	38	69
	47	42	81	68	52	61	15	28	54	31	25	95
	89	93	81	57	51	13	31	49	85	92	37	66
	67	82	68	95	19	20	86	84	31	58	53	76
	24	18	91	90	11	49	29	13	99	80	26	34
	50	28	62	80	46	57	36	51	63	66	33	12
	68	81	87	42	46	81	97	74	86	35	33	26
	35	59	69	77	54	98	27	39	98	27	58	67
	87	57	63	14	39	49	48	17	36	63	86	29
	22	19	54	39	71	61	22	29	55	26	44	16
	51	57	53	73	38	24	50	40	96	19	78	22
	49	70	41	65	29	19	70	99	37	18	45	95
	25	89	73	14	63	44	44	27	19	57	36	53
	23	46	81	32	77	74	86	37	66	70	56	21
	35	79	35	60	42	95	60	29	33	96	40	34
	36	44	53	95	26	47	80	15	30	16	32	95
	26	19	21	12	64	20	12	26	13	70	71	98
	56	74	10	79	71	16	93	63	77	77	27	46
	67	49	63	75	18	98	88	70	21	57	97	12
	21	76	22	65	11	66	22	72	22	77	76	44

	55	88	41	92	26	64	98	81	49	41	76	46
	23	75	70	11	61	39	99	91	44	27	21	12
	27	59	69	89	53	55	92	31	97	62	35	55
	92	27	70	61	78	43	67	73	91	17	34	91
	12	69	49	98	65	36	34	62	81	10	70	26
	56	50	25	54	59	39	33	54	61	74	19	85
	45	43	54	32	65	60	99	75	34	61	90	42
	96	44	30	10	36	16	16	59	23	43	34	22
	38	85	88	61	60	41	19	99	38	42	90	23
	98	39	13	83	36	28	20	39	58	13	57	83
	70	42	39	51	70	85	100	13	51	38	41	99
	85	61	68	60	65	26	64	84	31	36	10	22
	51	41	35	92	87	11	52	84	93	48	12	35
	41	95	30	31	23	64	41	79	84	72	40	40
	69	55	74	12	51	51	69	29	10	30	33	76
	42	44	17	94	85	39	63	98	47	36	40	58
	64	59	95	26	76	69	10	83	46	94	94	22
	15	64	89	41	75	54	46	23	41	99	57	19
	10	46	26	99	27	30	81	41	48	70	95	51
	95	20	75	76	21	64	30	73	66	12	96	12
	90	55	41	58	10	20	61	65	16	48	98	47
	58	40	15	71	23	14	44	81	84	74	97	13
	31	79	62	29	95	81	17	69	55	86	29	93
	85	45	53	60	32	94	66	43	54	29	76	58
	15	52	37	59	68	68	11	95	49	86	26	20
	37	99	14	53	74	19	12	87	31	12	11	68
	19	76	91	75	30	45	85	51	40	83	85	72
	89	49	71	43	23	60	74	24	13	48	38	78
	55	90	36	53	38	24	78	24	57	86	80	98
	25	66	58	37	36	77	46	65	62	14	31	58

	16	48	96	89	37	47	26	30	71	18	99	86
	16	63	71	29	13	54	59	47	52	43	95	41
	10	58	38	99	32	20	60	86	23	54	63	46
	22	98	43	83	14	48	72	64	72	74	98	36
	35	53	41	55	68	55	35	67	21	32	53	18
	72	57	66	12	69	31	43	54	78	22	71	57
	87	25	94	78	27	67	16	96	80	80	84	65
	54	40	29	52	95	23	54	30	40	33	24	54
	68	82	43	82	18	59	16	71	58	29	93	84
	33	70	94	91	95	41	26	87	34	88	57	35
	76	38	90	48	68	43	59	10	53	52	68	51
	62	43	86	41	63	39	46	23	43	96	73	25
	45	28	34	36	21	30	93	73	37	62	70	55
	93	39	19	58	84	42	15	83	31	47	26	13
	86	68	84	56	18	50	49	70	42	79	27	38
	74	48	31	86	85	64	17	27	31	61	45	44
	77	42	38	54	89	48	88	66	88	55	76	10
	82	11	25	95	60	54	92	41	28	45	74	91
	98	42	68	72	69	37	100	59	17	43	46	69
	79	81	36	61	73	44	51	17	49	95	32	23
	21	63	36	74	42	24	74	96	23	73	49	38
	79	58	50	47	19	77	18	64	39	38	74	38
	79	32	97	95	66	60	91	38	95	30	32	84
	12	44	55	12	18	36	66	57	45	46	40	63
	45	11	84	52	27	47	76	15	20	12	14	20
	19	26	100	91	18	79	32	63	77	13	50	46
	77	80	30	24	56	74	86	10	99	83	81	38
	60	49	16	65	85	44	73	39	31	37	25	51
	68	49	15	15	74	53	41	32	36	21	23	84
	65	75	42	43	78	20	34	48	70	33	54	66

	80	79	84	59	93	99	16	75	71	16	66	41
	94	66	16	40	55	36	53	75	16	32	51	76
	15	70	32	82	68	29	26	15	56	67	16	48
	73	62	96	82	58	34	45	81	68	51	47	27
	33	22	98	60	90	90	13	47	63	78	28	96
	54	22	18	84	55	13	12	81	19	65	55	75
	40	72	71	44	96	80	31	44	52	62	92	82
	79	68	82	18	62	17	31	11	49	79	85	78
	59	38	64	63	30	99	87	27	77	70	50	44
	85	27	85	15	14	92	12	20	30	72	93	29
	21	11	47	88	49	43	58	83	59	25	74	92
	69	48	94	60	96	98	33	34	27	37	60	84
	38	60	85	21	21	48	95	65	86	14	39	88
	98	61	29	54	43	94	22	46	56	17	100	17
	100	11	52	91	42	35	69	78	57	89	28	42
	50	80	15	44	82	56	98	54	25	53	26	57
	19	17	75	82	84	58	51	54	30	12	75	92
	77	59	50	77	73	44	14	55	27	79	47	11
	62	58	85	49	96	17	85	88	55	96	77	85
	24	95	94	68	17	79	68	44	78	80	71	16
	76	14	48	86	71	37	92	80	75	27	26	87
	74	83	69	84	70	88	62	36	50	52	61	66
	18	40	85	74	95	23	20	27	73	15	77	12
	100	29	17	43	41	15	74	100	13	49	49	57
	12	39	64	44	19	96	62	95	25	25	15	86
	50	82	49	86	45	66	46	97	76	61	34	77
	11	87	44	87	80	26	81	66	51	57	42	40
	44	86	14	14	20	55	73	70	68	66	44	39
	28	24	49	24	95	32	19	37	94	47	51	37
	41	17	89	31	89	28	95	32	98	43	14	19

	41	86	58	64	19	27	16	19	25	70	68	17
	51	72	21	27	33	92	94	42	30	62	52	19
	82	61	69	26	92	98	88	97	95	88	66	65
	73	15	70	62	38	47	84	96	30	11	82	14
	82	35	12	71	83	48	17	17	44	67	93	54
	63	99	68	51	91	53	63	36	19	26	31	30
	28	80	38	73	28	32	66	79	89	98	19	47
	48	78	61	83	59	73	49	52	26	61	21	87
	68	24	14	38	42	75	86	84	80	49	77	26
	28	94	63	73	51	90	73	27	65	55	88	67
	58	23	59	25	32	86	76	72	81	55	39	17
	90	12	99	19	51	75	22	67	28	94	92	12
	60	61	95	46	73	96	91	86	55	50	96	52
	59	43	92	70	24	20	49	68	67	83	24	55
	45	38	17	52	83	48	89	40	88	71	16	80
	62	69	96	17	58	49	62	55	29	82	67	11
	13	71	38	86	48	74	76	35	21	19	40	24
	100	32	19	61	68	75	35	23	75	55	15	12
	82	86	73	26	13	83	31	92	71	31	31	77
	77	99	22	83	42	39	63	56	14	51	94	22
	87	97	87	52	60	23	82	43	15	15	48	16
	20	35	56	38	21	85	60	35	60	59	20	23
	14	100	55	22	84	19	23	33	60	72	54	22
	93	57	38	100	37	19	33	54	72	73	95	89
	19	41	72	26	58	23	53	85	76	58	93	24
	32	37	88	65	59	63	88	54	91	84	57	47
	79	100	16	89	37	88	40	38	48	55	39	18
	50	89	91	13	20	69	56	29	11	57	78	33
	29	60	57	65	88	58	65	51	16	28	29	43
	15	83	63	79	44	36	86	16	86	97	12	76

