***** PARAMETERS PRP *****

Number of Customers = 30
Number of Products = 10
Number of Vehicles = 5
Number of Periods = 12

B = Production capacity
	49390

b_p = Time required to produce item p
 	1	1	1	1	1	1	1	1	1	1

c_p = Production cost of item p
 	30	80	80	80	80	30	80	30	30	80

s_p = Setup cost of item p
 	300	800	800	800	800	300	800	300	300	800

M = Big number
	197558

U_pi = Maximum inventory upper bound of item p at site i
 	197558	202	105	147	235	124	296	146	124	186	223	230	189	308	211	211	155	176	120	123	260	103	330	257	125	287	254	206	248	185	99
	197558	254	197	252	182	154	188	289	158	179	169	111	98	263	245	242	245	108	106	183	273	284	207	234	256	89	146	80	121	113	190
	197558	133	213	307	152	287	165	116	85	172	126	95	256	183	158	157	229	230	275	250	338	252	119	102	193	162	136	164	232	254	337
	197558	111	152	102	98	163	218	158	298	101	194	213	248	146	126	344	240	77	258	152	395	187	186	128	165	134	334	118	193	263	125
	197558	151	182	109	298	169	117	139	106	205	249	112	151	174	207	128	217	307	215	224	192	116	279	248	235	172	184	343	103	107	202
	197558	226	215	295	147	185	188	303	112	119	120	147	176	205	101	284	115	90	190	205	245	106	206	280	130	115	109	185	283	186	209
	197558	132	273	214	137	103	332	224	319	245	124	308	103	290	246	108	274	218	180	227	195	205	255	219	273	177	299	286	245	271	284
	197558	177	220	192	182	87	303	124	123	148	199	119	153	195	108	102	107	208	171	240	123	98	143	134	199	155	96	109	306	121	204
	197558	257	171	312	300	258	316	314	105	207	100	220	178	155	233	121	248	308	84	234	122	275	260	231	223	260	153	131	109	170	212
	197558	256	118	107	242	103	204	277	126	212	190	227	245	131	255	218	126	259	112	100	255	234	118	193	248	168	219	112	204	160	238

I_pi0 = Initial inventory of item p at site i
 	0	154	78	143	117	38	108	109	62	172	96	218	179	67	209	79	130	91	106	47	109	77	82	208	78	40	121	67	130	83	76
	0	208	23	114	168	31	104	179	61	62	93	69	77	206	47	210	120	84	102	137	79	59	49	172	176	73	130	47	114	78	65
	0	130	50	212	44	49	144	38	71	81	43	76	73	157	31	155	172	194	63	91	209	151	71	101	178	96	84	94	180	86	61
	0	91	150	70	51	60	56	84	31	77	162	138	118	129	90	224	109	72	211	141	83	106	45	127	161	57	244	41	171	149	123
	0	144	32	17	10	164	61	95	96	51	190	50	139	96	78	76	204	163	81	224	65	53	163	20	189	167	158	28	87	78	164
	0	31	179	175	92	84	51	75	100	78	116	83	60	86	38	180	89	61	95	198	30	71	173	96	30	61	87	139	203	45	97
	0	49	139	88	115	53	13	85	233	187	102	258	47	47	181	91	34	207	67	141	116	168	185	47	131	15	28	74	19	265	153
	0	151	80	161	114	74	176	111	117	114	153	36	100	68	69	102	80	194	170	152	49	81	78	61	124	54	95	89	201	62	44
	0	92	118	164	179	225	102	182	66	200	46	219	161	61	206	45	71	134	82	131	17	98	185	58	44	63	150	115	40	147	33
	0	40	66	23	140	62	83	54	45	73	130	77	11	91	95	209	97	153	109	99	105	111	97	63	193	131	208	39	106	89	153

h_pi = Inventory cost of item p at site i
 	3	6	8	5	9	9	6	5	1	9	9	2	8	4	1	2	5	5	4	4	6	2	4	8	1	6	7	3	8	6	7
	8	9	6	5	9	5	5	4	7	3	5	5	8	6	9	4	6	3	8	5	3	5	4	2	7	5	9	4	4	1	8
	8	9	1	7	5	9	3	6	8	9	8	5	8	7	5	1	8	4	6	1	6	7	6	9	8	8	1	1	1	2	6
	8	9	5	9	1	4	5	4	1	4	8	1	7	8	4	1	9	3	7	6	6	6	9	9	7	1	4	1	9	1	5
	8	1	1	7	7	4	3	1	9	9	5	2	8	4	2	9	9	4	1	8	5	7	2	2	5	9	9	3	2	4	1
	3	3	8	8	8	1	7	8	8	5	8	6	2	3	2	6	5	5	7	4	4	8	4	9	3	8	2	1	8	9	7
	8	7	6	5	5	9	5	2	4	8	9	6	2	4	5	9	8	1	9	5	2	7	5	4	9	1	6	5	3	2	3
	3	8	7	7	3	1	8	7	9	5	8	9	2	6	1	2	3	8	4	6	6	5	7	9	1	2	2	3	5	2	4
	3	7	6	3	5	9	5	3	6	9	8	7	2	7	2	9	3	2	7	3	5	4	5	8	1	6	4	1	4	8	2
	8	9	9	5	5	4	8	5	4	8	8	7	2	6	7	9	8	4	5	3	3	9	9	3	5	4	5	3	3	8	1

C = Vehicle capacity
	3950

f = Fixed transportation cost
	30101

a_ik = Transportation cost for traveling from node i to node k
 	0	116	337	399	87	385	672	445	416	461	492	124	340	216	602	478	244	589	488	35	210	219	396	160	689	543	518	286	206	416	421
	116	0	324	292	159	303	567	341	413	420	482	15	333	171	581	362	324	567	378	88	173	136	285	80	585	430	493	369	124	306	315
	337	324	0	341	263	223	787	588	90	149	159	337	18	495	266	504	264	253	428	346	153	450	370	252	803	620	183	287	439	378	349
	399	292	341	0	397	133	464	306	412	319	444	291	358	389	494	170	520	481	97	377	259	316	39	243	480	294	414	560	313	38	24
	87	159	263	397	0	354	725	500	337	398	414	172	264	296	526	503	167	514	492	114	164	287	402	160	743	584	446	211	274	421	417
	385	303	223	133	354	0	596	427	285	188	312	309	240	444	364	302	442	352	208	373	193	377	169	230	612	425	283	476	370	170	133
	672	567	787	464	725	596	0	227	867	783	906	555	803	495	956	296	888	944	414	637	662	458	428	586	18	171	878	932	469	428	468
	445	341	588	306	500	427	227	0	673	612	722	329	602	279	789	182	664	777	302	411	450	233	268	366	244	131	705	708	244	278	319
	416	413	90	412	337	285	867	673	0	144	78	425	80	583	193	579	299	181	493	430	243	540	444	342	884	699	126	310	528	450	416
	461	420	149	319	398	188	783	612	144	0	135	430	158	584	178	488	412	165	383	464	254	527	356	341	798	612	95	432	517	356	317
	492	482	159	444	414	312	906	722	78	135	0	494	153	652	116	613	372	105	515	504	310	605	479	408	922	736	67	379	594	481	444
	124	15	337	291	172	309	555	329	425	430	494	0	346	159	592	354	338	579	375	94	185	122	282	90	572	420	504	382	110	303	314
	340	333	18	358	264	240	803	602	80	158	153	346	0	503	263	520	255	250	445	351	164	461	386	263	819	636	184	276	449	395	366
	216	171	495	389	296	444	495	279	583	584	652	159	503	0	749	384	459	736	450	184	343	74	366	246	512	402	661	501	76	386	412
	602	581	266	494	526	364	956	789	193	178	116	592	263	749	0	660	487	14	549	611	409	697	531	504	971	786	89	491	686	529	489
	478	362	504	170	503	302	296	182	579	488	613	354	520	384	660	0	650	648	127	448	398	315	136	346	311	126	582	692	320	133	172
	244	324	264	520	167	442	888	664	299	412	372	338	255	459	487	650	0	476	617	276	262	453	534	307	905	741	424	45	440	550	536
	589	567	253	481	514	352	944	777	181	165	105	579	250	736	14	648	476	0	538	598	395	683	519	490	959	774	75	482	673	517	477
	488	378	428	97	492	208	414	302	493	383	515	375	445	450	549	127	617	538	0	464	355	376	93	335	428	248	476	656	377	73	82
	35	88	346	377	114	373	637	411	430	464	504	94	351	184	611	448	276	598	464	0	210	184	371	145	655	510	526	318	172	392	399
	210	173	153	259	164	193	662	450	243	254	310	185	164	343	409	398	262	395	355	210	0	297	275	99	679	502	322	301	286	290	275
	219	136	450	316	287	377	458	233	540	527	605	122	461	74	697	315	453	683	376	184	297	0	292	198	475	346	608	497	14	313	338
	396	285	370	39	402	169	428	268	444	356	479	282	386	366	531	136	534	519	93	371	275	292	0	244	444	258	451	575	291	22	54
	160	80	252	243	160	230	586	366	342	341	408	90	263	246	504	346	307	490	335	145	99	198	244	0	603	434	416	350	187	263	263
	689	585	803	480	743	612	18	244	884	798	922	572	819	512	971	311	905	959	428	655	679	475	444	603	0	187	893	949	486	443	483
	543	430	620	294	584	425	171	131	699	612	736	420	636	402	786	126	741	774	248	510	502	346	258	434	187	0	707	784	355	257	297
	518	493	183	414	446	283	878	705	126	95	67	504	184	661	89	582	424	75	476	526	322	608	451	416	893	707	0	435	598	450	411
	286	369	287	560	211	476	932	708	310	432	379	382	276	501	491	692	45	482	656	318	301	497	575	350	949	784	435	0	484	590	575
	206	124	439	313	274	370	469	244	528	517	594	110	449	76	686	320	440	673	377	172	286	14	291	187	486	355	598	484	0	312	336
	416	306	378	38	421	170	428	278	450	356	481	303	395	386	529	133	550	517	73	392	290	313	22	263	443	257	450	590	312	0	43
	421	315	349	24	417	133	468	319	416	317	444	314	366	412	489	172	536	477	82	399	275	338	54	263	483	297	411	575	336	43	0

coordXY = Coordinates (x,y): line zero => x line one => y column => customers
 	486	393	219	105	450	102	146	258	185	71	118	394	227	481	10	104	480	18	33	472	287	408	121	328	139	130	60	494	409	100	82
	623	554	827	506	702	638	44	241	910	823	949	540	842	408	990	337	866	979	442	591	690	419	471	600	28	214	917	908	432	469	507

d_pit = Demand of item p at customer i in period t
 	48	31	75	81	17	50	72	39	14	82	35	63
	51	27	53	96	73	10	12	64	59	73	99	14
	48	95	33	31	64	20	18	78	41	100	24	36
	34	83	83	58	28	62	33	44	58	77	63	83
	38	38	26	76	76	66	37	96	49	72	95	73
	76	32	14	33	32	88	52	80	60	74	80	90
	57	39	13	56	13	30	39	25	23	43	71	28
	62	93	38	35	50	82	96	44	86	78	18	60
	74	39	59	68	11	58	77	96	77	31	54	98
	96	49	62	21	77	77	24	10	48	80	87	38
	98	94	26	61	31	86	66	35	17	93	13	71
	83	96	90	46	82	28	85	72	83	20	53	18
	67	81	71	33	54	96	36	21	63	94	68	54
	28	88	93	42	18	48	10	28	18	42	78	13
	79	67	60	39	89	29	14	68	60	25	17	86
	41	89	53	19	54	37	21	87	86	29	48	57
	91	92	89	47	13	56	81	17	27	62	70	59
	64	42	10	64	20	85	44	48	69	91	91	90
	47	92	96	66	20	51	30	95	32	50	58	99
	34	54	21	66	59	97	21	45	31	65	98	33
	57	20	71	67	21	88	22	54	82	95	24	17
	15	67	81	33	90	79	79	92	46	88	74	49
	16	35	61	96	79	49	81	14	79	25	20	62
	78	93	60	71	22	23	76	17	48	95	98	66
	40	39	90	62	97	21	61	94	72	42	38	33
	23	98	25	37	89	60	24	59	42	60	29	63
	67	27	41	65	47	63	38	38	79	60	70	24
	50	39	41	51	41	51	56	49	65	54	57	42
	54	29	23	98	30	91	16	66	18	55	12	62
	76	85	47	38	34	47	50	27	73	16	24	78

	53	64	68	23	47	21	23	85	75	59	16	75
	23	36	47	61	14	22	44	83	94	51	83	33
	31	19	64	47	56	68	67	77	83	27	34	32
	77	91	59	31	30	86	61	52	66	17	59	98
	21	10	89	45	89	36	91	74	23	24	22	91
	54	50	31	58	40	80	92	71	87	98	15	77
	53	94	32	52	44	68	72	84	78	42	51	24
	61	23	28	57	47	68	65	43	21	71	80	68
	62	29	43	67	58	16	79	36	48	12	26	60
	15	78	32	40	99	50	41	57	30	88	88	58
	69	78	40	82	30	36	37	61	24	94	19	97
	77	32	62	91	31	93	73	39	31	14	22	24
	68	58	27	53	58	77	46	59	25	55	71	34
	47	18	16	51	54	59	10	89	57	94	64	28
	48	47	49	66	64	90	61	76	77	16	42	89
	28	20	72	57	57	82	82	17	19	33	94	26
	84	73	38	82	27	17	82	39	25	86	59	36
	55	47	91	92	19	23	58	12	78	29	31	100
	64	73	58	17	56	95	85	59	54	22	90	60
	79	75	86	89	88	19	38	18	69	82	90	85
	29	30	64	43	64	36	67	79	82	95	58	35
	16	33	72	84	52	11	67	81	63	72	29	41
	99	73	88	97	17	88	17	18	49	18	70	69
	36	98	42	87	48	73	71	72	98	45	41	56
	17	56	30	66	38	63	62	64	20	29	32	57
	47	83	55	17	39	12	51	21	16	95	75	73
	47	62	76	46	21	19	11	37	13	71	16	59
	99	15	53	77	37	91	70	74	37	39	67	65
	38	40	89	15	72	70	23	65	39	96	31	98
	24	41	74	43	71	53	58	64	62	33	20	27

	65	65	13	85	30	88	57	86	59	99	90	63
	50	68	69	46	53	49	69	12	85	28	23	87
	59	23	49	81	57	61	54	95	11	91	77	79
	44	29	36	42	20	66	59	79	50	72	65	47
	49	69	85	14	69	17	78	69	15	77	71	75
	76	68	85	27	42	53	73	47	11	33	80	63
	38	74	43	79	28	62	75	68	75	36	60	60
	71	23	11	44	64	14	36	59	79	67	24	20
	81	84	65	51	83	17	52	47	45	15	96	52
	43	94	36	30	75	40	60	43	72	97	99	67
	76	61	66	19	26	65	25	96	33	15	53	36
	73	30	75	13	44	55	80	34	86	34	73	18
	93	64	62	36	53	51	24	58	77	93	83	38
	31	46	43	42	45	22	46	38	80	35	24	23
	32	86	37	15	12	48	26	96	41	58	86	91
	57	14	52	49	45	48	52	89	85	56	50	89
	58	31	66	39	62	68	42	35	36	17	37	60
	40	23	80	53	34	25	70	69	80	23	67	95
	91	89	73	25	72	46	90	88	21	41	80	34
	60	66	83	49	77	87	53	84	18	96	67	71
	23	52	43	33	87	78	74	28	34	72	36	44
	71	94	86	55	27	32	48	34	78	70	20	100
	75	26	38	14	51	35	49	74	83	81	50	34
	36	51	91	39	76	27	22	97	65	24	33	18
	33	63	84	79	91	10	39	82	38	43	20	65
	84	81	31	75	98	71	97	92	31	58	65	31
	62	32	13	35	15	36	33	72	41	39	99	14
	57	44	79	62	96	32	42	38	34	12	43	18
	86	91	28	28	33	51	79	65	19	12	64	53
	61	92	74	87	43	40	96	95	56	20	87	58

	23	68	42	99	47	33	78	87	23	72	59	35
	53	56	41	27	91	25	54	75	20	57	29	80
	70	40	36	84	81	50	42	35	31	16	98	28
	51	66	44	46	36	34	71	13	91	77	31	28
	46	14	88	60	71	29	17	59	85	11	88	82
	42	14	81	90	67	70	87	43	49	51	12	49
	84	68	97	94	15	23	32	28	64	45	21	60
	31	75	83	78	82	50	93	27	52	83	18	44
	26	51	69	99	82	92	37	21	24	65	19	19
	83	16	51	12	16	19	87	34	92	66	71	34
	24	73	41	37	23	96	64	30	77	76	71	28
	29	89	87	62	51	11	99	75	56	90	78	16
	31	41	13	44	47	85	63	43	76	80	23	38
	90	37	28	40	28	87	75	61	59	99	91	59
	91	36	97	62	39	99	69	77	90	88	59	19
	67	42	31	99	47	76	36	64	73	80	82	23
	50	22	23	19	32	19	94	38	21	28	22	96
	86	86	39	41	96	64	86	83	69	33	50	40
	31	18	72	20	32	38	95	98	92	17	32	62
	83	83	79	95	88	91	15	71	97	59	96	92
	52	54	93	14	88	92	82	72	70	49	57	24
	45	81	85	73	18	84	81	13	66	47	77	74
	100	27	66	58	98	47	35	63	91	60	62	60
	47	57	57	52	32	44	74	43	92	50	48	63
	57	88	95	62	99	92	33	79	69	12	34	81
	89	93	44	18	65	34	83	84	85	81	66	60
	41	71	77	91	55	41	95	54	86	13	34	48
	48	53	52	18	77	35	35	21	16	95	79	50
	67	17	65	66	98	97	26	85	36	64	72	95
	95	28	58	22	32	67	20	27	26	10	40	73

	62	82	59	68	22	18	71	14	74	37	87	11
	32	17	18	16	70	65	51	45	69	53	24	86
	17	98	29	45	18	99	87	19	91	68	46	37
	10	48	68	86	57	25	61	50	90	44	83	92
	90	33	41	89	47	64	86	43	77	16	56	34
	61	71	60	95	11	65	82	51	33	49	36	90
	29	23	43	27	81	24	65	32	14	37	82	97
	33	63	19	11	82	55	30	82	91	42	29	97
	37	14	75	76	79	20	45	20	24	62	27	13
	38	68	84	77	95	21	55	65	86	84	61	13
	50	81	32	12	86	14	92	33	86	81	82	20
	59	52	28	33	96	51	34	21	56	39	59	74
	53	43	59	91	85	19	98	32	12	73	72	57
	40	38	30	63	52	54	35	36	85	25	11	28
	76	59	38	25	55	45	53	21	25	86	14	14
	69	93	42	96	13	14	77	32	64	46	79	27
	87	24	17	35	56	52	93	47	66	70	100	89
	27	54	17	94	99	70	91	62	54	18	49	11
	27	63	77	57	50	63	91	72	15	87	38	32
	65	44	95	78	56	42	72	58	23	73	89	73
	53	68	83	83	54	51	40	34	85	39	61	44
	78	85	79	30	23	82	86	64	35	19	38	51
	20	65	44	11	82	81	25	39	10	94	58	65
	35	99	55	23	63	84	24	13	41	63	55	10
	29	62	31	45	82	75	98	42	25	16	96	88
	85	73	82	26	46	94	52	40	70	19	90	59
	28	13	47	75	95	96	76	91	57	71	89	86
	10	20	57	50	99	31	62	77	88	35	45	46
	78	48	45	14	68	26	49	97	76	31	33	75
	59	12	44	49	10	35	49	33	86	21	22	64

	31	24	56	19	45	33	67	51	54	98	52	12
	64	44	71	92	93	25	96	65	93	56	61	99
	93	32	50	14	34	98	94	63	87	28	98	16
	92	58	94	96	73	64	65	52	83	73	75	54
	84	64	80	86	48	63	96	27	84	49	34	26
	39	12	61	39	52	23	51	63	43	66	35	79
	75	64	92	52	26	34	49	36	70	94	79	56
	100	13	25	70	81	25	30	71	54	60	99	42
	78	59	18	92	84	45	46	32	95	79	54	29
	26	90	89	58	16	31	88	45	59	63	62	95
	83	14	96	58	39	18	58	71	39	35	49	26
	43	17	17	89	92	78	53	56	24	88	98	50
	40	46	33	29	45	59	38	69	58	94	24	80
	38	76	27	71	65	45	50	41	37	57	83	15
	65	76	39	52	77	13	51	91	25	70	92	31
	23	66	52	99	28	35	48	86	93	87	30	45
	35	26	66	46	57	67	70	27	18	34	39	53
	66	16	13	33	55	31	55	99	72	21	66	43
	89	60	49	24	13	18	93	16	64	58	59	72
	30	23	49	97	33	52	42	50	55	12	87	59
	71	36	51	40	56	31	62	46	84	21	37	98
	56	44	73	85	38	56	60	68	84	65	96	97
	96	48	97	36	41	25	26	81	83	31	33	76
	30	71	44	18	37	25	38	57	12	60	45	81
	61	23	75	70	17	68	78	49	38	80	68	63
	87	100	38	72	50	14	21	83	44	60	58	29
	48	14	77	34	31	90	83	29	32	64	18	36
	63	44	96	46	34	71	34	69	28	62	79	52
	45	18	79	22	54	55	57	20	49	77	18	65
	18	18	61	14	50	47	17	64	44	33	40	96

	49	91	10	69	10	15	77	12	96	11	58	29
	41	98	59	58	20	70	46	71	49	51	18	74
	30	23	35	89	88	97	77	85	28	34	31	26
	62	53	80	36	32	99	76	84	58	98	55	91
	53	72	98	47	91	36	11	16	68	26	43	58
	13	74	75	33	98	33	91	91	45	86	72	86
	85	23	27	59	34	81	35	74	79	44	35	97
	99	66	68	72	13	84	39	33	83	73	42	93
	85	92	10	62	81	48	80	89	69	36	25	57
	45	30	27	32	63	60	14	33	47	17	87	41
	53	67	91	47	81	89	47	48	39	100	43	33
	14	33	30	28	24	88	45	58	73	87	80	57
	47	13	73	85	78	19	18	80	63	100	45	75
	18	92	71	76	55	46	73	80	54	13	83	76
	67	24	44	31	52	78	81	50	35	70	14	99
	34	42	72	74	59	96	54	27	64	50	69	17
	41	78	88	51	16	16	84	15	92	79	20	75
	33	34	47	36	72	64	22	19	99	47	50	17
	37	39	65	30	39	61	42	96	29	42	45	19
	13	69	34	41	32	33	81	39	95	24	79	46
	87	81	48	27	24	69	48	60	23	96	38	15
	17	61	52	55	81	33	34	29	97	64	37	51
	47	30	97	67	14	97	72	17	25	81	26	84
	75	56	12	37	52	47	97	51	50	92	74	12
	15	78	95	50	95	11	88	41	20	43	90	80
	28	70	74	84	85	78	22	29	36	82	33	96
	74	76	83	61	89	56	52	84	73	97	71	42
	19	43	73	71	68	18	16	97	15	52	35	81
	87	77	46	55	26	53	42	93	74	58	21	18
	25	24	68	36	66	76	97	43	35	85	53	73

	77	16	22	36	30	96	35	46	33	26	65	49
	80	59	59	86	24	42	69	77	17	38	83	25
	82	79	47	100	17	80	32	44	77	39	95	74
	64	50	82	44	56	70	39	26	26	27	20	42
	44	30	49	87	38	17	59	26	43	18	72	39
	13	62	19	82	97	44	89	47	97	68	18	91
	30	13	68	46	11	33	75	22	41	54	65	39
	66	51	17	82	93	66	88	74	24	73	24	79
	42	72	51	36	71	49	85	11	20	58	30	68
	61	92	97	18	94	95	81	77	36	79	26	41
	18	18	90	80	63	100	74	72	42	47	29	78
	84	16	66	43	28	46	36	93	21	60	27	93
	50	18	48	87	76	55	30	35	45	27	48	67
	69	30	69	76	15	40	73	79	47	52	76	23
	33	69	23	61	62	12	59	86	44	79	59	24
	52	28	65	83	34	99	82	41	16	89	29	25
	63	16	94	21	100	90	21	33	54	14	79	38
	38	98	34	65	45	10	79	87	35	79	46	69
	50	59	43	71	44	32	83	14	78	57	91	98
	49	77	67	80	57	47	76	69	34	67	36	77
	68	13	48	12	62	93	21	24	54	82	99	11
	78	69	38	100	93	66	50	69	92	77	58	67
	61	20	44	53	41	66	11	17	31	71	22	100
	27	97	97	62	67	78	82	68	97	21	49	51
	21	33	40	71	36	33	33	59	93	89	26	85
	95	32	46	52	11	95	47	13	22	76	19	69
	89	87	36	30	60	16	50	99	56	52	66	12
	64	93	44	33	63	80	48	19	90	84	32	84
	62	81	76	32	91	87	39	51	33	66	57	49
	44	45	15	93	96	95	30	73	89	56	89	91

	37	55	20	40	56	49	77	43	57	37	70	75
	83	35	93	47	53	60	74	15	38	83	71	32
	92	72	77	57	24	12	69	81	71	91	18	84
	98	81	40	22	98	92	47	100	75	94	84	68
	74	34	96	21	31	43	79	73	65	13	67	23
	84	18	30	35	74	75	54	96	94	51	74	74
	42	20	50	70	91	81	93	59	70	93	38	47
	35	31	64	30	46	79	49	38	19	61	79	97
	49	70	41	40	41	33	27	33	42	24	59	37
	32	14	75	63	95	85	14	27	34	82	23	57
	47	72	48	52	90	46	42	28	89	68	58	20
	65	96	28	77	33	33	98	65	71	70	31	43
	61	44	25	23	54	95	34	98	48	30	53	53
	81	75	50	73	36	36	91	63	91	26	22	55
	45	85	96	92	81	17	14	97	85	21	26	68
	71	62	24	80	14	50	20	74	46	34	65	56
	59	75	67	16	80	63	49	92	96	24	46	71
	82	26	76	53	48	34	26	28	28	54	14	34
	12	34	85	35	86	92	63	33	90	64	12	95
	17	41	84	52	96	22	84	59	76	62	54	86
	67	31	16	27	64	40	18	66	98	89	79	65
	66	66	53	53	90	43	31	16	97	74	94	98
	58	48	68	49	79	18	95	96	14	65	19	83
	33	11	62	73	28	52	51	30	60	53	33	48
	63	79	59	39	39	14	20	22	51	78	62	98
	99	51	42	89	38	34	70	41	51	22	46	27
	86	29	97	79	27	23	57	95	99	68	75	53
	40	97	48	28	89	55	43	24	34	42	94	57
	29	77	41	65	58	91	70	95	39	47	32	36
	33	43	55	71	78	93	73	39	44	78	12	16

	40	59	81	30	47	65	52	45	12	94	19	71
	47	19	73	72	90	12	70	83	56	93	35	58
	23	91	47	96	20	14	71	53	14	41	84	90
	65	75	29	72	15	94	93	86	38	50	26	84
	62	39	95	15	78	75	38	38	31	82	14	50
	83	78	64	59	46	31	21	71	21	62	11	65
	54	31	57	89	76	20	63	65	39	89	22	59
	24	21	24	77	41	51	43	66	12	32	55	56
	73	15	80	70	23	50	69	92	52	17	44	52
	73	57	94	57	40	80	14	85	77	65	55	64
	77	47	46	29	42	81	87	75	32	98	29	37
	11	30	57	78	46	22	15	96	30	49	66	89
	79	12	82	19	35	65	44	25	68	27	41	26
	68	27	61	96	55	60	51	67	66	92	47	76
	58	41	70	40	15	28	70	74	61	37	71	88
	29	68	69	96	37	77	73	39	37	78	68	83
	72	20	61	74	19	42	75	32	83	24	73	47
	67	42	23	95	68	95	31	19	13	68	85	63
	62	37	73	19	89	50	44	62	56	32	45	30
	71	34	80	98	92	83	14	42	42	47	87	74
	32	18	61	51	82	67	99	17	61	39	94	82
	97	39	62	26	24	78	53	49	94	47	53	84
	63	19	32	42	13	90	34	12	64	24	100	85
	95	57	14	27	62	87	36	80	36	28	24	49
	64	67	42	38	23	23	24	88	32	24	12	67
	67	68	73	69	80	63	88	22	36	34	33	24
	39	96	15	26	14	65	94	61	17	53	94	97
	12	21	73	76	79	72	20	71	33	47	77	30
	89	78	64	42	42	29	10	69	43	58	44	71
	59	94	75	98	88	12	35	40	59	35	92	27

