***** PARAMETERS PRP *****

Number of Customers = 30
Number of Products = 10
Number of Vehicles = 5
Number of Periods = 12

B = Production capacity
	49260

b_p = Time required to produce item p
 	1	1	1	1	1	1	1	1	1	1

c_p = Production cost of item p
 	30	30	30	80	80	30	30	30	30	30

s_p = Setup cost of item p
 	300	300	300	800	800	300	300	300	300	300

M = Big number
	197039

U_pi = Maximum inventory upper bound of item p at site i
 	197039	103	292	112	302	249	208	179	109	249	330	188	110	215	236	347	105	309	177	248	178	230	107	246	110	203	247	267	152	182	182
	197039	228	211	149	292	78	214	120	92	283	87	275	96	206	215	110	219	230	286	168	174	119	225	215	260	279	260	175	248	130	216
	197039	304	164	97	107	209	121	262	149	303	94	157	98	236	242	130	214	170	188	290	163	248	192	177	211	225	86	270	300	95	98
	197039	180	228	239	233	300	200	99	120	146	203	216	87	101	97	299	325	248	88	157	242	139	228	147	277	115	269	122	187	198	90
	197039	273	115	227	178	225	126	212	273	291	241	157	191	103	224	218	114	154	264	306	209	267	236	125	121	247	215	182	216	257	231
	197039	156	187	351	161	243	321	158	288	144	97	105	296	138	146	98	170	227	99	293	128	285	224	217	157	207	108	238	196	229	355
	197039	242	191	228	246	194	101	113	165	98	328	316	191	268	252	310	288	98	106	113	142	185	127	148	199	205	253	123	108	204	189
	197039	340	156	244	107	169	290	122	209	245	266	188	192	171	230	220	281	85	150	166	128	174	108	96	226	178	180	122	293	245	384
	197039	287	223	194	218	223	199	193	338	305	156	112	233	269	167	153	121	113	104	226	294	123	231	152	233	132	204	117	182	101	193
	197039	133	278	176	214	163	296	179	277	153	156	242	99	153	173	325	123	105	215	128	141	165	153	232	156	224	143	85	275	226	272

I_pi0 = Initial inventory of item p at site i
 	0	102	268	57	205	209	51	69	64	75	237	70	79	154	109	106	20	94	153	203	131	73	63	121	95	66	184	193	143	125	140
	0	33	142	117	239	66	100	91	59	68	0	65	34	151	185	52	43	139	86	151	129	60	103	180	195	98	63	47	186	128	183
	0	231	153	20	106	163	30	198	53	200	70	20	34	183	86	92	81	170	162	48	89	118	35	56	71	62	44	113	193	42	75
	0	44	206	189	204	96	83	88	75	34	123	158	73	71	40	101	232	139	38	95	154	120	129	80	61	24	204	82	70	161	20
	0	32	49	172	152	148	94	176	142	22	72	101	140	55	91	24	48	52	151	86	101	244	210	44	67	177	197	43	16	25	55
	0	133	51	242	11	75	80	91	222	48	74	95	226	50	108	86	34	77	25	201	73	79	184	217	93	119	92	48	83	104	175
	0	93	59	79	198	163	100	92	132	57	164	158	131	185	103	75	137	82	95	101	95	167	85	100	135	175	110	99	87	88	174
	0	273	129	208	78	78	223	91	144	181	144	144	127	152	173	149	82	0	88	111	59	65	11	78	194	154	143	65	241	244	169
	0	39	210	16	167	61	26	83	189	78	105	108	100	143	141	25	43	78	12	140	167	41	209	39	169	109	76	70	166	58	42
	0	84	63	113	125	159	36	149	131	133	17	165	22	95	95	256	112	25	102	65	107	134	44	174	123	17	87	63	246	91	207

h_pi = Inventory cost of item p at site i
 	3	7	6	7	7	8	5	3	8	6	5	7	5	2	9	3	7	4	8	4	7	6	5	5	1	2	4	8	9	3	3
	3	3	2	9	6	9	2	5	6	3	5	5	5	2	6	3	1	2	7	4	7	5	9	4	1	6	2	9	3	3	4
	3	5	6	6	1	9	3	2	4	6	1	1	6	5	2	5	8	9	3	9	6	2	7	1	7	8	7	2	5	4	5
	8	9	9	1	7	9	8	5	3	1	3	2	5	8	1	7	1	4	8	4	4	1	8	5	3	3	7	2	1	8	3
	8	3	1	4	9	8	1	7	7	4	8	6	8	8	6	7	2	9	8	6	2	6	5	3	2	9	1	6	2	5	7
	3	7	6	8	1	1	4	2	9	9	2	4	5	3	7	7	2	7	6	8	9	3	7	4	4	7	2	1	9	7	7
	3	8	3	5	6	9	4	9	1	6	7	5	5	8	8	9	2	6	1	9	1	2	9	3	6	1	2	1	4	9	5
	3	6	8	6	9	6	7	8	4	9	9	4	6	1	5	9	7	2	3	4	4	7	6	4	3	7	1	1	9	9	1
	3	6	1	8	7	9	6	1	5	3	2	2	1	3	4	9	1	3	7	5	6	2	4	8	6	9	3	8	7	4	2
	3	7	5	6	4	7	2	8	7	7	1	3	7	6	3	9	1	8	8	3	7	7	5	6	7	7	2	6	8	2	3

C = Vehicle capacity
	3840

f = Fixed transportation cost
	30287

a_ik = Transportation cost for traveling from node i to node k
 	0	375	331	434	431	405	331	220	185	311	540	180	717	284	167	354	410	435	459	714	400	224	447	192	426	501	757	459	353	576	389
	375	0	67	151	153	257	416	253	457	393	335	269	467	96	389	454	414	365	219	495	315	187	199	389	118	220	538	345	43	248	378
	331	67	0	129	128	297	426	188	397	327	391	256	531	87	327	388	439	307	186	556	256	177	167	326	180	282	600	292	86	315	403
	434	151	129	0	6	407	554	243	456	332	479	383	591	215	386	384	561	248	70	627	205	306	51	377	259	354	669	216	192	354	526
	431	153	128	6	0	409	554	238	452	327	481	381	595	214	382	379	562	244	67	630	201	305	48	372	262	357	672	212	193	358	526
	405	257	297	407	409	0	225	422	562	579	136	226	313	227	509	641	179	600	474	311	549	200	455	522	166	148	355	589	217	241	147
	331	416	426	554	554	225	0	463	515	605	325	198	490	340	486	660	96	681	611	465	633	255	592	508	369	373	500	685	374	466	99
	220	253	188	243	238	422	463	0	216	158	542	265	699	206	146	220	511	225	249	716	184	231	241	140	354	453	760	242	258	499	480
	185	457	397	456	452	562	515	216	0	193	695	349	866	387	71	209	592	352	453	872	336	365	448	82	542	632	916	391	451	693	569
	311	393	327	332	327	579	605	158	193	0	698	411	851	361	153	63	661	163	304	870	159	386	306	127	503	604	915	206	406	641	632
	540	335	391	479	481	136	325	542	695	698	0	361	178	338	640	760	246	698	548	177	647	331	529	651	220	133	222	680	305	196	228
	180	269	256	383	381	226	198	265	349	411	361	0	538	175	306	468	252	484	431	535	437	83	414	324	277	335	578	491	233	418	225
	717	467	531	591	595	313	490	699	866	851	178	538	0	494	808	914	402	830	659	62	781	503	642	817	351	249	86	804	447	243	392
	284	96	87	215	214	227	340	206	387	361	338	175	494	0	323	423	355	374	272	510	323	94	253	328	155	249	555	366	70	306	320
	167	389	327	386	382	509	486	146	71	153	640	306	808	323	0	189	555	301	385	817	278	310	380	27	477	570	861	335	385	627	530
	354	454	388	384	379	641	660	220	209	63	760	468	914	423	189	0	719	183	350	933	195	447	354	163	564	666	977	230	467	702	690
	410	414	439	561	562	179	96	511	592	661	246	252	402	355	555	719	0	718	623	372	668	285	604	575	341	320	407	716	371	410	36
	435	365	307	248	244	600	681	225	352	163	698	484	830	374	301	183	718	0	194	859	52	434	205	278	483	584	903	49	393	598	685
	459	219	186	70	67	474	611	249	453	304	548	431	659	272	385	350	623	194	0	695	159	358	20	371	329	423	737	155	258	419	588
	714	495	556	627	630	311	465	716	872	870	177	535	62	510	817	933	372	859	695	0	809	508	677	828	377	276	45	837	471	288	368
	400	315	256	205	201	549	633	184	336	159	647	437	781	323	278	195	668	52	159	809	0	384	166	258	433	534	853	60	342	550	635
	224	187	177	306	305	200	255	231	365	386	331	83	503	94	310	447	285	434	358	508	384	0	340	322	205	278	552	434	151	353	252
	447	199	167	51	48	455	592	241	448	306	529	414	642	253	380	354	604	205	20	677	166	340	0	367	310	404	719	169	238	403	569
	192	389	326	377	372	522	508	140	82	127	651	324	817	328	27	163	575	278	371	828	258	322	367	0	482	577	872	314	388	631	549
	426	118	180	259	262	166	369	354	542	503	220	277	351	155	477	564	341	483	329	377	433	205	310	482	0	103	421	462	98	152	308
	501	220	282	354	357	148	373	453	632	604	133	335	249	249	570	666	320	584	423	276	534	278	404	577	103	0	319	561	199	93	291
	757	538	600	669	672	355	500	760	916	915	222	578	86	555	861	977	407	903	737	45	853	552	719	872	421	319	0	879	515	326	404
	459	345	292	216	212	589	685	242	391	206	680	491	804	366	335	230	716	49	155	837	60	434	169	314	462	561	879	0	377	569	682
	353	43	86	192	193	217	374	258	451	406	305	233	447	70	385	467	371	393	258	471	342	151	238	388	98	199	515	377	0	243	336
	576	248	315	354	358	241	466	499	693	641	196	418	243	306	627	702	410	598	419	288	550	353	403	631	152	93	326	569	243	0	383
	389	378	403	526	526	147	99	480	569	632	228	225	392	320	530	690	36	685	588	368	635	252	569	549	308	291	404	682	336	383	0

coordXY = Coordinates (x,y): line zero => x line one => y column => customers
 	458	115	139	25	28	267	490	248	429	241	200	383	93	210	371	247	437	79	1	148	94	301	12	351	127	120	141	39	151	28	410
	293	443	381	322	318	649	622	228	111	71	767	456	909	430	151	9	702	80	257	936	129	452	273	134	560	662	980	107	466	675	679

d_pit = Demand of item p at customer i in period t
 	42	60	60	32	80	75	38	68	23	34	92	16
	81	67	83	37	79	84	43	49	59	24	59	36
	57	59	56	60	74	53	98	20	53	87	28	27
	71	67	56	11	63	35	99	87	49	27	87	73
	46	93	70	61	84	79	27	83	55	18	99	33
	51	47	56	23	71	28	53	14	61	86	92	42
	69	94	75	28	51	19	59	68	73	76	62	42
	48	16	82	57	65	71	32	35	25	91	61	71
	75	53	21	38	26	57	88	68	11	29	86	46
	70	44	40	83	59	94	94	12	84	44	94	73
	70	39	18	76	72	77	34	94	82	95	81	12
	79	85	31	15	68	94	12	69	37	68	74	28
	37	13	19	85	73	32	95	39	56	36	99	62
	66	43	45	41	98	96	58	56	75	19	39	72
	63	43	64	78	95	19	72	75	92	77	97	57
	20	21	74	43	45	36	45	91	86	59	35	76
	94	100	46	66	45	28	35	61	99	12	59	96
	75	78	40	97	34	68	30	18	99	54	58	55
	67	95	41	51	37	26	26	77	88	96	44	97
	30	36	65	96	38	81	70	26	69	94	69	39
	73	14	93	72	90	23	40	94	56	52	34	48
	14	49	72	61	75	66	55	64	21	73	11	83
	91	30	16	48	45	11	79	33	87	27	28	95
	95	78	18	61	42	69	23	55	59	20	57	85
	66	55	36	81	13	20	47	59	74	22	90	45
	20	45	30	89	81	61	44	40	22	66	55	40
	99	15	79	23	28	37	52	89	64	81	48	26
	82	10	36	15	40	51	32	46	69	77	68	83
	29	70	26	98	74	83	97	89	42	54	44	20
	27	23	72	18	56	71	61	18	36	38	32	95

	33	36	53	64	11	57	64	27	25	78	37	62
	98	44	76	47	42	71	56	33	50	16	28	72
	31	86	64	26	77	42	80	13	44	32	61	40
	93	71	75	13	81	21	23	70	35	95	40	84
	16	35	15	61	11	13	65	66	26	33	99	29
	45	12	43	24	78	15	93	82	86	67	19	78
	44	47	90	15	24	58	35	19	16	13	67	51
	59	35	20	79	91	25	51	30	32	29	83	20
	68	42	33	99	18	63	87	15	79	36	78	61
	94	60	10	94	18	33	24	34	21	13	77	44
	20	45	85	84	39	52	73	95	78	82	89	84
	34	92	16	94	87	42	57	12	42	26	11	64
	93	58	71	19	37	81	90	79	90	84	36	86
	91	94	40	49	77	47	23	62	93	98	86	99
	52	33	39	49	68	86	44	18	60	72	55	84
	43	57	11	33	15	29	70	21	25	59	73	90
	99	20	20	58	56	17	76	16	45	19	68	58
	71	15	41	54	56	99	54	44	95	46	67	44
	96	27	28	70	15	47	85	18	65	66	64	92
	55	74	41	100	76	20	69	48	54	52	41	67
	60	63	72	35	75	67	68	36	42	58	42	97
	45	58	39	65	76	51	41	99	85	15	28	72
	54	54	72	65	100	24	20	93	59	33	22	49
	60	59	76	55	71	71	11	62	27	74	25	34
	98	43	51	60	62	72	86	53	42	63	12	28
	10	26	27	59	61	38	98	27	76	97	25	81
	47	56	90	12	40	75	86	91	31	84	28	61
	87	65	34	68	84	39	95	44	46	47	58	78
	41	87	81	61	54	90	82	45	89	41	23	86
	43	79	61	46	73	92	90	12	12	53	53	33

	53	79	99	22	70	57	55	65	85	31	28	86
	88	31	34	54	18	33	40	96	65	19	88	91
	20	45	22	25	14	14	45	32	65	18	56	31
	64	42	12	76	26	73	71	40	75	15	60	85
	12	58	57	36	62	12	50	40	34	12	38	90
	30	99	98	72	100	72	47	50	33	49	15	59
	80	48	70	45	100	88	71	76	16	57	75	61
	53	98	24	28	80	27	34	41	15	83	62	50
	11	61	28	100	35	79	30	64	75	71	94	78
	38	32	77	33	71	63	56	51	27	16	44	55
	20	69	38	95	52	23	62	88	96	11	34	40
	34	94	80	28	46	37	19	11	76	75	22	67
	41	45	97	93	34	69	60	17	83	76	44	50
	25	27	34	98	62	52	46	16	62	41	81	37
	48	44	60	50	82	89	14	96	84	49	82	79
	41	40	99	13	17	62	59	46	43	54	94	74
	98	72	62	27	37	82	61	68	74	32	54	14
	88	74	31	24	59	85	79	60	79	17	92	62
	48	76	75	81	71	93	35	58	65	23	11	61
	51	38	43	22	93	69	35	80	63	35	98	26
	41	38	39	68	44	74	84	95	82	13	67	98
	35	91	10	28	69	67	43	71	56	24	36	47
	19	37	13	24	80	54	43	45	44	53	56	64
	71	56	99	74	81	70	11	85	41	92	72	90
	62	29	42	58	19	23	54	87	54	47	54	12
	44	38	80	38	44	43	22	75	26	30	38	36
	21	51	18	23	72	29	95	53	97	39	54	96
	99	29	65	62	80	84	15	59	83	16	66	62
	15	27	24	95	97	24	41	67	54	55	37	36
	75	86	77	20	61	29	18	13	39	26	52	92

	44	21	24	59	57	16	42	17	81	42	42	94
	67	72	67	38	55	11	30	26	65	88	16	13
	69	57	63	84	22	87	96	97	24	21	87	11
	77	54	73	46	66	79	28	47	37	87	32	74
	96	41	85	40	69	86	79	68	64	33	16	42
	12	36	35	58	33	63	70	92	58	53	25	64
	52	36	15	77	14	42	65	63	45	43	99	45
	11	64	72	84	72	89	100	86	23	41	43	33
	34	23	71	27	19	56	80	13	54	61	57	87
	50	73	62	81	82	15	16	73	63	24	15	56
	24	75	37	22	55	56	59	95	65	58	85	17
	42	11	20	68	88	14	25	33	55	64	72	32
	71	35	100	34	30	15	17	53	64	67	66	55
	40	95	53	30	26	16	63	67	70	30	53	41
	73	28	40	47	71	75	80	33	35	95	51	90
	16	80	84	52	52	88	86	58	95	78	42	50
	27	38	74	58	91	37	54	77	36	18	44	42
	38	58	78	10	18	35	40	65	39	55	42	49
	95	30	89	48	63	63	40	81	43	14	45	16
	81	73	76	15	51	22	13	59	26	58	72	34
	70	50	50	39	18	21	16	24	99	54	71	45
	82	47	29	68	38	55	61	52	43	82	86	40
	44	20	16	94	45	71	19	51	61	39	55	74
	61	49	42	15	72	100	60	50	80	59	44	33
	24	81	56	49	87	74	72	88	49	47	27	38
	51	10	56	87	72	72	39	50	54	70	52	33
	82	65	69	41	26	12	96	62	46	67	75	92
	70	52	92	93	53	67	27	97	71	66	36	22
	74	49	38	55	80	30	65	88	64	83	80	85
	20	17	37	50	20	35	94	22	72	38	67	69

	32	33	43	50	76	88	70	20	92	32	25	94
	49	67	41	66	98	20	44	16	36	97	66	90
	35	79	58	92	87	45	55	37	16	77	25	74
	59	74	19	75	23	44	84	74	78	86	27	68
	73	75	87	47	64	15	97	84	50	43	18	23
	94	59	91	65	84	78	18	55	43	50	78	39
	23	78	75	88	75	67	55	55	14	46	19	41
	81	16	45	93	67	31	31	69	57	53	49	63
	22	74	85	89	27	67	47	25	98	38	28	99
	72	50	66	62	64	68	32	75	50	70	41	73
	49	52	78	27	50	17	77	44	85	56	74	19
	34	33	49	24	88	61	38	83	35	37	28	64
	41	14	72	33	32	34	52	96	49	30	91	72
	27	16	48	53	66	65	38	77	15	23	21	88
	24	50	70	22	60	17	86	53	98	99	47	28
	48	14	44	43	83	30	99	88	79	87	37	30
	17	35	43	100	33	70	37	80	65	45	78	13
	53	98	10	40	53	52	51	42	56	37	100	41
	35	51	35	98	76	67	96	45	82	16	95	39
	31	70	14	83	91	71	42	27	58	36	15	88
	94	39	76	35	39	95	90	30	25	21	10	87
	52	79	50	29	90	69	83	34	59	64	85	15
	44	100	34	67	68	43	73	90	69	61	18	81
	25	42	99	64	86	88	79	25	78	46	35	60
	70	83	24	60	88	100	82	79	18	36	35	65
	46	85	66	26	49	15	53	66	40	44	57	99
	43	29	18	11	60	38	74	41	62	74	45	52
	16	21	37	70	14	84	44	77	45	24	33	54
	25	44	63	54	87	71	27	70	38	32	36	70
	14	12	29	34	48	47	47	48	60	93	77	45

	74	59	28	51	95	37	12	91	71	13	63	30
	51	33	66	85	98	70	58	64	94	28	29	73
	81	69	92	82	94	25	68	36	80	69	81	65
	11	77	68	48	78	79	24	36	80	35	11	98
	75	89	29	84	96	31	21	96	80	90	18	20
	80	92	91	46	28	48	58	52	43	78	78	77
	58	33	75	59	91	18	21	57	66	58	54	43
	77	20	59	66	94	55	59	33	84	23	45	75
	48	36	43	82	98	83	83	40	12	11	16	22
	13	61	48	70	45	29	29	19	82	56	82	45
	50	45	46	27	34	75	80	76	92	28	34	40
	74	48	26	78	96	55	14	79	56	67	57	61
	50	43	93	77	84	31	70	87	63	72	78	78
	45	63	61	20	92	26	96	43	31	14	59	33
	86	60	68	26	14	14	89	72	42	58	33	28
	34	76	44	84	52	85	36	78	49	21	45	77
	53	24	87	77	30	42	55	59	40	100	29	86
	25	55	74	49	52	84	54	12	18	12	86	73
	92	81	28	40	70	90	64	11	73	16	41	96
	73	77	49	88	79	61	17	97	98	90	28	12
	79	63	49	33	85	82	29	25	74	64	41	61
	81	54	15	34	33	27	24	64	82	14	67	42
	98	15	31	73	24	88	93	67	12	47	51	51
	93	80	58	26	13	21	68	36	53	86	30	65
	23	72	24	12	64	57	73	61	48	72	49	65
	22	70	55	80	31	35	90	96	26	40	84	19
	27	21	74	31	38	55	46	88	73	56	35	27
	43	20	20	37	50	79	47	47	66	21	65	93
	25	16	63	50	66	41	34	27	54	49	83	41
	85	45	45	89	89	47	77	93	93	93	24	72

	93	63	51	93	41	98	18	43	39	33	79	74
	59	39	79	35	57	63	97	43	92	78	27	96
	79	37	59	34	39	95	10	53	11	64	27	38
	99	53	46	48	15	88	19	73	80	79	67	71
	62	58	43	79	42	33	25	72	38	87	21	23
	81	19	19	67	36	76	61	61	49	20	41	73
	92	70	16	83	29	80	63	50	39	66	15	75
	79	53	35	93	42	39	44	36	90	45	83	22
	14	20	23	27	35	74	95	84	43	68	56	46
	70	94	17	77	83	97	81	61	69	60	69	10
	93	65	87	45	91	53	30	13	86	94	72	30
	58	73	71	34	64	75	59	64	87	43	71	66
	66	89	30	41	81	22	52	39	72	66	29	57
	61	42	44	83	47	63	85	49	65	75	88	55
	75	72	61	40	74	29	92	87	40	71	34	69
	80	57	90	13	80	86	96	80	92	44	56	91
	65	17	29	79	61	43	46	43	21	47	70	65
	95	20	28	33	31	74	84	80	98	21	53	16
	76	25	43	30	56	55	82	57	89	71	72	24
	61	34	69	73	18	41	25	14	85	24	24	99
	34	67	66	97	61	20	75	44	85	98	81	10
	85	75	23	79	74	80	90	44	67	44	68	30
	77	23	54	73	29	99	11	42	29	90	42	22
	90	45	85	53	61	54	11	81	96	90	41	90
	60	17	98	46	64	61	58	69	23	74	32	13
	88	22	50	76	24	57	27	66	19	73	81	25
	47	40	12	50	52	68	48	90	84	97	74	77
	45	42	33	21	72	43	60	33	98	68	58	73
	28	26	34	41	99	20	73	60	86	44	10	92
	67	69	38	39	33	25	70	35	50	10	51	80

	77	38	72	86	100	97	99	58	44	44	79	21
	18	71	40	35	63	83	54	44	82	23	69	42
	56	66	86	25	54	85	73	68	58	37	85	39
	66	12	72	92	91	14	92	34	16	42	93	15
	24	54	88	75	21	65	98	22	94	71	42	20
	55	76	92	83	35	71	32	37	23	65	46	81
	59	32	53	51	35	26	28	47	63	56	18	20
	46	83	15	34	72	48	57	80	96	10	10	77
	64	56	61	79	96	11	82	71	49	35	48	84
	70	74	81	73	52	14	67	97	38	99	57	77
	16	43	22	63	37	44	90	97	21	18	48	64
	42	85	72	12	91	87	76	36	87	73	70	38
	28	48	76	20	83	45	74	91	13	40	97	68
	68	40	65	93	44	66	32	47	66	21	55	92
	78	71	69	27	54	99	14	35	55	53	82	24
	82	99	87	83	17	64	60	97	84	69	81	19
	98	27	45	56	32	81	17	13	75	30	15	20
	88	76	45	91	26	17	29	28	12	55	46	85
	38	39	34	96	62	31	39	48	95	97	52	31
	59	22	66	86	19	73	16	97	79	83	78	87
	23	14	28	75	34	60	66	46	78	21	55	23
	11	16	37	88	44	68	92	53	44	79	98	15
	78	45	14	44	64	54	38	46	69	26	22	75
	81	33	59	21	91	13	38	23	45	71	27	41
	40	27	87	54	34	76	21	34	38	20	69	34
	74	41	28	91	88	62	93	26	94	92	12	19
	65	65	19	91	16	57	37	87	98	79	28	87
	69	83	89	95	63	11	37	72	11	53	59	60
	60	34	82	68	18	97	22	52	19	44	73	20
	77	92	49	84	97	98	98	87	50	28	97	65

	39	66	81	95	88	91	83	50	23	11	30	32
	90	39	81	32	40	45	66	11	94	10	83	79
	16	34	91	97	82	42	29	34	18	14	32	94
	23	30	37	77	98	46	22	78	59	77	64	43
	61	31	65	36	75	19	38	24	15	71	32	69
	26	16	15	22	56	62	31	75	63	64	14	33
	83	25	47	15	63	71	13	12	27	16	45	45
	72	31	86	60	90	82	93	43	68	91	38	57
	78	46	23	50	53	90	80	23	65	81	62	82
	79	26	76	30	78	18	76	90	29	94	18	11
	12	96	83	92	49	77	23	19	23	65	93	41
	45	16	39	97	57	39	81	36	28	27	27	67
	45	25	73	36	92	39	43	66	19	72	43	92
	69	72	38	34	28	61	91	25	46	94	18	90
	25	52	11	70	84	11	62	63	35	75	28	97
	43	41	90	57	87	50	52	65	53	25	73	91
	78	36	99	76	44	12	92	31	22	91	58	38
	12	12	92	53	60	88	75	48	21	48	23	92
	27	60	53	95	34	38	12	33	54	40	14	82
	64	81	22	30	77	91	67	56	65	77	43	32
	41	84	48	71	95	23	66	54	64	48	64	80
	34	58	88	29	61	78	62	23	66	11	87	95
	17	22	63	42	92	98	97	34	17	59	44	21
	30	46	74	19	83	100	53	52	36	48	88	69
	64	45	64	95	47	55	59	70	32	76	89	93
	34	42	46	45	21	69	17	42	79	68	91	58
	70	51	12	70	86	87	38	28	89	46	82	41
	67	99	85	36	87	72	67	69	69	19	26	31
	58	57	36	56	82	51	30	79	33	29	57	36
	42	41	79	22	81	10	98	38	39	43	61	24

	84	42	41	17	64	94	98	82	28	76	97	72
	20	43	92	31	39	15	96	92	79	71	26	64
	56	57	67	76	72	14	22	100	42	42	90	67
	45	45	35	32	20	71	68	70	68	86	44	57
	87	72	64	26	37	79	15	15	11	70	93	81
	36	69	99	30	31	65	71	92	50	36	33	98
	97	52	92	91	20	70	43	33	14	41	89	72
	55	76	99	94	26	100	83	57	37	99	55	49
	38	72	23	12	13	51	87	96	100	20	25	75
	17	51	44	27	41	84	48	99	60	41	45	66
	39	79	47	73	28	26	99	22	35	48	52	33
	22	73	29	36	11	85	73	88	23	48	44	64
	95	70	50	87	83	61	56	67	89	90	76	91
	62	17	16	80	70	70	59	14	68	19	32	11
	80	82	94	20	48	56	75	93	38	66	40	89
	62	50	69	15	38	31	57	88	33	11	23	13
	25	53	27	12	84	53	58	25	59	97	98	39
	36	66	43	68	26	41	49	24	27	29	75	31
	42	23	47	22	69	66	35	29	14	42	63	60
	90	17	50	24	89	34	42	67	41	30	31	47
	63	40	31	48	34	73	89	74	51	28	44	86
	44	20	30	21	99	88	16	38	100	70	54	31
	80	94	21	97	70	20	99	47	41	28	64	35
	35	88	68	52	52	32	38	84	19	68	77	12
	17	57	99	29	45	71	99	46	94	30	14	71
	36	51	90	10	67	18	52	79	39	77	19	35
	63	69	12	10	66	11	26	86	16	78	11	64
	81	75	90	49	43	33	29	67	92	24	12	66
	91	41	64	22	28	55	41	53	64	87	38	95
	38	61	29	79	88	42	61	66	22	45	93	29

