***** PARAMETERS PRP *****

Number of Customers = 30
Number of Products = 10
Number of Vehicles = 5
Number of Periods = 12

B = Production capacity
	50393

b_p = Time required to produce item p
 	1	1	1	1	1	1	1	1	1	1

c_p = Production cost of item p
 	800	300	300	300	800	800	300	300	300	300

s_p = Setup cost of item p
 	800	300	300	300	800	800	300	300	300	300

M = Big number
	201571

U_pi = Maximum inventory upper bound of item p at site i
 	201571	254	155	106	297	183	201	174	210	161	303	116	239	160	200	205	286	197	165	129	120	173	132	118	257	92	109	252	200	89	220
	201571	178	264	221	180	67	263	119	117	160	226	308	249	283	114	210	223	281	199	177	244	185	101	180	108	358	122	172	187	119	116
	201571	78	138	106	164	329	254	229	189	205	121	158	190	104	208	176	97	159	106	83	158	215	298	265	134	123	121	171	306	109	253
	201571	211	153	92	318	232	160	126	261	117	117	160	115	184	96	120	116	263	122	215	228	255	95	139	283	316	221	96	349	270	340
	201571	237	200	302	106	158	170	281	123	103	209	192	168	168	313	115	175	238	263	83	135	295	198	295	240	165	159	205	308	270	194
	201571	111	214	231	277	188	265	83	246	158	242	146	282	146	187	217	146	109	214	280	99	167	294	123	108	107	262	269	98	273	181
	201571	180	102	108	111	115	251	152	179	298	89	317	125	169	91	249	128	267	303	109	247	103	118	345	200	100	217	210	269	137	389
	201571	282	101	303	181	199	206	291	128	122	241	305	117	239	139	260	99	143	290	279	256	176	80	272	109	154	222	95	303	315	144
	201571	250	176	290	359	266	101	250	194	106	350	320	296	165	126	157	155	175	161	273	103	91	156	289	265	151	170	244	198	232	154
	201571	263	191	97	250	138	110	116	237	240	209	231	127	139	218	239	131	275	286	302	116	127	276	268	221	225	278	111	278	201	318

I_pi0 = Initial inventory of item p at site i
 	0	253	90	41	90	159	48	147	121	34	219	92	45	66	150	40	226	28	128	98	81	43	86	113	171	88	63	111	106	76	132
	0	165	193	57	171	58	100	50	60	160	132	241	143	74	50	163	109	98	131	161	45	151	83	121	92	340	51	83	172	62	82
	0	78	124	64	125	34	14	82	162	192	117	121	150	64	17	142	80	144	38	74	137	42	171	127	91	38	44	101	22	42	196
	0	191	147	70	203	211	160	109	212	97	92	150	99	34	77	84	114	88	89	164	190	111	38	75	181	119	207	52	88	162	243
	0	236	127	200	77	74	134	185	95	64	153	31	137	44	118	71	80	96	174	48	32	237	19	183	144	119	141	131	185	93	21
	0	100	56	123	275	184	90	83	158	98	90	109	168	88	178	217	118	37	164	188	56	98	63	98	48	50	59	87	70	197	178
	0	98	45	52	47	83	141	84	96	261	15	176	57	61	19	27	56	41	176	62	151	95	59	67	31	14	141	157	58	91	176
	0	227	72	94	46	107	149	175	117	98	52	76	51	210	99	157	82	93	194	43	197	90	44	88	91	133	124	65	42	146	77
	0	167	80	213	256	68	17	166	39	97	78	152	210	151	86	105	130	58	103	144	16	38	111	149	152	106	159	227	38	184	153
	0	172	12	86	92	113	90	46	83	236	155	55	116	105	148	151	17	211	87	229	81	99	49	152	86	125	124	88	92	154	125

h_pi = Inventory cost of item p at site i
 	8	7	4	7	6	8	6	1	5	7	1	1	5	2	6	3	2	5	5	2	9	3	1	5	1	7	8	2	7	6	3
	3	8	4	1	9	7	3	6	5	7	2	7	9	2	4	9	3	3	3	1	2	3	7	2	9	8	8	9	9	5	8
	3	5	6	3	2	3	6	6	7	4	9	9	1	5	4	5	5	3	5	8	2	6	4	6	1	7	2	6	7	5	4
	3	4	3	9	2	9	6	8	6	3	4	1	6	2	7	4	6	8	2	5	5	7	8	4	9	1	6	5	8	4	2
	8	8	5	4	8	5	5	9	2	2	9	6	8	5	5	3	3	5	1	1	7	4	9	9	8	2	5	4	4	9	8
	8	2	9	1	1	4	7	6	8	5	4	4	6	6	9	4	1	7	6	3	1	1	6	9	3	9	5	8	9	9	8
	3	9	6	6	1	5	3	7	1	4	4	6	5	5	9	8	9	1	9	2	2	2	9	1	4	7	8	5	1	5	2
	3	7	8	2	5	2	1	4	2	6	6	3	8	2	4	3	4	5	9	5	9	3	6	5	2	8	1	5	7	8	4
	3	7	7	1	1	9	3	8	4	2	5	3	4	3	9	6	4	9	8	8	6	4	5	2	2	6	5	8	5	1	4
	3	6	5	9	1	8	8	4	6	1	3	3	7	7	4	6	7	5	5	3	2	6	4	2	5	2	1	2	4	1	2

C = Vehicle capacity
	3890

f = Fixed transportation cost
	33418

a_ik = Transportation cost for traveling from node i to node k
 	0	496	299	235	644	559	263	359	376	168	526	417	596	433	481	345	411	146	312	541	438	500	426	361	243	527	216	517	520	542	180
	496	0	788	527	1078	988	454	758	872	406	446	821	401	718	559	591	768	599	753	985	769	189	876	137	544	999	691	916	209	987	411
	299	788	0	344	383	315	426	231	129	400	696	247	795	398	583	399	308	197	144	280	352	757	179	651	337	236	104	320	773	280	402
	235	527	344	0	554	464	88	233	467	138	353	296	451	219	261	112	243	168	251	467	251	443	366	403	18	502	245	389	454	470	127
	644	1078	383	554	0	91	636	322	428	673	833	259	949	425	675	524	331	503	335	105	352	992	218	948	538	179	431	179	1001	105	668
	559	988	315	464	91	0	546	231	382	583	748	169	864	342	592	436	244	416	249	52	269	902	140	858	448	159	351	98	911	55	578
	263	454	426	88	636	546	0	316	546	113	278	378	369	268	220	142	315	239	338	552	315	358	453	338	101	589	325	467	368	554	98
	359	758	231	233	322	231	316	0	354	355	540	65	652	174	398	221	78	215	88	237	122	673	149	630	217	288	191	164	683	239	349
	376	872	129	467	428	382	546	354	0	505	819	359	915	524	712	528	430	309	269	336	475	862	266	737	461	253	223	413	880	334	510
	168	406	400	138	673	583	113	355	505	0	359	419	430	355	330	238	377	204	348	579	388	359	470	275	155	596	298	517	376	581	16
	526	446	696	353	833	748	278	540	819	359	0	589	118	409	165	319	505	516	587	768	481	264	688	402	360	827	597	654	254	771	346
	417	821	247	296	259	169	378	65	359	419	589	0	704	199	441	273	92	272	119	180	131	734	114	694	280	246	232	101	743	183	413
	596	401	795	451	949	864	369	652	915	430	118	704	0	527	283	432	620	607	694	883	598	213	799	394	461	938	693	771	193	886	420
	433	718	398	219	425	342	268	174	524	355	409	199	527	0	251	127	108	313	256	369	74	596	311	605	204	445	334	247	600	372	343
	481	559	583	261	675	592	220	398	712	330	165	441	283	251	0	186	352	427	459	616	324	398	546	480	261	684	492	497	395	619	315
	345	591	399	112	524	436	142	221	528	238	319	273	432	127	186	0	194	256	275	452	183	475	369	479	102	509	311	348	481	455	224
	411	768	308	243	331	244	315	78	430	377	505	92	620	108	352	194	0	272	165	265	45	666	204	646	226	337	264	155	673	268	368
	146	599	197	168	503	416	239	215	309	204	516	272	607	313	427	256	272	0	168	402	305	561	287	464	166	401	95	372	577	403	206
	312	753	144	251	335	249	338	88	269	348	587	119	694	256	459	275	165	168	0	236	209	690	123	620	238	252	114	213	703	237	345
	541	985	280	467	105	52	552	237	336	579	768	180	883	369	616	452	265	402	236	0	296	909	115	854	452	108	328	135	919	4	575
	438	769	352	251	352	269	315	122	475	388	481	131	598	74	324	183	45	305	209	296	0	657	245	651	234	375	304	174	663	299	378
	500	189	757	443	992	902	358	673	862	359	264	734	213	596	398	475	666	561	690	909	657	0	809	203	458	942	655	819	26	912	356
	426	876	179	366	218	140	453	149	266	470	688	114	799	311	546	369	204	287	123	115	245	809	0	743	352	140	214	148	820	116	467
	361	137	651	403	948	858	338	630	737	275	402	694	394	605	480	479	646	464	620	854	651	203	743	0	420	864	556	790	228	856	282
	243	544	337	18	538	448	101	217	461	155	360	280	461	204	261	102	226	166	238	452	234	458	352	420	0	488	238	372	469	454	144
	527	999	236	502	179	159	589	288	253	596	827	246	938	445	684	509	337	401	252	108	375	942	140	864	488	0	313	235	955	105	594
	216	691	104	245	431	351	325	191	223	298	597	232	693	334	492	311	264	95	114	328	304	655	214	556	238	313	0	325	671	329	300
	517	916	320	389	179	98	467	164	413	517	654	101	771	247	497	348	155	372	213	135	174	819	148	790	372	235	325	0	827	139	509
	520	209	773	454	1001	911	368	683	880	376	254	743	193	600	395	481	673	577	703	919	663	26	820	228	469	955	671	827	0	922	372
	542	987	280	470	105	55	554	239	334	581	771	183	886	372	619	455	268	403	237	4	299	912	116	856	454	105	329	139	922	0	577
	180	411	402	127	668	578	98	349	510	16	346	413	420	343	315	224	368	206	345	575	378	356	467	282	144	594	300	509	372	577	0

coordXY = Coordinates (x,y): line zero => x line one => y column => customers
 	53	9	162	283	494	458	281	367	77	169	434	403	409	483	487	394	438	173	286	411	475	197	336	33	294	316	177	481	217	409	184
	472	966	194	516	4	87	603	299	97	593	834	246	949	428	678	518	330	390	266	67	355	950	154	832	503	16	296	182	965	64	595

d_pit = Demand of item p at customer i in period t
 	74	98	81	58	42	81	79	76	41	14	60	59
	70	20	72	94	90	95	79	94	94	55	69	96
	41	58	39	44	50	49	67	43	79	96	60	11
	22	68	72	37	22	54	79	99	43	98	23	95
	92	47	20	44	16	96	52	53	17	97	98	98
	48	97	69	38	19	32	38	93	55	18	66	31
	100	47	95	20	32	21	66	30	68	62	73	82
	11	37	73	77	93	52	85	98	50	82	92	91
	34	44	22	35	33	90	61	71	79	35	68	71
	52	42	90	35	13	95	93	15	96	84	83	30
	29	63	41	46	46	74	79	59	97	36	73	54
	19	26	74	71	55	27	29	96	25	28	78	46
	66	36	80	34	92	78	25	24	63	37	85	20
	81	69	54	74	38	89	49	97	92	52	29	75
	10	30	30	19	13	69	25	92	46	85	55	18
	79	92	55	74	27	93	62	78	13	24	13	77
	28	79	95	98	42	79	38	53	60	98	29	87
	41	24	63	79	89	65	75	26	52	44	65	38
	98	40	22	21	11	87	14	25	14	39	70	76
	81	15	65	82	99	53	71	50	14	82	65	45
	43	22	69	90	58	70	37	38	48	49	95	71
	86	52	14	15	78	94	78	77	39	92	66	99
	87	26	31	76	26	91	89	73	67	36	71	36
	78	93	57	86	42	86	27	35	95	82	12	79
	88	58	31	48	26	53	66	38	15	43	19	67
	63	68	20	52	69	54	17	41	28	61	87	96
	21	90	85	38	38	28	18	88	17	41	48	92
	41	65	69	73	55	71	87	81	86	24	61	86
	76	14	19	46	52	11	23	12	98	78	11	91
	18	20	57	37	89	93	61	29	43	40	88	85

	25	99	41	50	41	71	67	29	80	84	30	95
	18	81	55	39	74	10	65	52	39	96	12	92
	57	49	77	55	53	53	19	41	45	52	94	69
	82	18	71	32	96	24	72	56	42	82	48	95
	58	32	18	57	15	33	27	12	32	24	14	79
	100	69	68	39	37	92	97	69	90	69	29	29
	50	96	32	98	32	89	32	95	30	20	64	74
	60	100	33	53	73	32	94	65	88	45	39	19
	69	40	51	60	24	98	29	59	57	23	32	99
	67	65	89	69	55	52	36	18	95	31	21	80
	68	80	93	47	60	63	82	30	84	82	20	30
	27	35	81	70	94	34	87	72	87	44	69	47
	74	86	93	66	91	96	62	59	94	11	54	63
	24	26	24	74	15	56	53	52	15	86	14	17
	48	48	67	74	42	68	61	40	67	26	75	14
	80	29	83	27	70	92	28	35	76	14	70	65
	98	20	50	48	96	84	26	66	62	44	36	45
	74	57	74	57	71	77	50	86	86	51	21	91
	70	91	24	23	92	31	92	72	44	38	97	33
	21	24	89	18	89	98	71	31	86	62	94	48
	33	43	75	61	89	27	98	82	26	91	63	52
	83	40	99	49	29	72	13	12	15	85	93	14
	17	80	24	69	58	88	82	49	49	93	70	40
	92	81	29	45	85	63	82	57	12	27	29	45
	87	81	84	88	87	48	18	87	74	97	13	95
	19	32	78	83	81	98	73	68	38	68	60	31
	83	95	40	25	20	85	80	61	66	53	33	48
	96	76	30	14	97	53	45	52	49	93	61	81
	62	80	67	49	14	59	41	95	38	98	38	72
	18	64	95	34	58	50	69	50	12	90	71	86

	78	49	20	28	26	35	10	97	17	54	14	38
	32	31	61	40	34	80	27	89	45	68	33	13
	41	23	76	82	18	55	87	100	11	75	23	44
	36	89	82	93	37	62	86	21	10	38	13	89
	34	82	58	50	87	60	22	97	78	83	81	58
	14	28	24	88	36	96	11	58	69	83	83	20
	82	65	18	75	46	42	99	43	82	40	37	57
	29	35	75	23	98	80	28	39	33	41	14	73
	62	61	69	70	26	28	48	98	89	24	23	16
	82	35	77	92	67	38	23	64	64	41	89	53
	53	22	21	25	54	13	51	33	47	33	44	77
	96	16	38	42	93	97	95	45	48	93	76	19
	64	41	20	63	48	32	58	67	99	53	50	31
	17	40	46	60	20	63	29	51	79	39	38	18
	15	58	69	87	18	94	80	49	52	96	61	24
	57	23	30	41	78	15	13	18	43	80	85	100
	51	93	42	20	84	17	65	91	15	73	50	34
	38	92	56	13	28	19	35	40	53	80	93	87
	18	15	26	15	42	16	83	71	50	57	13	93
	75	32	30	58	49	68	69	22	61	74	29	63
	42	97	90	46	29	68	19	77	18	31	38	91
	66	23	82	93	47	99	52	54	73	36	68	21
	90	22	15	96	84	19	75	58	87	99	58	92
	91	49	98	91	71	74	97	75	55	39	42	20
	38	91	26	51	19	36	78	87	89	92	56	77
	44	66	79	54	87	18	79	21	100	74	27	76
	87	14	12	24	54	89	97	81	39	72	56	59
	22	33	19	81	62	52	79	85	88	71	46	96
	11	31	71	57	70	83	55	80	30	65	23	77
	93	75	28	94	69	80	48	78	81	69	27	16

	96	95	61	91	60	94	79	36	89	26	40	76
	42	15	90	39	75	25	53	64	91	46	13	59
	70	11	54	86	26	33	39	28	28	46	99	32
	92	92	19	87	67	57	45	62	67	23	92	60
	71	69	71	42	51	44	57	51	21	36	30	14
	90	22	48	81	38	28	14	40	44	86	98	51
	16	93	16	50	40	88	26	71	14	38	17	36
	96	50	66	45	84	49	58	13	83	11	33	39
	15	82	55	64	47	83	82	17	72	69	29	89
	92	99	29	58	92	11	23	74	80	59	44	38
	45	43	62	26	19	79	87	45	16	66	98	52
	81	18	60	83	34	47	78	48	99	53	56	34
	34	85	32	74	31	73	31	98	46	57	77	99
	42	35	33	98	29	42	37	64	25	80	83	10
	53	31	45	75	37	90	84	45	14	89	60	98
	77	37	70	75	67	48	95	87	26	50	41	25
	33	38	17	57	86	69	96	78	90	89	45	92
	75	14	78	10	40	45	40	12	34	58	20	60
	73	67	24	10	86	57	20	97	80	30	60	40
	83	34	73	65	20	34	85	21	71	100	58	40
	94	17	39	58	91	26	100	57	89	92	25	76
	38	68	15	54	30	23	72	78	16	43	84	49
	38	37	100	48	75	25	18	49	19	68	58	21
	92	62	27	24	21	59	66	90	51	66	88	34
	46	73	55	51	21	50	25	72	88	88	100	90
	48	81	45	33	59	75	23	21	83	86	62	48
	52	16	40	63	57	11	45	95	12	56	68	58
	88	66	91	84	40	18	71	92	46	62	93	87
	76	86	79	87	82	47	98	73	58	20	77	27
	92	49	79	23	68	90	38	42	55	83	99	98

	66	89	81	87	81	69	63	92	41	90	90	99
	52	75	27	21	48	60	77	55	18	18	92	58
	83	87	30	60	96	100	95	95	55	74	44	88
	77	78	77	55	20	60	65	26	71	31	51	26
	74	94	75	36	90	60	24	39	45	38	16	39
	41	93	87	41	32	63	52	100	43	64	50	15
	76	34	61	14	77	70	11	52	86	17	80	97
	95	90	30	80	35	51	11	95	80	91	65	14
	64	44	92	58	78	67	19	71	32	32	27	34
	88	54	11	83	73	11	38	63	49	89	43	26
	31	64	63	67	49	97	44	90	99	36	62	64
	48	89	28	64	49	83	24	13	79	68	63	63
	44	17	80	18	16	67	88	91	15	99	83	53
	86	32	45	68	99	71	78	12	86	28	51	95
	71	100	18	74	68	60	38	30	38	44	75	72
	40	40	69	85	93	23	49	82	47	57	91	25
	96	13	84	47	42	70	12	79	92	44	61	74
	39	42	74	19	59	43	13	75	93	40	36	98
	18	30	64	70	30	22	54	85	16	34	17	55
	32	30	22	32	91	24	33	70	71	43	31	60
	46	80	56	55	59	52	19	42	76	80	72	70
	19	18	53	35	50	30	98	80	18	72	87	33
	78	50	55	92	35	89	38	30	28	81	66	66
	86	58	69	21	18	71	44	98	89	49	78	38
	67	52	56	38	46	86	27	16	75	95	92	11
	43	19	79	67	47	42	55	47	67	25	52	92
	89	42	99	64	97	87	75	19	41	36	85	87
	52	93	40	46	21	71	47	82	98	45	47	96
	93	92	37	66	49	88	87	61	90	32	19	95
	21	59	61	65	39	98	27	27	48	33	38	66

	75	25	50	53	41	82	93	24	69	31	70	52
	21	35	28	91	94	55	41	64	57	37	77	41
	66	42	15	74	69	29	74	38	21	71	44	11
	68	78	98	31	45	64	55	80	99	81	39	92
	92	92	61	42	10	94	77	30	100	56	59	39
	47	43	81	98	66	87	39	85	82	17	65	85
	83	29	15	56	92	35	31	22	32	27	18	56
	72	86	16	84	68	89	18	55	64	94	78	15
	27	60	11	77	81	29	86	15	88	80	23	54
	90	28	100	31	55	41	42	44	73	90	53	80
	23	50	36	66	95	50	40	28	75	91	14	14
	94	74	62	57	36	51	73	40	76	91	97	96
	36	52	79	22	33	57	55	56	68	39	20	66
	41	71	66	80	62	68	42	99	67	11	70	72
	56	99	62	76	14	21	29	29	46	65	75	78
	96	22	27	24	38	53	34	81	50	83	16	61
	37	76	95	46	38	44	39	46	68	19	57	87
	54	86	24	51	24	15	13	46	35	69	17	79
	16	82	90	90	58	88	84	89	70	22	84	67
	56	22	76	79	88	21	56	23	31	38	62	42
	20	78	52	92	50	53	53	75	54	37	48	55
	63	47	40	70	97	96	29	73	42	29	96	23
	98	92	31	31	73	44	79	63	89	13	64	60
	48	53	95	51	14	74	77	68	75	49	18	26
	50	77	15	71	31	85	97	56	29	11	89	29
	59	99	95	19	39	59	92	24	31	54	12	45
	57	30	66	63	73	61	75	62	24	15	73	46
	70	59	23	13	40	99	29	16	91	13	97	40
	90	54	19	34	52	83	34	21	77	52	42	97
	88	54	36	15	89	41	89	39	59	48	80	85

	98	23	80	49	84	46	33	99	37	16	74	82
	22	23	51	87	56	87	69	24	28	63	88	12
	52	98	93	77	54	59	12	23	25	43	54	59
	14	33	98	86	46	26	98	81	68	72	21	21
	83	15	82	82	72	94	39	67	38	68	27	25
	58	83	97	58	27	36	41	51	99	62	54	87
	39	45	89	43	23	54	37	72	32	80	16	78
	96	47	47	58	20	87	88	98	16	85	16	56
	68	72	60	61	93	11	99	65	85	25	54	23
	15	16	52	82	78	80	42	20	17	25	15	89
	90	86	85	41	99	32	71	45	83	23	73	33
	57	90	56	92	13	34	63	71	86	36	88	61
	61	23	19	61	75	36	92	62	35	65	98	49
	19	25	11	35	24	91	42	95	59	58	16	68
	27	56	53	36	18	50	96	70	44	85	49	14
	56	74	27	83	98	34	61	75	85	94	31	48
	29	12	83	33	85	82	17	96	92	75	21	16
	80	71	25	40	83	47	63	55	62	49	74	79
	62	68	13	78	19	20	81	82	68	84	22	58
	60	91	16	62	55	92	46	29	85	57	93	55
	23	15	57	17	52	90	29	69	58	16	91	99
	59	73	20	93	59	53	48	57	70	50	66	57
	67	78	80	55	93	86	84	32	28	91	87	46
	31	71	90	96	50	54	13	99	88	70	45	91
	14	93	43	45	70	76	58	90	29	38	22	22
	53	88	30	58	65	54	13	28	82	51	32	96
	59	83	15	87	60	68	82	76	22	100	98	91
	58	39	33	14	55	98	82	78	11	67	94	17
	31	60	70	25	60	21	21	50	55	51	22	83
	81	95	81	94	74	87	70	94	11	84	64	98

	60	70	97	72	71	60	29	66	87	18	34	13
	28	33	11	79	46	29	88	29	66	81	77	38
	94	64	55	26	16	96	68	97	85	36	30	60
	11	35	13	36	23	59	17	94	89	81	67	18
	11	37	59	66	43	84	87	11	79	27	73	20
	65	84	93	46	14	52	49	11	13	85	62	44
	85	45	34	11	57	92	74	85	40	75	67	34
	37	80	30	92	87	61	54	31	54	56	90	96
	43	55	83	79	55	99	97	27	30	90	41	32
	52	36	15	56	36	87	49	74	59	62	33	19
	61	15	15	57	76	88	59	97	80	57	35	93
	51	83	36	40	83	20	80	59	35	50	91	71
	83	32	20	75	35	52	34	79	36	12	88	27
	99	58	51	13	74	12	11	54	14	66	84	18
	38	28	91	22	91	53	46	29	15	75	85	52
	21	61	42	30	15	79	26	65	38	34	87	93
	93	56	39	23	60	14	57	21	81	89	18	22
	98	96	53	82	95	75	40	91	85	65	59	31
	43	69	86	64	20	54	20	74	71	55	78	36
	71	45	81	49	25	32	24	45	54	21	90	77
	90	90	59	52	28	91	21	63	30	57	37	84
	44	20	48	22	17	74	46	41	19	34	54	61
	88	83	10	62	61	34	55	88	89	89	64	94
	31	60	37	93	54	39	88	60	27	59	77	29
	78	55	53	36	31	50	22	11	86	72	56	64
	69	55	90	88	67	49	14	69	59	13	15	79
	52	13	35	73	48	10	98	25	73	65	30	46
	42	99	48	93	72	31	73	20	84	62	23	80
	29	80	37	91	18	84	34	90	72	79	52	91
	77	19	44	57	52	20	95	42	82	62	12	15

	24	72	25	46	45	23	88	74	77	23	45	59
	11	53	16	85	12	27	61	21	86	66	35	56
	56	64	41	52	60	26	52	97	83	37	71	57
	79	22	63	92	49	63	90	99	86	85	56	78
	11	27	30	39	90	61	99	70	84	69	25	33
	17	87	56	50	13	60	19	63	64	50	30	94
	82	25	23	36	95	53	46	56	44	75	19	47
	39	52	11	76	88	62	10	29	35	93	59	28
	25	72	64	45	16	88	96	30	33	23	77	67
	22	56	47	92	95	98	69	59	77	93	51	80
	70	39	43	84	87	36	46	84	98	51	96	33
	60	35	31	84	82	72	31	92	65	61	56	42
	67	84	26	56	31	49	75	62	30	72	17	90
	86	17	36	96	45	27	35	24	50	15	23	48
	18	68	19	74	26	99	57	66	86	41	17	56
	82	48	52	35	23	83	83	16	42	55	22	79
	46	12	91	11	34	77	95	60	68	65	94	48
	61	42	12	93	98	87	47	21	19	60	74	28
	56	88	97	64	75	94	98	65	37	49	57	40
	16	99	86	24	47	38	95	70	29	29	53	30
	38	96	65	54	47	33	45	14	16	11	78	46
	71	40	79	98	19	12	65	15	95	77	19	34
	55	23	71	98	18	16	64	86	13	99	63	87
	91	61	94	31	58	65	58	39	97	85	43	72
	34	55	17	68	98	68	39	19	27	14	95	70
	92	67	95	32	63	66	96	32	18	25	32	60
	40	70	42	75	24	62	81	43	67	11	22	49
	38	74	12	31	31	57	15	15	61	36	85	19
	35	84	65	49	62	69	91	14	46	60	93	27
	64	89	71	15	66	64	55	28	56	35	48	25

	37	15	38	82	77	86	51	64	12	93	49	28
	12	23	59	17	41	98	60	67	85	60	18	34
	74	12	80	17	21	26	57	14	82	66	69	65
	92	60	30	16	54	18	45	80	45	13	65	82
	89	24	63	59	11	60	52	16	17	75	20	64
	67	23	48	70	88	60	75	23	48	35	46	75
	46	91	80	64	46	16	31	78	46	39	98	60
	83	84	87	63	66	24	16	16	54	55	86	77
	69	67	100	27	98	15	98	79	20	37	77	32
	38	67	50	73	90	43	19	27	45	47	55	73
	20	35	85	23	51	21	98	47	80	46	35	13
	35	81	85	75	47	72	20	71	87	42	62	84
	17	88	89	92	73	85	51	95	68	38	63	75
	35	57	56	98	24	76	48	24	96	34	12	95
	68	43	40	74	53	82	13	16	83	32	19	50
	17	73	75	76	44	81	26	99	57	44	97	94
	98	75	38	22	75	44	53	58	10	24	86	77
	87	67	19	78	73	32	12	34	99	59	43	84
	50	81	98	81	65	23	33	26	99	73	14	81
	81	66	85	35	20	38	57	78	61	87	32	58
	99	69	27	46	16	10	21	93	24	55	17	32
	37	12	52	63	97	67	46	65	60	83	61	19
	86	66	59	50	22	45	51	47	73	30	62	53
	51	20	15	77	52	96	75	62	26	19	96	73
	59	66	63	50	59	22	43	56	47	88	39	84
	27	86	11	29	13	92	88	99	38	97	68	19
	71	17	87	29	61	81	66	78	24	85	26	40
	55	37	79	55	71	49	89	86	14	66	41	26
	11	39	16	88	64	60	94	48	44	93	24	22
	69	56	55	97	40	55	41	78	88	19	100	64

