***** PARAMETERS PRP *****

Number of Customers = 30
Number of Products = 10
Number of Vehicles = 5
Number of Periods = 12

B = Production capacity
	48772

b_p = Time required to produce item p
 	1	1	1	1	1	1	1	1	1	1

c_p = Production cost of item p
 	800	800	300	300	300	800	800	300	800	300

s_p = Setup cost of item p
 	800	800	300	300	300	800	800	300	800	300

M = Big number
	195086

U_pi = Maximum inventory upper bound of item p at site i
 	195086	94	106	161	72	129	90	242	165	262	190	127	146	260	187	147	231	220	289	102	216	295	110	120	235	201	116	178	290	171	210
	195086	137	168	147	336	184	246	172	268	103	262	218	123	284	207	95	283	305	114	130	127	299	118	115	272	117	175	178	256	86	201
	195086	210	142	318	226	254	285	202	213	169	268	102	200	232	161	190	199	270	249	215	170	160	296	314	124	190	206	292	111	118	99
	195086	180	117	227	216	144	272	100	286	286	253	154	94	116	180	166	280	241	233	265	147	174	176	138	81	213	155	124	106	124	134
	195086	100	72	257	117	102	325	138	100	227	107	97	142	316	179	218	204	167	154	173	86	283	163	110	226	110	287	240	138	163	205
	195086	149	341	278	101	108	253	205	134	163	267	228	120	180	207	111	117	170	140	188	113	304	211	153	232	210	272	217	250	196	201
	195086	305	125	191	257	156	113	174	220	216	185	148	261	283	116	233	223	213	279	288	110	191	259	235	102	103	166	167	180	184	144
	195086	283	132	250	87	251	323	194	121	88	239	185	120	229	116	181	80	156	116	116	153	273	118	227	229	245	166	264	99	303	75
	195086	133	309	116	202	140	250	167	162	133	174	177	216	109	102	105	225	135	68	119	84	147	173	180	117	196	278	124	183	221	184
	195086	135	257	211	109	106	161	205	280	214	117	166	174	323	298	115	141	113	115	210	133	247	144	140	225	104	167	179	208	293	234

I_pi0 = Initial inventory of item p at site i
 	0	93	95	105	32	111	83	197	124	170	123	88	112	11	180	145	158	195	172	49	91	17	69	63	111	91	27	88	178	161	118
	0	41	73	124	52	92	213	166	182	96	27	198	35	191	192	68	111	214	82	84	126	196	80	51	117	51	15	78	119	80	97
	0	202	72	153	69	102	187	36	132	154	200	76	187	34	10	81	182	182	41	148	121	151	58	235	82	148	27	145	44	81	91
	0	143	92	95	107	50	97	12	57	256	154	138	38	93	125	54	109	208	149	75	135	125	113	86	12	161	70	114	38	85	24
	0	47	53	211	114	83	88	82	75	143	86	28	76	83	20	94	121	24	139	164	36	62	80	83	97	32	202	144	27	41	72
	0	26	297	107	86	92	205	46	131	139	135	226	92	172	166	41	75	160	35	90	86	41	25	43	85	57	135	67	148	161	134
	0	100	72	151	21	58	94	46	202	126	152	70	132	108	115	121	173	111	97	109	44	169	223	138	86	87	164	77	161	166	98
	0	118	84	210	84	168	152	149	60	35	145	164	95	219	53	180	37	100	86	108	87	217	34	116	37	196	91	122	91	97	0
	0	82	65	84	96	107	10	149	54	94	21	157	129	66	14	85	179	119	53	41	81	121	151	142	75	154	31	23	87	214	105
	0	96	221	171	28	91	18	87	243	65	11	117	129	50	244	29	76	73	80	92	28	74	84	108	28	91	81	70	12	129	134

h_pi = Inventory cost of item p at site i
 	8	5	4	7	2	7	8	4	2	6	1	1	7	4	8	2	3	3	6	2	5	2	8	8	4	7	2	5	2	1	1
	8	2	2	6	5	7	1	4	9	1	8	9	5	1	1	9	8	6	9	6	5	9	6	9	3	7	5	9	8	4	9
	3	5	2	7	9	8	5	3	7	7	3	5	8	1	4	4	6	7	7	2	4	3	6	9	5	5	4	8	4	7	7
	3	4	5	2	1	4	7	7	7	5	9	4	6	7	9	3	2	5	7	3	6	6	3	9	7	4	2	6	9	5	9
	3	4	7	4	7	6	9	6	5	7	4	4	6	6	8	7	7	2	4	2	7	7	5	6	4	7	8	3	3	7	6
	8	4	8	1	8	7	5	1	9	7	9	4	4	2	3	7	2	9	9	1	6	8	2	8	1	3	1	1	5	3	5
	8	6	2	5	8	8	2	3	7	6	3	7	2	2	6	1	7	4	7	6	4	3	4	7	4	9	1	6	8	6	8
	3	8	7	3	7	1	7	5	3	8	3	1	9	9	8	9	3	2	1	7	2	1	6	3	6	1	5	3	5	1	3
	8	1	6	2	1	5	6	6	1	1	2	3	1	2	4	8	7	7	9	8	1	5	8	3	6	1	9	4	1	8	5
	3	8	9	8	7	9	7	8	7	1	5	9	5	5	6	9	1	3	7	2	4	3	9	3	2	7	1	2	2	9	1

C = Vehicle capacity
	3410

f = Fixed transportation cost
	31186

a_ik = Transportation cost for traveling from node i to node k
 	0	402	49	353	334	606	326	718	237	457	519	269	443	723	408	397	400	687	721	206	708	421	186	409	672	293	655	674	244	324	573
	402	0	408	569	650	214	106	345	625	355	197	533	68	324	67	696	32	296	320	217	334	131	576	19	275	198	332	275	393	108	198
	49	408	0	305	293	617	323	710	219	425	508	222	455	731	406	355	403	699	727	199	702	441	207	413	681	276	640	677	201	321	569
	353	569	305	0	157	776	464	760	302	353	564	89	634	867	532	159	549	854	853	374	757	656	440	564	828	373	651	786	178	462	652
	334	650	293	157	0	863	548	886	181	496	683	126	709	965	625	66	635	944	954	437	880	714	351	649	921	467	785	893	274	546	765
	606	214	617	776	863	0	316	275	835	512	276	744	163	123	245	908	229	83	132	430	262	209	771	215	69	403	344	134	601	318	196
	326	106	323	464	548	316	0	393	536	276	202	429	172	419	84	592	88	397	411	125	383	213	509	102	374	93	345	356	287	3	248
	718	345	710	760	886	275	393	0	913	421	206	760	349	236	315	914	332	282	206	513	14	430	901	330	250	438	128	148	613	395	149
	237	625	219	302	181	835	536	913	0	574	708	224	673	948	619	242	618	917	943	412	906	656	178	629	899	476	831	891	326	534	777
	457	355	425	353	496	512	276	421	574	0	248	375	419	572	292	511	324	578	552	297	419	481	630	340	546	210	303	479	248	275	342
	519	197	508	564	683	276	202	206	708	248	0	557	237	325	140	714	171	335	305	314	200	319	704	178	301	233	144	232	409	204	95
	269	533	222	89	126	744	429	760	224	375	557	0	594	843	504	164	516	825	832	324	755	606	353	530	800	345	660	769	149	427	640
	443	68	455	634	709	163	172	349	673	419	237	594	0	282	128	757	96	245	283	273	336	85	610	80	230	264	360	252	457	173	211
	723	324	731	867	965	123	419	236	948	572	325	843	282	0	340	1006	333	62	31	539	225	331	891	321	55	499	342	100	697	421	232
	408	67	406	532	625	245	84	315	619	292	140	504	128	340	0	667	36	323	330	208	305	197	589	49	297	160	282	273	359	86	167
	397	696	355	159	66	908	592	914	242	511	714	164	757	1006	667	0	679	988	994	486	909	767	415	694	964	507	808	930	310	590	799
	400	32	403	549	635	229	88	332	618	324	171	516	96	333	36	679	0	310	326	207	321	162	578	17	287	176	310	275	373	89	184
	687	296	699	854	944	83	397	282	917	578	335	825	245	62	323	988	310	0	87	512	270	283	851	296	35	483	375	135	681	399	245
	721	320	727	853	954	132	411	206	943	552	305	832	283	31	330	994	326	87	0	533	196	339	892	315	68	488	314	75	685	413	210
	206	217	199	374	437	430	125	513	412	297	314	324	273	539	208	486	207	512	533	0	504	283	390	219	491	96	452	480	199	123	370
	708	334	702	757	880	262	383	14	906	419	200	755	336	225	305	909	321	270	196	504	0	417	892	319	238	431	132	136	608	385	138
	421	131	441	656	714	209	213	430	656	481	319	606	85	331	197	767	162	283	339	283	417	0	573	149	277	302	445	321	479	213	295
	186	576	207	440	351	771	509	901	178	630	704	353	610	891	589	415	578	851	892	390	892	573	0	586	838	477	840	850	395	507	755
	409	19	413	564	649	215	102	330	629	340	178	530	80	321	49	694	17	296	315	219	319	149	586	0	273	192	314	266	388	104	182
	672	275	681	828	921	69	374	250	899	546	301	800	230	55	297	964	287	35	68	491	238	277	838	273	0	457	341	103	656	376	211
	293	198	276	373	467	403	93	438	476	210	233	345	264	499	160	507	176	483	488	96	431	302	477	192	457	0	364	427	199	92	304
	655	332	640	651	785	344	345	128	831	303	144	660	360	342	282	808	310	375	314	452	132	445	840	314	341	364	0	243	517	346	157
	674	275	677	786	893	134	356	148	891	479	232	769	252	100	273	930	275	135	75	480	136	321	850	266	103	427	243	0	621	358	138
	244	393	201	178	274	601	287	613	326	248	409	149	457	697	359	310	373	681	685	199	608	479	395	388	656	199	517	621	0	286	492
	324	108	321	462	546	318	3	395	534	275	204	427	173	421	86	590	89	399	413	123	385	213	507	104	376	92	346	358	286	0	250
	573	198	569	652	765	196	248	149	777	342	95	640	211	232	167	799	184	245	210	370	138	295	755	182	211	304	157	138	492	250	0

coordXY = Coordinates (x,y): line zero => x line one => y column => customers
 	130	145	178	477	399	77	208	339	220	482	324	389	91	106	211	461	176	58	136	202	327	15	50	163	90	276	420	192	362	208	267
	755	354	760	816	952	152	439	69	974	464	274	827	314	33	356	974	358	72	35	563	75	351	922	348	85	502	168	84	681	441	199

d_pit = Demand of item p at customer i in period t
 	53	40	41	23	14	40	73	87	41	60	58	31
	95	55	44	34	88	76	48	17	89	38	30	21
	94	11	95	26	90	27	82	24	67	49	29	49
	15	17	57	34	54	58	20	25	51	50	20	29
	23	88	99	80	48	35	93	91	63	38	28	87
	83	51	42	99	26	19	46	31	17	11	36	76
	85	88	24	55	35	42	24	46	31	37	29	84
	52	53	19	58	96	11	38	25	96	65	52	93
	84	86	60	32	39	90	49	24	98	73	74	76
	49	14	60	13	41	60	91	69	68	19	61	24
	53	35	59	97	91	73	75	62	22	55	62	75
	61	51	54	45	96	55	33	38	24	42	41	42
	11	94	19	77	32	48	14	33	29	97	79	91
	27	86	67	54	91	89	92	25	65	49	10	91
	92	53	40	22	66	14	76	24	19	79	10	94
	33	52	73	100	18	67	66	61	71	75	56	20
	66	73	11	45	12	88	75	67	95	44	41	43
	13	90	69	49	11	90	16	11	83	94	100	68
	49	89	15	97	31	34	62	27	47	68	28	67
	20	71	15	22	34	39	70	51	93	13	53	38
	17	54	53	62	74	45	73	44	72	97	99	18
	69	77	40	37	13	88	70	23	24	47	76	96
	63	22	12	51	67	66	11	35	39	15	75	24
	41	70	31	35	53	63	37	91	85	92	31	75
	32	59	74	82	91	43	78	35	79	74	99	57
	27	69	79	66	42	72	61	56	76	60	27	62
	88	14	12	50	24	58	51	46	42	84	40	24
	35	84	59	79	71	79	94	73	36	20	49	18
	69	66	26	35	96	78	30	26	84	52	86	37
	30	23	23	42	14	96	96	68	44	70	49	76

	41	81	14	100	68	38	69	86	91	97	56	83
	73	11	11	43	14	53	81	29	75	11	72	31
	53	71	54	13	75	20	38	52	42	33	71	67
	52	58	99	72	81	78	99	30	24	59	65	90
	92	12	29	10	63	42	45	18	64	89	64	25
	70	83	60	96	54	15	98	62	36	86	26	53
	93	28	45	84	17	78	15	23	82	46	99	79
	54	92	36	52	73	54	30	95	31	24	33	69
	63	33	70	45	13	34	69	80	100	32	11	69
	27	23	16	74	62	68	99	31	47	61	44	76
	35	65	42	56	100	81	65	74	74	10	29	24
	35	20	33	91	37	33	17	43	79	52	31	20
	40	17	83	51	67	51	89	70	17	95	20	81
	45	49	64	34	57	78	17	88	81	64	32	11
	44	24	43	38	55	26	30	83	50	25	76	77
	91	20	92	27	48	45	94	23	22	95	99	24
	91	78	45	93	42	76	61	64	10	62	24	87
	63	19	43	52	82	64	93	79	80	10	41	58
	84	100	25	45	10	65	49	76	90	73	75	90
	82	44	40	27	41	53	38	15	20	44	57	47
	42	63	91	12	47	35	95	54	77	15	87	100
	80	73	95	13	79	78	32	63	34	72	58	31
	51	88	79	50	67	63	16	52	84	56	35	50
	43	74	76	11	78	58	75	62	57	32	64	22
	51	72	100	39	82	68	20	45	97	83	22	24
	15	34	31	90	78	73	73	44	86	99	64	12
	78	73	52	66	99	24	49	82	28	47	58	54
	20	99	23	89	100	78	63	31	73	54	70	69
	80	56	18	71	18	25	27	52	70	12	39	49
	49	48	70	43	45	64	77	34	68	37	42	27

	47	100	17	38	75	86	32	99	20	75	16	24
	13	49	10	69	24	39	80	44	59	80	18	84
	77	76	94	79	85	42	91	19	32	52	72	43
	69	64	21	13	37	15	75	31	35	17	83	83
	78	24	70	42	71	47	82	35	71	33	27	29
	72	79	36	77	43	79	35	91	40	24	13	96
	36	13	57	88	27	77	31	92	30	53	44	58
	45	15	17	55	96	13	95	59	59	85	75	26
	56	48	50	31	92	71	91	23	67	15	61	69
	42	91	67	75	12	57	52	37	17	38	68	87
	59	17	85	26	26	69	55	97	45	48	65	21
	38	14	61	74	13	76	16	40	32	66	29	22
	34	97	42	53	14	23	12	47	83	57	81	13
	10	54	86	30	30	96	52	65	79	14	93	35
	16	54	11	43	24	57	49	76	70	37	47	87
	72	76	34	41	85	79	42	88	73	44	86	74
	43	52	66	21	73	79	26	97	33	43	25	90
	41	13	63	64	98	52	28	86	98	57	91	57
	21	11	40	76	96	12	77	43	38	93	54	83
	86	35	49	67	37	22	35	87	49	89	75	48
	55	83	13	53	31	51	16	50	50	92	60	86
	58	88	44	92	89	37	50	24	60	65	55	48
	61	61	60	53	24	85	73	76	92	26	74	68
	14	68	98	37	97	60	10	60	62	53	99	88
	68	46	34	84	54	86	94	51	91	20	44	86
	27	70	66	60	42	37	64	62	59	15	67	48
	73	72	26	71	21	26	29	74	70	86	74	78
	44	66	43	91	64	71	31	87	44	50	49	27
	81	55	90	56	89	66	72	87	14	21	68	11
	91	87	32	38	46	39	55	57	27	79	16	26

	72	71	98	45	20	96	79	34	55	56	18	76
	92	60	73	37	81	54	93	20	46	24	52	70
	95	26	48	92	53	30	76	55	49	49	35	74
	15	54	21	17	100	71	88	78	35	87	58	25
	22	28	55	41	24	80	17	79	53	20	77	81
	97	34	59	66	21	76	41	21	99	85	27	26
	12	41	11	83	57	23	15	11	24	65	33	25
	35	22	24	88	93	33	89	26	49	89	58	81
	12	69	87	88	13	53	55	21	95	53	80	61
	69	72	13	24	49	57	12	72	32	25	91	90
	94	44	36	68	80	51	14	19	75	66	31	39
	16	22	35	64	34	61	44	21	86	78	44	59
	93	88	47	45	98	58	20	21	18	55	65	87
	49	76	67	92	63	84	14	44	44	49	62	76
	54	82	76	28	48	18	60	91	16	71	90	31
	20	89	94	24	41	61	18	50	94	95	18	68
	56	71	81	22	60	99	68	67	28	47	60	65
	17	81	33	18	33	36	27	93	56	59	87	18
	75	57	31	23	79	35	75	79	100	81	81	78
	74	61	59	32	40	43	66	15	44	35	39	78
	45	80	84	46	23	42	100	96	34	61	71	14
	55	58	100	17	42	94	52	72	91	63	13	45
	86	33	32	98	54	73	97	29	83	76	96	73
	12	82	58	50	32	73	45	37	23	14	32	25
	31	50	80	15	75	92	72	16	49	47	21	92
	24	46	29	59	50	21	57	94	64	38	57	81
	64	50	13	92	75	88	80	30	46	80	93	35
	38	80	33	17	73	37	38	86	91	76	55	11
	23	62	55	65	31	99	84	12	67	92	68	83
	24	27	30	98	76	40	42	16	53	13	36	80

	47	31	58	13	62	25	77	71	44	85	63	22
	11	42	47	44	98	14	57	36	44	14	12	14
	55	62	94	56	20	72	14	29	20	27	75	92
	13	56	45	35	17	45	96	67	83	60	84	100
	83	23	45	56	69	28	35	39	86	40	50	55
	88	65	59	43	94	98	77	41	20	59	95	42
	82	58	47	97	62	69	94	89	33	68	81	47
	33	42	82	85	63	44	36	49	20	55	12	79
	72	71	53	20	93	76	67	66	22	56	73	12
	86	39	95	13	20	23	78	79	28	60	50	70
	28	36	50	17	13	24	51	37	25	28	16	64
	33	43	36	68	33	10	18	31	62	67	69	99
	83	69	71	62	55	89	66	36	19	57	74	77
	20	96	59	36	76	36	52	81	43	82	66	70
	94	82	33	46	25	27	90	49	64	22	56	67
	46	41	22	12	23	75	22	75	76	65	77	79
	24	60	28	55	94	13	60	77	61	83	39	74
	80	59	40	24	13	33	21	43	15	22	33	80
	46	40	78	92	28	23	71	19	67	98	47	84
	36	55	11	25	66	31	31	11	84	76	52	35
	62	46	98	98	43	96	10	19	22	48	61	77
	80	18	78	79	28	52	21	89	91	21	79	14
	34	11	38	42	85	29	86	70	72	99	15	79
	17	80	75	46	21	79	74	40	31	16	13	50
	32	82	80	81	22	67	71	29	32	61	25	80
	50	91	61	66	91	97	94	73	21	75	90	51
	21	24	99	94	47	50	43	37	40	78	99	89
	27	19	19	40	12	77	73	44	74	67	14	87
	41	59	37	40	35	32	24	26	69	13	58	56
	30	42	75	64	39	56	67	23	41	75	62	40

	26	12	56	59	70	70	11	67	48	35	56	84
	97	61	72	67	11	35	79	79	77	96	89	56
	69	38	14	13	52	93	79	96	12	96	49	55
	17	69	75	32	78	37	58	42	46	43	73	33
	55	37	72	27	75	90	31	21	95	37	65	42
	72	64	69	73	56	92	51	23	58	70	56	75
	46	86	20	71	93	71	36	43	10	47	33	59
	23	12	96	86	81	78	56	57	51	75	96	93
	43	10	74	12	74	67	53	73	37	13	21	11
	65	19	51	96	72	41	24	55	33	51	43	91
	88	45	79	14	73	19	82	32	53	38	91	69
	92	89	59	75	94	88	37	17	23	25	51	70
	16	21	75	60	68	78	56	29	32	17	57	32
	43	51	72	22	56	40	87	13	90	16	67	63
	41	59	16	56	90	19	41	15	28	25	30	25
	75	50	20	46	98	73	60	28	19	75	71	86
	86	74	41	52	89	33	33	17	35	95	77	48
	35	72	78	16	35	59	33	29	41	73	64	24
	90	39	14	11	34	62	81	54	68	23	30	59
	86	37	25	92	72	44	91	34	47	51	13	85
	41	71	55	64	80	49	61	79	71	59	67	33
	25	35	74	52	39	70	77	53	21	47	46	94
	43	71	16	93	92	23	51	71	36	14	70	31
	85	49	41	97	33	28	73	74	56	71	76	14
	20	13	24	68	21	20	59	57	96	46	64	15
	12	37	86	38	26	43	76	20	36	93	88	98
	37	30	87	39	25	59	93	37	99	52	56	36
	47	32	29	40	21	44	84	73	98	37	46	48
	72	89	45	81	62	34	84	88	16	82	79	50
	22	22	62	28	83	67	83	70	11	49	77	29

	100	54	52	22	63	51	71	42	94	94	79	11
	72	95	13	16	55	77	23	36	79	93	91	98
	70	81	39	34	93	66	37	44	92	71	39	96
	21	53	99	25	49	87	47	68	41	86	12	28
	58	27	15	72	35	78	91	83	63	37	24	41
	94	98	13	91	38	29	18	50	47	23	89	87
	46	97	51	84	47	74	94	26	71	48	46	11
	48	18	67	69	41	40	19	79	70	100	66	42
	97	29	64	24	26	28	100	88	31	98	23	41
	63	89	70	55	86	19	80	50	60	56	65	46
	70	80	80	98	88	89	98	82	48	50	27	79
	70	62	23	88	39	60	56	45	36	38	27	83
	45	63	47	49	80	68	54	30	62	56	89	37
	94	21	38	94	75	35	39	25	54	82	60	76
	100	21	42	41	88	78	29	76	55	65	55	48
	55	19	99	32	15	83	88	58	77	46	36	60
	38	14	59	84	77	69	54	82	85	10	52	15
	97	39	12	93	74	26	76	83	20	84	18	48
	92	17	75	68	70	69	66	34	36	53	66	44
	44	24	10	45	26	71	17	26	33	26	69	47
	81	75	13	25	97	67	52	66	94	84	18	90
	88	57	78	46	84	58	93	54	78	67	16	58
	87	51	62	86	36	57	30	21	75	53	68	79
	71	15	27	14	33	83	65	12	87	87	87	29
	87	44	19	94	59	36	85	12	31	29	55	64
	77	87	59	78	22	21	40	31	57	40	65	87
	14	63	56	92	36	70	21	39	15	71	97	95
	84	77	26	64	52	59	73	60	77	52	13	81
	83	72	11	60	27	76	66	15	40	23	47	33
	98	27	30	49	13	23	70	84	50	15	60	58

	11	19	88	80	67	24	82	87	59	76	48	38
	84	21	11	63	25	89	52	70	32	36	14	30
	79	32	18	81	63	86	14	39	44	18	28	99
	84	32	14	33	26	69	30	21	26	78	29	78
	13	83	72	93	45	14	77	62	40	34	53	16
	73	79	69	75	24	30	46	47	98	79	70	84
	99	50	33	48	20	39	26	85	51	17	57	58
	60	64	95	14	84	62	45	32	59	22	88	99
	35	72	90	12	51	12	22	96	27	54	16	42
	44	34	67	95	89	61	72	56	75	40	32	51
	59	22	83	88	60	90	51	47	56	63	30	90
	95	36	65	96	84	78	73	16	57	39	50	29
	86	94	39	46	13	25	96	97	57	35	62	36
	53	78	62	11	33	49	91	87	48	82	39	62
	81	28	71	23	28	37	43	17	43	79	30	62
	37	28	23	24	22	76	12	78	28	70	15	65
	58	12	30	52	33	10	28	89	27	46	42	42
	60	26	91	14	58	19	58	81	87	63	82	59
	18	90	88	82	89	51	91	14	31	56	65	20
	75	12	75	31	91	48	44	65	17	44	60	48
	50	15	59	93	59	67	49	30	68	37	46	81
	34	79	28	71	72	80	99	48	61	49	16	73
	47	12	57	27	51	39	33	61	37	89	78	13
	13	24	74	86	12	56	87	79	40	33	20	26
	42	95	59	99	12	29	50	62	88	100	70	30
	91	31	98	27	87	15	36	72	43	22	61	82
	23	99	18	66	23	99	30	54	89	32	73	28
	91	13	78	29	47	86	19	47	64	29	80	13
	97	85	46	48	78	57	40	68	59	54	52	43
	94	22	15	20	42	22	35	51	15	71	50	13

	82	71	15	98	48	52	90	76	61	95	45	63
	65	46	42	83	63	54	12	78	53	89	95	62
	84	60	14	60	13	87	69	97	23	39	52	95
	96	95	29	94	78	54	65	42	86	40	68	59
	94	13	87	25	72	66	10	32	13	65	41	43
	10	22	58	89	14	78	11	59	70	21	96	71
	28	28	93	11	48	96	91	19	30	74	82	69
	54	45	59	34	52	36	22	76	92	29	93	55
	94	78	45	99	50	99	67	15	79	92	26	56
	21	89	83	25	13	94	36	38	91	56	59	89
	65	69	23	68	92	44	26	49	61	77	86	48
	37	49	26	17	46	28	20	29	69	81	53	63
	15	51	62	89	49	60	57	89	49	18	45	67
	14	35	41	53	94	11	97	22	43	77	47	79
	37	48	48	98	87	82	27	35	62	23	17	63
	67	53	59	45	25	95	86	50	21	92	53	29
	38	12	69	17	19	50	77	62	34	90	21	49
	38	15	48	48	25	12	13	34	10	19	61	87
	41	39	50	94	94	84	37	82	59	22	54	58
	81	37	17	13	41	35	21	52	20	70	20	95
	66	55	51	71	16	78	99	40	12	29	36	33
	68	69	14	17	72	52	26	23	36	70	10	62
	77	49	16	17	93	74	19	24	27	93	29	21
	75	27	52	94	38	80	17	33	51	83	64	86
	80	13	44	17	99	11	32	74	93	32	48	44
	31	73	91	76	98	40	56	34	91	81	96	68
	23	95	91	22	61	59	90	48	93	25	74	60
	12	75	39	43	13	91	85	89	95	23	76	89
	72	54	52	36	42	97	13	35	35	33	20	41
	36	18	51	58	70	20	16	57	82	26	57	62

	57	39	74	14	25	47	75	81	61	23	17	26
	82	89	50	79	62	96	64	82	55	31	45	35
	54	100	17	70	73	12	13	37	11	90	15	14
	28	89	46	43	61	60	41	44	37	38	97	69
	54	37	35	29	36	11	43	59	73	93	95	68
	18	77	47	63	53	44	61	85	93	31	53	18
	87	35	70	63	81	89	44	85	85	23	74	84
	93	74	20	56	54	43	49	54	53	48	34	95
	65	27	97	47	33	27	85	36	53	22	57	92
	11	50	85	63	84	80	27	35	95	21	98	53
	30	87	28	48	19	88	27	98	50	82	66	41
	99	30	77	57	36	58	40	23	65	81	46	82
	36	14	87	80	69	99	83	95	18	83	33	79
	62	87	95	32	33	51	41	64	84	81	47	38
	29	100	70	50	49	61	90	55	33	64	29	58
	76	83	17	95	85	78	82	27	93	72	90	47
	73	23	56	57	71	68	71	16	67	89	64	21
	29	51	89	64	67	62	85	44	28	78	33	61
	92	69	29	27	78	11	69	68	31	85	45	25
	28	52	14	34	23	48	46	79	41	62	15	91
	33	41	41	74	60	97	48	83	79	65	41	80
	84	88	20	28	70	86	77	84	64	75	92	95
	50	13	45	63	16	29	78	40	27	67	64	68
	28	100	24	66	49	74	15	55	71	98	57	39
	23	68	69	80	69	78	15	40	63	82	23	12
	81	71	80	54	25	90	27	49	21	65	70	34
	42	28	99	69	74	39	99	45	30	80	66	46
	12	29	49	83	48	30	88	61	70	59	51	44
	48	81	21	19	83	73	21	84	48	89	62	75
	41	93	23	33	35	14	93	42	82	62	20	23

