***** PARAMETERS PRP *****

Number of Customers = 30
Number of Products = 10
Number of Vehicles = 5
Number of Periods = 12

B = Production capacity
	49925

b_p = Time required to produce item p
 	1	1	1	1	1	1	1	1	1	1

c_p = Production cost of item p
 	800	800	800	800	300	800	800	300	300	800

s_p = Setup cost of item p
 	800	800	800	800	300	800	800	300	300	800

M = Big number
	199700

U_pi = Maximum inventory upper bound of item p at site i
 	199700	211	201	191	180	169	280	121	253	212	168	188	194	271	170	124	271	267	97	100	176	198	157	261	148	157	89	272	115	235	116
	199700	244	188	99	245	245	110	227	205	275	89	211	117	259	166	211	332	175	304	191	111	143	298	100	139	264	188	225	274	114	103
	199700	269	207	106	221	116	129	273	164	143	213	108	331	122	232	317	225	177	208	105	139	280	75	143	259	323	269	160	247	290	110
	199700	285	201	190	204	230	168	92	170	238	231	221	110	113	183	212	147	214	249	107	230	99	73	237	274	218	239	156	127	216	117
	199700	194	125	222	320	246	204	138	339	124	211	122	318	106	204	113	263	159	209	270	185	111	259	111	88	99	218	165	318	161	259
	199700	200	195	273	342	89	130	185	209	180	138	147	225	259	115	311	237	229	219	205	170	202	220	184	292	282	164	212	143	158	111
	199700	172	195	279	180	200	234	152	95	218	117	260	263	168	128	118	95	107	270	257	97	228	265	134	209	182	83	141	253	186	115
	199700	251	331	155	220	287	188	248	88	189	285	131	239	323	194	232	263	101	189	315	238	310	245	214	294	200	340	259	166	232	267
	199700	290	180	322	258	111	116	100	111	191	117	117	168	210	92	116	323	287	172	156	100	92	308	157	240	128	147	113	113	98	119
	199700	95	253	190	153	172	112	285	158	215	229	109	318	181	253	297	255	251	235	229	154	343	168	110	291	270	258	157	192	329	185

I_pi0 = Initial inventory of item p at site i
 	0	192	199	60	142	139	99	120	24	42	142	173	156	177	63	116	228	172	0	64	153	194	120	253	147	99	76	103	89	136	75
	0	148	138	94	243	205	86	154	155	232	85	42	111	136	142	59	90	128	58	51	109	15	90	61	82	72	152	122	195	113	49
	0	241	148	82	25	93	21	110	61	142	189	72	65	102	19	108	163	170	190	42	130	253	11	130	105	230	115	159	114	177	42
	0	97	137	97	61	191	32	90	156	191	211	162	67	50	64	168	95	162	40	28	85	40	67	179	110	62	163	114	99	211	117
	0	150	55	101	130	28	203	116	278	69	120	51	140	106	176	38	230	39	132	153	45	69	211	91	14	79	126	100	145	100	116
	0	91	180	91	159	30	93	38	198	113	87	46	157	230	76	123	201	161	171	102	64	199	180	156	166	76	114	146	129	23	111
	0	64	111	229	145	159	138	144	20	152	78	131	121	68	91	107	0	77	45	96	97	95	55	115	192	23	14	57	171	63	98
	0	167	158	63	81	110	80	191	59	140	97	122	187	215	46	198	69	83	168	265	67	216	159	43	230	80	85	179	119	135	221
	0	218	135	264	117	56	40	61	46	163	92	37	158	146	79	55	75	213	11	124	20	25	278	90	178	108	81	96	90	39	108
	0	62	77	140	75	133	98	221	156	195	50	106	249	169	115	138	153	250	198	67	74	207	16	93	230	49	189	121	170	211	40

h_pi = Inventory cost of item p at site i
 	8	9	5	1	8	4	9	2	2	5	4	4	5	6	8	3	6	8	5	8	2	2	7	5	8	9	3	2	6	5	5
	8	5	2	9	7	1	7	4	5	1	2	8	8	5	9	5	6	7	1	9	6	9	5	7	2	4	3	2	8	8	7
	8	3	3	1	8	1	4	6	5	4	7	1	6	3	8	6	9	9	6	6	1	8	8	1	4	9	5	2	2	6	6
	8	7	3	3	4	4	1	1	3	7	4	6	8	4	3	3	6	8	8	1	3	3	9	2	3	3	9	6	2	6	3
	3	2	2	1	6	7	2	1	8	3	2	3	3	8	4	6	2	5	5	6	9	7	9	7	8	7	2	5	5	9	3
	8	3	9	7	6	2	9	3	2	3	9	1	2	8	2	8	8	6	9	2	4	4	9	7	5	2	7	9	3	8	1
	8	8	3	7	2	4	7	4	4	6	7	8	3	5	6	2	9	8	9	7	8	9	7	8	8	6	6	9	2	4	1
	3	9	7	7	6	4	4	5	2	3	2	3	6	9	5	3	2	9	5	2	1	8	8	2	5	3	8	6	9	2	8
	3	5	4	1	4	4	8	6	2	5	3	2	5	1	9	4	7	3	7	6	4	1	9	9	4	4	9	7	1	4	5
	8	3	9	1	8	5	7	5	9	4	7	1	5	6	8	3	9	4	1	9	5	5	7	9	8	4	6	7	3	2	6

C = Vehicle capacity
	3430

f = Fixed transportation cost
	26443

a_ik = Transportation cost for traveling from node i to node k
 	0	232	349	250	249	141	87	86	140	315	265	287	112	369	380	318	385	413	235	410	377	145	481	406	229	342	297	458	69	399	472
	232	0	131	459	466	316	234	299	278	83	123	445	334	563	148	323	154	627	278	517	367	107	331	499	49	450	474	342	300	492	698
	349	131	0	586	591	445	363	402	408	87	220	575	457	693	89	436	100	754	403	642	472	237	370	623	120	576	604	403	417	615	820
	250	459	586	0	31	149	225	251	195	534	439	128	141	125	598	348	600	169	282	275	395	353	600	289	469	233	95	551	193	287	255
	249	466	591	31	0	163	235	240	211	543	453	159	137	141	607	374	610	165	305	306	422	362	622	320	472	264	125	575	187	318	238
	141	316	445	149	163	0	83	191	49	388	291	147	88	249	451	237	453	315	156	273	292	209	465	272	331	207	164	423	122	266	401
	87	234	363	225	235	83	0	165	59	309	224	224	117	331	373	234	376	394	150	333	293	128	421	325	249	263	245	389	112	319	472
	86	299	402	251	240	191	165	0	207	382	348	323	120	376	446	398	452	398	313	461	457	225	566	462	285	397	321	544	71	456	435
	140	278	408	195	211	49	59	207	0	348	245	170	125	287	409	199	411	360	115	274	256	172	418	267	299	205	196	377	144	261	448
	315	83	87	534	543	388	309	382	348	0	137	509	415	634	66	352	71	702	326	565	387	182	293	544	108	501	542	320	382	536	778
	265	123	220	439	453	291	224	348	245	137	0	392	341	524	183	216	181	603	196	432	252	124	226	410	171	370	429	225	323	402	691
	287	445	575	128	159	147	224	323	170	509	392	0	204	141	568	248	568	237	204	151	285	339	514	162	467	106	48	456	254	160	349
	112	334	457	141	137	88	117	120	125	415	341	204	0	263	480	322	484	302	239	347	379	235	535	350	338	285	201	499	54	345	364
	369	563	693	125	141	249	331	376	287	634	524	141	263	0	695	387	696	104	343	233	420	456	654	258	579	224	97	595	316	259	223
	380	148	89	598	607	451	373	446	409	66	183	568	480	695	0	395	11	766	379	615	423	246	288	593	166	553	602	328	447	585	842
	318	323	436	348	374	237	234	398	199	352	216	248	322	387	395	0	391	484	86	230	59	252	268	204	364	182	295	209	340	196	594
	385	154	100	600	610	453	376	452	411	71	181	568	484	696	11	391	0	768	377	612	418	250	278	590	174	551	603	320	452	582	846
	413	627	754	169	165	315	394	398	360	702	603	237	302	104	766	484	768	0	432	335	520	521	748	361	636	327	190	692	350	362	121
	235	278	403	282	305	156	150	313	115	326	196	204	239	343	379	86	377	432	0	240	144	190	319	221	314	175	247	270	255	214	534
	410	517	642	275	306	273	333	461	274	565	432	151	347	233	615	230	612	335	240	0	234	421	485	31	550	70	182	418	391	37	456
	377	367	472	395	422	292	293	457	256	387	252	285	379	420	423	59	418	520	144	234	0	305	252	205	411	201	332	185	398	198	633
	145	107	237	353	362	209	128	225	172	182	124	339	235	456	246	252	250	521	190	421	305	0	347	407	130	352	367	336	208	399	597
	481	331	370	600	622	465	421	566	418	293	226	514	535	654	288	268	278	748	319	485	252	347	0	456	378	448	560	72	531	450	853
	406	499	623	289	320	272	325	462	267	544	410	162	350	258	593	204	590	361	221	31	205	407	456	0	534	66	198	388	392	8	481
	229	49	120	469	472	331	249	285	299	108	171	467	338	579	166	364	174	636	314	550	411	130	378	534	0	481	493	390	297	526	700
	342	450	576	233	264	207	263	397	205	501	370	106	285	224	553	182	551	327	175	70	201	352	448	66	481	0	148	384	327	61	445
	297	474	604	95	125	164	245	321	196	542	429	48	201	97	602	295	603	190	247	182	332	367	560	198	493	148	0	503	254	197	302
	458	342	403	551	575	423	389	544	377	320	225	456	499	595	328	209	320	692	270	418	185	336	72	388	390	384	503	0	501	382	800
	69	300	417	193	187	122	112	71	144	382	323	254	54	316	447	340	452	350	255	391	398	208	531	392	297	327	254	501	0	386	404
	399	492	615	287	318	266	319	456	261	536	402	160	345	259	585	196	582	362	214	37	198	399	450	8	526	61	197	382	386	0	482
	472	698	820	255	238	401	472	435	448	778	691	349	364	223	842	594	846	121	534	456	633	597	853	481	700	445	302	800	404	482	0

coordXY = Coordinates (x,y): line zero => x line one => y column => customers
 	403	384	445	275	303	279	317	469	265	366	262	162	359	179	362	97	352	238	174	14	41	344	76	10	432	75	182	47	400	15	322
	421	190	75	635	648	487	414	476	441	109	197	575	523	714	44	336	40	799	372	550	318	289	69	520	194	516	618	134	489	514	885

d_pit = Demand of item p at customer i in period t
 	26	72	94	66	53	62	92	96	52	75	70	85
	84	37	78	100	22	73	80	82	33	93	54	68
	60	90	59	96	91	63	28	29	69	83	19	78
	34	59	49	66	40	71	21	37	67	17	63	16
	24	86	29	51	67	60	76	59	19	31	81	94
	50	10	39	89	91	80	58	34	53	88	52	27
	25	95	76	59	76	81	73	15	37	18	100	68
	24	74	45	84	94	37	28	10	64	45	32	69
	42	73	76	38	33	44	63	59	33	64	37	74
	70	12	36	24	66	99	82	37	74	75	64	33
	74	99	24	12	27	100	33	27	41	58	25	44
	74	82	61	65	21	42	57	43	37	10	42	48
	17	85	75	61	78	45	99	62	98	66	65	63
	63	37	92	41	49	77	61	90	47	72	39	11
	25	91	66	94	71	59	99	35	51	97	32	26
	44	71	35	78	53	98	37	29	31	50	92	33
	97	26	49	32	19	86	15	90	60	74	29	64
	99	17	83	24	66	35	44	10	75	62	16	49
	64	73	27	75	26	11	32	70	95	29	87	11
	72	81	77	21	44	94	40	35	93	16	78	54
	98	96	11	94	58	40	86	78	27	79	32	94
	20	100	58	52	14	21	56	48	51	64	80	64
	99	69	85	90	27	66	15	88	17	62	70	96
	12	89	46	38	58	49	41	60	51	15	72	61
	99	82	94	17	63	96	94	95	72	37	95	96
	37	39	54	54	71	36	37	58	10	52	37	51
	70	33	57	39	85	10	77	90	18	63	16	94
	89	49	58	41	63	43	21	39	67	43	88	88
	89	47	57	27	30	66	75	78	85	49	50	52
	75	57	99	78	19	49	12	57	70	16	90	72

	78	48	22	32	75	95	84	77	63	22	97	38
	97	41	57	79	32	46	17	40	41	25	42	46
	35	37	22	47	25	23	99	97	63	31	48	66
	83	83	77	39	30	64	96	41	96	54	59	14
	25	69	74	37	89	68	13	84	71	82	27	96
	86	33	46	89	54	36	70	65	66	26	17	71
	71	21	48	14	45	51	26	47	19	87	21	94
	86	29	40	86	82	21	13	33	31	66	57	72
	74	52	67	39	45	86	82	49	53	79	13	22
	40	22	23	46	40	19	20	48	84	57	85	49
	42	20	34	44	88	64	95	49	57	13	34	92
	30	57	24	80	35	15	62	23	41	18	64	18
	72	64	20	30	37	57	73	31	41	76	38	82
	56	58	28	31	61	83	15	87	61	54	70	60
	59	12	73	54	38	93	47	16	62	47	34	97
	90	77	45	50	49	70	74	30	72	77	68	94
	58	70	62	55	15	46	46	82	54	54	73	86
	58	14	76	71	26	65	62	67	78	81	48	84
	51	32	63	50	41	91	70	12	12	26	43	83
	58	51	48	43	37	62	79	74	20	56	81	59
	15	62	46	96	31	15	64	17	36	62	58	68
	90	59	20	73	74	69	11	48	40	78	62	92
	61	52	41	36	62	33	99	39	83	60	20	16
	82	74	39	42	92	93	56	85	46	87	99	38
	72	35	52	98	87	90	51	14	100	49	80	64
	70	57	25	73	29	60	24	49	30	99	29	20
	78	44	31	62	19	79	46	96	23	66	72	60
	39	83	73	84	41	20	32	78	57	54	28	68
	41	44	28	12	96	65	99	23	29	78	67	99
	19	30	70	42	31	39	48	63	88	96	48	46

	69	12	90	70	97	31	81	94	28	97	66	71
	87	61	67	96	60	75	69	94	43	76	89	11
	30	12	40	79	81	66	10	99	69	39	31	79
	25	93	56	89	48	100	27	83	17	19	73	34
	93	27	39	55	98	29	51	61	88	67	41	49
	21	59	18	14	54	88	84	31	53	28	24	41
	36	74	20	37	29	93	95	90	73	100	95	77
	61	96	26	48	15	77	28	16	46	82	84	75
	71	47	24	33	58	91	34	11	12	98	23	68
	79	76	34	76	17	78	72	69	20	13	38	68
	72	41	40	15	76	91	39	59	37	30	80	69
	65	93	95	89	33	69	25	48	80	95	76	26
	90	12	44	42	87	81	15	19	87	82	94	79
	19	23	53	42	49	79	78	76	31	54	94	98
	84	24	81	87	79	71	13	64	68	73	53	64
	61	68	34	81	23	12	40	84	86	35	92	60
	89	81	35	45	14	55	90	51	80	35	47	86
	92	98	13	30	91	69	44	55	11	22	40	58
	42	98	58	67	60	37	31	50	19	56	63	50
	89	31	10	80	68	37	45	11	46	42	73	24
	86	71	96	55	75	34	45	82	43	41	18	27
	11	65	58	12	49	34	22	32	25	36	76	29
	92	38	55	28	29	52	28	77	16	57	39	61
	92	13	79	89	33	55	29	17	59	46	24	86
	55	24	95	56	54	76	93	68	85	80	71	18
	94	21	36	18	69	46	87	72	77	27	67	31
	70	76	13	80	61	27	68	37	96	21	39	51
	54	60	17	60	46	46	97	19	99	60	89	93
	61	62	54	67	87	43	99	24	58	71	38	31
	42	78	13	95	48	32	74	20	93	40	96	31

	69	28	78	64	11	90	100	65	23	36	33	87
	98	39	80	66	89	14	26	62	19	32	40	39
	71	26	91	92	14	23	40	44	24	83	27	36
	61	86	85	58	96	87	100	77	14	56	46	48
	97	61	33	28	28	54	36	80	21	12	41	62
	32	80	20	76	78	20	97	84	14	81	24	65
	90	20	54	22	40	91	39	60	78	28	12	15
	84	72	41	79	51	34	92	31	83	21	63	28
	66	11	32	82	82	95	91	24	52	14	67	97
	97	97	17	87	50	64	44	24	68	28	91	27
	68	20	74	69	23	88	15	12	56	63	89	87
	67	88	18	89	47	71	16	39	72	19	45	89
	50	84	54	44	97	74	86	27	22	94	36	10
	16	48	60	40	30	43	88	22	46	29	91	35
	53	29	86	64	80	13	70	11	49	36	90	55
	95	63	34	99	35	21	13	61	45	20	11	89
	49	94	19	88	97	72	16	25	60	50	60	12
	40	77	68	87	83	97	83	54	29	52	51	27
	14	14	80	91	86	59	52	13	72	80	37	45
	43	42	55	54	93	47	60	40	75	51	40	89
	40	86	79	14	60	25	25	21	97	42	80	27
	23	44	72	16	68	41	33	27	30	13	25	46
	91	32	56	81	40	95	28	35	94	71	47	41
	17	76	17	63	39	52	83	83	41	24	95	67
	62	44	33	48	47	20	26	64	67	43	24	44
	60	19	64	20	94	88	67	23	48	89	63	82
	68	46	63	31	51	60	20	59	27	58	86	55
	99	56	28	86	27	88	43	36	99	76	53	70
	47	76	88	11	42	59	82	60	43	76	49	16
	36	81	95	77	62	23	79	13	41	92	16	85

	86	21	43	67	95	64	37	22	83	95	75	89
	55	80	76	72	78	89	24	47	63	32	68	63
	56	45	27	98	69	34	67	30	72	77	41	49
	25	76	29	49	86	32	80	85	52	86	88	80
	28	69	29	56	44	53	70	43	97	61	24	16
	54	57	92	97	54	72	24	85	86	99	54	42
	71	45	74	25	17	67	87	13	61	11	22	58
	57	40	82	99	86	72	38	50	83	64	52	91
	69	67	45	63	80	84	32	98	30	41	69	67
	93	27	58	63	96	15	23	75	70	47	49	17
	12	39	88	66	17	71	97	55	72	72	67	77
	95	45	39	33	88	82	74	98	28	69	25	86
	66	40	17	75	34	76	26	25	63	70	85	60
	73	67	24	12	71	31	11	71	22	81	56	92
	38	83	88	81	72	41	97	28	27	40	58	25
	99	66	65	27	45	90	51	25	71	83	88	79
	23	16	96	34	14	69	97	62	74	83	16	50
	20	20	81	11	20	37	36	59	38	98	44	38
	78	75	94	92	59	99	56	71	22	87	31	45
	45	97	92	26	17	79	59	52	66	99	27	79
	41	28	95	37	43	64	55	88	58	34	47	77
	60	66	62	23	56	73	33	66	54	14	58	56
	91	72	45	12	67	100	65	56	38	11	83	25
	14	94	93	67	40	18	26	32	14	44	66	17
	61	18	58	34	93	93	30	29	17	37	50	75
	86	40	95	64	21	35	16	80	44	97	37	39
	18	61	21	15	24	82	35	28	84	13	58	55
	60	85	96	82	98	11	41	70	60	70	31	59
	100	83	30	56	21	46	20	45	77	51	53	60
	75	41	76	70	20	51	70	93	77	18	10	20

	91	21	91	74	26	83	69	37	96	81	69	63
	66	21	93	97	41	75	79	74	49	67	33	84
	91	83	61	30	86	13	90	92	70	37	67	100
	16	58	85	69	82	97	68	48	92	84	97	25
	30	67	11	37	38	89	25	39	90	13	67	26
	93	49	56	79	58	33	73	80	59	74	34	94
	38	29	46	30	16	95	97	59	61	18	29	36
	37	73	88	45	80	69	83	89	76	98	69	28
	38	75	90	46	27	71	21	95	71	37	63	84
	87	89	23	93	26	29	16	56	33	15	32	52
	46	26	62	28	97	19	64	15	80	69	12	69
	43	85	29	25	27	92	88	83	56	43	65	38
	52	25	93	60	13	56	42	95	14	79	36	57
	76	13	20	18	36	73	58	33	18	58	30	27
	32	91	89	86	93	28	84	31	74	32	10	97
	100	75	26	35	98	20	70	73	34	19	65	95
	72	89	38	68	98	26	33	48	53	84	43	36
	95	21	55	27	62	28	88	65	67	25	86	38
	40	62	60	36	94	32	64	26	47	63	79	13
	64	60	59	12	34	74	62	12	10	12	64	47
	91	86	22	43	54	23	95	82	22	65	11	13
	50	91	39	74	92	77	28	72	10	58	52	16
	45	18	93	61	97	40	72	91	70	88	48	13
	39	100	27	35	70	44	58	60	42	98	80	48
	37	39	44	54	58	85	79	15	99	32	87	48
	35	79	49	68	37	92	66	52	58	68	33	20
	11	70	65	45	82	26	83	15	27	100	46	67
	84	28	17	58	83	76	18	71	31	27	54	23
	23	93	37	12	86	33	92	81	90	12	52	22
	50	61	64	37	87	20	76	81	24	80	71	17

	64	28	93	84	70	82	55	26	34	74	49	29
	28	36	47	56	78	23	25	97	77	43	43	32
	68	94	67	36	94	68	48	54	83	38	95	91
	80	65	49	79	51	86	47	63	95	76	18	11
	17	59	83	43	45	10	29	94	64	13	69	74
	58	80	18	27	62	21	93	84	30	13	23	52
	51	66	27	95	32	59	33	65	96	47	20	17
	20	46	48	38	38	17	58	68	40	18	82	98
	93	59	95	97	55	91	25	89	57	56	83	73
	78	50	35	60	93	82	22	41	62	61	82	37
	20	75	36	77	10	85	81	94	26	19	86	15
	59	62	80	41	23	72	18	59	57	89	11	61
	12	11	45	42	71	41	50	29	49	87	58	10
	12	31	48	65	71	10	85	29	60	46	40	13
	19	88	63	46	28	35	45	68	24	29	13	12
	98	55	62	41	50	14	17	37	56	34	47	56
	77	43	49	40	23	46	79	22	72	44	86	60
	45	55	34	25	65	41	51	90	53	11	85	92
	96	31	79	24	36	90	39	74	90	79	63	71
	73	24	53	45	31	57	81	14	45	67	66	28
	95	36	12	45	62	67	66	22	57	74	64	83
	18	37	39	89	29	98	19	77	93	11	40	86
	91	24	58	44	16	95	84	15	12	33	23	41
	35	71	86	67	89	41	12	55	28	67	28	48
	23	14	34	41	80	58	10	87	66	54	35	44
	14	20	43	18	40	48	54	67	77	17	84	15
	57	98	59	96	27	80	61	95	47	54	81	92
	56	19	55	41	53	28	61	46	20	79	67	83
	63	82	62	28	94	72	53	95	70	28	64	31
	98	53	47	94	27	89	96	28	18	94	12	34

	16	78	73	74	91	23	19	27	62	49	57	34
	71	87	80	92	38	33	61	77	22	79	80	74
	63	62	96	15	74	26	97	49	45	11	58	25
	81	26	71	27	23	79	16	84	84	26	47	97
	72	38	29	56	47	56	84	64	39	79	69	56
	80	46	35	54	83	11	42	19	19	69	39	66
	66	36	89	39	80	62	74	23	86	85	28	76
	59	35	12	47	73	75	46	27	90	32	10	21
	39	19	24	58	54	77	92	28	40	50	14	71
	30	67	87	52	63	42	97	60	34	58	75	19
	82	40	30	87	36	40	17	67	14	34	19	56
	66	75	46	87	52	78	89	54	18	18	39	95
	62	50	81	22	69	89	82	75	92	87	30	35
	46	52	46	70	11	69	27	85	20	97	22	38
	20	31	94	53	79	69	57	17	76	86	25	89
	69	79	76	65	33	96	31	42	75	15	23	27
	28	55	35	93	70	30	58	90	64	12	37	33
	69	19	80	47	87	100	43	12	87	40	86	86
	93	99	73	47	96	81	40	82	76	23	35	10
	55	12	93	63	17	35	18	36	83	56	54	49
	59	76	36	45	57	54	77	93	18	54	89	85
	35	60	64	27	51	44	65	57	15	55	69	46
	43	43	35	19	99	89	61	74	38	29	62	49
	96	38	22	74	51	95	29	91	16	67	37	90
	68	12	95	80	85	42	55	88	96	27	71	79
	85	89	21	37	99	24	90	59	97	68	79	68
	93	86	96	92	68	19	80	39	16	82	20	87
	70	14	35	91	47	87	31	66	47	93	46	35
	39	34	62	60	73	100	74	23	62	93	22	55
	51	58	99	13	30	44	46	83	13	42	73	89

	91	65	62	32	90	51	98	78	94	99	51	60
	71	64	88	40	92	72	69	32	45	92	30	26
	86	71	97	10	84	17	55	92	15	95	79	72
	58	59	24	91	43	49	94	90	19	81	69	97
	27	29	77	58	47	83	32	36	70	60	60	87
	26	14	84	49	12	98	40	94	95	66	73	43
	61	63	42	55	44	71	17	68	32	19	62	66
	46	82	58	37	52	55	53	71	74	37	84	15
	78	24	61	67	61	64	76	93	51	81	61	46
	92	93	93	30	43	85	25	13	33	25	91	80
	37	87	85	92	91	70	60	62	71	17	12	15
	43	20	95	36	84	46	79	55	26	92	37	57
	57	29	60	22	35	84	35	48	100	13	96	50
	79	50	18	39	49	76	38	42	86	19	11	43
	55	84	64	68	98	20	40	35	81	28	28	95
	75	51	78	87	98	26	23	44	81	47	89	75
	98	81	23	11	33	67	36	53	75	67	56	88
	11	69	29	38	20	89	65	39	74	98	93	62
	28	96	65	87	17	14	46	20	93	38	62	58
	20	91	76	22	80	21	38	97	69	33	45	10
	25	78	37	31	40	29	47	35	53	70	75	31
	82	13	99	84	20	69	62	56	91	62	19	83
	90	92	13	33	12	34	23	95	67	37	87	45
	96	82	76	36	98	59	52	61	85	11	11	53
	47	61	78	77	13	39	45	23	38	11	11	68
	31	16	34	93	65	70	49	17	89	46	34	43
	96	43	21	24	72	57	27	59	83	65	50	80
	23	67	54	33	84	94	32	86	99	74	16	17
	39	76	43	34	24	18	69	72	83	36	36	60
	71	37	33	29	79	85	95	65	56	85	25	51

	33	29	96	11	40	75	68	44	16	48	14	98
	77	14	38	21	37	91	14	72	42	76	81	44
	75	65	14	69	85	50	27	13	50	19	53	51
	75	36	44	35	49	21	20	86	83	54	33	74
	18	63	52	34	25	64	46	15	100	85	86	99
	25	73	84	52	39	56	36	71	38	58	70	71
	74	59	88	99	44	86	23	49	58	19	35	49
	40	17	12	87	84	35	77	83	27	39	51	78
	44	31	45	75	54	31	92	22	68	75	89	19
	23	27	64	30	65	44	92	74	20	97	65	86
	71	35	75	23	72	66	64	15	28	45	90	67
	70	63	83	33	41	32	93	82	68	91	81	27
	34	70	65	23	21	26	96	66	86	62	90	86
	33	82	10	64	49	25	84	36	43	46	83	51
	55	83	23	31	59	64	27	26	91	82	99	72
	15	53	85	67	35	58	31	83	36	50	23	77
	92	74	37	47	50	48	86	85	84	11	46	93
	36	39	71	52	18	86	74	94	65	53	44	73
	67	51	72	52	32	45	89	51	10	49	79	90
	74	93	45	46	79	38	99	88	95	96	85	83
	70	88	49	93	67	90	73	91	68	36	45	52
	16	77	45	85	36	43	69	34	69	68	70	59
	51	42	56	89	36	90	54	71	94	16	15	47
	57	97	76	60	66	55	27	72	99	26	45	18
	49	95	30	61	58	85	22	70	89	51	13	26
	30	99	60	77	29	19	27	28	97	37	47	68
	43	28	50	48	50	57	55	62	40	93	63	37
	68	69	33	24	45	46	53	35	38	76	18	72
	59	66	86	85	81	80	100	36	26	64	17	90
	40	56	100	36	53	63	22	82	91	80	55	62

