***** PARAMETERS PRP *****

Number of Customers = 30
Number of Products = 10
Number of Vehicles = 5
Number of Periods = 12

B = Production capacity
	49640

b_p = Time required to produce item p
 	1	1	1	1	1	1	1	1	1	1

c_p = Production cost of item p
 	800	300	300	300	800	300	800	800	800	800

s_p = Setup cost of item p
 	800	300	300	300	800	300	800	800	800	800

M = Big number
	198558

U_pi = Maximum inventory upper bound of item p at site i
 	198558	195	169	106	119	147	90	106	119	197	106	113	107	184	176	241	130	117	114	121	133	300	88	127	319	209	275	265	173	158	282
	198558	189	221	103	101	225	157	191	181	314	236	93	178	256	192	285	308	123	144	155	166	296	158	108	115	273	289	114	114	179	134
	198558	97	256	96	209	323	113	199	92	243	119	216	224	97	211	115	79	271	78	165	274	283	170	215	131	202	239	248	111	157	182
	198558	218	111	160	112	180	126	229	177	270	258	116	123	162	222	125	288	108	172	199	256	272	269	151	214	198	107	281	165	243	270
	198558	234	275	194	300	265	90	262	261	225	220	153	279	147	113	296	155	263	173	95	161	144	205	122	214	87	125	230	190	264	113
	198558	169	177	230	281	103	129	164	106	189	320	317	137	202	216	303	172	208	190	307	149	131	202	215	166	111	229	131	266	195	68
	198558	154	145	98	114	216	251	253	153	169	168	235	190	245	105	107	106	200	72	318	239	127	286	286	183	287	267	115	147	208	216
	198558	266	160	163	244	333	225	87	195	261	207	278	123	206	119	110	84	133	224	285	199	159	123	213	235	111	132	112	123	235	139
	198558	166	135	347	111	316	232	214	341	104	295	204	186	269	118	134	117	226	105	223	180	268	91	107	145	158	215	330	253	109	157
	198558	243	269	145	250	275	120	293	125	78	109	252	141	105	278	365	220	58	229	161	223	313	268	170	143	168	123	150	279	140	102

I_pi0 = Initial inventory of item p at site i
 	0	150	121	42	96	42	82	74	58	142	56	90	17	137	173	170	93	112	86	27	83	222	45	74	252	95	200	201	102	40	89
	0	154	16	78	74	168	78	165	129	235	193	24	125	35	186	227	172	79	108	128	146	99	113	38	107	79	197	100	16	95	134
	0	53	191	60	101	204	83	110	74	202	52	130	166	31	194	94	21	62	25	91	181	177	40	96	123	160	164	217	73	154	135
	0	122	74	125	70	96	100	154	92	234	182	58	90	118	171	87	130	46	95	180	84	158	169	130	180	149	20	55	137	205	13
	0	50	126	28	60	57	69	59	170	75	86	115	264	52	96	188	151	184	134	45	125	100	155	96	99	52	105	171	27	157	99
	0	57	100	135	59	47	113	26	71	115	102	95	122	39	127	85	145	37	186	195	146	75	182	47	55	98	92	121	180	137	11
	0	83	108	70	84	189	149	213	82	153	22	157	20	195	17	53	59	173	58	263	73	45	140	64	65	200	162	51	142	75	56
	0	199	72	153	174	78	116	45	56	26	95	273	105	32	119	68	65	70	212	62	72	70	99	51	201	59	105	90	98	45	106
	0	71	134	268	53	263	109	94	238	66	156	78	155	20	110	99	61	222	101	62	41	43	39	81	11	129	126	49	36	30	122
	0	164	113	69	41	40	75	230	18	14	74	232	139	47	80	129	173	54	57	115	178	89	140	137	87	91	112	29	129	82	52

h_pi = Inventory cost of item p at site i
 	8	9	9	8	5	6	1	8	9	2	6	5	2	8	5	2	1	4	7	8	6	7	8	3	5	4	1	5	4	6	7
	3	7	3	8	6	4	7	7	3	6	3	5	5	1	1	9	5	8	3	3	3	2	8	1	4	2	3	7	6	6	2
	3	1	9	5	6	5	2	5	7	7	2	5	1	9	9	8	5	9	2	1	7	6	6	3	1	7	6	6	4	8	3
	3	2	2	2	8	2	6	8	8	9	1	9	7	5	8	4	9	9	6	7	9	7	2	1	5	6	8	7	9	6	4
	8	6	6	6	9	5	5	4	9	5	8	5	7	3	4	2	8	2	3	8	4	8	3	4	9	1	8	5	5	1	4
	3	2	3	4	3	1	4	6	2	3	2	3	1	2	6	1	1	1	1	4	8	3	1	4	6	1	2	1	6	5	7
	8	6	5	2	5	1	8	3	8	3	1	3	6	2	4	2	4	5	2	4	7	3	5	2	2	8	8	6	1	1	3
	8	2	1	9	9	9	9	3	6	4	5	6	6	4	1	9	7	3	9	2	2	4	1	9	1	5	1	2	4	3	2
	8	4	8	4	5	6	6	1	4	8	3	2	3	8	3	7	5	5	7	9	5	3	7	6	4	8	9	4	3	6	3
	8	6	7	7	9	2	8	7	2	1	1	1	5	3	1	1	4	5	1	3	1	5	5	9	7	1	3	2	2	4	7

C = Vehicle capacity
	3650

f = Fixed transportation cost
	28985

a_ik = Transportation cost for traveling from node i to node k
 	0	610	584	809	852	505	586	52	604	718	474	154	583	102	608	455	500	935	553	615	658	634	895	736	653	406	550	571	852	651	572
	610	0	269	374	297	315	181	562	183	363	167	471	78	511	375	204	202	355	59	301	235	50	294	179	352	319	78	82	286	42	181
	584	269	0	226	308	93	88	533	92	144	345	493	192	509	107	165	409	403	273	42	92	318	407	230	97	479	302	191	318	283	89
	809	374	226	0	186	309	247	758	231	107	511	715	321	733	234	375	565	266	410	197	165	410	322	217	174	662	440	328	207	362	259
	852	297	308	186	0	400	270	801	252	264	461	732	281	762	370	397	497	96	350	303	216	313	137	123	312	615	373	293	23	267	283
	505	315	93	309	400	0	153	455	165	213	347	430	239	438	113	147	413	494	302	112	184	364	493	314	149	460	328	234	409	338	146
	586	181	88	247	270	153	0	535	19	199	275	476	105	501	194	134	336	360	191	121	83	230	346	167	174	420	221	106	274	196	14
	52	562	533	758	801	455	535	0	553	668	432	122	533	66	558	404	461	885	507	564	607	588	846	685	603	375	505	521	802	604	521
	604	183	92	231	252	165	19	553	0	188	287	495	110	519	196	152	346	343	198	119	67	231	331	152	170	434	229	112	257	193	33
	718	363	144	107	264	213	199	668	188	0	473	635	295	648	128	307	533	355	385	106	129	407	393	247	69	616	416	299	282	363	207
	474	167	345	511	461	347	275	432	287	473	0	325	192	373	442	201	67	521	111	385	353	171	456	340	441	155	91	184	452	204	267
	154	471	493	715	732	430	476	122	495	635	325	0	454	56	541	343	347	810	413	530	555	490	762	612	576	254	406	442	730	512	463
	583	78	192	321	281	239	105	533	110	295	192	454	0	489	298	145	245	356	91	226	168	127	314	159	278	346	122	13	277	101	104
	102	511	509	733	762	438	501	66	519	648	373	56	489	0	546	368	399	843	455	543	577	534	800	644	586	310	450	477	761	553	487
	608	375	107	234	370	113	194	558	196	128	442	541	298	546	0	248	507	465	378	80	173	424	486	317	61	566	407	297	384	389	195
	455	204	165	375	397	147	134	404	152	307	201	343	145	368	248	0	267	483	173	205	213	249	453	283	259	319	194	134	398	239	120
	500	202	409	565	497	413	336	461	346	533	67	347	245	399	507	267	0	549	155	449	410	190	475	380	504	128	127	238	486	232	328
	935	355	403	266	96	494	360	885	343	355	521	810	356	843	465	483	549	0	412	398	311	360	98	200	406	672	431	368	87	319	373
	553	59	273	410	350	302	191	507	198	385	111	413	91	455	378	173	155	412	0	310	259	84	352	230	364	265	31	87	342	100	186
	615	301	42	197	303	112	121	564	119	106	385	530	226	543	80	205	449	398	310	0	95	349	412	239	56	520	340	226	315	312	124
	658	235	92	165	216	184	83	607	67	129	353	555	168	577	173	213	410	311	259	95	0	279	318	145	129	500	289	173	226	236	95
	634	50	318	410	313	364	230	588	231	407	171	490	127	534	424	249	190	360	84	349	279	0	288	204	399	314	85	131	300	50	230
	895	294	407	322	137	493	346	846	331	393	456	762	314	800	486	453	475	98	352	412	318	288	0	180	433	601	366	326	116	254	357
	736	179	230	217	123	314	167	685	152	247	340	612	159	644	317	283	380	200	230	239	145	204	180	0	269	494	255	171	118	155	179
	653	352	97	174	312	149	174	603	170	69	441	576	278	586	61	259	504	406	364	56	129	399	433	269	0	576	394	279	328	360	179
	406	319	479	662	615	460	420	375	434	616	155	254	346	310	566	319	128	672	265	520	500	314	601	494	576	0	242	336	605	354	410
	550	78	302	440	373	328	221	505	229	416	91	406	122	450	407	194	127	431	31	340	289	85	366	255	394	242	0	117	363	114	216
	571	82	191	328	293	234	106	521	112	299	184	442	13	477	297	134	238	368	87	226	173	131	326	171	279	336	117	0	289	108	103
	852	286	318	207	23	409	274	802	257	282	452	730	277	761	384	398	486	87	342	315	226	300	116	118	328	605	363	289	0	254	287
	651	42	283	362	267	338	196	604	193	363	204	512	101	553	389	239	232	319	100	312	236	50	254	155	360	354	114	108	254	0	198
	572	181	89	259	283	146	14	521	33	207	267	463	104	487	195	120	328	373	186	124	95	230	357	179	179	410	216	103	287	198	0

coordXY = Coordinates (x,y): line zero => x line one => y column => customers
 	475	133	391	361	176	447	305	464	300	427	143	348	209	401	493	322	83	102	151	414	324	84	40	184	452	115	129	214	155	111	308
	977	473	400	177	180	473	417	927	399	261	639	891	459	908	370	549	668	120	529	366	337	479	195	302	325	791	550	470	188	438	430

d_pit = Demand of item p at customer i in period t
 	95	55	54	62	11	75	85	73	43	50	81	97
	36	18	67	72	78	91	22	58	79	72	28	53
	42	80	43	55	31	54	13	48	71	85	65	48
	53	43	72	68	75	46	53	32	89	84	69	31
	42	51	33	42	67	63	65	34	13	79	11	88
	38	44	43	30	13	28	60	54	44	65	29	89
	74	58	63	49	12	81	51	78	46	15	68	40
	58	91	70	74	25	99	55	27	89	17	68	39
	50	63	29	65	36	26	16	97	23	31	21	15
	20	36	66	89	97	14	26	90	15	23	89	70
	90	81	66	27	76	12	27	87	19	14	92	85
	17	59	54	62	78	14	32	38	96	58	75	58
	55	49	33	28	31	86	30	68	57	17	70	28
	98	75	47	30	58	68	94	44	60	31	48	52
	20	41	25	84	86	76	79	70	18	42	96	85
	93	46	99	43	20	74	82	67	70	49	91	45
	51	61	35	90	54	44	100	56	71	40	31	69
	86	52	12	25	84	92	52	64	41	40	82	55
	27	11	84	62	76	29	82	52	82	58	73	89
	83	53	24	22	35	29	30	70	37	38	94	17
	61	19	73	69	13	73	93	67	78	69	25	79
	25	20	51	60	17	48	10	50	24	56	70	96
	74	66	97	100	72	70	48	12	89	24	28	84
	89	74	89	65	64	75	14	71	48	70	31	76
	95	28	58	37	57	30	30	67	63	49	27	87
	66	91	43	92	28	16	41	29	54	77	28	96
	78	16	95	12	20	71	74	51	11	14	99	94
	36	66	95	10	61	64	65	61	25	77	42	90
	40	37	69	17	86	50	54	70	37	86	45	40
	89	25	100	19	94	76	51	20	51	87	13	52

	70	51	33	89	43	83	72	53	23	87	60	90
	16	28	79	28	42	45	85	92	64	65	42	76
	78	39	66	65	20	31	74	66	92	21	16	49
	14	60	62	19	52	59	28	73	66	81	11	78
	41	36	91	99	85	50	20	34	49	100	47	24
	22	56	46	23	32	29	76	68	88	41	75	73
	42	54	69	77	65	42	97	78	56	73	90	21
	46	83	78	72	73	32	68	72	33	50	25	90
	68	84	83	68	62	84	10	76	55	91	38	35
	46	56	26	65	71	95	47	89	45	57	38	72
	24	33	24	84	29	68	46	38	60	75	12	67
	66	59	53	38	96	18	55	71	53	83	43	75
	35	43	51	74	35	38	95	52	58	60	15	58
	32	59	78	17	50	84	87	45	90	83	70	74
	15	78	52	82	58	49	92	76	61	41	57	24
	43	41	88	77	41	90	29	29	88	80	39	94
	79	87	51	15	79	83	100	10	70	55	48	61
	90	18	74	14	29	75	19	31	52	94	51	27
	66	46	16	80	83	72	16	88	15	43	67	26
	48	98	64	12	61	64	14	85	100	27	32	59
	99	36	50	18	79	56	61	88	19	99	71	34
	34	21	58	50	41	90	34	99	46	61	35	61
	28	10	17	52	46	38	85	69	85	73	51	94
	16	91	34	23	48	99	96	54	43	57	77	54
	79	50	89	97	40	64	78	83	67	67	33	73
	78	85	34	59	15	56	98	27	21	84	62	75
	86	14	31	99	92	28	48	91	55	29	52	61
	16	91	28	14	72	92	48	76	33	88	58	70
	95	56	26	89	47	61	73	94	93	34	10	39
	43	91	45	86	83	56	62	39	89	55	92	62

	53	52	10	62	27	54	97	54	47	41	42	41
	95	14	41	41	73	66	99	56	16	61	34	19
	60	98	75	18	18	31	45	95	14	33	62	24
	85	16	55	55	19	36	85	19	56	99	40	62
	98	61	45	75	77	52	49	74	76	16	87	64
	83	66	60	40	41	77	86	71	57	14	29	54
	66	44	28	13	18	54	58	41	92	97	47	38
	27	47	25	84	46	77	39	31	13	98	28	38
	48	52	76	26	12	79	28	13	12	76	81	81
	52	69	91	79	83	31	18	100	37	43	21	88
	84	46	89	16	87	78	83	75	90	82	86	49
	25	79	62	32	64	20	44	50	30	73	93	99
	31	73	31	43	35	32	96	92	87	23	14	25
	18	26	56	94	63	98	16	11	68	16	84	82
	94	80	24	48	86	19	27	94	39	38	82	60
	21	91	41	36	59	25	77	18	12	21	41	30
	62	41	57	67	26	98	38	24	14	62	95	67
	25	22	37	48	42	52	41	34	41	58	18	52
	17	58	16	74	53	28	77	55	39	91	70	80
	86	95	23	18	13	34	70	93	17	62	96	50
	62	29	86	100	97	22	64	30	89	18	49	33
	19	21	35	33	21	17	77	59	70	76	29	52
	79	17	15	72	42	77	43	79	36	63	73	50
	79	44	59	98	11	70	89	58	88	40	72	77
	86	74	46	74	56	91	53	26	91	62	64	85
	92	72	85	77	24	39	15	38	75	65	85	50
	82	64	71	60	97	90	16	46	88	44	65	21
	25	48	60	51	24	77	83	89	26	74	69	42
	81	73	33	32	77	25	78	55	77	40	26	32
	78	57	50	63	32	88	85	35	73	68	56	44

	85	37	69	50	81	19	31	59	62	75	73	13
	74	96	49	41	67	55	89	58	19	13	49	54
	28	97	46	24	17	53	96	63	62	35	33	84
	53	17	50	81	78	51	84	22	69	28	56	83
	96	11	81	64	92	94	39	40	84	54	25	41
	100	78	37	38	42	89	91	98	33	21	34	93
	75	79	45	43	30	62	15	19	54	65	12	51
	92	33	33	83	97	57	50	44	13	99	41	67
	79	58	30	67	87	43	67	26	68	22	12	88
	53	46	83	59	34	57	63	69	76	73	79	81
	58	99	19	40	96	34	18	97	57	34	70	76
	42	48	65	58	31	85	97	43	84	37	61	86
	68	50	60	48	25	99	54	31	87	43	13	71
	42	47	82	88	31	31	30	17	24	37	71	33
	87	39	24	64	32	93	88	44	74	75	41	90
	75	55	29	49	47	78	79	45	54	48	36	95
	46	64	46	31	16	71	51	77	89	91	50	18
	83	12	96	85	96	86	41	64	48	18	15	45
	83	21	43	33	47	25	57	28	72	64	48	75
	84	45	55	60	26	61	24	17	44	83	93	23
	20	20	74	44	85	34	14	60	96	84	65	56
	36	35	42	56	50	87	71	45	71	26	48	79
	12	30	88	79	63	46	29	61	38	67	56	36
	45	55	80	81	53	42	45	73	15	40	71	42
	49	100	54	20	42	69	41	57	22	12	49	80
	20	73	29	15	53	56	14	97	90	86	53	53
	55	50	41	77	31	40	69	87	90	52	11	71
	29	61	47	87	99	13	34	92	20	49	34	95
	96	38	48	23	42	85	31	14	59	32	79	35
	13	37	41	11	78	65	56	93	68	32	77	78

	50	21	86	17	96	49	85	81	47	77	46	47
	11	62	53	65	74	89	81	36	78	33	51	28
	28	12	82	31	83	46	59	51	55	21	56	58
	32	28	90	53	96	70	55	38	65	22	76	96
	27	30	76	95	42	46	49	95	43	20	94	19
	51	18	48	15	48	29	57	45	12	74	71	71
	59	32	41	59	99	17	68	72	90	92	84	73
	38	54	78	93	49	93	30	19	26	92	17	37
	14	61	35	35	31	53	62	45	63	50	31	61
	86	49	25	74	52	68	13	66	77	62	58	29
	81	34	47	11	80	61	22	71	42	32	89	41
	54	82	39	89	91	75	97	44	77	78	22	90
	52	66	36	12	77	92	31	81	69	10	25	36
	96	60	36	71	37	40	91	58	13	45	50	81
	78	11	99	57	56	55	94	12	79	49	85	36
	10	17	87	37	78	68	80	68	33	25	69	48
	92	44	48	94	98	20	95	55	41	89	71	43
	70	64	61	11	40	98	90	96	71	55	23	14
	45	29	20	12	24	78	47	52	60	98	38	69
	79	17	29	84	43	12	97	74	37	47	87	37
	21	79	63	22	52	15	26	34	67	33	89	74
	63	24	68	86	63	73	76	69	96	93	30	80
	96	98	27	52	16	76	94	64	37	54	18	100
	99	12	28	65	94	34	14	83	57	55	54	46
	20	32	94	18	22	43	10	86	80	14	22	82
	56	34	15	82	73	72	100	77	43	33	69	93
	83	27	61	85	95	26	58	42	17	85	37	73
	27	11	33	30	50	59	46	40	62	21	55	23
	55	90	12	65	21	65	57	29	89	38	42	70
	99	15	42	21	68	82	64	59	80	46	40	61

	25	32	13	76	50	83	90	77	27	81	88	34
	32	68	85	95	21	37	55	73	43	99	54	47
	71	64	55	14	17	37	49	80	62	15	37	52
	59	31	71	28	79	83	46	45	62	55	57	59
	47	61	77	32	14	60	52	50	71	84	48	21
	76	37	99	28	96	12	83	88	86	21	88	60
	26	88	14	57	45	21	51	19	32	85	25	29
	23	14	34	70	76	73	51	74	21	58	45	97
	59	56	88	44	49	67	12	59	15	44	49	26
	34	68	82	49	80	98	26	99	24	73	87	48
	95	71	77	54	82	84	92	68	31	71	13	23
	35	31	56	96	63	61	39	26	29	20	52	40
	19	20	73	67	37	28	22	21	97	42	95	85
	35	92	90	17	46	25	99	77	34	78	12	43
	85	93	75	34	96	43	16	12	73	91	73	36
	29	47	11	58	84	63	13	14	97	14	23	64
	20	17	67	34	58	83	36	20	17	14	39	94
	68	33	85	96	34	26	84	81	90	43	82	38
	99	96	40	85	48	78	73	37	52	25	43	61
	98	48	19	46	59	65	24	59	66	14	14	85
	75	76	48	68	86	54	84	87	74	37	80	14
	85	97	73	78	29	37	81	83	16	84	58	85
	47	68	50	69	62	17	55	83	47	49	76	23
	55	20	36	45	65	75	50	65	74	28	62	87
	73	25	47	36	88	65	53	15	94	18	84	67
	92	76	43	14	72	60	45	84	91	30	49	30
	51	70	44	82	96	29	55	96	97	33	88	47
	43	22	40	75	95	57	73	55	34	63	34	47
	67	41	15	14	64	47	87	43	36	43	57	70
	11	79	17	30	24	14	24	12	98	15	16	68

	56	27	94	13	55	86	56	59	18	86	54	10
	86	22	26	40	77	48	18	81	42	70	34	37
	21	49	37	92	44	33	48	37	94	37	74	22
	73	11	76	18	92	12	72	83	98	28	90	29
	61	79	15	34	34	19	59	28	41	57	25	67
	57	92	49	51	93	57	75	42	61	83	69	25
	56	16	45	96	22	58	54	97	57	77	93	88
	82	23	46	44	17	53	57	57	93	92	22	27
	14	79	60	86	13	45	25	26	59	97	78	94
	22	21	86	12	46	61	79	63	98	64	97	24
	73	84	49	98	33	48	66	98	46	27	40	43
	20	74	66	81	11	43	44	25	69	34	83	19
	46	93	56	42	39	12	96	41	42	86	84	99
	17	79	32	33	68	53	70	74	99	34	48	25
	53	67	53	27	70	20	20	29	68	90	51	94
	59	14	90	21	90	41	38	96	94	60	22	10
	20	45	77	31	47	96	82	57	60	30	42	12
	19	39	52	17	14	16	15	32	60	92	53	23
	94	58	38	73	63	12	94	80	39	52	81	78
	35	38	89	84	78	27	21	87	77	19	96	65
	45	97	95	81	72	37	42	98	38	37	44	78
	69	71	83	84	66	21	70	68	51	91	100	85
	46	18	70	95	47	52	66	80	66	73	30	43
	25	40	96	68	72	68	80	91	37	22	70	64
	28	87	85	22	97	12	34	43	95	15	88	82
	47	70	45	69	49	83	98	16	88	94	78	63
	51	45	44	97	40	30	73	44	33	82	51	97
	36	62	44	79	53	17	15	60	24	97	22	78
	22	53	14	53	34	39	71	77	86	21	69	86
	56	45	19	34	48	56	85	29	95	40	70	70

	55	69	75	72	19	68	19	60	69	87	18	28
	72	89	81	98	40	49	20	79	15	37	14	44
	57	96	12	46	50	35	46	12	90	63	57	87
	93	27	54	45	92	79	85	56	82	23	29	67
	37	41	85	90	51	69	99	31	53	79	81	83
	35	39	42	39	28	15	50	21	96	86	42	48
	45	64	63	42	37	22	41	54	87	15	41	12
	56	46	20	56	58	85	74	23	42	32	68	24
	26	97	36	39	81	36	75	15	94	45	16	66
	95	91	32	85	15	85	70	75	67	98	19	95
	71	99	66	37	65	84	76	90	57	60	48	80
	35	70	93	49	90	37	44	60	80	41	45	91
	32	38	74	56	45	12	22	60	45	19	32	59
	81	38	81	76	89	27	71	23	69	85	35	36
	40	28	40	53	62	30	57	50	72	87	84	54
	35	30	21	16	57	36	18	81	66	18	31	97
	20	50	65	64	95	82	94	11	75	64	93	83
	64	57	91	69	54	42	68	13	81	43	28	62
	62	54	66	34	25	63	55	53	83	53	99	36
	72	56	98	93	72	81	27	35	62	92	75	33
	70	22	28	94	73	80	58	61	21	26	68	35
	46	53	28	50	18	61	49	94	80	83	85	93
	22	29	22	41	97	69	80	93	69	23	31	63
	65	93	29	14	50	49	98	47	16	17	38	48
	59	98	51	78	75	75	87	32	58	22	19	10
	42	63	48	91	83	51	84	64	77	29	61	98
	63	27	42	82	85	16	86	60	60	13	68	70
	98	88	32	57	55	58	33	72	34	49	76	86
	45	98	26	57	100	27	72	11	54	77	61	76
	63	43	60	18	80	50	22	68	71	35	22	24

	71	31	42	59	22	42	96	13	69	44	80	94
	28	88	18	47	51	61	87	61	16	42	20	20
	94	89	37	48	56	41	95	85	76	40	83	88
	53	82	27	68	35	37	70	71	73	39	80	33
	88	34	65	76	75	34	35	64	80	84	80	43
	93	16	16	42	73	82	94	86	51	52	38	53
	94	85	19	52	24	62	53	87	19	92	28	26
	85	90	63	67	47	69	65	72	57	58	71	75
	66	47	53	58	58	73	28	79	32	30	37	62
	58	77	21	53	78	56	30	88	86	51	18	91
	78	99	81	81	77	70	90	50	35	89	49	17
	58	97	18	44	90	83	70	99	51	39	63	32
	20	85	81	74	96	90	49	54	40	27	91	99
	79	31	22	17	40	31	12	25	81	72	42	19
	99	35	99	60	74	88	76	44	80	42	38	68
	12	25	24	86	34	40	21	44	73	14	76	20
	67	55	100	80	71	40	42	42	77	13	21	69
	16	85	65	65	74	65	35	95	68	11	34	16
	62	24	50	12	98	51	85	97	78	63	25	25
	41	66	72	14	42	12	85	92	39	72	96	90
	43	70	55	88	56	84	14	46	69	53	22	42
	15	24	53	39	92	47	26	14	72	27	62	72
	19	62	83	30	59	36	98	38	26	88	52	51
	11	87	17	96	14	77	50	85	36	18	11	76
	94	35	58	18	61	35	63	79	79	74	18	18
	72	54	38	38	30	94	12	72	18	71	67	80
	49	89	62	88	25	73	73	45	68	65	89	67
	36	89	58	47	37	58	64	20	42	99	38	20
	30	26	31	81	44	79	22	14	95	43	90	98
	69	53	62	31	49	77	57	73	43	11	71	33

	68	96	12	82	83	52	53	48	73	11	65	86
	56	57	14	65	70	59	47	24	92	69	62	30
	17	21	31	25	54	29	26	59	92	71	89	65
	41	96	36	44	50	78	49	68	79	45	89	76
	40	33	53	67	29	28	94	96	83	74	32	32
	75	50	77	60	78	44	87	30	77	47	21	75
	29	70	50	81	91	37	59	18	49	66	81	71
	18	13	80	48	69	62	59	32	13	14	65	27
	14	23	47	16	22	67	61	32	71	23	79	11
	32	42	87	14	47	24	58	85	78	64	99	23
	98	88	46	56	99	19	70	89	72	33	66	21
	11	41	87	54	66	39	12	84	21	78	47	22
	28	19	93	35	82	54	44	50	41	90	23	69
	80	98	94	74	84	14	33	96	57	59	71	74
	48	81	77	38	44	97	63	84	99	98	89	57
	17	57	99	13	64	59	28	14	45	17	32	82
	28	26	21	11	11	24	21	12	71	69	16	36
	34	23	91	58	30	51	10	40	91	97	79	82
	22	93	42	54	21	99	26	92	80	21	70	22
	87	91	96	90	34	80	61	64	62	83	56	88
	89	48	81	85	48	97	48	93	58	37	35	33
	40	71	29	43	70	78	82	41	50	41	20	78
	47	38	52	75	97	83	19	21	97	37	19	96
	42	45	60	24	41	23	41	36	45	21	28	24
	30	50	11	92	56	39	49	15	34	50	11	68
	62	50	89	16	36	70	87	20	87	73	99	46
	29	68	63	68	92	16	14	37	52	26	70	64
	70	59	69	45	57	54	23	96	88	93	91	92
	53	14	15	18	72	37	52	57	21	33	16	32
	33	19	65	56	73	15	70	33	30	50	74	92

