***** PARAMETERS PRP *****

Number of Customers = 30
Number of Products = 10
Number of Vehicles = 5
Number of Periods = 12

B = Production capacity
	49517

b_p = Time required to produce item p
 	1	1	1	1	1	1	1	1	1	1

c_p = Production cost of item p
 	300	300	300	800	300	800	800	800	300	300

s_p = Setup cost of item p
 	300	300	300	800	300	800	800	800	300	300

M = Big number
	198067

U_pi = Maximum inventory upper bound of item p at site i
 	198067	285	288	233	236	182	181	175	135	105	102	219	273	170	177	115	144	220	103	205	159	206	107	95	204	89	144	200	103	269	300
	198067	378	169	338	103	104	305	161	192	166	106	93	216	222	154	330	120	226	273	243	272	269	189	157	194	115	261	320	112	222	272
	198067	162	255	121	127	295	252	237	265	249	152	207	177	106	96	309	106	241	135	176	196	175	270	221	249	272	95	270	212	95	169
	198067	178	123	301	102	125	315	144	107	263	112	161	242	209	116	195	246	195	117	303	211	179	246	173	217	265	120	125	228	93	337
	198067	162	100	203	221	97	226	105	191	96	147	220	207	192	221	168	347	298	94	287	102	265	246	250	174	218	295	209	167	132	95
	198067	206	173	293	104	201	225	279	353	221	135	305	118	241	158	160	132	98	282	121	128	205	200	117	102	162	272	241	250	229	260
	198067	177	155	102	158	243	97	102	270	255	348	103	125	222	105	231	106	150	283	225	237	132	314	135	119	299	210	151	202	181	203
	198067	190	106	293	191	233	133	231	259	96	103	112	94	207	252	241	206	94	83	202	108	182	94	249	133	133	120	122	250	242	92
	198067	130	134	106	225	206	216	100	270	247	227	166	198	346	238	191	167	107	194	241	192	218	247	305	205	307	206	238	213	244	197
	198067	229	255	111	141	211	241	96	161	114	170	159	240	204	310	342	138	226	104	175	224	201	207	336	120	221	116	332	106	127	190

I_pi0 = Initial inventory of item p at site i
 	0	133	110	96	154	179	98	152	61	86	83	52	28	40	55	96	61	111	77	38	76	198	41	77	158	66	32	83	97	64	155
	0	99	112	110	14	96	215	68	156	126	62	74	163	144	94	21	52	145	31	56	189	212	79	136	93	59	222	224	100	70	204
	0	98	189	65	104	162	16	11	132	43	33	81	94	78	87	167	55	63	64	91	193	116	184	87	37	146	37	163	141	46	94
	0	117	16	178	11	94	277	84	90	186	44	111	118	80	87	103	166	181	50	130	16	139	142	107	20	58	50	122	47	40	189
	0	107	64	156	131	85	17	55	150	67	53	186	181	173	213	130	63	142	20	186	39	137	65	153	27	60	132	123	90	123	64
	0	193	119	102	31	188	125	26	83	172	96	176	32	154	102	135	72	67	64	89	33	37	106	101	91	52	152	124	215	146	203
	0	121	94	13	11	138	85	63	100	220	281	89	120	214	100	75	85	115	168	78	200	99	165	132	68	12	164	42	46	151	125
	0	183	78	211	152	70	72	193	68	31	90	80	43	108	218	77	149	24	19	122	105	100	59	193	95	130	16	112	51	209	62
	0	86	51	54	149	101	142	42	243	135	188	49	169	181	68	70	122	77	90	214	34	196	71	171	140	46	61	230	166	198	179
	0	86	49	83	138	114	240	66	157	80	165	135	158	107	57	303	84	62	12	161	93	129	176	76	57	210	109	168	33	90	136

h_pi = Inventory cost of item p at site i
 	3	2	7	8	2	2	3	8	7	2	8	8	7	2	8	4	8	6	9	9	9	4	2	9	5	2	9	4	8	7	3
	3	8	2	9	9	1	2	4	7	6	3	9	1	2	6	5	5	4	2	9	1	5	4	5	1	7	6	8	1	1	7
	3	8	4	4	5	7	9	5	5	3	6	9	1	5	7	1	3	3	8	4	8	5	9	1	1	5	1	5	4	3	5
	8	1	1	3	3	1	8	4	5	2	8	7	3	6	4	7	9	2	6	6	6	8	5	9	9	9	2	4	1	5	4
	3	5	1	7	7	9	8	1	6	1	6	7	6	3	9	5	7	8	9	4	2	2	8	6	5	9	2	2	1	6	1
	8	9	9	5	7	8	7	1	6	6	1	5	3	8	8	3	1	4	3	4	5	3	9	2	2	7	7	2	9	7	4
	8	7	3	9	7	2	6	8	6	8	4	4	1	8	2	4	8	3	3	9	1	6	6	3	4	7	4	7	2	4	1
	8	2	5	9	4	6	4	2	3	7	4	9	8	5	6	6	4	5	9	1	9	7	4	9	1	5	6	7	9	7	6
	3	7	5	4	5	8	5	4	9	1	8	3	1	1	1	1	7	4	2	2	6	1	7	5	5	5	7	2	7	6	2
	3	6	1	2	2	4	7	4	3	3	4	6	4	3	7	3	1	2	6	5	2	2	5	9	5	4	2	7	6	7	1

C = Vehicle capacity
	3780

f = Fixed transportation cost
	30752

a_ik = Transportation cost for traveling from node i to node k
 	0	342	200	621	267	186	154	144	551	297	299	318	366	465	605	237	371	518	570	222	353	458	244	126	119	203	575	359	628	115	162
	342	0	377	510	332	195	454	421	244	637	44	63	622	164	371	319	406	276	251	448	258	119	115	261	328	529	303	454	491	455	499
	200	377	0	783	449	316	340	339	619	352	345	387	246	535	719	419	556	624	628	74	500	492	330	291	312	356	667	554	782	252	301
	621	510	783	0	361	467	596	561	394	851	507	457	987	398	233	389	277	276	429	831	285	493	475	501	510	675	314	336	46	681	690
	267	332	449	361	0	167	243	205	423	496	298	272	631	354	402	31	108	338	455	486	142	404	228	160	151	327	407	127	374	321	333
	186	195	316	467	167	0	265	230	370	476	153	150	534	286	422	144	267	333	393	369	184	297	80	72	135	345	390	292	466	287	323
	154	454	340	596	243	265	0	39	625	256	411	414	440	544	638	221	321	564	651	340	373	561	342	195	131	86	629	280	613	107	95
	144	421	339	561	205	230	39	0	587	292	378	379	460	507	599	183	288	525	614	348	334	526	308	161	95	125	591	252	577	128	129
	551	244	619	394	423	370	625	587	0	845	275	239	863	87	178	427	441	123	38	688	286	148	309	440	496	709	87	510	357	657	692
	297	637	352	851	496	476	256	292	845	0	594	614	282	760	882	472	575	801	866	300	619	754	540	408	363	180	863	529	868	190	164
	299	44	345	507	298	153	411	378	275	594	0	51	588	191	387	283	380	290	286	414	241	160	74	218	285	485	325	423	491	412	456
	318	63	387	457	272	150	414	379	239	614	51	0	627	153	339	261	344	242	255	453	197	147	75	220	285	493	281	393	441	428	468
	366	622	246	987	631	534	440	460	863	282	588	627	0	778	952	602	733	858	872	175	714	737	565	488	481	404	906	709	992	334	356
	465	164	535	398	354	286	544	507	87	760	191	153	778	0	217	355	388	129	108	603	227	97	223	356	414	627	140	453	368	572	609
	605	371	719	233	402	422	638	599	178	882	387	339	952	217	0	419	375	97	208	781	266	309	389	481	520	724	91	448	191	696	721
	237	319	419	389	31	144	221	183	427	472	283	261	602	355	419	0	138	350	458	456	155	398	211	130	122	306	418	150	401	294	309
	371	406	556	277	108	267	321	288	441	575	380	344	733	388	375	138	0	335	476	592	163	457	316	267	253	398	404	73	300	412	415
	518	276	624	276	338	333	564	525	123	801	290	242	858	129	97	350	335	0	159	687	197	225	295	396	440	649	70	407	243	613	641
	570	251	628	429	455	393	651	614	38	866	286	255	872	108	208	458	476	159	0	698	320	143	327	463	521	734	118	545	391	678	716
	222	448	74	831	486	369	340	348	688	300	414	453	175	603	781	456	592	687	698	0	552	563	393	332	340	338	733	581	833	240	283
	353	258	500	285	142	184	373	334	286	619	241	197	714	227	266	155	163	197	320	552	0	295	194	228	257	458	266	227	282	434	456
	458	119	492	493	404	297	561	526	148	754	160	147	737	97	309	398	457	225	143	563	295	0	220	367	431	639	225	515	465	570	613
	244	115	330	475	228	80	342	308	309	540	74	75	565	223	389	211	316	295	327	393	194	220	0	148	214	420	343	354	465	354	394
	126	261	291	501	160	72	195	161	440	408	218	220	488	356	481	130	267	396	463	332	228	367	148	0	68	274	456	274	505	219	253
	119	328	312	510	151	135	131	95	496	363	285	285	481	414	520	122	253	440	521	340	257	431	214	68	0	214	504	242	520	177	202
	203	529	356	675	327	345	86	125	709	180	485	493	404	627	724	306	398	649	734	338	458	639	420	274	214	0	715	350	694	104	56
	575	303	667	314	407	390	629	591	87	863	325	281	906	140	91	418	404	70	118	733	266	225	343	456	504	715	0	476	276	674	705
	359	454	554	336	127	292	280	252	510	529	423	393	709	453	448	150	73	407	545	581	227	515	354	274	242	350	476	0	363	380	375
	628	491	782	46	374	466	613	577	357	868	491	441	992	368	191	401	300	243	391	833	282	465	465	505	520	694	276	363	0	694	706
	115	455	252	681	321	287	107	128	657	190	412	428	334	572	696	294	412	613	678	240	434	570	354	219	177	104	674	380	694	0	53
	162	499	301	690	333	323	95	129	692	164	456	468	356	609	721	309	415	641	716	283	456	613	394	253	202	56	705	375	706	53	0

coordXY = Coordinates (x,y): line zero => x line one => y column => customers
 	199	40	14	485	359	195	350	342	92	299	66	102	20	100	258	338	445	212	57	31	295	11	132	228	283	367	172	485	447	265	312
	667	365	741	116	454	482	696	658	127	946	400	365	986	213	65	476	390	150	115	812	328	250	433	545	584	780	93	451	91	760	783

d_pit = Demand of item p at customer i in period t
 	74	44	15	24	18	68	84	30	98	96	58	75
	37	49	24	92	14	62	96	91	59	90	55	21
	60	36	39	89	53	22	54	43	23	53	56	32
	34	73	47	23	28	85	32	93	43	68	99	82
	27	23	53	76	60	37	41	25	47	45	24	89
	98	22	77	82	53	54	26	46	97	35	59	75
	12	63	28	49	79	67	58	79	37	82	54	92
	61	79	64	33	80	85	86	95	48	94	45	40
	86	80	56	17	91	83	42	42	30	22	57	21
	70	13	50	20	75	76	88	38	27	50	35	67
	52	36	48	89	51	63	56	30	64	52	63	53
	28	19	92	58	35	99	99	86	23	81	12	23
	40	17	83	76	37	71	84	83	94	24	54	16
	21	34	62	41	31	67	90	76	40	87	63	96
	59	37	30	50	50	55	95	29	95	72	40	80
	61	27	31	34	14	21	96	26	82	26	77	81
	42	69	37	48	47	50	83	90	69	12	94	19
	62	15	38	86	18	23	83	94	43	60	40	53
	16	10	12	11	37	84	59	68	19	92	50	35
	65	11	94	85	18	43	60	84	15	52	83	26
	88	15	95	92	88	83	39	27	96	85	39	75
	41	58	77	15	67	67	25	23	93	78	51	47
	21	56	20	31	96	12	36	76	32	61	93	33
	46	48	64	91	85	28	56	27	29	24	51	62
	14	14	38	29	25	51	52	48	97	63	34	67
	32	69	50	31	48	20	82	26	13	52	86	65
	83	82	87	72	70	15	53	76	42	83	82	56
	22	39	36	40	20	85	69	33	34	54	90	93
	64	53	21	71	52	13	35	86	95	38	35	82
	20	44	10	81	91	66	85	63	28	99	51	82

	99	20	57	85	64	80	39	93	88	100	92	89
	21	91	35	92	58	49	59	63	13	56	46	91
	87	23	53	59	92	90	87	67	89	62	59	42
	14	98	16	94	52	25	77	66	54	54	23	45
	62	34	77	99	67	85	44	40	20	19	50	28
	20	75	31	89	99	70	90	21	97	24	85	31
	27	41	26	41	76	12	25	89	67	88	99	54
	82	74	44	23	38	77	16	62	12	40	80	28
	94	32	65	12	80	59	70	82	20	81	47	21
	62	97	97	13	77	18	45	13	29	75	22	88
	26	48	67	71	89	73	22	58	35	24	26	18
	82	49	32	83	56	96	28	16	46	69	11	81
	77	67	35	24	83	24	66	74	21	61	90	44
	57	37	61	96	53	87	44	32	34	36	41	36
	21	98	98	92	60	37	50	89	78	51	67	50
	52	79	19	80	12	75	83	74	54	63	44	82
	12	45	43	45	66	23	62	16	56	53	35	87
	11	20	25	63	95	35	89	24	85	75	61	71
	41	15	69	39	25	89	66	15	80	67	11	67
	17	22	50	100	86	58	45	69	31	75	19	80
	60	50	77	25	66	90	38	41	49	93	30	26
	40	39	99	100	70	71	55	88	47	51	55	42
	82	11	33	10	30	91	80	18	25	13	61	18
	93	36	83	18	19	82	44	61	85	32	16	13
	59	68	26	61	97	45	95	60	80	14	66	17
	94	49	25	54	28	22	75	76	93	85	88	93
	50	49	87	38	64	75	73	90	41	57	67	78
	100	79	34	19	42	84	50	49	85	41	72	14
	70	53	41	73	85	44	96	21	95	28	33	28
	90	40	74	93	48	53	11	44	28	52	41	79

	98	64	60	18	83	37	60	87	29	34	34	44
	13	87	89	15	78	81	42	83	75	32	86	85
	33	32	71	80	54	45	65	11	92	96	59	87
	31	35	38	45	42	29	37	13	53	88	64	31
	37	18	63	44	68	53	93	53	37	89	97	56
	16	55	62	77	51	43	94	98	38	57	70	94
	11	92	66	33	47	41	44	70	20	38	91	16
	75	57	36	99	20	71	42	44	70	30	65	27
	43	92	59	95	78	71	59	42	33	50	60	65
	33	64	24	42	88	49	73	53	76	17	56	32
	81	48	77	70	27	13	90	21	64	40	27	63
	60	34	45	22	38	24	55	60	81	56	27	28
	78	80	26	35	71	21	38	46	57	83	18	80
	45	42	71	36	29	36	62	52	23	39	75	64
	88	79	25	62	58	15	87	99	12	97	83	36
	55	31	74	83	63	24	29	94	11	68	82	22
	63	89	49	47	76	41	95	50	58	73	12	69
	53	11	87	80	83	13	27	65	17	21	58	26
	45	46	91	32	10	79	47	72	90	50	94	49
	93	50	50	50	67	71	11	87	98	100	60	47
	30	86	98	24	51	49	11	91	93	33	35	99
	22	66	96	84	79	57	39	80	59	85	86	56
	29	58	60	37	90	68	61	43	69	74	32	41
	37	83	83	72	40	73	41	24	76	98	53	68
	34	25	87	36	82	47	62	94	36	39	74	36
	13	24	73	83	46	38	98	20	68	28	20	57
	91	72	86	30	80	66	16	29	17	53	95	12
	62	79	75	86	44	66	73	77	85	98	11	92
	46	85	85	16	92	43	22	71	19	18	43	28
	22	72	64	51	97	40	58	16	18	40	14	15

	35	23	59	85	34	86	31	49	46	42	29	15
	16	76	80	27	100	89	69	92	24	38	80	45
	52	47	79	68	75	81	39	97	11	59	21	93
	11	99	41	56	31	55	56	81	25	49	60	49
	94	70	33	58	49	51	43	61	86	56	93	54
	21	79	87	90	26	56	39	72	86	69	53	78
	44	40	68	91	16	63	82	11	43	41	34	44
	90	14	68	77	34	11	57	47	62	80	42	57
	46	21	57	62	42	81	13	61	85	57	87	20
	44	88	18	93	13	13	57	93	100	40	29	84
	39	72	77	27	65	42	93	76	21	44	39	50
	86	17	15	70	24	73	71	77	78	37	90	89
	39	41	89	21	47	55	96	16	68	73	19	63
	87	58	48	57	62	20	54	52	53	27	84	95
	83	20	38	47	40	38	63	99	93	84	84	91
	72	57	37	58	89	90	39	84	21	54	99	37
	22	97	27	35	76	29	80	59	75	61	15	10
	50	15	60	66	74	64	38	100	45	39	73	76
	95	35	55	15	82	50	91	46	75	86	49	49
	16	49	64	22	18	55	24	94	70	94	72	55
	90	49	88	95	39	16	47	69	45	85	56	35
	49	93	61	85	66	46	85	14	81	39	63	55
	58	49	82	63	99	46	13	23	40	87	90	43
	20	85	51	87	24	58	71	50	63	19	90	34
	58	92	56	70	35	81	38	44	38	65	44	14
	39	11	75	51	39	69	36	62	100	51	89	99
	58	64	67	78	95	56	82	37	76	42	41	56
	47	67	49	54	10	86	16	14	31	80	26	66
	40	64	38	34	89	68	34	49	38	10	55	40
	73	98	18	98	72	78	52	81	25	36	89	88

	32	75	61	34	92	67	60	29	30	41	64	64
	64	39	52	36	33	35	38	99	20	80	47	57
	79	77	92	50	66	87	26	51	89	97	21	76
	48	38	45	64	64	74	64	57	52	37	64	56
	85	56	66	46	45	18	72	42	31	45	67	11
	17	36	19	88	29	20	86	60	23	40	62	62
	55	16	17	29	21	17	37	48	21	66	50	44
	82	68	61	40	62	40	72	83	51	93	56	57
	67	41	27	94	61	43	57	30	30	20	11	95
	53	99	30	40	13	91	46	58	13	69	38	37
	96	14	76	40	12	27	58	91	49	75	80	43
	30	77	61	13	53	78	68	21	21	61	79	60
	78	76	19	21	80	12	84	79	100	50	76	93
	36	66	88	23	90	55	44	17	93	35	77	38
	84	46	90	55	79	23	19	57	50	70	84	16
	63	76	93	99	83	79	90	70	25	16	51	88
	58	84	32	86	33	37	64	83	30	41	85	81
	20	77	46	36	28	69	45	48	12	59	98	25
	32	63	91	62	44	31	39	30	84	63	63	86
	39	96	55	62	11	58	67	47	87	23	39	27
	31	64	42	87	95	91	71	99	44	25	48	99
	23	42	74	31	87	67	45	99	71	82	96	21
	99	54	66	58	98	37	83	82	43	20	45	65
	27	22	15	43	37	18	80	31	21	31	53	39
	60	17	47	40	65	60	44	78	83	56	62	42
	38	94	11	22	70	54	94	54	43	88	90	50
	24	10	89	58	58	51	70	26	92	12	54	84
	65	25	11	34	66	23	45	71	40	43	63	14
	51	17	18	37	11	75	24	86	42	82	58	25
	64	91	47	80	63	46	15	31	18	22	16	78

	99	94	89	65	28	72	27	98	51	75	81	46
	91	28	92	29	18	88	84	90	29	50	15	77
	80	22	91	53	40	13	28	83	96	36	85	75
	12	19	28	88	37	57	29	60	71	91	41	91
	24	75	89	64	88	99	59	88	28	62	30	97
	85	40	27	87	57	80	50	29	49	55	77	40
	26	95	46	16	77	93	15	13	91	85	83	30
	83	72	98	99	56	16	92	49	67	49	87	78
	30	58	84	57	47	46	92	24	83	99	28	15
	36	60	67	78	55	71	95	90	50	47	60	99
	83	93	14	86	26	99	33	81	12	98	88	19
	32	99	36	95	72	80	45	23	75	28	52	73
	55	21	35	43	16	57	72	25	58	55	73	68
	31	49	22	69	52	81	41	48	91	59	71	16
	48	37	19	31	29	57	83	80	59	96	28	72
	72	86	40	80	51	70	97	31	21	84	61	97
	15	19	33	36	57	100	19	87	58	48	49	67
	64	96	17	25	48	78	51	15	36	92	67	87
	16	44	29	71	29	84	95	81	93	95	45	44
	33	86	14	17	45	26	47	47	54	34	46	62
	37	96	42	15	26	49	82	36	23	67	69	72
	69	17	20	64	69	99	28	10	34	29	98	62
	42	37	22	11	62	63	52	78	30	27	32	10
	74	17	31	21	58	61	17	88	44	75	86	41
	52	54	89	26	15	36	17	32	38	95	20	13
	37	57	58	29	96	89	32	69	24	48	89	24
	35	89	93	24	34	27	54	89	66	52	71	89
	98	87	30	28	36	78	99	47	69	64	80	35
	89	12	26	19	93	28	89	74	92	52	56	58
	74	35	94	58	100	29	60	62	17	31	32	33

	52	21	48	75	38	96	87	37	42	41	81	91
	94	83	46	76	16	41	66	15	35	49	80	18
	13	94	95	15	16	38	51	64	42	73	31	81
	11	31	70	29	27	63	33	60	37	13	81	20
	31	77	30	14	77	39	78	81	84	82	90	47
	74	11	42	74	32	25	85	57	20	81	53	30
	44	19	86	20	33	12	95	33	93	59	58	58
	36	64	52	83	61	15	46	45	34	83	66	62
	91	33	83	13	52	22	24	88	26	70	92	18
	41	60	94	86	93	92	38	14	98	100	32	88
	20	59	10	85	42	69	47	23	58	12	94	100
	62	58	84	31	38	64	21	70	80	58	86	99
	90	27	39	58	59	64	45	16	95	47	64	61
	100	14	83	10	99	46	30	27	89	13	61	55
	57	18	91	13	24	72	95	54	27	13	28	63
	36	49	63	16	33	100	59	44	88	51	62	37
	25	90	43	48	42	61	61	68	38	77	22	23
	45	63	12	48	99	86	45	98	45	27	62	50
	42	23	13	37	87	89	28	98	81	69	49	59
	53	46	46	55	96	51	27	57	84	90	12	95
	57	42	56	35	39	45	22	40	37	61	66	27
	89	76	14	27	36	79	73	91	28	84	59	98
	80	52	15	56	72	81	92	43	75	64	83	95
	68	62	28	36	83	67	23	50	94	96	97	10
	12	75	86	85	45	16	35	62	68	76	89	68
	80	84	82	54	10	100	99	51	94	95	41	50
	42	33	74	23	39	45	95	39	78	30	41	63
	46	51	68	21	78	51	68	35	42	80	42	24
	44	78	29	84	13	18	50	87	64	24	23	28
	34	44	26	21	39	24	22	44	95	90	86	84

	67	95	21	62	37	12	40	14	78	59	46	39
	59	19	68	24	99	34	57	12	74	68	34	85
	63	95	53	79	27	52	75	52	44	76	22	65
	60	92	59	80	56	45	76	50	59	86	52	50
	70	54	10	29	35	44	75	17	69	99	25	31
	21	51	68	97	30	84	98	82	83	62	93	30
	41	80	51	21	62	55	41	43	66	68	96	68
	68	67	77	65	40	53	92	15	24	47	54	19
	31	44	26	59	43	90	92	14	38	19	89	32
	90	45	32	62	13	69	35	78	17	94	26	54
	80	47	96	44	98	70	13	55	44	51	46	25
	43	75	17	61	26	34	72	37	90	11	64	34
	97	11	98	15	27	20	82	56	55	86	14	60
	69	98	51	93	79	24	74	17	26	47	100	79
	11	66	49	48	90	43	57	23	28	54	16	93
	99	50	78	96	60	49	56	83	100	51	23	80
	24	94	14	23	14	59	44	69	95	18	43	65
	19	52	30	54	47	21	61	69	30	15	45	52
	95	27	75	100	26	77	81	86	76	26	91	46
	16	89	47	85	38	57	46	22	88	26	72	61
	58	42	92	76	88	49	26	35	47	56	77	80
	59	48	72	35	19	14	36	92	38	67	48	37
	96	47	50	41	19	32	69	34	47	62	58	43
	95	44	99	70	37	51	28	91	82	75	34	90
	61	59	10	99	33	98	74	54	81	79	89	62
	16	65	76	96	73	80	71	36	60	19	63	63
	80	32	50	89	34	51	96	69	68	89	13	59
	51	75	74	68	66	30	45	49	41	97	88	65
	96	55	58	80	28	59	47	73	40	15	98	77
	62	21	25	48	82	12	38	82	53	45	38	43

	33	53	96	29	16	57	16	31	17	19	55	97
	34	17	55	53	47	11	18	31	53	49	71	97
	54	59	70	24	13	42	59	46	82	94	24	67
	44	22	33	50	91	22	90	41	92	33	82	75
	48	53	79	18	95	93	22	30	49	73	13	46
	47	49	46	76	31	60	70	88	27	55	57	43
	20	22	69	61	11	14	66	28	89	63	85	69
	60	90	93	82	18	79	96	16	27	59	97	93
	33	15	16	71	23	82	58	78	46	58	60	53
	55	17	50	66	91	100	43	79	19	62	25	74
	49	65	31	23	16	76	83	65	38	35	86	95
	87	53	29	47	81	87	52	48	96	43	87	82
	91	90	42	82	47	65	15	48	97	61	96	96
	21	47	65	47	100	87	73	45	48	32	69	79
	41	29	98	77	36	20	82	21	56	36	63	13
	53	69	50	17	12	50	72	39	27	85	99	93
	61	16	16	58	17	50	46	81	100	99	31	66
	90	82	20	33	83	60	83	36	84	42	63	98
	27	94	93	11	56	86	71	16	80	12	86	92
	34	60	76	19	76	83	13	13	88	67	33	13
	79	21	22	74	17	55	35	47	25	23	85	39
	71	90	86	70	97	13	57	63	82	15	54	42
	94	77	23	21	65	18	37	72	95	65	72	93
	89	51	18	62	75	51	28	17	85	28	79	31
	46	36	42	84	44	45	91	91	17	77	94	70
	61	82	26	37	47	99	57	41	93	88	100	92
	97	65	68	77	11	40	70	16	81	74	98	18
	38	40	88	64	60	46	24	92	38	71	26	51
	11	26	79	82	44	57	22	57	89	11	21	87
	89	90	87	60	28	22	18	35	55	58	36	12

	86	87	19	62	83	33	74	32	78	79	11	43
	49	65	89	11	13	40	63	69	65	55	17	76
	12	71	64	26	71	35	85	80	91	12	90	26
	99	39	35	43	60	16	99	52	30	17	26	47
	72	42	98	11	16	17	24	22	47	47	82	28
	89	65	86	26	82	15	19	56	58	81	77	70
	23	43	51	32	88	40	14	57	95	14	51	65
	33	37	87	84	79	30	95	41	24	60	56	18
	64	16	63	53	90	80	83	79	39	52	44	21
	88	27	50	40	40	88	86	41	92	41	12	74
	64	10	13	48	63	76	39	18	54	13	61	19
	65	12	81	14	41	49	35	70	73	12	40	84
	62	45	41	95	57	89	93	25	66	99	83	59
	57	22	77	83	27	17	97	85	88	50	62	80
	72	64	94	73	70	26	91	97	60	22	56	96
	46	38	91	81	13	53	17	84	12	25	23	67
	62	87	14	16	32	14	92	68	94	93	37	68
	12	74	32	99	65	63	54	85	25	33	29	52
	22	69	26	44	64	97	99	54	63	39	25	96
	82	11	88	45	14	44	62	18	39	32	18	85
	13	68	48	46	45	38	26	79	21	80	83	56
	32	95	36	13	38	68	96	45	43	16	64	76
	76	85	74	74	100	25	88	97	85	17	32	53
	57	11	59	48	27	61	16	32	61	64	32	13
	51	50	66	43	14	21	42	67	31	12	99	35
	34	19	15	41	81	50	60	85	14	16	21	27
	83	85	69	99	45	61	32	97	90	31	55	49
	15	18	74	70	28	85	96	16	27	56	74	74
	67	23	94	36	93	91	66	91	44	45	55	57
	46	90	97	95	65	22	99	61	78	14	14	78

