***** PARAMETERS PRP *****

Number of Customers = 30
Number of Products = 10
Number of Vehicles = 5
Number of Periods = 12

B = Production capacity
	49311

b_p = Time required to produce item p
 	1	1	1	1	1	1	1	1	1	1

c_p = Production cost of item p
 	800	800	800	300	800	800	800	800	800	800

s_p = Setup cost of item p
 	800	800	800	300	800	800	800	800	800	800

M = Big number
	197243

U_pi = Maximum inventory upper bound of item p at site i
 	197243	175	113	254	116	186	196	273	130	292	190	226	95	100	297	98	105	363	93	260	267	276	350	97	132	143	276	151	89	208	233
	197243	266	200	172	121	202	238	87	289	221	125	81	268	188	108	83	150	100	116	138	175	130	128	237	283	129	312	218	328	170	190
	197243	94	200	267	149	239	178	225	148	214	104	109	286	170	152	271	244	282	238	94	153	143	310	250	220	206	313	288	139	101	120
	197243	97	229	254	210	217	218	237	309	179	153	160	265	229	259	253	266	180	170	107	275	97	192	208	241	169	103	125	113	210	175
	197243	208	120	197	116	126	273	196	220	201	323	164	174	198	193	135	241	248	210	112	305	165	95	296	92	216	205	121	259	305	169
	197243	238	169	180	292	220	248	161	149	105	254	342	168	334	332	109	170	214	135	85	194	292	342	169	275	125	234	355	185	105	225
	197243	210	270	95	127	255	194	228	157	147	89	361	328	205	250	229	309	87	193	198	101	195	214	273	209	153	235	207	144	103	133
	197243	100	214	121	252	316	234	129	110	263	170	101	259	181	130	151	103	275	106	77	340	197	92	101	294	291	99	98	177	259	255
	197243	277	223	100	234	209	295	254	127	217	203	103	166	225	174	175	233	117	298	125	90	113	137	117	162	88	189	155	111	294	127
	197243	205	205	113	186	177	289	336	209	235	220	169	79	270	285	122	120	135	165	87	146	240	180	214	290	140	232	210	272	107	240

I_pi0 = Initial inventory of item p at site i
 	0	117	31	142	75	134	79	176	128	75	123	15	77	39	89	55	77	286	65	149	104	149	246	66	86	117	187	150	47	152	174
	0	239	164	51	121	136	174	78	97	133	84	44	44	88	96	78	150	58	103	134	123	100	58	31	185	30	290	85	75	90	100
	0	65	71	60	74	52	176	56	126	146	72	104	195	134	144	104	216	41	31	47	125	101	226	88	22	145	162	105	98	17	58
	0	92	225	216	182	193	117	147	250	139	20	142	96	139	124	12	26	92	132	35	99	42	88	166	176	155	82	35	79	124	77
	0	106	98	33	68	48	83	47	45	147	205	110	101	64	69	93	207	98	138	77	28	153	27	140	14	62	131	119	175	276	107
	0	37	128	123	176	108	232	146	100	84	172	276	138	287	98	93	35	100	133	69	166	126	195	62	179	78	178	214	98	63	98
	0	101	109	83	111	26	92	141	64	131	59	92	47	122	151	97	230	62	34	154	53	122	29	180	171	42	84	178	143	85	54
	0	46	187	40	55	230	151	61	96	227	166	36	195	175	86	94	102	92	14	26	77	67	28	87	239	27	64	93	143	38	194
	0	21	64	92	19	11	139	237	99	177	76	76	144	44	86	165	175	86	281	85	83	82	53	26	139	87	61	148	79	122	97
	0	137	123	79	44	164	188	195	17	20	84	22	54	27	53	111	51	66	158	74	102	194	164	178	265	72	95	134	184	91	170

h_pi = Inventory cost of item p at site i
 	8	2	9	6	8	4	9	4	4	5	4	3	5	9	3	3	2	2	6	2	7	7	1	6	8	4	6	2	6	8	9
	8	7	4	7	6	4	3	5	3	1	1	6	5	1	9	6	8	8	5	6	3	3	6	2	5	2	1	7	5	7	1
	8	2	3	4	4	4	5	5	9	1	7	7	3	9	1	3	2	7	8	4	1	1	2	3	6	4	3	7	3	9	3
	3	3	9	9	8	6	6	3	8	6	5	1	9	3	7	5	3	5	5	1	7	4	2	7	7	1	4	4	2	3	2
	8	7	5	7	3	7	9	2	2	7	5	6	9	2	2	7	5	5	4	8	6	3	9	7	1	3	2	7	4	7	9
	8	6	6	2	8	5	7	3	6	8	5	8	1	9	7	6	6	9	6	9	3	9	2	2	3	7	9	3	4	1	4
	8	2	5	9	4	8	7	2	4	7	2	6	4	9	6	5	7	1	5	5	8	3	7	2	8	5	6	3	6	2	4
	8	7	4	9	7	8	8	1	7	3	3	2	7	4	2	4	4	4	9	9	6	1	5	3	5	1	3	6	3	6	8
	8	3	4	4	3	2	8	7	6	3	4	4	5	6	2	6	6	9	5	7	2	8	6	4	1	9	7	5	5	6	4
	8	1	3	7	4	9	1	3	6	4	5	9	4	2	2	3	2	3	7	2	6	7	8	3	8	9	4	4	5	1	7

C = Vehicle capacity
	3630

f = Fixed transportation cost
	32581

a_ik = Transportation cost for traveling from node i to node k
 	0	286	686	301	504	166	298	414	424	175	158	209	226	210	126	420	222	139	278	378	100	164	426	264	213	560	362	707	582	311	301
	286	0	494	51	324	270	18	161	214	246	419	314	361	366	411	224	244	267	520	244	358	449	354	360	352	288	646	441	438	525	547
	686	494	0	447	184	549	499	340	283	728	844	797	841	595	794	278	481	571	962	309	698	813	308	528	575	305	981	262	140	986	986
	301	51	447	0	275	256	62	121	165	286	444	355	401	350	426	174	219	258	550	196	363	461	308	334	335	260	657	410	387	560	577
	504	324	184	275	0	372	332	187	112	549	662	618	661	428	614	101	304	392	779	129	520	634	170	367	408	233	810	292	121	803	804
	166	270	549	256	372	0	288	336	317	303	315	357	383	96	249	306	69	27	435	244	150	265	267	111	83	485	440	616	432	475	456
	298	18	499	62	332	288	0	162	221	249	428	315	363	383	423	232	262	284	527	257	373	462	368	377	369	282	659	436	447	529	554
	414	161	340	121	187	336	162	0	81	405	562	473	520	422	537	101	281	346	670	169	463	569	283	387	404	151	762	293	307	680	696
	424	214	283	165	112	317	221	81	0	446	579	516	560	392	541	22	253	331	692	102	457	568	208	345	372	186	754	301	230	710	718
	175	246	728	286	549	303	249	405	446	0	216	70	115	373	256	451	334	280	290	440	273	302	522	413	372	530	486	684	650	283	318
	158	419	844	444	662	315	428	562	579	216	0	196	176	329	93	576	376	289	121	536	187	126	580	397	340	703	275	854	739	166	143
	209	314	797	355	618	357	315	473	516	70	196	0	49	417	259	520	394	332	243	508	301	304	587	464	418	595	470	749	718	225	270
	226	361	841	401	661	383	363	520	560	115	176	49	0	435	252	564	426	358	202	549	309	294	623	488	439	643	447	797	759	178	229
	210	366	595	350	428	96	383	422	392	373	329	417	435	0	246	378	141	105	445	305	143	244	293	74	21	569	389	692	467	495	461
	126	411	794	426	614	249	423	537	541	256	93	259	252	246	0	535	316	225	200	486	105	47	514	317	259	684	239	830	680	255	216
	420	224	278	174	101	306	232	101	22	451	576	520	564	378	535	0	241	322	691	83	448	561	187	329	358	206	745	315	216	711	716
	222	244	481	219	304	69	262	281	253	334	376	394	426	141	316	241	0	91	497	176	218	333	205	116	123	428	507	553	366	532	518
	139	267	571	258	392	27	284	346	331	280	289	332	358	105	225	322	91	0	409	264	128	243	292	133	97	495	423	630	456	448	430
	278	520	962	550	779	435	527	670	692	290	121	243	202	445	200	691	497	409	0	655	303	216	701	514	457	807	282	959	859	69	28
	378	244	309	196	129	244	257	169	102	440	536	508	549	305	486	83	176	264	655	0	391	506	117	251	285	288	682	391	211	682	678
	100	358	698	363	520	150	373	463	457	273	187	301	309	143	105	448	218	128	303	391	0	116	412	212	155	613	299	752	580	353	320
	164	449	813	461	634	265	462	569	568	302	126	304	294	244	47	561	333	243	216	506	116	0	525	317	259	717	198	860	695	277	226
	426	354	308	308	170	267	368	283	208	522	580	587	623	293	514	187	205	292	701	117	412	525	0	222	274	384	681	461	175	737	722
	264	360	528	334	367	111	377	387	345	413	397	464	488	74	317	329	116	133	514	251	212	317	222	0	59	528	460	642	397	562	532
	213	352	575	335	408	83	369	404	372	372	340	418	439	21	259	358	123	97	457	285	155	259	274	59	0	550	408	672	447	505	474
	560	288	305	260	233	485	282	151	186	530	703	595	643	569	684	206	428	495	807	288	613	717	384	528	550	0	911	155	337	811	834
	362	646	981	657	810	440	659	762	754	486	275	470	447	389	239	745	507	423	282	682	299	198	681	460	408	911	0	1051	855	350	272
	707	441	262	410	292	616	436	293	301	684	854	749	797	692	830	315	553	630	959	391	752	860	461	642	672	155	1051	0	354	965	986
	582	438	140	387	121	432	447	307	230	650	739	718	759	467	680	216	366	456	859	211	580	695	175	397	447	337	855	354	0	889	882
	311	525	986	560	803	475	529	680	710	283	166	225	178	495	255	711	532	448	69	682	353	277	737	562	505	811	350	965	889	0	80
	301	547	986	577	804	456	554	696	718	318	143	270	229	461	216	716	518	430	28	678	320	226	722	532	474	834	272	986	882	80	0

coordXY = Coordinates (x,y): line zero => x line one => y column => customers
 	266	118	348	154	315	364	101	159	236	92	241	68	71	452	322	257	358	349	199	325	364	364	441	469	445	84	480	87	419	131	209
	305	549	986	584	806	438	553	704	727	305	149	240	192	401	193	724	506	416	36	678	289	174	693	473	420	834	14	988	866	25	10

d_pit = Demand of item p at customer i in period t
 	53	18	46	76	21	71	39	94	77	37	75	91
	31	13	93	31	66	95	15	91	78	72	12	79
	76	66	69	61	50	13	73	54	12	62	35	39
	75	61	21	10	61	78	43	28	91	84	44	100
	27	49	58	84	84	49	92	43	52	61	63	83
	27	52	79	48	86	57	75	63	77	98	71	51
	90	86	61	53	20	28	43	64	88	18	35	69
	99	29	93	72	21	24	82	45	92	69	98	56
	17	42	16	40	95	93	100	85	73	29	80	31
	85	21	17	96	91	97	80	12	67	41	86	66
	15	95	58	24	75	41	56	72	75	54	16	96
	77	63	26	87	25	13	30	92	13	28	86	30
	39	56	36	51	38	40	79	66	44	32	45	73
	89	96	22	96	86	92	96	98	64	27	26	98
	23	32	45	31	43	53	36	26	86	72	70	73
	77	47	59	83	18	16	48	41	21	94	91	33
	100	93	93	95	60	29	91	20	91	28	77	93
	15	50	69	78	84	45	39	22	14	46	52	46
	56	39	54	48	31	40	26	76	97	27	72	58
	25	79	54	69	27	56	70	64	21	30	54	91
	70	19	60	58	29	71	24	36	89	36	83	88
	83	75	88	19	71	96	56	85	59	43	91	75
	51	15	73	92	75	17	49	60	45	77	14	11
	86	61	85	95	32	40	87	94	35	35	94	48
	49	68	30	13	78	79	71	71	46	46	11	11
	93	27	48	19	49	89	72	32	20	83	71	60
	65	85	46	35	32	24	20	97	40	58	75	28
	47	24	16	88	71	40	16	22	55	63	12	81
	77	16	59	99	12	48	60	44	40	50	89	31
	11	17	93	53	98	89	64	48	58	66	36	67

	99	71	69	62	28	48	14	70	17	57	27	76
	89	75	94	45	77	52	98	40	43	32	96	60
	51	17	12	21	67	83	20	60	35	50	17	84
	21	52	48	62	65	12	26	77	12	68	16	25
	14	69	53	21	67	47	37	44	53	37	92	72
	22	84	68	98	35	19	65	96	46	82	43	57
	78	11	90	33	83	34	49	12	48	20	39	25
	97	35	41	67	91	24	40	37	88	48	46	79
	34	25	31	43	18	89	72	28	29	14	56	92
	84	69	50	41	54	55	99	41	89	16	76	77
	44	81	24	13	13	52	68	35	15	18	59	62
	44	72	51	84	37	48	37	60	45	88	40	36
	88	58	17	47	17	49	69	33	38	21	96	30
	36	60	90	69	38	34	18	53	98	38	84	29
	63	15	27	23	36	36	44	65	19	69	21	77
	52	60	38	61	18	42	24	14	12	10	80	38
	10	48	72	74	83	65	30	18	66	69	52	13
	77	26	36	83	82	10	74	46	51	54	70	88
	53	81	52	41	18	96	15	70	28	26	33	40
	92	31	70	67	19	17	90	45	66	50	96	55
	100	66	83	46	54	81	51	36	45	80	54	82
	58	87	96	28	18	87	76	75	64	89	48	40
	19	12	92	94	100	77	43	17	85	94	43	35
	90	46	49	50	79	15	68	29	84	21	76	71
	30	66	35	76	94	78	87	14	77	91	29	95
	79	76	75	60	46	45	23	85	85	75	88	11
	85	33	41	19	18	16	51	69	11	79	80	22
	37	38	59	36	97	97	56	50	77	68	98	74
	90	57	82	29	72	12	32	76	56	66	42	65
	85	15	19	30	59	38	56	32	49	33	71	84

	65	76	60	72	82	21	50	51	12	17	35	21
	59	12	40	65	24	18	54	60	74	97	84	13
	60	87	26	86	54	81	69	54	79	68	48	89
	46	28	80	55	65	53	37	53	13	78	48	39
	52	60	52	81	71	87	59	60	72	64	16	43
	59	18	99	32	38	91	14	25	40	68	21	28
	56	62	39	16	38	74	79	94	73	42	21	81
	39	87	78	61	13	78	57	35	29	12	46	55
	77	69	99	86	68	58	61	72	76	61	59	70
	47	25	42	85	23	15	79	57	53	45	61	91
	87	17	71	76	60	27	25	70	36	48	52	85
	95	100	84	33	85	32	35	40	80	84	97	94
	81	53	85	59	21	64	12	53	70	75	50	56
	39	21	84	99	28	69	67	45	82	39	25	10
	59	45	59	87	13	71	40	18	36	100	84	39
	46	98	72	58	46	38	70	25	37	80	95	68
	41	76	21	20	60	30	67	72	71	58	92	68
	13	18	70	84	24	99	50	90	14	41	45	24
	12	35	68	50	10	37	41	97	100	13	80	23
	33	46	46	91	33	93	60	73	27	30	48	32
	30	71	97	66	98	99	43	99	28	50	81	93
	63	97	43	23	96	41	79	68	89	42	59	44
	88	70	70	93	97	61	38	33	40	20	96	44
	22	22	55	37	45	88	71	97	14	55	64	90
	87	58	78	56	87	48	93	72	44	34	98	68
	73	89	54	97	36	50	21	87	65	61	92	26
	15	90	25	85	62	52	70	69	75	49	56	43
	79	19	43	19	78	34	65	47	70	34	17	49
	17	51	53	23	97	63	80	18	29	56	95	21
	40	18	47	85	85	97	71	80	40	60	24	72

	30	32	30	14	39	60	96	60	34	38	79	69
	90	30	43	62	23	95	28	47	31	28	29	44
	79	61	76	75	69	52	67	77	69	12	35	90
	91	91	73	38	79	66	17	21	11	61	43	39
	51	51	62	29	31	53	68	66	76	83	44	38
	72	16	29	45	29	19	71	44	22	67	86	23
	76	71	82	13	14	59	49	43	41	52	51	17
	71	97	41	41	22	39	97	81	98	49	55	50
	30	44	65	81	47	48	46	75	82	96	75	25
	20	80	11	64	17	88	39	13	10	80	22	15
	50	92	39	73	67	15	80	63	40	19	63	38
	96	63	62	85	56	94	53	54	43	84	43	61
	78	61	63	32	67	21	43	65	28	97	82	49
	60	64	69	75	89	21	87	40	48	80	83	62
	12	18	26	30	85	55	95	49	42	48	53	95
	26	55	64	99	48	19	55	91	94	13	13	62
	58	34	95	96	75	76	96	85	15	25	37	28
	59	73	89	33	98	29	33	60	83	31	46	45
	18	17	85	55	97	86	32	69	28	20	56	79
	99	56	87	96	19	71	91	53	89	27	86	52
	42	13	77	20	99	25	58	57	15	90	37	46
	88	69	59	36	22	95	48	94	96	79	13	69
	88	78	95	25	25	88	16	69	65	89	99	95
	39	72	36	29	15	31	57	94	15	98	76	16
	41	91	23	48	48	49	73	37	97	13	99	57
	58	24	72	62	37	51	31	62	80	97	20	25
	17	18	54	44	68	39	25	50	29	57	35	64
	21	58	11	31	90	17	21	41	13	71	37	42
	67	34	23	90	17	48	56	17	92	70	22	94
	29	48	88	66	48	45	46	96	72	37	62	62

	27	79	14	55	11	29	74	14	12	96	34	55
	46	52	20	97	98	55	16	89	77	88	10	73
	15	18	30	26	13	63	27	19	94	24	57	87
	68	84	20	44	82	91	79	54	31	56	20	69
	48	90	66	22	89	85	59	12	98	52	85	49
	83	49	81	50	47	51	16	35	91	40	34	77
	37	10	41	32	66	26	83	72	47	58	24	93
	45	27	30	86	55	13	44	90	36	93	82	58
	16	37	76	18	59	98	24	50	15	84	56	71
	57	86	62	42	76	47	58	79	92	78	73	24
	36	74	85	58	38	43	58	41	76	36	47	62
	61	40	78	32	40	88	12	62	58	38	89	98
	64	92	97	73	93	93	13	91	47	79	24	25
	69	63	10	76	12	78	19	90	78	54	16	15
	93	28	63	40	77	85	77	60	77	37	96	79
	98	41	36	32	86	12	60	74	59	62	88	76
	20	78	70	23	61	53	56	10	19	37	86	81
	96	42	38	54	76	35	69	74	29	18	61	39
	13	40	24	77	52	41	75	94	65	45	71	75
	28	97	45	69	94	15	63	52	18	99	76	76
	58	95	42	99	10	92	20	11	80	34	82	37
	27	15	61	28	84	34	61	93	11	24	77	57
	80	29	31	92	86	79	38	16	43	90	33	94
	14	80	81	22	46	18	20	88	16	42	62	65
	22	40	17	80	15	11	50	84	14	87	54	44
	65	66	85	68	78	67	58	38	57	73	79	84
	24	95	93	75	64	11	17	68	79	85	89	26
	11	63	48	53	27	38	44	81	72	66	30	88
	88	31	61	96	63	78	47	19	82	41	78	47
	27	80	82	65	77	67	52	27	31	85	37	45

	10	27	51	82	65	54	45	47	16	31	57	85
	22	49	57	87	58	86	77	65	29	56	44	45
	10	73	40	71	19	46	25	92	21	77	28	37
	94	37	45	60	80	77	18	25	75	24	78	88
	19	14	75	16	40	56	20	38	93	91	44	23
	73	92	67	66	80	49	84	13	13	52	78	78
	57	89	55	11	89	16	35	34	30	75	54	99
	100	23	93	45	12	12	58	86	62	39	26	41
	84	80	25	55	44	15	22	51	32	45	88	91
	56	20	76	20	28	45	54	54	33	77	69	78
	87	100	71	18	96	69	70	44	98	47	98	23
	88	26	24	23	95	61	70	85	71	42	48	39
	84	91	64	48	82	71	58	42	34	55	83	90
	98	88	24	99	42	51	38	78	62	82	62	72
	48	45	54	59	60	51	73	76	51	56	34	48
	35	75	92	89	82	69	50	82	47	16	11	30
	31	14	35	20	63	70	66	90	47	89	24	94
	71	62	75	60	56	100	79	24	82	73	36	94
	51	18	30	11	50	93	24	86	12	30	12	93
	33	66	67	39	88	83	93	82	48	40	42	96
	11	24	91	92	79	39	60	61	60	25	89	69
	82	43	70	68	64	98	92	97	58	14	91	43
	62	61	10	82	76	25	39	95	58	56	76	37
	91	36	52	85	13	61	42	55	22	53	59	92
	78	65	13	56	74	62	85	60	96	36	47	75
	18	88	72	58	37	35	80	46	56	75	47	89
	84	100	30	72	61	72	86	26	100	36	88	96
	37	24	37	21	22	34	96	90	78	43	58	16
	63	59	33	96	20	71	47	10	62	34	39	94
	67	31	90	36	59	91	37	81	29	31	36	87

	35	66	53	96	34	83	87	91	43	78	77	95
	21	19	41	28	67	55	70	83	37	76	92	60
	63	20	82	72	26	31	74	18	27	24	50	83
	22	89	83	31	28	46	98	45	99	90	52	80
	26	74	65	41	43	33	85	44	85	76	93	100
	48	44	63	21	17	55	72	88	88	33	19	35
	41	100	99	39	50	33	24	43	77	57	30	92
	19	45	39	89	28	36	96	39	60	60	45	72
	72	59	52	53	25	58	70	68	26	35	44	26
	14	45	90	14	88	32	99	38	12	73	17	12
	92	86	100	55	81	71	71	85	65	15	72	73
	47	27	68	93	82	68	97	30	98	34	56	86
	16	18	70	18	15	47	51	79	73	16	15	73
	38	18	95	99	84	64	56	32	48	95	58	63
	97	92	66	46	20	81	74	45	12	75	52	26
	90	42	29	69	42	66	65	90	97	40	81	31
	62	68	13	74	46	33	65	25	27	29	39	43
	34	23	83	90	13	13	49	76	60	18	63	56
	51	72	31	53	29	24	30	91	48	99	49	17
	28	25	71	59	21	32	57	77	81	48	73	34
	77	23	22	28	40	45	67	52	46	86	69	29
	29	74	41	48	59	45	21	44	78	39	93	70
	30	74	76	73	38	55	22	71	14	72	57	74
	81	90	78	31	71	20	91	41	40	18	27	39
	42	55	45	75	88	40	24	44	67	14	46	72
	84	19	30	22	37	40	20	70	27	99	56	60
	42	38	83	15	80	12	87	63	37	93	18	54
	26	30	28	59	38	42	93	57	96	29	22	54
	85	57	45	60	18	18	72	14	89	66	74	20
	54	91	88	32	97	76	75	85	42	40	68	52

	46	67	13	68	57	71	25	66	58	60	49	18
	24	98	65	19	13	52	47	79	41	98	85	22
	40	99	75	43	66	39	72	54	93	28	49	70
	40	15	94	87	92	81	89	59	40	55	73	30
	33	57	46	94	61	91	32	99	51	78	91	25
	52	52	47	90	64	50	58	23	28	77	89	73
	31	30	99	41	26	57	35	54	20	21	40	63
	47	49	72	82	26	21	42	98	68	31	24	98
	14	78	68	67	33	43	13	75	98	28	21	94
	48	15	65	38	19	79	77	47	13	47	24	37
	36	76	44	73	43	18	28	59	20	79	32	97
	56	39	100	83	60	55	42	87	91	76	34	53
	64	13	98	79	74	15	70	88	84	37	83	18
	86	54	79	46	60	76	66	80	64	74	30	62
	33	61	48	18	64	53	66	40	28	64	49	79
	32	43	27	57	66	65	58	81	95	34	20	41
	92	42	71	37	91	49	49	14	50	11	83	72
	14	45	74	43	25	66	16	81	65	97	74	37
	26	63	33	52	31	21	14	29	68	66	13	46
	77	58	54	67	100	51	28	64	92	98	33	93
	32	35	12	12	92	10	66	79	71	78	61	43
	28	51	59	40	55	20	46	90	11	86	32	36
	13	52	22	80	86	59	11	26	67	65	69	53
	57	48	44	90	46	85	23	98	73	46	76	20
	27	43	18	100	93	83	93	98	84	89	88	56
	64	88	33	51	34	67	78	19	55	54	38	15
	26	67	45	15	75	22	17	91	33	73	95	30
	17	69	57	43	12	38	61	15	45	25	74	75
	38	69	97	26	36	51	81	48	42	32	20	81
	42	49	78	25	28	15	44	40	75	73	66	77

	21	91	75	48	54	31	53	36	97	86	60	13
	64	65	62	53	76	48	63	41	12	51	46	87
	92	34	76	70	41	11	40	31	22	45	77	61
	19	89	50	87	50	15	40	92	66	56	53	85
	11	25	87	55	98	86	13	11	31	56	86	69
	46	30	63	32	59	39	92	69	50	64	81	82
	29	96	91	21	45	48	24	41	34	74	32	75
	99	95	28	69	92	12	94	66	50	74	65	20
	54	66	57	73	20	57	84	64	63	40	18	56
	54	22	39	44	85	64	20	38	45	49	53	95
	76	12	68	83	40	90	70	20	35	40	36	47
	73	60	11	68	46	70	73	14	98	90	15	44
	44	22	92	90	32	18	17	58	87	97	48	71
	86	90	15	65	10	68	97	37	69	86	41	32
	15	97	53	81	58	66	51	76	28	98	52	24
	90	85	86	25	55	97	18	48	48	44	46	56
	61	25	38	97	41	50	83	88	84	89	34	14
	88	57	54	82	83	15	54	84	65	15	49	68
	85	55	70	79	31	71	15	96	84	50	28	83
	54	29	36	65	37	10	61	75	50	71	24	30
	82	76	42	90	70	23	72	87	18	48	56	13
	53	25	97	33	15	77	12	79	71	11	61	14
	26	51	24	17	40	20	83	59	85	25	23	14
	54	38	47	31	95	19	66	42	92	86	61	18
	72	15	41	52	38	23	69	21	37	75	22	60
	48	13	82	95	14	10	92	50	25	66	29	42
	26	92	30	36	69	30	19	96	30	44	85	64
	66	13	41	53	88	78	19	99	84	36	41	46
	65	29	28	71	30	38	78	83	62	96	68	58
	31	50	16	87	47	28	46	50	22	20	13	97

	100	37	65	99	58	24	71	93	55	35	87	96
	58	38	27	42	13	100	43	14	86	67	98	29
	79	41	61	81	24	13	78	40	52	49	93	68
	44	34	43	25	69	63	14	69	63	19	81	35
	94	70	47	32	97	57	45	21	28	93	26	99
	76	18	57	37	74	51	94	42	23	90	99	32
	31	15	54	95	99	73	93	12	86	95	89	64
	17	35	20	76	13	67	33	38	72	88	88	80
	20	95	49	17	12	47	97	81	30	14	15	87
	23	13	31	17	41	87	83	45	77	72	74	98
	22	35	27	63	12	31	68	44	55	20	57	74
	37	17	74	34	34	54	55	51	35	46	17	21
	27	46	39	78	93	52	34	56	46	58	20	98
	53	49	20	26	93	40	42	74	30	98	98	60
	74	37	55	37	68	44	26	45	74	85	88	98
	51	88	45	88	54	98	60	23	50	61	31	73
	66	14	19	15	26	35	55	77	97	13	94	30
	12	81	65	35	49	13	89	14	92	64	47	98
	74	39	44	60	14	35	31	29	42	82	26	46
	27	75	87	30	16	77	47	32	51	12	96	33
	95	35	64	42	66	89	93	79	33	11	92	20
	51	68	45	25	89	62	72	52	51	43	64	98
	53	23	16	86	26	67	75	11	18	26	25	88
	96	86	58	25	68	92	39	97	61	40	20	14
	72	47	23	74	45	61	66	25	28	13	60	44
	95	17	16	78	37	89	99	36	88	22	84	36
	50	45	39	69	83	21	36	34	18	26	49	33
	74	30	80	97	16	90	41	90	46	83	72	96
	34	57	32	68	74	80	67	86	25	57	13	48
	37	54	79	56	44	74	15	100	91	32	77	62

