***** PARAMETERS PRP *****

Number of Customers = 30
Number of Products = 10
Number of Vehicles = 5
Number of Periods = 12

B = Production capacity
	49361

b_p = Time required to produce item p
 	1	1	1	1	1	1	1	1	1	1

c_p = Production cost of item p
 	30	80	80	30	80	80	30	30	80	30

s_p = Setup cost of item p
 	300	800	800	300	800	800	300	300	800	300

M = Big number
	197444

U_pi = Maximum inventory upper bound of item p at site i
 	197444	181	213	164	325	89	157	82	128	236	237	277	238	159	270	201	170	268	118	158	294	272	269	187	121	243	118	249	96	126	92
	197444	187	152	228	108	169	235	278	126	102	77	158	160	139	105	310	217	109	228	218	223	179	232	159	212	203	238	184	181	130	119
	197444	225	224	135	120	120	245	207	106	280	181	145	98	215	289	193	171	276	126	183	119	129	163	104	179	94	281	231	188	249	160
	197444	175	270	115	84	96	84	169	218	217	305	126	109	187	239	190	307	141	324	270	146	283	125	288	191	281	267	278	195	98	212
	197444	205	336	123	85	198	267	111	302	266	223	106	319	142	86	273	188	112	330	356	107	247	169	305	90	199	284	137	174	161	93
	197444	229	123	114	162	121	102	172	218	94	140	149	244	116	116	223	180	182	227	220	165	131	296	223	168	218	170	161	198	210	313
	197444	240	257	200	209	81	104	168	102	100	339	127	147	279	201	162	268	265	258	186	189	102	110	166	320	282	359	260	177	193	278
	197444	202	304	193	224	316	198	231	119	121	254	91	95	175	169	212	133	276	105	184	166	153	221	234	259	98	293	153	233	121	280
	197444	210	229	267	143	157	180	120	309	161	323	192	175	191	248	268	110	106	168	253	225	253	224	133	214	245	232	228	182	161	198
	197444	364	120	138	274	158	121	162	288	172	130	223	107	233	267	104	104	237	141	163	69	202	125	95	145	209	244	214	163	173	218

I_pi0 = Initial inventory of item p at site i
 	0	160	17	143	177	67	30	48	74	201	94	99	48	133	44	120	162	35	115	149	105	73	247	76	55	109	24	105	78	95	11
	0	160	90	197	106	76	28	48	95	92	16	17	86	104	53	240	133	71	182	82	85	59	172	102	106	141	122	137	163	74	105
	0	118	162	92	78	83	41	23	82	67	99	132	67	115	115	53	94	59	92	152	28	59	120	86	94	0	217	146	130	69	70
	0	158	127	70	30	91	47	68	94	45	54	53	56	36	154	131	198	137	97	264	45	134	41	183	72	225	96	18	116	23	105
	0	35	287	37	52	197	168	81	99	87	75	67	94	82	24	201	176	75	228	168	23	145	55	239	33	171	114	54	24	25	82
	0	154	60	104	46	29	84	121	112	72	112	90	131	86	74	137	135	163	162	81	109	95	63	131	93	83	125	79	35	35	197
	0	140	31	136	123	13	23	150	83	83	19	94	76	154	156	157	123	97	154	74	152	72	74	85	184	25	187	153	94	169	85
	0	128	74	129	94	143	31	35	55	74	111	78	16	127	159	176	65	249	85	99	39	77	216	173	237	0	164	32	208	80	85
	0	150	51	230	84	139	132	30	116	69	242	173	48	81	97	149	34	79	148	214	194	27	152	40	129	242	201	188	17	117	112
	0	245	73	60	35	146	117	131	271	126	62	148	104	192	163	15	82	166	105	61	31	60	24	86	97	163	54	172	79	95	84

h_pi = Inventory cost of item p at site i
 	3	2	8	1	2	7	9	2	1	8	5	7	8	5	1	6	2	8	4	4	9	6	2	7	3	3	3	6	7	8	4
	8	6	9	5	8	6	6	3	7	9	5	7	3	5	2	4	9	7	5	8	1	8	5	9	3	9	1	5	3	1	6
	8	5	3	4	2	1	1	3	1	6	5	1	1	3	8	4	7	1	3	4	8	3	8	2	8	8	1	5	6	4	7
	3	6	1	4	6	2	3	3	8	5	7	2	5	6	3	9	5	3	5	3	9	3	1	3	5	7	7	5	3	2	6
	8	9	5	3	6	2	5	9	3	6	7	2	4	1	9	9	4	5	6	1	8	5	6	5	6	6	2	9	8	6	6
	8	3	2	3	2	6	2	6	9	8	6	6	9	5	4	2	5	6	3	1	9	1	8	2	7	5	4	4	2	4	4
	3	2	5	6	6	2	1	8	7	6	1	3	5	3	7	3	2	1	9	9	2	8	3	8	4	9	1	1	3	6	2
	3	4	7	1	2	1	3	5	3	3	8	2	4	2	7	1	4	2	3	7	6	6	6	8	8	8	4	3	7	1	5
	8	8	4	3	6	8	3	5	1	4	5	3	8	9	8	3	5	9	6	3	7	3	3	2	9	8	6	6	8	3	8
	3	5	3	6	4	3	1	9	9	1	7	4	8	8	7	9	7	2	4	4	8	5	5	5	4	4	1	6	4	3	9

C = Vehicle capacity
	3640

f = Fixed transportation cost
	148955

a_ik = Transportation cost for traveling from node i to node k
 	0	3045	2955	1515	2945	2680	2875	2015	715	2145	3135	3555	2360	2205	2495	2150	3915	1000	3160	1230	655	1355	610	3095	1940	1640	1950	2025	2165	3535	2945
	3045	0	115	1995	1430	1010	1435	1040	3375	1245	1240	1470	690	1720	820	955	890	3965	1110	3165	3305	2675	2705	1340	1620	3150	3540	2195	1880	1445	125
	2955	115	0	1935	1465	915	1460	945	3270	1205	1290	1545	595	1700	710	845	970	3865	1165	3055	3200	2565	2600	1385	1580	3040	3425	2085	1770	1520	15
	1515	1995	1935	0	1460	2155	1385	1220	2140	795	1680	2085	1415	690	1835	1425	2870	2505	1730	2360	2070	2130	1585	1625	470	2625	3035	2320	2230	2070	1930
	2945	1430	1465	1460	0	2235	80	1575	3515	885	305	640	1400	795	1915	1695	2040	3945	435	3585	3440	3220	2885	200	1010	3740	4160	3070	2835	625	1465
	2680	1010	915	2155	2235	0	2210	940	2805	1655	2125	2430	875	2200	345	730	1525	3450	2020	2430	2740	1910	2185	2200	1965	2315	2670	1275	940	2405	905
	2875	1435	1460	1385	80	2210	0	1530	3445	820	360	715	1365	720	1885	1650	2070	3870	485	3515	3370	3155	2815	265	935	3680	4100	3020	2790	700	1460
	2015	1040	945	1220	1575	940	1530	0	2345	800	1585	1980	360	1325	620	210	1905	2925	1530	2195	2270	1750	1670	1615	1050	2255	2670	1495	1270	1955	935
	715	3375	3270	2140	3515	2805	3445	2345	0	2665	3670	4095	2705	2815	2700	2430	4195	665	3675	685	80	1055	675	3650	2525	1120	1335	1850	2085	4075	3260
	2145	1245	1205	795	885	1655	820	800	2665	0	1005	1435	795	550	1315	975	2100	3140	1020	2705	2590	2340	2020	990	380	2860	3280	2250	2055	1410	1200
	3135	1240	1290	1680	305	2125	360	1585	3670	1005	0	430	1345	1050	1830	1670	1770	4130	150	3685	3595	3290	3020	120	1215	3810	4225	3065	2805	405	1295
	3555	1470	1545	2085	640	2430	715	1980	4095	1435	430	0	1715	1430	2155	2045	1800	4555	455	4105	4020	3705	3450	465	1630	4220	4635	3445	3170	30	1550
	2360	690	595	1415	1400	875	1365	360	2705	795	1345	1715	0	1340	540	340	1565	3285	1265	2540	2630	2080	2030	1400	1135	2575	2985	1735	1465	1690	585
	2205	1720	1700	690	795	2200	720	1325	2815	550	1050	1430	1340	0	1860	1510	2520	3195	1130	2975	2740	2685	2230	975	330	3195	3615	2710	2545	1415	1695
	2495	820	710	1835	1915	345	1885	620	2700	1315	1830	2155	540	1860	0	415	1515	3330	1730	2405	2635	1900	2055	1895	1630	2350	2730	1380	1065	2130	700
	2150	955	845	1425	1695	730	1650	210	2430	975	1670	2045	340	1510	415	0	1780	3030	1595	2220	2360	1750	1760	1715	1250	2245	2650	1405	1145	2020	835
	3915	890	970	2870	2040	1525	2070	1905	4195	2100	1770	1800	1565	2520	1515	1780	0	4805	1625	3910	4125	3400	3535	1890	2475	3835	4190	2795	2460	1785	980
	1000	3965	3865	2505	3945	3450	3870	2925	665	3140	4130	4555	3285	3195	3330	3030	4805	0	4155	1280	720	1710	1280	4095	2935	1690	1795	2510	2750	4530	3855
	3160	1110	1165	1730	435	2020	485	1530	3675	1020	150	455	1265	1130	1730	1595	1625	4155	0	3660	3600	3255	3020	265	1265	3770	4185	2995	2730	430	1170
	1230	3165	3055	2360	3585	2430	3515	2195	685	2705	3685	4105	2540	2975	2405	2220	3910	1280	3660	0	680	525	795	3685	2655	440	730	1300	1590	4080	3045
	655	3305	3200	2070	3440	2740	3370	2270	80	2590	3595	4020	2630	2740	2635	2360	4125	720	3600	680	0	1020	600	3575	2450	1120	1355	1805	2035	3995	3190
	1355	2675	2565	2130	3220	1910	3155	1750	1055	2340	3290	3705	2080	2685	1900	1750	3400	1710	3255	525	1020	0	770	3305	2355	525	945	805	1070	3680	2555
	610	2705	2600	1585	2885	2185	2815	1670	675	2020	3020	3450	2030	2230	2055	1760	3535	1280	3020	795	600	770	0	3010	1920	1135	1505	1420	1580	3425	2590
	3095	1340	1385	1625	200	2200	265	1615	3650	990	120	465	1400	975	1895	1715	1890	4095	265	3685	3575	3305	3010	0	1170	3825	4240	3105	2855	445	1385
	1940	1620	1580	470	1010	1965	935	1050	2525	380	1215	1630	1135	330	1630	1250	2475	2935	1265	2655	2450	2355	1920	1170	0	2870	3285	2390	2235	1610	1575
	1640	3150	3040	2625	3740	2315	3680	2255	1120	2860	3810	4220	2575	3195	2350	2245	3835	1690	3770	440	1120	525	1135	3825	2870	0	425	1080	1405	4195	3030
	1950	3540	3425	3035	4160	2670	4100	2670	1335	3280	4225	4635	2985	3615	2730	2650	4190	1795	4185	730	1355	945	1505	4240	3285	425	0	1405	1740	4610	3415
	2025	2195	2085	2320	3070	1275	3020	1495	1850	2250	3065	3445	1735	2710	1380	1405	2795	2510	2995	1300	1805	805	1420	3105	2390	1080	1405	0	340	3420	2075
	2165	1880	1770	2230	2835	940	2790	1270	2085	2055	2805	3170	1465	2545	1065	1145	2460	2750	2730	1590	2035	1070	1580	2855	2235	1405	1740	340	0	3145	1760
	3535	1445	1520	2070	625	2405	700	1955	4075	1410	405	30	1690	1415	2130	2020	1785	4530	430	4080	3995	3680	3425	445	1610	4195	4610	3420	3145	0	1525
	2945	125	15	1930	1465	905	1460	935	3260	1200	1295	1550	585	1695	700	835	980	3855	1170	3045	3190	2555	2590	1385	1575	3030	3415	2075	1760	1525	0

coordXY = Coordinates (x,y): line zero => x line one => y column => customers
 	400	173	169	466	458	50	459	233	297	380	413	428	222	489	118	193	69	383	384	164	299	131	284	435	442	77	32	25	27	425	169
	779	214	236	484	193	374	208	413	877	351	153	69	342	348	368	403	70	978	148	846	862	747	743	161	394	836	907	627	560	73	238

d_pit = Demand of item p at customer i in period t
 	80	80	75	74	63	34	23	60	87	91	31	27
	17	19	78	49	87	85	64	42	83	46	22	48
	62	46	35	12	60	23	83	94	47	71	66	58
	22	79	76	91	51	34	80	95	41	53	81	77
	67	13	51	51	30	70	47	41	76	29	17	42
	30	70	49	73	70	83	65	61	26	66	20	16
	48	65	32	60	23	38	19	15	50	40	56	43
	62	12	70	91	50	70	62	88	35	100	51	76
	79	26	96	56	30	97	55	86	19	54	67	42
	19	75	59	98	82	15	53	88	26	92	67	37
	43	56	54	91	94	40	60	72	79	48	17	11
	48	57	82	32	58	85	67	76	46	46	86	31
	23	21	89	70	75	29	20	15	71	85	95	43
	44	19	85	83	15	70	19	60	37	99	72	44
	46	74	48	100	89	67	12	45	17	67	19	20
	64	14	84	50	59	45	97	29	48	63	94	31
	35	70	62	79	81	56	24	65	18	30	83	41
	37	78	26	83	79	66	88	97	57	15	49	33
	95	27	27	99	48	12	48	60	41	33	59	84
	44	61	23	92	19	80	57	27	93	72	54	83
	73	18	91	57	49	80	88	81	63	44	85	86
	51	80	45	71	80	92	86	32	70	94	51	54
	76	52	82	73	34	88	51	20	63	34	76	97
	55	40	89	23	36	30	92	68	79	87	42	85
	35	74	60	80	15	13	99	74	92	89	37	60
	24	37	42	59	63	20	99	97	65	42	88	74
	45	60	73	47	43	67	41	94	61	53	90	74
	78	56	24	25	40	94	18	11	15	98	17	100
	76	19	71	57	86	24	92	92	60	33	49	95
	11	87	37	22	50	21	19	34	99	97	57	19

	90	28	17	25	60	51	13	63	71	36	92	14
	48	25	17	27	82	24	38	80	41	87	72	67
	21	41	88	47	53	17	83	11	36	37	60	54
	29	77	51	20	64	54	80	76	81	65	13	40
	76	19	71	36	41	18	44	78	82	55	78	78
	28	87	16	60	94	66	13	70	61	45	88	78
	48	90	56	27	94	49	80	91	18	34	55	25
	95	83	78	33	54	78	100	81	42	27	14	69
	15	35	42	58	51	88	87	11	32	76	91	28
	16	52	79	12	51	78	19	13	10	20	18	92
	17	53	62	46	63	75	95	92	20	40	15	53
	57	29	13	88	18	47	91	92	45	87	27	46
	39	48	17	44	49	23	25	39	71	92	50	60
	53	81	41	26	49	29	89	88	17	83	41	35
	82	75	64	19	36	78	59	59	38	100	61	72
	68	65	25	97	27	99	17	36	33	85	43	55
	18	53	74	94	14	63	53	87	34	40	38	87
	65	32	48	37	77	41	73	91	29	55	78	57
	19	63	32	93	84	88	18	28	15	76	64	74
	42	43	72	78	89	67	12	42	41	55	64	63
	40	19	36	12	79	16	57	53	64	87	16	58
	96	40	36	36	60	88	22	48	49	47	78	97
	29	73	13	13	47	29	38	45	32	56	86	16
	30	20	56	90	92	87	31	74	78	20	41	17
	78	52	11	94	99	45	32	68	99	61	85	86
	84	38	88	17	41	51	76	30	21	48	25	52
	82	55	63	53	52	89	47	17	64	62	91	61
	17	46	100	90	35	81	38	94	10	84	44	83
	74	88	71	32	42	57	48	94	54	69	89	59
	43	62	87	17	99	67	57	27	48	48	89	69

	93	25	17	52	48	19	92	45	45	31	52	20
	17	72	17	56	70	62	83	82	14	38	98	64
	23	69	98	45	90	85	81	95	36	82	31	74
	47	31	75	27	49	53	95	97	88	26	48	84
	83	57	36	98	90	40	91	53	32	76	43	20
	41	41	89	31	26	41	23	46	39	73	85	52
	23	14	24	31	20	71	21	92	86	69	97	73
	82	41	80	77	39	75	64	46	70	20	17	27
	11	56	71	39	86	40	90	85	61	26	92	16
	78	21	37	59	87	28	13	68	24	19	29	79
	48	28	56	49	14	15	85	65	41	88	64	26
	67	55	24	12	38	63	47	12	22	63	96	86
	31	84	29	16	18	24	98	68	93	71	28	86
	58	57	19	65	55	88	28	70	24	53	87	89
	53	28	33	91	27	68	62	12	98	38	17	51
	94	96	91	82	34	14	62	27	85	19	63	16
	59	17	27	88	81	26	76	66	12	39	72	99
	92	75	97	58	38	47	61	64	96	19	18	91
	78	39	35	82	41	82	33	36	56	75	91	82
	28	14	88	45	27	90	98	49	93	95	50	38
	47	12	75	75	42	94	40	94	78	59	73	82
	51	41	17	11	83	53	68	34	94	34	72	92
	36	20	30	89	56	16	21	46	63	63	82	100
	55	39	83	70	16	14	43	43	17	85	13	58
	95	51	45	11	35	24	43	63	77	35	35	49
	71	79	67	76	61	73	51	37	44	75	14	27
	59	87	54	36	51	65	39	26	54	53	69	100
	42	88	35	75	40	89	96	81	70	14	93	29
	12	15	42	19	41	52	11	88	100	50	87	80
	30	40	92	12	30	65	71	15	55	38	91	99

	71	87	56	66	61	16	45	14	54	59	91	81
	19	38	70	48	39	71	91	49	68	43	33	79
	70	96	80	73	87	38	84	33	14	34	43	40
	30	17	34	33	43	72	33	14	95	34	60	39
	91	12	10	64	30	48	35	100	73	64	15	33
	32	15	14	58	41	19	16	85	53	72	34	62
	34	34	71	69	31	66	83	50	30	97	23	89
	51	43	70	63	62	97	35	26	30	79	64	33
	45	38	52	85	55	39	47	51	66	28	98	48
	20	34	35	93	83	81	76	90	90	44	38	47
	16	37	12	72	56	66	35	79	46	29	33	24
	56	99	24	47	50	75	43	47	54	29	99	32
	36	55	67	41	46	36	19	33	98	48	20	61
	59	95	79	20	81	14	66	51	74	33	83	62
	51	80	47	49	37	48	86	76	85	100	64	37
	77	30	91	16	79	79	28	39	43	64	91	99
	24	80	33	19	44	55	20	58	45	66	43	77
	97	87	56	17	82	64	83	77	46	48	81	39
	62	70	80	52	74	74	32	15	59	30	58	41
	45	45	19	43	62	79	73	14	20	81	70	33
	61	73	75	38	56	47	61	80	45	87	29	27
	41	61	94	45	99	43	10	77	81	65	35	99
	77	20	86	71	63	38	45	68	76	79	23	44
	35	37	55	45	52	30	33	21	76	81	70	37
	31	94	18	82	80	90	94	72	21	38	31	23
	69	27	86	50	51	55	65	38	50	52	39	58
	18	90	65	58	85	81	16	33	80	31	18	92
	88	28	82	100	80	53	63	79	55	88	32	33
	23	41	96	14	20	43	55	44	52	45	91	61
	30	45	30	29	21	32	38	52	33	33	93	73

	23	12	50	75	96	84	11	100	35	23	23	83
	80	70	69	68	98	37	80	96	53	84	55	17
	37	96	69	38	60	36	77	27	89	83	95	29
	52	16	30	10	63	24	44	30	68	66	48	59
	63	93	41	80	78	87	65	52	63	93	31	46
	72	96	58	11	93	64	85	98	42	97	36	48
	52	29	49	60	23	71	41	94	60	40	84	65
	68	31	91	76	65	21	43	73	14	73	97	72
	87	66	78	10	34	39	91	87	57	27	31	32
	75	39	28	80	45	70	49	86	35	41	94	26
	55	12	82	40	92	19	12	83	49	58	80	55
	94	66	27	31	62	77	77	75	93	29	49	85
	16	66	57	37	76	27	35	66	53	93	28	12
	24	77	16	39	49	58	27	22	22	66	26	91
	73	30	98	48	68	60	96	66	50	32	15	18
	59	54	63	17	64	59	84	76	18	18	35	18
	75	78	54	52	94	23	52	17	71	93	47	15
	74	72	20	62	99	93	26	72	70	25	92	86
	80	88	53	63	75	85	31	76	64	92	74	74
	23	21	27	49	63	56	59	27	68	97	93	57
	72	73	24	36	54	10	30	71	100	26	83	13
	20	35	81	72	41	31	92	74	19	93	21	95
	76	76	77	10	73	89	66	42	40	76	59	48
	33	61	32	42	91	48	72	31	16	24	29	60
	15	59	97	22	64	88	29	21	79	47	38	39
	28	46	40	98	88	22	60	80	68	46	59	46
	54	84	97	77	14	64	57	63	75	75	65	96
	24	15	29	34	15	64	90	93	16	64	23	54
	25	95	77	38	66	48	81	20	25	70	48	50
	41	41	26	63	61	35	72	30	53	46	64	28

	41	16	97	13	60	58	39	68	92	47	91	64
	60	65	41	79	100	44	11	67	54	35	87	95
	64	40	73	95	27	96	83	18	69	12	82	26
	46	38	80	57	91	57	26	49	62	98	15	28
	29	93	35	58	96	21	69	94	50	72	63	46
	84	50	67	64	43	14	50	24	13	58	87	56
	43	78	60	73	26	70	39	56	98	37	21	88
	13	50	49	39	49	34	77	61	13	15	91	33
	72	37	21	42	22	85	40	51	82	21	47	45
	16	49	47	17	48	51	77	83	10	93	47	23
	90	76	37	87	21	58	51	19	29	10	83	36
	52	79	67	20	81	49	55	16	36	38	11	82
	86	38	88	25	64	82	19	83	79	47	68	17
	74	48	36	58	87	21	16	43	89	95	41	87
	39	82	16	42	60	57	14	66	38	20	25	75
	68	67	43	45	47	46	32	70	78	72	100	53
	98	40	25	97	67	44	97	64	23	49	33	89
	89	73	74	37	40	13	16	97	94	35	86	27
	71	10	63	26	81	51	53	79	81	33	43	69
	91	18	92	12	59	66	80	36	48	32	84	43
	95	97	64	99	54	24	56	65	32	42	60	99
	44	19	87	75	96	87	61	81	66	99	76	96
	32	17	82	70	63	14	41	49	93	68	74	65
	93	73	67	21	26	40	91	33	87	56	67	17
	55	28	21	36	54	99	67	22	64	42	17	18
	46	49	30	67	40	98	73	83	18	22	82	72
	79	69	11	27	38	73	28	18	95	46	94	67
	35	43	31	20	19	74	48	54	17	35	47	51
	35	62	91	47	15	48	43	32	65	41	99	52
	87	61	49	95	74	84	81	28	44	42	56	50

	11	18	35	76	95	55	31	71	89	69	72	97
	31	60	15	62	90	38	90	11	11	94	73	42
	77	59	96	77	63	14	20	24	45	42	71	13
	52	71	89	69	64	18	73	93	84	99	81	43
	13	38	33	94	59	89	10	51	43	15	11	32
	23	53	84	46	27	92	45	52	70	13	34	85
	74	76	32	12	50	50	90	55	51	13	91	77
	46	37	48	94	54	30	97	92	16	11	36	48
	83	42	37	87	74	60	16	54	16	12	17	100
	19	85	42	67	71	57	96	89	91	69	83	45
	94	55	61	51	66	95	17	80	77	62	16	90
	76	52	14	75	23	80	42	51	39	58	63	13
	69	85	19	42	37	18	75	99	20	45	91	70
	28	41	87	74	57	11	14	50	12	90	63	77
	32	42	83	12	63	88	26	68	39	90	23	82
	51	72	62	43	89	22	32	22	36	30	93	92
	97	22	50	28	34	78	59	42	17	90	36	83
	10	87	15	42	50	72	80	69	87	12	24	72
	74	72	23	43	85	87	95	46	60	36	71	51
	35	11	32	74	51	96	44	12	28	27	91	67
	72	67	64	67	83	10	28	18	15	93	81	11
	74	47	99	80	28	66	18	36	78	11	86	39
	45	40	52	89	57	52	71	39	94	30	45	51
	95	89	46	35	98	18	57	48	62	83	72	65
	25	49	83	84	50	30	90	37	32	24	89	83
	49	72	66	69	88	93	69	87	96	60	65	47
	18	56	79	49	91	84	86	27	34	70	93	93
	52	23	19	92	42	28	44	85	31	14	32	70
	81	40	48	78	59	25	26	32	64	60	18	47
	31	54	18	46	39	70	87	94	94	54	48	33

	74	54	92	29	88	81	82	70	74	60	29	76
	74	86	76	57	83	86	57	55	79	70	93	97
	85	28	16	90	84	63	44	39	13	18	55	45
	30	64	87	23	70	88	42	83	26	82	17	59
	69	74	25	31	24	94	94	87	11	79	92	79
	14	17	64	31	99	32	58	23	52	99	26	78
	35	63	57	44	23	64	44	21	70	90	12	31
	55	72	42	12	88	17	83	24	87	87	68	78
	74	72	26	98	77	18	86	73	64	34	56	47
	35	76	62	70	13	54	21	37	72	58	75	37
	78	84	70	16	45	29	12	14	64	31	21	82
	16	66	67	33	27	12	30	98	94	47	21	61
	17	28	82	72	96	87	95	65	11	77	54	14
	62	35	62	68	34	60	58	87	58	21	68	64
	46	30	100	93	68	65	88	85	84	78	43	68
	65	76	58	48	94	84	38	55	30	75	98	77
	88	42	35	84	74	51	24	92	13	47	21	91
	85	46	32	99	92	67	89	26	21	10	16	48
	99	90	43	41	45	67	61	75	63	68	45	38
	39	59	78	65	16	42	65	58	84	52	79	26
	77	12	32	21	49	70	97	51	30	39	50	82
	96	75	45	85	43	39	80	51	22	42	73	13
	84	61	28	92	14	91	65	58	86	11	65	46
	52	52	56	77	13	21	63	57	57	80	59	34
	99	13	27	85	25	24	62	24	30	86	74	40
	56	38	70	87	58	16	91	59	94	82	14	37
	11	21	98	94	53	34	74	43	35	33	48	69
	19	96	21	72	44	29	52	33	64	15	65	49
	80	76	70	60	43	79	53	67	34	63	17	84
	45	40	95	27	68	63	86	26	92	39	43	48

	50	16	26	58	97	86	47	30	42	64	29	85
	51	64	17	74	80	91	15	31	62	96	82	25
	84	46	100	39	86	38	14	81	72	62	89	89
	84	57	11	28	32	53	90	61	58	33	47	19
	23	69	47	53	12	42	61	30	92	62	72	66
	59	73	23	66	80	38	34	63	46	19	29	10
	30	92	74	26	46	31	66	51	57	90	93	63
	45	71	90	94	67	75	22	44	53	58	85	37
	46	23	31	58	72	19	92	82	84	84	27	27
	43	78	94	27	84	63	78	85	53	95	57	18
	84	42	47	16	66	82	61	13	15	46	62	43
	48	17	57	48	44	57	51	29	60	20	44	49
	25	56	90	64	79	27	49	48	29	65	30	10
	44	53	50	46	23	32	19	99	35	48	68	78
	57	92	57	29	48	34	81	29	61	23	78	54
	34	93	19	66	50	11	88	31	74	75	87	30
	39	40	88	37	46	49	11	43	75	91	97	20
	60	72	16	89	94	14	25	71	70	82	15	63
	38	58	43	75	64	44	40	63	10	75	75	22
	20	62	70	42	31	23	73	59	79	60	70	86
	27	36	51	55	72	56	75	94	38	11	16	77
	75	77	73	27	34	97	16	58	91	19	46	60
	28	12	21	87	36	10	42	53	82	36	86	37
	67	13	49	78	41	68	31	63	38	57	47	90
	89	63	90	24	67	80	50	83	17	80	44	49
	48	87	27	39	48	82	26	56	38	98	81	65
	81	90	17	44	45	16	26	57	66	70	17	17
	17	99	46	72	31	17	14	33	34	45	80	59
	89	28	77	15	19	37	27	80	78	55	97	42
	23	89	89	99	92	75	91	74	62	11	47	41

	87	66	92	66	79	57	78	63	42	99	54	91
	41	32	68	81	59	89	90	24	66	43	67	59
	60	95	81	12	18	63	67	65	18	24	16	31
	14	21	63	26	84	62	42	90	91	54	85	25
	54	70	22	64	68	80	28	45	90	52	46	14
	43	74	87	49	48	71	35	51	91	70	55	50
	82	37	12	94	14	66	49	46	91	62	39	57
	97	57	64	53	16	22	89	63	54	71	55	50
	39	87	59	89	67	16	77	47	31	72	75	30
	62	75	69	34	42	49	62	94	71	61	98	62
	68	38	42	27	59	46	80	91	22	81	98	16
	19	85	23	72	77	99	51	95	23	46	15	34
	32	61	99	53	94	33	74	64	48	16	81	44
	68	95	21	79	26	95	87	69	95	42	79	44
	15	95	43	18	89	92	66	48	51	45	43	16
	82	33	85	25	54	59	93	19	23	41	89	20
	28	40	98	60	29	67	97	38	74	80	45	56
	31	61	13	35	52	24	23	81	53	81	63	46
	61	69	66	54	22	68	30	78	96	13	33	60
	19	12	66	51	12	58	26	40	18	53	35	21
	60	23	71	17	73	24	43	15	62	94	42	83
	24	30	46	20	23	84	59	18	13	49	68	67
	30	56	31	57	23	46	48	60	41	94	65	19
	45	52	79	77	53	69	12	71	27	36	16	43
	54	30	79	33	94	69	73	49	10	20	40	77
	54	99	72	24	58	99	73	51	63	64	12	63
	40	39	93	61	89	79	17	81	27	66	30	20
	79	99	29	50	22	83	25	49	50	24	78	62
	95	56	72	17	68	53	63	100	66	30	18	55
	12	33	39	50	54	81	25	32	41	18	68	69

