***** PARAMETERS PRP *****

Number of Customers = 30
Number of Products = 10
Number of Vehicles = 5
Number of Periods = 12

B = Production capacity
	49034

b_p = Time required to produce item p
 	1	1	1	1	1	1	1	1	1	1

c_p = Production cost of item p
 	30	30	80	30	30	80	80	80	30	30

s_p = Setup cost of item p
 	300	300	800	300	300	800	800	800	300	300

M = Big number
	196135

U_pi = Maximum inventory upper bound of item p at site i
 	196135	275	254	105	129	156	120	167	85	188	251	172	195	98	137	106	100	144	115	129	156	290	175	166	116	315	125	114	251	182	217
	196135	255	259	167	161	273	252	156	328	318	240	176	117	168	211	92	229	221	203	201	188	190	93	258	126	282	92	233	300	327	218
	196135	281	126	128	109	333	135	298	205	280	136	119	107	132	210	251	297	278	222	83	273	211	174	159	262	98	201	243	214	274	221
	196135	251	126	178	329	187	111	253	95	272	128	378	210	133	309	248	294	255	238	127	278	230	292	217	92	266	271	245	128	283	265
	196135	169	248	157	155	284	238	120	159	225	297	123	180	343	248	102	107	233	261	230	288	105	172	123	265	113	108	210	288	269	323
	196135	273	177	204	172	102	185	268	100	205	112	162	107	210	324	90	182	95	117	169	296	132	202	87	187	149	185	84	262	168	177
	196135	96	86	272	116	131	258	103	167	117	225	181	194	109	134	270	245	135	103	112	202	80	268	192	132	185	97	177	129	266	315
	196135	222	312	197	223	112	275	124	190	72	146	209	115	122	302	233	271	129	243	193	144	188	173	170	118	144	209	222	250	183	124
	196135	263	207	258	241	280	191	217	116	102	210	279	161	138	183	102	117	125	169	155	287	179	219	164	209	97	137	176	100	177	195
	196135	173	114	110	147	220	279	298	270	214	216	300	181	147	119	181	156	107	227	132	230	219	243	253	253	248	214	103	199	80	197

I_pi0 = Initial inventory of item p at site i
 	0	108	121	58	94	94	75	141	67	128	229	129	132	88	81	95	33	98	93	79	121	133	37	138	100	78	82	93	168	115	76
	0	144	168	132	130	167	124	74	85	45	155	93	103	82	159	61	87	172	54	25	130	161	34	159	58	214	14	126	246	71	172
	0	167	111	104	96	59	127	28	161	215	61	71	74	94	181	49	172	190	64	55	250	146	57	50	64	60	87	40	48	43	126
	0	150	30	98	255	55	80	16	12	115	68	275	184	108	166	149	266	108	190	19	181	76	274	128	90	242	91	100	21	257	153
	0	35	159	69	81	104	85	117	127	37	20	104	143	147	76	98	101	165	61	159	88	50	102	30	128	56	94	201	62	90	177
	0	77	161	20	143	49	48	98	39	184	77	160	39	168	152	70	82	77	91	46	220	91	103	77	126	142	84	64	238	101	131
	0	0	28	67	83	38	55	51	99	90	97	75	190	97	72	115	123	50	39	89	10	75	59	108	76	148	27	110	94	212	191
	0	104	58	160	171	28	185	106	126	23	56	162	23	48	131	49	119	100	120	136	62	78	81	149	35	131	85	139	184	98	57
	0	149	58	132	92	220	138	99	40	85	47	94	109	124	51	50	67	89	117	86	262	98	110	106	160	61	112	59	60	164	144
	0	149	46	63	85	103	144	27	215	15	164	93	51	53	91	53	58	72	149	113	154	78	142	163	148	90	190	53	149	29	136

h_pi = Inventory cost of item p at site i
 	3	4	7	2	3	9	1	4	2	9	5	4	1	9	9	7	7	2	2	7	1	1	5	5	5	8	2	8	7	1	1
	3	6	3	1	4	7	4	6	2	1	9	5	9	6	7	5	9	1	4	9	3	3	3	3	8	4	1	9	4	4	3
	8	4	3	7	8	9	2	9	7	9	8	9	9	9	3	1	3	7	7	9	6	8	7	7	9	2	5	4	4	6	9
	3	6	1	9	3	9	7	9	4	6	1	3	6	8	6	6	5	9	5	8	3	6	3	7	7	9	4	4	8	7	4
	3	1	6	3	9	7	1	9	3	2	4	3	1	5	4	1	1	7	4	6	5	3	4	8	7	7	4	7	2	4	8
	8	6	3	3	4	4	6	4	1	4	9	1	8	7	7	8	2	1	8	2	3	4	5	1	1	9	7	8	7	4	7
	8	3	6	6	6	6	6	7	3	5	4	3	7	6	7	8	7	6	6	1	2	4	6	6	5	5	4	8	2	5	4
	8	2	7	4	5	1	7	2	7	7	1	7	6	7	9	1	6	3	3	4	6	7	7	9	3	7	1	3	4	3	1
	3	9	1	9	1	1	8	8	7	1	3	2	6	1	6	9	9	8	8	6	6	1	6	3	7	7	8	8	7	1	2
	3	6	1	4	7	9	7	9	7	3	1	9	4	7	2	5	1	3	5	5	1	8	9	3	1	6	9	7	2	1	6

C = Vehicle capacity
	3780

f = Fixed transportation cost
	31279

a_ik = Transportation cost for traveling from node i to node k
 	0	430	725	64	123	834	161	869	86	888	697	457	739	832	426	122	396	733	903	276	705	261	532	182	658	283	121	350	346	522	301
	430	0	396	492	369	457	426	470	346	563	436	53	341	498	250	376	97	322	476	226	407	323	125	331	329	166	542	263	285	114	153
	725	396	0	772	616	142	782	216	657	170	121	343	163	108	306	721	358	210	359	610	56	707	431	556	70	458	805	658	680	425	531
	64	492	772	0	157	885	200	923	150	932	736	516	794	878	469	176	452	790	962	339	749	317	595	218	706	340	59	410	405	585	365
	123	369	616	157	0	733	258	775	111	776	580	384	647	722	313	199	312	647	825	283	593	309	485	62	551	205	190	372	375	474	274
	834	457	142	885	733	0	872	81	760	161	254	409	126	115	431	814	446	167	244	682	195	779	453	674	189	556	922	714	737	451	606
	161	426	782	200	258	872	0	894	153	951	777	468	763	890	508	66	428	747	898	213	774	144	498	302	713	326	253	250	238	491	275
	869	470	216	923	775	81	894	0	792	229	332	427	132	192	483	839	475	153	168	695	270	791	444	718	250	587	964	718	741	444	622
	86	346	657	150	111	760	153	792	0	824	640	375	661	765	367	90	317	653	820	197	642	203	446	149	589	205	205	278	278	437	216
	888	563	170	932	776	161	951	229	824	0	209	511	271	66	464	889	527	319	396	780	184	877	585	715	240	626	962	826	848	581	701
	697	436	121	736	580	254	777	332	640	209	0	385	279	174	273	713	374	324	479	630	65	723	499	519	135	455	762	691	711	492	551
	457	53	343	516	384	409	468	427	375	511	385	0	296	446	216	414	79	281	447	274	354	371	147	339	277	179	564	316	338	136	197
	739	341	163	794	647	126	763	132	661	271	279	296	0	211	365	708	344	50	213	566	215	663	328	591	159	457	835	593	616	327	492
	832	498	108	878	722	115	890	192	765	66	174	446	211	0	410	829	465	260	358	716	133	813	520	661	178	566	909	761	783	516	637
	426	250	306	469	313	431	508	483	367	464	273	216	365	410	0	443	156	381	568	382	281	469	362	252	244	193	499	458	476	351	310
	122	376	721	176	199	814	66	839	90	889	713	414	708	829	443	0	369	695	851	179	711	141	458	238	651	264	234	238	231	450	228
	396	97	358	452	312	446	428	475	317	527	374	79	344	465	156	369	0	339	513	257	356	352	217	264	288	113	497	319	339	206	178
	733	322	210	790	647	167	747	153	653	319	324	281	50	260	381	695	339	0	188	546	261	641	293	594	197	451	835	566	589	293	474
	903	476	359	962	825	244	898	168	820	396	479	447	213	358	568	851	513	188	0	688	415	777	408	775	370	624	1009	689	711	412	624
	276	226	610	339	283	682	213	695	197	780	630	274	566	716	382	179	257	546	688	0	612	98	285	285	542	192	397	92	102	279	80
	705	407	56	749	593	195	774	270	642	184	65	354	215	133	281	711	356	261	415	612	0	708	456	532	83	448	779	667	688	450	533
	261	323	707	317	309	779	144	791	203	877	723	371	663	813	469	141	352	641	777	98	708	0	371	328	638	276	374	107	94	365	177
	532	125	431	595	485	453	498	444	446	585	499	147	328	520	362	458	217	293	408	285	456	371	0	452	374	287	649	282	304	12	233
	182	331	556	218	62	674	302	718	149	715	519	339	591	661	252	238	264	594	775	285	532	328	452	0	491	165	249	376	383	440	258
	658	329	70	706	551	189	713	250	589	240	135	277	159	178	244	651	288	197	370	542	83	638	374	491	0	389	740	591	613	367	462
	283	166	458	340	205	556	326	587	205	626	455	179	457	566	193	264	113	451	624	192	448	276	287	165	389	0	386	275	290	276	129
	121	542	805	59	190	922	253	964	205	962	762	564	835	909	499	234	497	835	1009	397	779	374	649	249	740	386	0	469	463	639	420
	350	263	658	410	372	714	250	718	278	826	691	316	593	761	458	238	319	566	689	92	667	107	282	376	591	275	469	0	23	279	149
	346	285	680	405	375	737	238	741	278	848	711	338	616	783	476	231	339	589	711	102	688	94	304	383	613	290	463	23	0	301	166
	522	114	425	585	474	451	491	444	437	581	492	136	327	516	351	450	206	293	412	279	450	365	12	440	367	276	639	279	301	0	224
	301	153	531	365	274	606	275	622	216	701	551	197	492	637	310	228	178	474	624	80	533	177	233	258	462	129	420	149	166	224	0

coordXY = Coordinates (x,y): line zero => x line one => y column => customers
 	176	361	153	133	120	247	332	323	224	96	40	329	315	133	114	296	265	362	490	397	102	426	475	113	172	240	83	488	494	464	362
	916	528	192	963	807	86	953	60	845	32	233	486	191	86	495	898	531	207	70	751	215	844	477	746	259	641	993	758	780	481	680

d_pit = Demand of item p at customer i in period t
 	45	23	40	49	80	88	77	70	35	30	69	55
	40	81	39	12	78	69	74	46	34	70	19	47
	24	34	49	99	38	77	53	60	28	18	65	84
	19	12	63	11	26	87	23	93	40	19	70	53
	11	25	58	63	31	46	83	54	26	22	32	17
	75	77	51	65	77	54	14	87	52	41	50	77
	11	57	73	70	60	76	49	97	50	28	48	50
	49	18	90	41	10	46	99	22	66	22	18	31
	96	32	67	70	18	41	86	43	79	66	79	73
	39	46	83	61	84	81	42	19	65	90	60	83
	84	45	68	97	10	82	88	31	37	32	28	84
	89	43	95	12	59	11	74	39	35	28	48	53
	88	39	10	53	29	83	41	69	98	13	20	46
	81	95	60	34	94	84	47	88	80	48	30	83
	95	26	33	43	94	29	41	33	99	52	45	47
	33	20	49	57	99	77	35	29	11	35	87	68
	98	43	20	13	24	31	50	54	72	76	11	85
	48	45	40	33	26	59	80	10	46	16	27	29
	79	53	28	34	28	56	30	48	23	29	81	26
	61	60	82	36	58	16	40	63	63	69	42	35
	36	97	85	27	41	80	99	27	27	20	61	97
	16	21	13	72	55	82	44	14	77	71	42	19
	46	45	47	51	34	35	36	63	46	14	12	68
	49	51	36	40	83	94	48	89	50	38	95	22
	62	16	36	76	85	36	80	81	79	86	67	52
	82	52	96	14	61	10	35	83	50	79	92	94
	93	63	19	67	46	35	55	91	74	20	74	47
	85	54	29	90	34	14	21	49	89	33	43	61
	81	34	91	39	83	60	66	98	80	16	56	24
	76	69	14	64	63	14	17	36	45	19	53	50

	68	76	68	73	58	64	28	82	23	94	71	59
	89	79	95	66	20	20	58	100	61	38	81	71
	15	25	92	86	75	30	59	25	85	78	67	29
	52	78	60	21	38	65	40	48	59	63	26	95
	92	75	78	13	38	38	29	96	34	43	81	38
	89	11	24	80	45	34	64	78	65	91	97	78
	29	45	26	68	22	95	78	97	50	17	52	45
	85	22	74	52	94	78	74	43	31	80	84	71
	16	29	68	60	87	96	65	36	98	19	98	91
	54	19	82	94	52	59	86	59	86	29	46	53
	93	61	56	24	26	33	96	80	81	98	44	11
	24	79	89	36	28	92	21	61	38	67	91	78
	82	14	48	85	66	65	38	88	20	36	75	53
	22	24	41	72	76	47	96	76	84	46	11	38
	37	11	13	55	82	62	28	84	17	69	84	10
	87	16	74	69	48	17	65	34	81	96	83	17
	72	100	50	90	10	83	29	15	35	71	86	22
	54	90	71	95	74	44	72	29	90	28	78	85
	25	47	42	37	59	100	24	34	81	39	45	69
	60	70	82	82	69	58	32	87	41	20	77	72
	29	36	96	24	18	13	42	47	66	94	74	31
	34	77	41	23	38	80	72	16	15	55	80	24
	71	17	71	64	22	35	13	84	72	87	32	50
	58	70	33	81	86	71	71	76	37	42	94	37
	86	58	70	12	15	12	59	92	76	49	75	73
	14	19	52	18	61	54	69	40	95	43	55	33
	80	46	61	14	66	52	79	45	73	74	47	62
	74	83	89	39	20	47	81	94	57	47	58	30
	71	47	71	63	84	74	95	86	57	31	39	67
	47	34	91	78	56	91	43	55	55	19	31	53

	92	75	94	97	44	85	91	24	51	75	47	68
	91	20	29	46	96	66	98	29	75	80	82	42
	23	81	26	12	38	93	25	14	32	59	21	88
	23	73	26	63	52	75	16	14	80	63	81	89
	59	48	52	94	52	50	78	83	84	28	80	90
	73	54	24	27	71	34	59	10	73	30	11	75
	28	58	68	16	88	73	44	94	47	40	70	90
	72	89	63	87	59	32	75	69	53	83	60	76
	99	59	37	20	19	95	44	30	14	90	93	71
	61	84	58	76	72	54	69	84	10	94	59	96
	71	83	84	30	52	55	86	73	13	56	40	71
	74	45	21	59	63	32	69	70	68	68	59	11
	13	49	32	18	40	16	60	23	88	33	91	65
	61	96	24	89	11	43	57	54	57	11	84	44
	17	18	14	13	96	86	59	45	58	27	77	92
	92	80	63	30	27	42	98	10	14	73	97	87
	90	18	22	60	83	43	82	49	32	61	54	73
	38	26	91	96	74	74	14	82	57	54	44	16
	55	60	58	12	17	99	24	27	19	54	51	20
	96	56	48	50	34	33	54	46	71	67	81	18
	91	55	82	42	92	65	43	38	22	42	25	36
	57	71	28	83	55	53	73	16	59	76	76	47
	14	36	92	84	64	96	21	53	79	54	17	24
	64	79	88	28	74	19	44	26	11	39	76	80
	60	62	26	56	80	48	26	19	77	71	48	15
	87	44	69	55	29	29	12	14	87	47	53	76
	40	88	72	90	28	64	28	26	84	72	70	68
	11	37	74	84	57	92	31	29	43	66	41	77
	43	30	95	62	86	66	85	13	98	76	97	72
	40	86	97	39	65	22	17	83	67	80	19	49

	59	76	15	43	46	22	96	89	97	69	65	77
	30	19	52	99	18	27	16	55	12	97	51	28
	98	90	43	89	28	73	51	62	33	37	35	73
	95	61	99	67	91	31	74	95	80	60	15	21
	55	87	62	68	40	59	77	25	88	23	74	88
	80	34	19	27	93	51	57	96	48	56	77	30
	16	38	74	31	53	27	81	74	59	52	12	89
	12	27	29	90	65	15	85	74	57	23	62	32
	39	43	33	11	61	55	76	84	47	40	84	79
	68	57	23	29	55	13	19	77	18	25	68	58
	66	80	79	50	60	97	96	82	85	36	85	90
	67	33	35	49	35	51	38	57	55	51	75	85
	23	43	42	10	67	34	45	29	40	72	68	57
	18	98	50	29	69	75	71	85	80	25	46	96
	98	51	11	37	83	60	54	50	74	74	96	55
	83	92	91	70	44	98	96	45	77	96	22	69
	38	70	77	81	78	10	92	52	65	88	21	93
	96	66	28	75	99	78	84	26	26	54	52	30
	19	44	87	42	27	46	21	89	52	36	33	12
	85	96	86	85	24	42	30	75	21	51	19	53
	76	84	98	43	33	12	30	97	25	27	91	74
	99	96	79	28	88	72	69	12	94	86	99	53
	79	49	58	34	79	97	84	43	35	40	19	35
	34	11	45	29	66	59	90	13	72	19	35	80
	70	12	85	75	19	64	88	57	43	33	54	38
	44	47	64	70	50	54	44	88	28	57	80	25
	100	96	16	84	30	13	55	18	91	83	62	86
	21	13	79	10	52	86	52	14	50	10	71	55
	72	34	67	84	22	63	57	91	82	14	52	40
	49	91	13	76	33	57	35	63	54	82	25	59

	35	51	87	60	72	70	13	25	51	66	63	84
	78	81	16	55	31	64	66	69	13	28	51	43
	20	49	95	59	57	67	38	18	96	29	39	61
	59	22	35	81	85	92	61	25	23	25	52	60
	19	85	52	21	67	51	96	13	77	72	42	87
	85	90	24	13	32	14	37	43	90	29	87	26
	50	67	29	50	85	35	84	84	13	90	49	84
	21	22	19	65	91	67	63	65	96	27	46	53
	37	80	86	19	15	40	53	98	62	45	71	70
	20	64	16	25	95	67	91	58	36	86	91	63
	57	47	73	59	37	55	95	87	75	61	64	26
	99	44	82	12	64	16	91	55	59	22	95	81
	76	71	87	79	69	79	23	18	80	81	69	92
	36	40	50	76	92	56	18	15	82	75	43	11
	60	38	31	84	79	33	32	64	27	64	78	22
	65	36	93	17	39	29	68	68	82	30	30	84
	67	64	34	23	54	59	81	41	15	32	34	55
	61	88	41	10	33	60	76	94	75	100	54	92
	81	27	51	82	85	54	44	46	87	82	33	19
	88	40	26	33	51	46	93	49	22	74	93	77
	50	95	95	13	44	81	31	17	62	87	29	27
	47	30	25	81	82	54	50	34	89	79	86	31
	30	96	83	85	65	11	95	27	59	58	34	92
	70	39	19	28	88	80	45	39	79	56	63	29
	37	19	70	44	99	73	27	64	60	24	80	79
	94	42	95	73	59	66	27	17	48	76	14	36
	88	17	96	56	77	96	38	86	41	98	84	62
	10	52	98	49	35	15	82	93	81	79	56	41
	90	70	93	65	65	54	93	31	38	77	90	40
	55	42	80	25	94	63	64	64	97	55	69	68

	10	54	13	71	10	20	99	88	91	97	91	12
	94	67	55	65	34	29	89	36	46	80	59	53
	20	86	58	35	51	14	22	48	55	29	27	44
	12	70	61	87	51	76	40	44	75	25	81	65
	20	29	35	72	24	74	93	77	40	84	33	31
	14	34	69	85	39	47	18	85	74	14	49	27
	98	42	25	67	97	76	64	43	84	84	42	83
	39	66	90	71	12	63	16	90	12	59	14	70
	76	50	58	25	49	32	41	74	63	90	29	29
	77	61	40	46	50	88	75	42	89	69	24	13
	46	46	68	69	44	11	17	66	80	73	44	82
	39	15	38	31	65	89	61	90	80	69	17	47
	92	46	15	15	32	69	58	26	61	16	25	49
	14	41	28	69	77	90	89	79	84	70	68	68
	32	38	34	87	39	25	88	36	10	67	17	67
	40	42	68	91	80	65	53	38	43	89	51	68
	77	54	35	31	52	55	25	47	55	97	24	19
	33	20	38	39	69	98	80	90	17	93	69	56
	21	25	77	61	87	82	72	27	70	46	69	37
	97	45	78	33	49	87	18	99	50	36	39	79
	50	41	87	31	13	69	59	22	30	18	19	88
	21	82	94	86	29	99	13	12	52	88	12	17
	61	16	36	21	40	53	32	58	41	83	51	28
	40	10	42	34	47	48	80	78	25	86	22	48
	45	29	68	75	21	85	44	27	63	75	16	47
	84	84	22	33	80	44	19	54	84	81	90	65
	11	53	41	43	84	27	19	70	17	21	67	53
	86	47	30	75	41	38	66	51	44	59	38	54
	85	16	97	15	55	73	60	24	91	77	31	46
	55	76	66	19	96	63	83	97	44	14	55	39

	98	21	37	21	41	86	25	34	82	36	36	57
	28	13	54	52	44	16	57	44	26	58	98	25
	67	27	80	50	65	87	45	20	49	22	93	47
	65	18	34	84	94	45	20	88	53	69	93	33
	28	10	96	13	63	68	62	69	10	55	33	17
	17	38	40	88	22	91	55	59	49	33	63	63
	51	56	32	40	82	38	85	29	93	54	33	24
	79	20	89	30	94	55	72	51	80	11	37	51
	90	96	15	38	57	61	25	54	84	69	54	60
	97	12	79	16	52	75	63	50	76	41	69	46
	21	35	19	46	29	89	29	59	28	30	89	70
	52	54	84	46	34	11	16	12	78	91	11	93
	97	39	46	84	55	65	39	67	31	13	21	96
	72	49	81	59	65	87	86	62	33	83	34	94
	55	60	46	72	90	19	94	79	83	75	50	86
	36	87	73	73	37	32	46	75	87	58	52	80
	50	29	19	24	27	23	46	50	79	91	10	93
	21	18	65	44	11	82	100	53	11	81	92	39
	42	22	25	44	54	19	72	95	77	25	98	96
	10	62	90	33	20	38	79	67	79	16	75	37
	75	81	52	13	11	20	64	16	38	45	16	50
	59	40	44	81	58	66	22	63	23	66	93	27
	87	21	43	76	35	81	66	31	21	48	20	46
	14	23	39	51	20	21	33	40	51	12	73	18
	23	30	95	64	51	40	42	40	47	34	12	77
	27	56	81	60	49	39	19	58	54	62	32	43
	20	14	76	71	72	29	15	82	14	52	27	58
	11	83	93	11	32	22	50	77	38	31	42	25
	39	68	80	25	88	61	19	67	74	97	99	81
	54	98	39	57	73	93	92	37	27	83	89	13

	25	65	14	54	21	29	16	58	45	98	28	79
	58	98	43	97	35	54	75	55	98	69	42	25
	84	76	66	79	17	76	80	34	85	54	46	90
	52	67	40	12	14	55	91	84	72	100	70	13
	28	96	18	26	49	19	76	96	82	49	68	64
	15	75	57	38	58	99	12	65	47	73	69	53
	63	43	95	30	64	89	55	89	44	70	90	12
	83	43	79	59	46	95	85	45	67	26	70	60
	23	63	29	10	56	82	28	11	54	38	25	15
	17	15	24	59	82	39	36	63	60	59	75	56
	75	87	47	96	63	44	11	46	53	24	46	35
	23	100	75	17	12	68	78	60	29	45	89	94
	48	79	61	64	69	90	42	13	45	94	26	99
	40	47	44	81	74	32	56	92	27	83	67	82
	13	36	95	39	40	78	42	96	42	93	32	93
	93	26	64	85	13	88	90	89	51	44	74	95
	29	71	78	36	12	27	48	59	17	32	24	83
	37	83	39	92	29	99	49	95	57	38	67	43
	93	43	90	83	69	80	40	46	55	46	60	66
	62	74	32	75	72	28	26	13	92	18	63	19
	78	91	48	12	81	28	16	33	99	42	15	21
	81	31	58	28	59	59	77	23	86	22	82	87
	97	52	77	59	72	34	23	75	81	16	55	39
	35	88	52	10	99	58	93	92	36	44	45	53
	34	79	18	51	56	19	54	92	49	16	37	71
	85	77	69	10	37	37	14	87	12	84	22	94
	97	21	21	86	71	15	81	22	39	85	95	34
	88	21	75	87	16	25	14	99	51	46	18	60
	84	14	92	73	22	68	13	43	95	91	97	38
	57	76	82	93	16	52	35	31	99	86	63	52

	71	78	25	11	17	74	74	14	21	81	96	68
	58	91	18	16	88	54	48	75	54	27	25	66
	86	46	85	25	27	56	74	48	47	49	49	28
	41	10	28	13	13	86	93	90	13	29	69	94
	83	84	31	22	72	49	22	66	58	74	65	46
	65	73	45	64	67	72	93	27	10	10	25	21
	66	33	58	17	66	67	36	96	52	99	40	20
	40	90	60	63	32	51	66	57	29	43	94	68
	11	28	16	30	25	70	78	42	61	100	82	71
	12	35	76	47	79	26	52	82	58	81	22	61
	44	50	82	28	92	99	39	82	79	55	93	94
	78	31	67	82	83	53	67	46	51	25	26	34
	91	10	23	34	51	94	12	25	91	41	31	47
	11	25	15	96	40	91	76	32	32	53	23	54
	50	30	72	15	73	41	73	92	55	11	78	23
	67	55	68	16	80	10	69	84	86	32	35	98
	23	66	69	71	69	39	80	52	82	84	50	62
	45	34	20	18	14	50	11	48	67	40	74	85
	86	15	24	50	77	47	25	36	71	26	84	77
	79	65	83	35	93	24	60	38	62	45	87	18
	66	32	58	63	84	36	59	86	76	78	17	62
	23	87	58	68	88	14	65	77	65	24	35	54
	21	85	49	57	53	12	39	25	88	44	86	98
	63	97	71	64	27	12	42	92	16	38	73	32
	61	55	26	71	30	15	21	68	94	95	18	29
	59	53	38	36	20	35	48	39	62	64	65	30
	59	83	89	12	77	78	66	12	54	88	31	54
	60	30	71	42	28	95	30	24	80	48	80	12
	92	72	27	70	45	31	91	26	56	70	31	95
	60	49	35	32	26	84	15	62	82	29	38	74

	54	95	63	24	31	53	89	77	71	68	21	47
	46	27	51	36	25	63	74	23	26	15	35	35
	47	16	82	51	81	33	42	89	75	20	58	66
	85	17	22	19	71	79	26	72	88	73	19	15
	33	19	51	69	15	41	75	73	76	31	98	79
	82	62	41	100	15	45	90	39	48	67	10	71
	27	76	46	97	36	87	46	14	68	61	100	56
	100	74	41	63	37	12	38	57	51	94	44	37
	15	51	14	50	13	85	63	96	100	20	46	90
	11	80	73	78	22	83	92	42	23	35	88	22
	93	67	71	56	13	47	87	57	11	97	34	86
	51	38	68	54	15	42	93	42	18	14	50	59
	53	90	84	47	23	23	67	44	50	38	50	17
	91	55	46	53	69	96	40	68	13	51	85	44
	53	14	84	92	44	43	74	94	63	32	64	65
	58	83	54	43	36	44	98	19	32	43	14	99
	10	62	39	95	70	64	28	92	72	51	26	35
	93	56	16	17	18	100	86	12	49	97	89	47
	32	33	48	26	18	49	68	10	54	16	78	94
	25	35	94	61	91	37	73	38	56	56	65	58
	20	58	60	55	50	53	32	70	67	95	75	21
	54	25	63	96	43	93	92	19	78	97	44	24
	84	79	46	98	62	11	34	35	28	42	25	63
	86	62	66	98	60	67	92	71	12	21	75	48
	44	46	46	87	88	87	32	36	64	79	53	81
	38	15	40	97	74	22	74	72	11	50	59	91
	53	62	69	55	59	32	59	98	61	26	15	30
	28	97	24	16	11	52	53	42	96	93	40	44
	29	15	37	56	15	86	22	16	18	38	99	46
	22	50	64	40	54	43	95	95	11	63	40	13

