***** PARAMETERS PRP *****

Number of Customers = 30
Number of Products = 10
Number of Vehicles = 5
Number of Periods = 12

B = Production capacity
	49656

b_p = Time required to produce item p
 	1	1	1	1	1	1	1	1	1	1

c_p = Production cost of item p
 	30	80	80	80	30	30	30	30	80	80

s_p = Setup cost of item p
 	300	800	800	800	300	300	300	300	800	800

M = Big number
	198622

U_pi = Maximum inventory upper bound of item p at site i
 	198622	288	229	223	271	270	176	213	114	163	155	257	292	238	149	119	211	185	314	178	232	101	87	196	218	314	73	189	200	249	113
	198622	231	212	228	225	188	256	92	103	185	149	139	252	177	228	107	277	164	220	148	131	252	311	217	300	239	243	293	290	256	237
	198622	259	266	251	154	107	94	235	289	115	129	115	276	133	185	280	100	217	273	162	182	303	134	122	189	261	303	130	218	281	317
	198622	93	133	165	234	224	122	212	168	101	217	191	99	147	105	114	204	106	231	288	323	115	291	320	295	140	109	318	157	260	154
	198622	231	117	121	150	121	206	112	128	156	232	226	202	192	107	124	279	193	266	172	71	102	176	312	283	170	150	270	316	148	163
	198622	98	141	132	86	193	225	331	244	193	231	119	157	86	108	112	136	258	108	246	191	111	185	116	263	99	324	102	119	194	232
	198622	96	92	315	207	120	189	121	338	295	244	201	235	187	107	173	166	118	155	221	272	151	318	298	180	175	180	213	159	120	156
	198622	246	256	261	222	200	134	170	100	244	188	89	178	164	166	215	109	103	199	155	203	220	108	168	106	225	124	90	185	256	287
	198622	103	106	215	320	182	243	256	303	135	217	131	172	214	189	91	336	153	101	139	187	175	198	77	167	131	114	360	323	103	198
	198622	104	211	300	220	237	152	131	132	140	91	98	111	123	260	110	115	173	108	315	255	152	186	237	85	241	207	114	172	338	243

I_pi0 = Initial inventory of item p at site i
 	0	247	168	71	58	208	86	143	48	108	100	53	123	131	105	65	112	176	263	145	223	89	59	168	21	263	0	95	168	107	71
	0	219	31	34	126	161	84	84	39	77	100	112	174	58	172	55	247	14	181	148	112	91	33	153	77	203	177	166	157	151	136
	0	226	206	199	125	103	30	77	151	99	74	76	77	132	184	215	85	170	12	57	147	247	41	98	89	232	252	82	177	255	170
	0	73	58	70	220	203	117	90	45	22	191	52	24	143	84	92	146	75	212	53	94	81	32	94	221	88	99	98	87	152	78
	0	69	109	78	84	99	24	89	117	127	120	10	201	144	76	93	258	46	89	161	53	57	175	229	150	100	43	16	76	24	144
	0	61	68	77	40	126	174	150	84	98	76	115	142	0	69	95	50	73	68	235	147	54	166	76	66	63	116	76	117	176	41
	0	72	88	269	166	96	43	100	75	95	47	91	105	108	91	96	23	54	151	93	139	69	156	60	153	142	146	177	29	29	129
	0	230	64	163	147	101	98	45	46	81	55	87	45	110	81	132	71	88	16	78	23	177	31	126	38	66	26	89	143	177	263
	0	89	57	146	143	66	132	115	97	110	215	122	113	98	35	53	72	96	58	100	158	22	151	66	71	79	35	196	262	38	79
	0	49	67	81	171	75	68	61	97	130	90	32	86	39	212	80	71	63	36	154	218	115	95	163	71	202	153	111	112	77	196

h_pi = Inventory cost of item p at site i
 	3	7	5	5	3	2	2	3	2	2	9	5	9	9	5	3	3	2	6	6	7	4	1	1	1	4	5	8	4	9	6
	8	7	2	9	1	8	3	3	3	4	6	7	5	3	3	4	1	4	8	5	3	3	6	3	8	2	1	4	9	4	7
	8	1	6	2	2	1	3	7	4	4	2	6	3	6	4	5	8	3	4	7	6	7	5	8	6	4	5	2	4	5	2
	8	8	4	4	5	8	3	6	8	9	9	7	1	2	3	9	1	8	8	2	4	3	9	8	1	4	7	6	8	7	7
	3	1	1	7	7	4	4	1	8	9	9	5	1	9	9	6	6	9	2	3	8	2	2	4	6	6	8	3	3	2	1
	3	8	4	8	3	4	5	7	8	7	5	7	1	6	3	4	9	6	2	4	5	5	9	7	9	3	2	2	9	7	8
	3	1	7	2	6	5	7	7	2	4	4	6	3	9	8	9	1	7	6	3	7	3	9	7	1	3	9	2	9	8	5
	3	8	9	9	5	5	3	7	2	8	9	1	6	4	8	7	2	4	4	7	6	5	3	1	6	3	2	4	3	8	8
	8	8	4	9	3	6	9	4	2	4	8	8	1	5	4	6	8	8	8	3	1	8	7	3	1	8	6	1	7	9	5
	8	3	6	9	6	5	9	2	2	6	7	5	8	4	7	1	6	4	7	2	6	3	7	7	6	1	9	9	3	3	5

C = Vehicle capacity
	3600

f = Fixed transportation cost
	148025

a_ik = Transportation cost for traveling from node i to node k
 	0	2970	3435	685	2315	1440	2200	2995	235	1645	1235	3055	570	245	1460	2430	1000	3345	950	1920	2240	3880	3670	1780	525	2430	530	1370	2380	3225	2180
	2970	0	510	3455	1095	3030	1450	2035	3060	2835	1765	630	2400	3125	3145	1760	2625	2045	2755	1630	1275	2320	2105	1485	3250	605	2670	2055	1945	1135	1575
	3435	510	0	3945	1355	3540	1690	2040	3510	3340	2215	595	2875	3575	3655	1910	3130	1955	3260	2130	1530	2120	1925	1995	3740	1115	3100	2415	2100	1000	2060
	685	3455	3945	0	2930	1160	2850	3675	825	1455	1815	3625	1120	770	1125	3100	1010	4015	885	2160	2875	4550	4340	2105	210	2880	1210	2040	3060	3845	2395
	2315	1095	1355	2930	0	2885	360	1165	2335	2800	1120	820	1810	2405	2990	715	2350	1350	2455	1805	185	1810	1575	1535	2725	1030	1890	1100	880	915	1915
	1440	3030	3540	1160	2885	0	2945	3890	1670	325	1860	3385	1385	1655	125	3300	580	4170	535	1445	2900	4670	4440	1545	1090	2430	1815	2375	3330	3730	1605
	2200	1450	1690	2850	360	2945	0	965	2185	2900	1105	1120	1755	2255	3045	410	2390	1225	2480	2015	180	1740	1515	1730	2650	1355	1730	880	550	1080	2150
	2995	2035	2040	3675	1165	3890	965	0	2930	3855	2035	1470	2625	3000	3985	595	3325	380	3405	2955	1060	905	735	2675	3485	2165	2485	1635	620	1070	3075
	235	3060	3510	825	2335	1670	2185	2930	0	1880	1300	3100	710	75	1690	2375	1235	3285	1185	2110	2245	3820	3620	1950	700	2545	460	1320	2315	3235	2370
	1645	2835	3340	1455	2800	325	2900	3855	1880	0	1850	3235	1485	1875	420	3275	675	4120	695	1220	2835	4605	4370	1370	1365	2245	1960	2415	3320	3610	1350
	1235	1765	2215	1815	1120	1860	1105	2035	1300	1850	0	1825	700	1365	1955	1440	1295	2325	1380	1255	1090	2840	2615	980	1605	1285	910	635	1475	2035	1480
	3055	630	595	3625	820	3385	1120	1470	3100	3235	1825	0	2515	3170	3500	1315	2910	1435	3035	2075	975	1695	1480	1870	3415	1040	2670	1915	1510	510	2080
	570	2400	2875	1120	1810	1385	1755	2625	710	1485	700	2515	0	760	1450	2040	820	2950	855	1425	1765	3475	3255	1245	915	1860	520	1025	2030	2725	1685
	245	3125	3575	770	2405	1655	2255	3000	75	1875	1365	3170	760	0	1670	2450	1240	3355	1180	2145	2315	3890	3690	1995	655	2600	530	1395	2385	3310	2405
	1460	3145	3655	1125	2990	125	3045	3985	1690	420	1955	3500	1450	1670	0	3390	665	4270	600	1565	3005	4775	4545	1665	1080	2550	1865	2450	3415	3845	1725
	2430	1760	1910	3100	715	3300	410	595	2375	3275	1440	1315	2040	2450	3390	0	2730	920	2815	2420	555	1455	1245	2135	2910	1740	1925	1065	195	1110	2560
	1000	2625	3130	1010	2350	580	2390	3325	1235	675	1295	2910	820	1240	665	2730	0	3610	140	1170	2355	4120	3890	1170	850	2025	1290	1795	2755	3225	1395
	3345	2045	1955	4015	1350	4170	1225	380	3285	4120	2325	1435	2950	3355	4270	920	3610	0	3705	3150	1285	540	360	2880	3825	2275	2835	1980	980	960	3245
	950	2755	3260	885	2455	535	2480	3405	1185	695	1380	3035	855	1180	600	2815	140	3705	0	1305	2455	4215	3990	1305	740	2155	1290	1855	2830	3340	1530
	1920	1630	2130	2160	1805	1445	2015	2955	2110	1220	1255	2075	1425	2145	1565	2420	1170	3150	1305	0	1900	3590	3350	295	1975	1050	1910	1880	2525	2500	260
	2240	1275	1530	2875	185	2900	180	1060	2245	2835	1090	975	1765	2315	3005	555	2355	1285	2455	1900	0	1775	1545	1620	2670	1190	1790	970	710	995	2025
	3880	2320	2120	4550	1810	4670	1740	905	3820	4605	2840	1695	3475	3890	4775	1455	4120	540	4215	3590	1775	0	240	3330	4355	2650	3370	2515	1515	1190	3655
	3670	2105	1925	4340	1575	4440	1515	735	3620	4370	2615	1480	3255	3690	4545	1245	3890	360	3990	3350	1545	240	0	3095	4145	2420	3170	2305	1325	970	3420
	1780	1485	1995	2105	1535	1545	1730	2675	1950	1370	980	1870	1245	1995	1665	2135	1170	2880	1305	295	1620	3330	3095	0	1910	885	1705	1600	2235	2270	500
	525	3250	3740	210	2725	1090	2650	3485	700	1365	1605	3415	915	655	1080	2910	850	3825	740	1975	2670	4355	4145	1910	0	2675	1045	1855	2875	3635	2220
	2430	605	1115	2880	1030	2430	1355	2165	2545	2245	1285	1040	1860	2600	2550	1740	2025	2275	2155	1050	1190	2650	2420	885	2675	0	2185	1705	1900	1500	1040
	530	2670	3100	1210	1890	1815	1730	2485	460	1960	910	2670	520	530	1865	1925	1290	2835	1290	1910	1790	3370	3170	1705	1045	2185	0	865	1870	2785	2170
	1370	2055	2415	2040	1100	2375	880	1635	1320	2415	635	1915	1025	1395	2450	1065	1795	1980	1855	1880	970	2515	2305	1600	1855	1705	865	0	1025	1960	2095
	2380	1945	2100	3060	880	3330	550	620	2315	3320	1475	1510	2030	2385	3415	195	2755	980	2830	2525	710	1515	1325	2235	2875	1900	1870	1025	0	1290	2680
	3225	1135	1000	3845	915	3730	1080	1070	3235	3610	2035	510	2725	3310	3845	1110	3225	960	3340	2500	995	1190	970	2270	3635	1500	2785	1960	1290	0	2535
	2180	1575	2060	2395	1915	1605	2150	3075	2370	1350	1480	2080	1685	2405	1725	2560	1395	3245	1530	260	2025	3655	3420	500	2220	1040	2170	2095	2680	2535	0

coordXY = Coordinates (x,y): line zero => x line one => y column => customers
 	433	75	55	405	291	174	362	462	478	118	319	172	356	481	181	426	235	434	250	79	327	427	405	127	390	103	458	433	463	249	29
	780	307	207	914	340	904	346	182	767	872	562	228	696	781	927	295	806	112	829	632	345	5	47	599	875	424	678	507	305	162	618

d_pit = Demand of item p at customer i in period t
 	51	97	99	87	17	16	13	44	54	60	83	69
	18	68	66	16	34	16	82	95	97	21	91	82
	71	42	17	70	30	31	96	94	93	56	48	20
	14	44	25	49	17	68	76	68	90	94	12	94
	17	99	92	85	18	64	84	97	88	83	44	39
	86	95	37	60	27	54	11	60	74	95	23	83
	32	61	14	36	42	40	24	91	37	84	21	28
	48	98	38	75	76	70	87	33	58	63	11	28
	48	30	30	69	94	54	57	87	31	18	87	45
	28	32	15	25	10	63	21	78	21	52	26	95
	53	96	42	49	67	92	50	63	91	82	73	12
	33	90	59	13	35	86	61	92	80	47	24	80
	59	72	52	13	84	76	52	30	21	15	83	14
	57	31	17	36	66	16	11	60	76	68	60	99
	65	19	84	88	32	24	99	50	85	52	91	24
	14	98	47	58	26	23	86	98	54	33	73	24
	36	90	50	80	15	54	50	76	75	85	73	56
	99	90	12	62	94	29	86	74	98	31	62	17
	56	89	65	72	74	31	96	10	59	75	32	52
	91	42	61	29	91	21	25	75	36	81	78	67
	89	30	29	17	50	92	38	51	54	44	88	25
	59	39	18	63	41	38	10	49	60	62	74	11
	96	72	87	71	33	88	22	74	78	30	46	85
	21	61	50	12	43	49	39	34	20	26	90	78
	76	80	34	73	75	32	50	46	32	77	98	81
	97	25	26	36	14	11	65	56	16	11	27	56
	95	94	32	27	17	86	13	93	76	86	54	82
	73	95	72	60	95	16	60	81	91	32	81	42
	23	45	39	58	44	64	43	93	47	65	36	40
	71	85	53	75	65	45	23	46	70	70	58	18

	62	39	89	29	67	93	96	75	33	32	23	56
	31	77	83	69	57	100	60	38	13	58	37	12
	34	26	27	20	41	97	30	82	75	70	31	15
	75	36	15	60	46	98	78	65	18	78	16	91
	98	63	11	27	69	81	65	12	96	92	69	67
	84	47	61	68	19	64	88	68	88	93	57	31
	84	26	34	46	29	88	39	31	13	43	99	19
	39	80	89	79	31	56	62	19	70	31	49	15
	77	98	29	83	43	45	73	45	52	50	71	74
	39	61	62	58	50	49	20	97	12	21	42	84
	27	63	22	67	37	38	63	45	66	49	37	41
	79	95	97	32	90	66	75	93	70	21	20	17
	58	15	37	61	38	33	90	27	87	35	18	32
	62	35	75	73	38	89	61	62	80	65	20	23
	35	20	85	49	26	47	22	98	67	82	27	82
	88	14	87	58	92	27	47	89	69	97	84	79
	14	46	76	44	51	38	96	49	84	61	54	43
	11	92	78	75	74	11	71	33	29	67	53	66
	71	77	25	84	19	22	68	39	98	37	17	33
	62	50	28	50	30	82	68	59	33	19	22	22
	31	60	80	97	84	63	33	98	32	69	74	34
	33	39	64	58	71	52	87	80	46	61	64	92
	64	89	67	77	90	93	93	53	40	74	72	54
	47	30	77	89	98	73	15	25	83	17	80	85
	94	92	17	33	52	47	35	50	56	60	18	20
	14	65	98	83	26	51	26	20	52	31	62	55
	28	79	59	39	74	43	34	87	75	69	46	69
	90	21	46	45	35	91	36	96	54	80	33	70
	65	86	22	53	12	62	69	45	25	20	77	78
	30	32	74	75	52	78	47	75	69	76	10	93

	62	29	67	68	40	71	12	89	15	82	49	38
	75	60	71	23	27	85	67	35	37	82	19	57
	65	73	14	47	45	93	23	37	37	23	53	93
	12	77	36	78	66	99	10	53	22	30	91	43
	27	76	93	44	28	37	88	20	38	92	38	62
	30	99	32	56	58	20	20	35	63	51	54	47
	59	18	28	36	32	94	20	85	40	35	83	35
	40	69	26	16	55	69	36	87	99	17	80	99
	99	94	17	78	20	38	44	53	77	30	43	98
	39	35	88	98	98	87	83	39	43	16	52	98
	18	20	38	82	64	77	14	82	56	77	70	90
	48	29	38	88	81	69	71	59	89	22	13	56
	91	41	94	59	63	97	38	93	61	69	48	42
	79	61	44	87	93	18	75	93	24	93	61	12
	100	82	33	81	13	19	54	50	79	87	19	56
	56	29	47	34	72	54	23	53	90	33	51	59
	20	45	67	38	94	97	20	29	85	43	54	59
	12	12	22	33	78	78	80	53	74	52	97	65
	57	50	45	15	31	84	98	56	40	58	70	45
	84	63	55	28	56	87	65	35	98	96	26	36
	63	95	89	68	97	92	26	18	73	21	71	14
	41	19	56	77	82	81	50	48	23	22	16	20
	98	32	63	85	12	29	59	56	72	42	94	87
	64	25	21	86	94	23	70	95	74	52	61	91
	56	98	78	80	43	59	43	61	92	97	24	53
	56	74	76	46	68	78	54	44	16	52	77	85
	82	81	82	44	75	85	17	88	38	84	59	44
	47	28	86	16	32	20	28	29	66	71	75	26
	90	77	77	11	87	17	31	78	72	84	34	17
	79	91	92	60	31	64	33	55	17	93	80	65

	73	90	38	33	20	47	33	31	71	14	54	52
	58	99	56	43	24	60	36	99	75	68	83	99
	15	18	37	72	83	41	52	62	78	38	71	91
	43	52	41	84	37	99	28	93	24	85	19	98
	43	29	57	74	62	11	54	66	23	69	86	99
	71	46	69	89	74	26	21	53	74	99	11	99
	51	39	56	93	86	15	23	25	88	53	82	24
	45	100	12	93	58	70	89	49	62	24	32	36
	22	34	51	72	96	40	35	81	16	29	83	48
	70	42	79	85	68	41	18	50	46	82	49	22
	28	24	50	79	78	87	26	23	51	85	20	22
	24	94	46	75	20	56	28	26	73	41	61	51
	40	29	74	19	55	41	64	47	74	72	28	45
	54	30	72	24	92	32	94	18	74	46	47	45
	92	37	62	39	50	56	53	58	77	28	83	47
	90	12	44	18	10	57	25	68	20	12	70	63
	65	10	34	59	63	91	82	55	60	66	19	32
	44	39	82	47	69	75	15	22	98	73	95	34
	53	12	82	28	32	86	46	65	97	93	42	54
	94	80	64	12	62	59	84	66	87	78	57	33
	81	42	65	45	62	91	48	67	37	33	29	89
	32	24	53	93	39	63	88	52	85	46	57	66
	94	46	63	86	27	89	90	36	19	90	45	84
	39	43	82	57	100	95	79	57	95	67	99	71
	88	17	81	39	42	35	61	44	26	37	26	62
	99	85	27	40	32	71	50	11	36	75	99	30
	37	61	80	38	69	71	94	61	74	93	50	35
	87	50	72	73	96	96	77	64	84	99	85	60
	47	28	77	22	98	59	31	63	25	81	67	26
	47	31	97	28	41	35	94	28	56	14	84	60

	69	67	48	94	13	43	68	50	36	94	23	89
	51	58	77	81	25	16	97	60	44	85	31	79
	29	49	68	23	21	29	23	87	45	52	34	25
	84	42	50	19	40	46	59	63	79	12	57	48
	99	62	34	41	70	93	70	92	69	54	22	20
	24	27	58	30	25	98	47	16	71	62	85	75
	34	55	46	75	65	78	58	86	41	42	69	21
	35	43	39	84	10	37	27	21	13	71	43	88
	44	83	47	47	93	19	36	43	91	20	50	49
	36	84	13	72	97	73	85	69	38	37	23	69
	10	75	27	56	71	53	52	82	53	81	99	19
	63	89	49	94	15	95	64	61	81	92	31	74
	11	81	52	62	55	22	85	25	48	16	74	46
	38	38	45	37	93	27	87	57	57	45	64	52
	93	61	36	80	39	84	24	89	60	64	67	46
	91	92	17	58	96	79	40	60	55	98	89	63
	46	31	92	20	76	63	71	66	54	79	80	93
	89	28	76	67	53	13	67	75	90	83	97	61
	41	43	77	43	48	73	70	77	31	87	66	31
	12	18	23	48	42	25	11	79	30	53	28	55
	57	40	13	71	46	97	72	13	83	77	18	27
	53	75	47	94	24	80	74	33	84	61	43	35
	78	10	53	88	15	28	77	92	64	77	92	75
	45	56	49	37	67	58	59	84	98	28	11	87
	26	74	99	92	37	51	26	32	77	31	57	76
	43	48	38	31	45	42	46	58	61	92	67	28
	16	87	28	42	38	39	13	46	85	94	66	93
	76	87	72	55	83	89	75	33	29	57	81	22
	24	36	53	35	48	53	39	30	53	34	17	21
	21	67	56	64	67	99	46	80	16	76	38	22

	61	62	69	41	56	23	42	17	83	16	98	19
	43	25	92	82	78	97	58	19	96	73	91	89
	77	84	55	93	87	41	22	21	82	53	87	87
	40	51	18	31	35	37	88	82	39	71	13	12
	90	36	85	40	98	92	45	45	96	92	41	11
	36	89	49	65	74	32	11	79	31	68	86	54
	11	58	81	84	42	74	80	52	92	40	99	81
	14	70	37	83	88	90	76	64	63	49	52	46
	49	49	53	58	94	67	47	79	87	48	85	55
	76	59	23	40	12	11	86	43	10	71	95	29
	42	37	36	94	64	25	64	73	82	18	93	84
	37	19	86	63	22	20	61	58	21	82	70	88
	96	27	47	28	31	67	58	36	32	62	19	14
	69	73	61	23	45	58	43	43	48	72	17	93
	95	91	37	68	13	60	45	91	68	26	53	26
	50	12	53	82	36	39	63	23	73	87	10	15
	73	53	40	24	20	55	87	32	76	21	68	69
	68	62	14	85	17	49	51	77	72	33	86	32
	43	90	75	27	63	57	41	92	79	43	43	85
	58	89	80	85	24	37	32	66	73	94	53	73
	54	56	48	91	74	15	23	83	91	16	43	74
	78	88	81	23	85	94	73	42	20	38	78	39
	20	56	87	43	80	78	43	61	71	37	59	59
	50	16	36	63	64	25	96	98	15	78	71	20
	49	14	35	94	76	81	58	63	17	18	63	23
	78	38	18	24	73	47	62	98	83	69	90	97
	45	31	49	36	85	48	11	43	67	82	92	24
	23	24	70	77	76	52	51	73	61	34	97	76
	77	99	78	71	81	23	72	43	64	67	39	62
	41	46	35	27	55	83	82	46	67	97	61	55

	72	42	23	46	24	39	72	33	31	61	92	43
	74	14	43	25	50	80	29	36	35	73	58	35
	94	89	27	59	93	47	92	73	69	21	13	80
	74	92	97	72	35	42	76	34	78	81	54	93
	72	24	42	52	74	31	69	82	68	74	46	83
	43	63	32	27	76	49	54	28	26	40	56	74
	33	67	49	69	81	54	83	77	68	63	64	16
	21	54	96	69	46	19	100	97	44	95	87	84
	95	27	44	90	95	11	26	60	75	56	60	69
	47	23	75	16	37	82	59	65	84	52	96	95
	62	29	34	76	14	17	94	82	23	64	88	21
	89	16	48	22	59	88	16	33	30	96	10	58
	87	21	94	11	56	87	52	77	91	26	94	50
	19	72	90	34	13	66	49	74	53	19	100	50
	37	59	74	63	44	92	86	29	42	61	36	68
	23	49	90	20	50	94	24	95	18	85	98	19
	54	68	23	74	50	33	86	25	91	84	62	55
	44	76	18	13	69	15	85	78	17	82	81	41
	93	35	70	79	77	44	32	97	25	35	27	49
	42	57	40	62	53	21	95	39	23	92	73	56
	69	99	72	11	42	30	72	51	27	32	41	58
	74	82	59	70	38	66	68	64	69	37	68	69
	60	97	48	90	34	22	60	67	74	98	25	40
	44	90	19	99	11	68	83	65	48	21	99	72
	82	60	59	92	90	24	56	52	43	27	28	85
	60	86	47	18	41	87	60	18	76	38	93	96
	13	94	56	14	36	27	58	13	59	50	21	70
	29	94	17	83	62	44	76	23	89	22	22	73
	29	100	92	38	36	97	91	22	21	34	86	74
	20	21	88	34	10	14	38	84	17	10	24	15

	19	63	55	93	23	88	33	20	34	81	35	46
	64	34	54	60	82	88	71	73	79	20	57	87
	100	63	64	27	31	87	66	40	35	40	24	50
	68	10	69	76	34	49	16	93	48	76	93	34
	16	60	13	12	17	39	33	75	86	30	11	88
	98	90	21	88	33	78	87	47	62	35	65	98
	45	96	75	76	71	45	53	39	43	68	15	55
	15	31	68	17	68	71	42	12	63	50	98	65
	65	16	85	59	86	10	11	64	36	53	64	37
	55	52	16	17	92	98	35	90	33	14	12	50
	87	19	86	86	21	21	46	25	35	39	30	36
	17	28	87	54	28	74	24	39	61	39	16	67
	19	35	12	44	53	50	56	14	21	31	78	78
	41	40	91	86	65	39	28	93	97	10	12	62
	51	81	37	60	80	68	37	67	43	75	21	25
	71	66	53	37	43	84	62	89	97	20	10	22
	88	85	38	85	79	28	32	10	22	31	21	96
	16	82	51	34	25	82	95	47	22	53	18	73
	18	32	28	83	24	21	24	31	77	16	11	100
	23	26	44	64	15	32	75	98	54	65	58	56
	30	42	60	45	88	22	31	86	97	46	54	59
	31	14	91	10	43	43	63	85	24	96	87	61
	96	30	46	28	67	30	79	67	14	96	27	92
	38	67	67	77	69	88	13	73	71	13	42	17
	42	24	25	27	62	66	56	45	94	57	16	26
	26	33	61	97	74	52	98	96	31	98	26	49
	89	39	28	11	42	61	89	30	30	26	22	71
	52	91	52	17	26	55	87	56	81	39	94	90
	89	88	93	66	92	41	63	78	78	19	46	16
	98	57	98	10	15	94	68	24	93	14	56	62

	89	80	19	32	26	65	96	18	99	42	18	32
	57	62	36	48	44	30	67	32	88	47	57	66
	41	46	59	61	21	93	53	52	52	76	45	46
	55	88	67	18	88	69	18	87	86	94	54	43
	66	46	30	96	92	99	24	17	24	96	46	93
	70	46	16	91	14	38	15	90	96	60	96	96
	48	67	81	82	25	13	65	35	29	58	92	20
	84	13	12	58	56	69	88	67	17	96	82	84
	15	13	82	62	65	35	26	42	74	20	36	70
	50	26	89	50	19	39	16	87	62	47	69	96
	12	64	35	11	65	59	38	43	39	30	61	67
	61	52	46	80	22	94	21	52	76	77	25	80
	98	24	35	60	28	40	27	100	82	76	53	19
	35	73	81	63	22	66	77	22	32	37	46	14
	11	42	73	100	87	12	27	27	22	34	15	97
	72	99	79	18	60	77	92	69	26	92	80	43
	81	15	58	94	13	89	67	17	38	60	20	60
	39	19	82	20	58	20	95	80	36	32	33	89
	100	34	10	52	12	31	21	68	33	58	64	73
	25	69	64	90	69	56	98	84	52	29	71	41
	22	13	78	35	97	83	26	83	56	46	70	90
	93	23	35	87	20	52	12	42	79	20	45	86
	66	18	76	12	94	23	23	19	49	24	17	43
	22	49	89	14	98	41	31	67	48	72	76	61
	79	29	44	62	33	71	50	24	31	40	21	40
	35	99	38	40	43	57	21	77	65	57	95	59
	97	46	53	79	86	80	84	55	92	86	30	75
	95	94	73	69	72	19	83	61	94	25	53	38
	38	55	69	49	91	93	96	55	20	26	10	15
	79	91	71	71	28	27	69	89	90	11	85	81

	49	88	51	15	41	69	72	48	48	47	43	51
	67	97	41	95	76	14	82	51	87	89	57	88
	28	14	39	34	97	34	86	88	45	81	87	86
	49	51	71	31	34	50	42	85	38	80	65	64
	75	82	21	94	93	16	20	35	68	78	52	78
	38	30	87	63	53	20	53	16	27	41	95	85
	61	80	92	81	36	85	80	14	74	75	58	51
	26	71	56	58	83	97	47	82	84	79	27	80
	44	68	18	65	70	89	20	46	39	11	58	32
	12	78	14	20	47	71	35	41	82	47	19	81
	32	65	26	53	18	56	69	44	57	71	82	16
	23	63	66	99	22	79	32	59	56	42	76	50
	39	67	88	75	75	36	82	34	76	31	45	89
	54	59	22	77	45	15	31	86	52	60	57	66
	80	66	15	46	17	95	53	51	59	43	92	45
	71	83	64	89	54	54	50	68	56	38	43	20
	11	52	12	66	85	13	68	62	11	31	85	23
	36	91	67	46	95	44	32	82	55	38	33	27
	63	91	90	91	44	81	12	44	74	15	54	96
	64	59	95	12	71	77	32	26	32	49	11	83
	62	26	27	44	70	57	40	66	74	88	19	36
	95	96	12	17	24	34	70	33	59	14	24	79
	98	48	17	76	14	72	79	16	34	70	31	13
	16	55	50	91	12	10	24	41	75	48	14	71
	62	91	49	90	29	51	66	40	21	61	80	82
	55	98	63	39	59	89	85	97	19	75	75	74
	49	62	13	17	38	44	47	13	37	52	16	68
	66	46	52	39	20	67	26	44	21	47	26	63
	77	94	53	71	91	49	63	71	15	40	98	88
	96	80	20	27	58	78	91	40	29	24	93	94

