***** PARAMETERS PRP *****

Number of Customers = 30
Number of Products = 10
Number of Vehicles = 5
Number of Periods = 12

B = Production capacity
	49650

b_p = Time required to produce item p
 	1	1	1	1	1	1	1	1	1	1

c_p = Production cost of item p
 	80	30	30	80	30	80	80	80	30	80

s_p = Setup cost of item p
 	800	300	300	800	300	800	800	800	300	800

M = Big number
	198601

U_pi = Maximum inventory upper bound of item p at site i
 	198601	276	120	114	263	175	169	227	239	213	147	119	208	159	129	112	202	223	170	205	282	112	320	137	237	281	106	244	288	181	213
	198601	220	231	191	109	272	200	191	290	177	110	132	149	99	247	240	343	175	200	115	142	338	199	77	128	158	133	192	280	251	188
	198601	108	140	100	210	195	118	286	121	103	174	171	230	252	252	235	124	144	189	151	236	231	233	265	171	114	116	286	79	112	243
	198601	305	147	272	292	154	123	110	141	147	168	122	112	312	199	100	130	295	138	251	148	158	137	267	289	97	159	80	173	216	161
	198601	113	141	257	252	313	201	175	300	166	234	133	234	123	140	340	111	94	333	260	83	107	304	238	320	271	116	127	113	337	168
	198601	110	202	133	143	128	107	230	229	204	198	214	271	163	156	217	272	104	277	209	175	178	166	129	223	150	174	243	207	187	189
	198601	301	150	102	229	203	116	252	261	314	203	240	169	176	159	132	143	123	182	167	104	110	178	140	283	195	156	179	166	228	243
	198601	226	149	242	190	229	158	97	132	165	157	195	193	248	97	247	190	238	227	243	310	185	222	127	193	254	240	148	184	199	221
	198601	184	116	178	222	286	260	271	207	234	252	131	232	233	92	285	248	205	377	118	237	122	99	186	124	95	108	169	315	305	273
	198601	200	76	208	177	173	196	164	281	123	265	333	132	151	228	199	250	238	112	191	237	109	166	110	103	152	114	225	83	170	220

I_pi0 = Initial inventory of item p at site i
 	0	90	76	111	153	134	73	193	118	146	71	91	194	98	57	62	193	129	105	91	80	65	285	76	208	256	105	191	222	97	142
	0	92	214	155	63	192	90	173	226	89	59	61	94	80	152	163	110	150	34	56	20	189	96	44	44	36	85	25	189	53	150
	0	49	137	65	24	64	97	172	91	32	61	109	52	233	58	200	111	79	136	51	44	162	115	17	27	32	73	151	51	101	211
	0	176	62	76	213	126	64	62	34	42	163	98	107	290	87	85	83	28	91	14	147	144	68	210	249	84	93	12	81	96	73
	0	73	109	224	47	112	146	95	70	60	172	61	103	97	106	56	110	15	238	177	40	69	271	153	109	67	111	122	100	180	138
	0	93	80	20	142	97	35	190	106	178	105	205	213	135	94	150	173	26	152	40	120	106	61	50	159	54	90	133	84	94	152
	0	126	60	84	181	159	91	143	19	108	143	24	157	84	120	123	115	83	91	125	103	65	20	108	100	48	49	17	159	117	161
	0	159	56	75	158	179	125	78	30	42	70	179	187	145	90	178	142	201	55	238	51	125	174	81	39	137	193	74	89	164	174
	0	104	91	176	168	168	86	220	153	139	99	64	198	170	33	219	87	164	327	95	55	79	35	101	77	76	75	23	101	299	93
	0	68	0	100	88	142	136	18	214	46	92	93	29	95	76	121	242	49	60	155	53	96	156	82	90	54	30	143	24	56	107

h_pi = Inventory cost of item p at site i
 	8	2	7	2	4	5	6	7	5	6	3	8	5	5	7	4	4	9	5	8	3	4	8	3	3	2	6	9	5	8	2
	3	3	7	5	4	5	4	4	4	5	4	9	8	3	3	4	8	1	9	6	4	6	8	3	7	3	1	8	9	3	7
	3	5	5	2	4	7	7	4	8	1	8	5	6	1	4	8	1	7	6	7	3	7	5	4	2	7	1	5	2	8	1
	8	4	5	4	9	3	9	3	9	7	8	4	1	4	7	1	9	8	1	2	7	1	3	7	9	6	1	3	4	1	1
	3	6	2	3	6	7	8	9	6	6	6	2	8	7	5	2	6	8	9	3	2	8	9	1	9	9	1	1	8	2	2
	8	6	4	4	1	2	3	9	4	8	7	6	9	6	9	7	5	5	1	2	1	1	7	5	2	8	3	2	6	9	5
	8	2	4	7	6	5	5	7	1	7	4	7	6	7	5	3	6	6	6	8	4	9	6	9	6	9	3	4	5	9	3
	8	2	3	6	2	5	7	6	1	6	2	3	1	6	6	1	4	2	8	1	1	2	6	4	5	2	1	4	5	2	2
	3	8	1	4	4	9	1	1	7	4	6	7	1	8	2	8	8	1	6	7	9	7	3	7	2	3	8	4	7	3	5
	8	7	1	2	5	4	6	8	1	8	5	6	2	3	4	9	8	6	5	7	1	3	9	7	1	9	3	6	2	1	9

C = Vehicle capacity
	3770

f = Fixed transportation cost
	164145

a_ik = Transportation cost for traveling from node i to node k
 	0	185	280	1290	565	2375	2905	885	435	2570	945	1305	2910	3670	945	1765	2645	1935	1995	2335	3405	695	1885	3355	935	2295	2505	885	445	1745	350
	185	0	295	1405	730	2495	2970	925	275	2705	1075	1160	2980	3740	795	1745	2680	1800	2145	2430	3535	875	1790	3505	905	2115	2565	815	400	1895	190
	280	295	0	1135	570	2220	2680	630	545	2440	815	1425	2690	3450	1055	1490	2390	1715	1915	2140	3270	835	1630	3265	1185	2210	2275	620	685	1665	465
	1290	1405	1135	0	825	1090	1700	695	1670	1315	360	2555	1700	2435	2185	1285	1615	2235	880	1080	2140	1120	1910	2180	2185	3135	1355	1205	1730	655	1590
	565	730	570	825	0	1875	2520	750	995	2040	475	1865	2520	3255	1510	1690	2360	2205	1440	1900	2880	385	2040	2795	1375	2780	2150	1050	960	1195	910
	2375	2495	2220	1090	1875	0	995	1705	2760	345	1435	3640	965	1530	3270	1805	1330	3005	730	445	1070	2085	2580	1280	3250	4080	930	2180	2810	835	2675
	2905	2970	2680	1700	2520	995	0	2060	3205	1230	2045	4035	55	780	3670	1650	615	2865	1705	670	1400	2815	2390	1940	3830	4095	430	2405	3345	1755	3135
	885	925	630	695	750	1705	2060	0	1150	1970	555	1990	2075	2835	1620	945	1760	1595	1575	1555	2770	1135	1340	2865	1810	2440	1650	510	1315	1340	1080
	435	275	545	1670	995	2760	3205	1150	0	2975	1345	890	3220	3980	520	1895	2885	1770	2420	2680	3805	1100	1830	3775	770	1920	2795	935	330	2170	90
	2570	2705	2440	1315	2040	345	1230	1970	2975	0	1635	3860	1190	1620	3490	2140	1635	3330	695	770	840	2200	2915	945	3405	4380	1240	2465	2995	890	2890
	945	1075	815	360	475	1435	2045	555	1345	1635	0	2230	2045	2785	1860	1385	1910	2150	1110	1430	2465	795	1885	2455	1830	2925	1685	1030	1380	860	1260
	1305	1160	1425	2555	1865	3640	4035	1990	890	3860	2230	0	4050	4810	375	2585	3655	2035	3295	3540	4690	1885	2280	4655	860	1565	3615	1650	945	3050	975
	2910	2980	2690	1700	2520	965	55	2075	3220	1190	2045	4050	0	765	3685	1680	665	2905	1680	655	1350	2815	2430	1890	3840	4130	455	2430	3355	1735	3145
	3670	3740	3450	2435	3255	1530	780	2835	3980	1620	2785	4810	765	0	4445	2395	1280	3580	2250	1360	1335	3535	3100	1995	4590	4835	1205	3185	4110	2360	3910
	945	795	1055	2185	1510	3270	3670	1620	520	3490	1860	375	3685	4445	0	2255	3305	1835	2935	3170	4320	1565	2020	4295	740	1625	3250	1305	640	2685	605
	1765	1745	1490	1285	1690	1805	1650	945	1895	2140	1385	2585	1680	2395	2255	0	1130	1240	2040	1450	2780	2075	790	3080	2640	2450	1240	965	2140	1875	1850
	2645	2680	2390	1615	2360	1330	615	1760	2885	1635	1910	3655	665	1280	3305	1130	0	2300	1925	890	1985	2705	1820	2465	3570	3560	400	2005	3070	1890	2820
	1935	1800	1715	2235	2205	3005	2865	1595	1770	3330	2150	2035	2905	3580	1835	1240	2300	0	3100	2680	4010	2535	480	4270	2490	1290	2470	1160	2095	2890	1785
	1995	2145	1915	880	1440	730	1705	1575	2420	695	1110	3295	1680	2250	2935	2040	1925	3100	0	1070	1495	1545	2745	1360	2770	4010	1545	2080	2395	255	2330
	2335	2430	2140	1080	1900	445	670	1555	2680	770	1430	3540	655	1360	3170	1450	890	2680	1070	0	1335	2180	2235	1670	3250	3820	495	1985	2780	1090	2600
	3405	3535	3270	2140	2880	1070	1400	2770	3805	840	2465	4690	1350	1335	4320	2780	1985	4010	1495	1335	0	3030	3565	665	4240	5135	1640	3245	3830	1715	3720
	695	875	835	1120	385	2085	2815	1135	1100	2200	795	1885	2815	3535	1565	2075	2705	2535	1545	2180	3030	0	2400	2865	1245	2990	2470	1395	945	1315	1020
	1885	1790	1630	1910	2040	2580	2390	1340	1830	2915	1885	2280	2430	3100	2020	790	1820	480	2745	2235	3565	2400	0	3855	2590	1755	2000	1020	2140	2550	1820
	3355	3505	3265	2180	2795	1280	1940	2865	3775	945	2455	4655	1890	1995	4295	3080	2465	4270	1360	1670	665	2865	3855	0	4105	5295	2085	3365	3745	1610	3690
	935	905	1185	2185	1375	3250	3830	1810	770	3405	1830	860	3840	4590	740	2640	3570	2490	2770	3250	4240	1245	2590	4105	0	2355	3435	1690	505	2535	795
	2295	2115	2210	3135	2780	4080	4095	2440	1920	4380	2925	1565	4130	4835	1625	2450	3560	1290	4010	3820	5135	2990	1755	5295	2355	0	3685	1935	2190	3770	1985
	2505	2565	2275	1355	2150	930	430	1650	2795	1240	1685	3615	455	1205	3250	1240	400	2470	1545	495	1640	2470	2000	2085	3435	3685	0	1985	2945	1535	2725
	885	815	620	1205	1050	2180	2405	510	935	2465	1030	1650	2430	3185	1305	965	2005	1160	2080	1985	3245	1395	1020	3365	1690	1935	1985	0	1200	1845	895
	445	400	685	1730	960	2810	3345	1315	330	2995	1380	945	3355	4110	640	2140	3070	2095	2395	2780	3830	945	2140	3745	505	2190	2945	1200	0	2150	320
	1745	1895	1665	655	1195	835	1755	1340	2170	890	860	3050	1735	2360	2685	1875	1890	2890	255	1090	1715	1315	2550	1610	2535	3770	1535	1845	2150	0	2080
	350	190	465	1590	910	2675	3135	1080	90	2890	1260	975	3145	3910	605	1850	2820	1785	2330	2600	3720	1020	1820	3690	795	1985	2725	895	320	2080	0

coordXY = Coordinates (x,y): line zero => x line one => y column => customers
 	388	364	339	334	416	309	115	268	357	360	363	354	123	73	346	87	51	5	435	226	339	491	14	471	491	45	128	217	422	424	361
	309	282	335	561	418	777	821	439	228	822	496	51	827	971	125	493	716	259	705	747	988	402	354	974	154	5	737	351	227	656	245

d_pit = Demand of item p at customer i in period t
 	90	45	31	92	63	100	13	88	92	20	100	95
	76	62	45	29	38	81	39	99	60	10	88	91
	26	85	10	79	77	31	92	49	56	49	80	48
	63	90	45	57	76	19	40	19	70	48	35	70
	19	18	53	44	38	21	19	72	25	38	15	59
	73	25	74	80	70	70	82	11	29	48	83	29
	97	43	53	59	42	13	53	78	26	50	71	96
	50	68	58	39	71	46	31	70	83	92	52	57
	48	98	32	15	37	93	46	27	45	41	97	60
	28	25	18	89	16	17	31	19	97	65	23	14
	91	97	21	16	42	90	90	41	81	44	88	13
	89	49	56	37	50	70	55	15	57	59	52	34
	98	13	61	99	45	35	33	39	14	70	85	44
	57	76	22	78	57	18	17	82	19	45	25	19
	41	21	16	61	88	34	92	89	29	88	60	51
	42	26	59	66	24	55	81	67	41	45	26	75
	26	11	92	97	59	40	79	30	51	91	32	62
	60	45	76	69	94	71	30	21	54	67	42	50
	20	71	66	22	88	33	53	55	54	37	41	74
	68	12	12	15	97	99	82	14	50	83	53	91
	16	49	66	72	52	45	36	56	86	71	50	70
	61	78	80	66	90	38	83	72	50	71	20	60
	76	96	59	23	13	44	47	11	58	48	11	62
	48	61	99	37	94	63	35	87	99	12	36	39
	45	76	98	37	60	62	23	49	50	84	46	45
	72	33	35	45	71	15	32	80	58	82	28	86
	35	74	82	88	76	90	14	11	63	98	79	22
	49	87	86	56	10	41	79	85	33	59	35	71
	97	91	45	93	88	74	17	71	27	43	37	39
	61	26	55	22	17	82	70	74	81	59	51	41

	24	48	20	69	79	21	41	25	97	93	73	69
	56	59	80	19	62	97	86	46	85	21	50	33
	93	32	30	50	46	86	96	22	46	88	80	95
	63	81	68	54	55	10	74	29	90	23	30	74
	59	47	86	39	29	24	16	39	63	80	83	88
	14	76	55	81	18	33	21	73	67	64	35	63
	23	79	71	37	49	17	27	22	18	63	70	98
	55	89	45	37	93	67	75	20	75	77	15	47
	89	34	82	24	94	57	38	88	90	57	30	24
	43	16	63	13	21	34	72	85	92	38	87	94
	61	59	44	66	25	10	45	84	35	13	48	39
	50	31	13	72	21	62	29	94	88	76	17	44
	80	24	49	18	46	43	29	85	49	59	90	24
	62	59	31	53	66	92	41	74	17	38	49	10
	82	81	94	34	45	48	84	95	86	30	19	21
	46	64	65	83	68	27	85	95	63	87	72	69
	25	47	78	51	98	60	94	42	93	33	56	24
	34	51	60	14	67	39	34	21	72	28	12	47
	56	92	35	33	53	74	99	76	53	46	17	57
	20	64	48	11	29	45	58	12	67	59	95	61
	90	99	81	99	63	29	83	78	90	71	14	14
	72	24	40	91	16	65	53	37	12	80	54	52
	18	26	96	19	48	50	16	29	20	58	22	57
	44	16	69	66	82	90	35	95	58	88	24	99
	36	34	81	42	90	33	91	18	84	76	34	11
	85	89	37	99	15	42	78	84	95	33	64	74
	25	57	26	58	29	73	56	68	53	20	57	53
	82	46	44	17	15	100	92	65	86	78	37	10
	53	64	83	95	78	44	57	33	99	56	16	76
	99	51	80	71	42	63	33	98	41	42	60	70

	49	83	91	20	22	61	45	48	27	88	29	85
	95	42	70	86	61	48	67	63	74	97	63	72
	65	37	31	28	41	94	36	58	64	25	75	45
	24	14	17	79	35	47	75	49	82	95	61	51
	26	38	53	32	58	44	12	97	86	74	25	40
	97	76	16	59	45	78	59	65	56	22	88	44
	66	48	58	26	46	47	26	82	84	92	90	22
	91	74	13	65	71	20	41	47	95	54	87	68
	32	72	60	20	59	22	37	28	72	64	89	60
	61	65	26	89	39	10	91	51	80	70	20	93
	25	84	100	70	27	72	12	19	96	60	69	48
	28	24	41	81	56	10	20	20	98	23	70	82
	71	15	54	93	20	69	34	100	46	71	86	97
	58	52	63	89	65	73	41	70	22	78	86	58
	97	22	81	60	66	92	11	85	63	23	29	77
	63	22	26	70	47	72	96	73	81	68	81	45
	79	73	88	24	15	90	46	27	36	35	35	26
	53	83	97	80	40	16	90	81	67	20	66	61
	39	12	88	78	16	27	76	49	91	27	69	31
	44	20	47	68	85	15	42	57	47	78	12	51
	83	79	72	22	61	11	29	59	75	31	89	83
	36	79	53	42	24	84	94	43	11	96	46	90
	17	35	31	38	41	89	17	64	87	96	45	75
	27	70	33	37	36	71	70	90	99	66	28	55
	32	65	69	54	57	67	58	36	90	14	80	60
	73	14	34	87	86	15	90	46	47	68	99	34
	75	34	21	21	44	71	81	93	69	45	66	66
	51	97	51	18	14	15	93	13	13	65	20	25
	57	33	11	17	39	84	99	72	84	43	49	85
	63	95	53	39	22	62	95	75	95	61	44	26

	99	26	51	90	98	42	87	35	13	99	59	32
	40	22	90	16	94	18	52	77	36	16	96	29
	40	36	66	77	65	29	39	15	88	39	95	64
	45	81	23	64	38	61	52	73	78	70	35	80
	58	68	36	62	48	32	58	47	83	53	57	13
	64	66	77	24	75	55	94	18	84	62	87	32
	62	13	56	52	52	95	91	90	23	24	15	86
	34	40	69	70	30	61	51	90	11	37	36	36
	19	23	52	24	20	41	29	44	32	40	98	18
	89	56	18	44	55	59	20	83	75	28	72	71
	75	23	69	51	49	74	90	47	76	75	77	24
	42	65	27	77	94	75	70	16	33	69	52	52
	88	80	34	88	90	39	89	29	75	14	44	79
	87	81	17	69	65	59	23	90	18	13	20	56
	85	46	34	62	18	60	85	33	76	35	54	12
	83	72	64	64	86	59	84	22	77	56	55	59
	28	87	43	78	69	94	58	41	32	46	81	52
	91	57	46	62	72	74	67	72	60	90	88	46
	14	96	36	77	48	91	81	60	97	28	99	27
	90	13	44	73	50	76	46	51	29	61	30	28
	58	86	67	74	53	54	16	43	24	43	61	54
	68	24	60	82	24	93	20	37	17	44	34	46
	76	83	51	67	76	28	85	22	74	87	78	74
	84	65	100	65	58	69	67	15	53	21	79	18
	84	18	40	82	18	70	26	51	78	14	76	23
	93	54	31	35	92	73	33	57	48	89	14	16
	12	78	52	38	48	93	33	25	11	56	11	23
	81	72	38	23	20	82	11	29	67	42	14	40
	96	91	27	18	87	49	75	24	25	29	38	90
	73	92	59	29	43	22	71	98	76	15	28	36

	21	52	82	40	23	22	98	92	99	50	54	46
	67	42	49	80	65	92	98	11	97	86	93	63
	86	59	79	77	15	29	19	91	98	94	47	78
	47	42	50	90	80	100	42	86	85	36	49	50
	90	22	62	66	15	37	74	88	75	89	65	69
	73	73	62	89	10	26	28	26	53	84	64	16
	48	47	81	76	84	33	19	81	35	80	44	73
	26	44	90	16	90	87	66	82	77	63	49	29
	33	27	24	81	34	91	48	17	31	43	53	15
	40	84	48	27	16	95	98	92	30	63	85	25
	39	22	79	63	23	31	79	27	42	19	62	47
	58	15	30	49	83	45	87	59	79	47	74	77
	97	70	71	45	45	16	49	86	90	89	35	47
	67	39	48	11	60	64	27	13	22	72	36	100
	56	12	51	97	77	98	73	54	87	94	28	90
	11	99	44	57	40	65	68	56	90	12	55	67
	15	58	47	56	50	24	85	58	15	34	55	67
	85	84	69	80	71	96	56	20	74	29	72	62
	59	36	82	31	93	59	43	79	64	89	85	59
	23	17	26	69	44	42	79	28	71	75	10	13
	69	75	13	37	75	35	63	87	17	67	64	38
	83	85	69	34	35	83	13	90	26	93	26	92
	84	69	65	74	32	37	97	69	80	74	12	20
	55	54	56	50	91	72	58	68	60	62	73	69
	67	22	66	86	99	77	93	25	55	89	46	87
	44	67	67	32	51	97	31	71	64	51	48	70
	47	75	72	23	35	52	24	93	96	95	53	99
	100	38	70	34	94	61	10	61	63	21	27	99
	55	42	83	99	78	68	47	41	75	31	98	91
	69	69	86	70	86	53	37	21	41	40	10	88

	93	80	76	75	21	64	45	49	38	13	52	52
	32	48	49	36	23	40	64	67	60	54	92	40
	20	37	45	56	87	16	38	66	77	16	42	32
	28	74	40	42	37	38	85	86	55	22	51	15
	97	37	77	36	97	58	24	85	76	73	69	41
	35	18	49	57	50	69	53	44	65	53	51	98
	69	64	27	30	97	63	72	97	51	49	61	11
	26	80	73	40	39	35	94	55	80	43	65	57
	62	95	21	28	56	32	79	49	32	74	35	50
	28	77	27	41	22	22	47	34	27	25	84	41
	60	93	52	50	68	60	69	49	12	24	59	46
	48	74	42	49	84	43	60	74	31	63	69	14
	36	30	34	35	45	36	18	11	19	91	75	59
	37	57	49	18	23	42	45	45	60	43	20	28
	53	97	55	46	25	41	56	26	74	57	52	68
	51	45	77	73	71	34	45	52	56	29	53	67
	26	64	97	54	43	14	79	74	41	68	41	23
	15	90	25	22	77	75	74	40	58	66	39	84
	40	57	72	94	89	64	98	34	90	51	89	59
	37	83	21	17	61	55	93	33	99	50	65	85
	58	48	28	76	70	56	54	90	16	54	89	74
	61	21	94	12	49	71	83	67	91	20	59	34
	50	20	86	32	49	52	31	32	57	55	26	25
	52	76	31	83	66	53	13	81	34	18	66	96
	54	21	75	28	15	15	71	15	96	41	93	76
	90	89	87	19	31	70	64	53	99	14	24	57
	64	69	16	92	52	65	32	56	70	16	17	33
	61	23	56	28	44	42	79	54	73	51	15	96
	36	38	20	10	96	61	25	75	77	75	16	32
	92	60	90	24	24	59	56	95	94	11	62	90

	39	87	78	84	27	55	73	46	68	61	35	70
	24	36	37	10	60	80	75	44	40	91	72	30
	62	22	65	44	44	65	51	51	89	67	24	26
	98	83	84	62	21	72	12	50	19	76	88	23
	15	55	27	62	48	36	36	19	22	90	17	60
	27	64	58	33	15	39	54	97	69	82	63	95
	26	63	42	12	96	14	85	72	96	54	18	26
	19	80	56	63	12	60	99	81	29	90	99	95
	58	50	34	71	61	97	73	35	89	73	43	69
	75	22	46	75	89	99	79	45	93	98	35	55
	13	11	53	21	71	59	15	87	62	68	86	30
	96	61	90	93	31	12	46	47	65	32	93	11
	11	73	86	30	93	32	85	61	53	99	52	27
	31	89	53	76	31	32	60	57	40	56	76	36
	66	57	57	54	80	68	12	34	91	98	100	77
	52	41	22	61	36	14	88	30	32	88	38	69
	83	99	24	44	14	60	77	66	68	67	36	97
	26	65	93	73	57	30	98	57	64	26	61	76
	50	75	85	41	38	73	91	28	59	17	51	61
	24	79	70	11	13	24	68	68	79	76	22	92
	65	56	90	42	51	86	88	38	60	17	48	18
	20	71	20	95	61	48	32	26	60	22	13	65
	13	36	25	34	94	39	34	88	33	54	75	33
	100	98	38	56	83	40	43	31	45	40	84	22
	19	29	46	27	37	59	97	28	83	13	59	87
	22	27	27	37	72	58	21	72	13	33	23	63
	17	87	31	79	37	78	76	63	94	65	42	45
	31	95	33	89	34	70	36	52	86	68	43	28
	45	23	49	100	47	32	35	33	38	41	74	31
	93	34	34	96	16	87	71	46	85	78	69	20

	15	73	71	12	72	74	57	74	46	62	96	25
	56	46	26	37	23	41	29	31	15	30	91	21
	75	50	14	15	40	60	49	98	83	88	99	55
	92	66	55	22	91	76	55	82	99	47	23	51
	89	90	79	32	35	27	65	89	54	77	40	11
	14	13	29	69	74	54	98	42	99	62	43	33
	13	42	23	38	77	76	68	60	53	53	12	65
	30	30	68	92	85	72	17	62	11	21	11	30
	26	16	61	25	63	73	81	95	97	42	34	48
	24	46	14	90	18	40	68	88	22	63	56	98
	76	86	17	83	84	51	59	63	96	21	83	61
	78	39	70	97	34	56	85	90	61	16	59	85
	65	80	93	34	69	58	30	41	72	70	42	91
	77	13	82	84	39	32	24	42	32	47	11	100
	45	39	94	50	11	39	45	77	62	10	60	60
	90	52	82	52	88	100	31	73	18	24	85	64
	66	49	86	99	36	44	15	11	65	27	56	16
	27	28	29	18	41	99	79	12	69	34	12	96
	65	90	83	70	78	62	84	12	13	76	71	25
	51	11	63	83	99	81	51	47	75	15	85	83
	47	78	71	78	16	96	46	78	18	61	61	88
	26	99	49	59	61	98	97	79	88	76	71	86
	81	77	86	62	63	60	19	98	21	79	85	32
	39	55	51	62	35	76	38	44	42	66	35	35
	41	96	77	14	59	21	50	35	100	52	51	14
	94	99	23	67	55	72	20	19	77	98	29	68
	22	18	34	91	34	30	85	57	19	72	29	99
	24	65	29	39	25	43	65	90	95	86	79	97
	49	38	77	18	13	94	93	60	16	18	61	59
	49	29	48	48	96	14	56	10	90	51	91	81

	54	28	22	40	27	64	23	68	12	81	78	55
	91	95	16	56	68	97	84	10	82	20	59	19
	47	61	68	85	66	15	69	92	22	79	68	41
	11	78	79	55	31	15	48	62	79	60	66	82
	56	11	15	86	83	33	51	82	67	58	71	74
	42	44	69	46	81	74	23	77	39	25	63	40
	83	62	31	44	90	41	59	47	66	17	90	21
	84	69	96	50	95	38	33	80	91	73	38	82
	57	82	73	38	59	61	57	24	42	36	93	80
	62	37	59	13	71	44	90	33	68	29	51	47
	64	95	36	74	76	66	63	100	86	26	59	41
	88	46	16	48	81	80	82	80	83	49	10	33
	84	52	34	18	51	25	38	52	83	97	92	72
	33	38	70	19	12	23	41	40	74	84	35	83
	91	83	45	99	97	71	39	94	63	60	79	34
	87	73	37	20	97	57	75	56	20	95	79	49
	69	95	72	97	53	18	94	99	40	96	30	56
	93	94	42	98	22	99	80	83	35	97	61	100
	29	66	30	12	95	55	37	95	60	97	93	40
	55	10	98	82	67	65	96	88	37	54	26	32
	66	13	85	99	59	26	58	77	21	85	60	81
	35	77	34	72	74	22	20	45	38	82	28	66
	74	27	73	42	14	65	17	73	11	94	23	45
	77	17	39	92	84	12	51	98	70	47	82	74
	76	58	46	73	18	23	26	14	49	59	67	62
	28	47	83	96	93	21	66	38	41	64	34	35
	23	53	52	58	24	79	21	15	40	41	52	48
	49	52	51	68	55	75	82	27	97	97	16	87
	89	79	94	37	60	82	75	40	29	32	50	65
	93	36	67	21	29	93	40	56	37	57	96	31

	68	92	31	98	99	72	34	54	80	59	97	17
	92	14	23	11	27	71	27	27	27	74	33	31
	20	35	45	25	34	22	75	25	95	66	37	21
	88	93	58	42	58	71	50	60	21	48	43	77
	33	40	55	14	49	30	20	49	21	69	73	67
	99	37	82	99	57	27	34	77	13	82	93	83
	18	24	87	33	31	48	27	70	93	99	41	86
	78	96	40	60	39	49	52	18	95	56	51	40
	46	49	25	73	73	48	96	78	60	39	64	86
	92	89	27	26	57	11	40	64	62	77	31	61
	55	38	89	93	47	29	60	100	68	70	87	62
	29	20	39	64	73	62	45	13	20	19	77	65
	95	93	48	41	60	21	71	19	40	72	17	28
	76	74	41	46	77	85	45	12	64	21	95	48
	70	51	91	70	91	42	45	41	72	33	91	97
	79	57	69	37	67	36	55	42	75	24	36	24
	34	15	65	34	37	54	22	49	89	85	71	15
	60	58	41	96	20	66	66	52	16	82	29	88
	99	15	41	29	52	89	38	98	76	36	97	93
	37	16	25	70	32	58	36	61	95	13	42	83
	96	14	45	39	87	98	57	45	57	41	45	27
	35	93	28	80	80	32	65	97	42	11	10	91
	69	13	75	55	22	99	72	78	16	58	82	21
	90	27	39	92	12	33	12	76	92	85	41	19
	54	73	76	19	61	36	34	91	66	53	16	27
	30	69	57	24	50	93	16	58	60	99	52	77
	32	39	52	20	19	80	61	73	19	86	28	32
	24	64	57	81	35	10	42	38	51	21	51	22
	56	99	43	48	28	78	84	58	54	45	46	41
	29	78	50	51	86	18	39	39	57	55	76	82

