***** PARAMETERS PRP *****

Number of Customers = 30
Number of Products = 10
Number of Vehicles = 5
Number of Periods = 12

B = Production capacity
	49151

b_p = Time required to produce item p
 	1	1	1	1	1	1	1	1	1	1

c_p = Production cost of item p
 	30	80	30	80	80	30	80	80	30	30

s_p = Setup cost of item p
 	300	800	300	800	800	300	800	800	300	300

M = Big number
	196604

U_pi = Maximum inventory upper bound of item p at site i
 	196604	228	155	189	149	141	232	104	176	210	181	204	184	188	221	297	202	145	114	219	312	292	326	218	191	237	145	158	222	156	148
	196604	194	131	105	150	128	173	165	250	135	219	93	153	222	120	144	86	267	118	210	173	166	98	219	137	155	166	98	102	238	99
	196604	271	93	269	128	110	179	94	160	165	162	166	212	151	326	184	216	168	281	261	271	124	188	119	180	267	188	173	159	148	245
	196604	318	92	182	97	322	273	144	141	126	266	197	237	236	247	193	249	162	99	88	94	197	185	164	260	264	90	135	222	297	90
	196604	90	177	103	97	82	151	145	298	255	174	104	240	224	165	104	268	94	188	147	175	254	108	209	126	288	258	147	136	267	173
	196604	252	344	208	134	205	204	195	121	124	181	265	236	110	368	238	111	104	238	268	97	96	117	174	124	217	217	174	163	89	189
	196604	137	168	87	213	103	184	245	253	135	138	190	175	189	134	207	123	92	202	133	213	119	333	315	201	198	134	127	248	226	120
	196604	299	110	121	224	128	141	271	184	124	185	184	96	226	276	294	106	125	136	113	101	172	170	128	225	315	227	134	192	106	168
	196604	304	263	210	286	203	215	268	253	164	190	257	310	193	250	172	116	254	210	135	273	182	176	290	270	308	199	240	116	122	277
	196604	123	141	98	103	94	181	194	323	216	192	302	238	198	123	224	228	282	205	168	135	169	307	141	272	193	203	171	115	294	259

I_pi0 = Initial inventory of item p at site i
 	0	75	54	152	138	19	155	14	116	164	73	170	23	34	218	228	70	80	55	18	208	190	178	142	139	201	38	126	15	105	105
	0	106	96	23	70	28	100	100	50	100	178	42	110	151	74	20	81	140	91	196	135	129	95	203	21	98	71	74	89	42	53
	0	208	77	62	121	103	163	67	146	140	84	121	77	97	297	164	171	65	242	162	109	85	168	70	180	222	170	143	131	129	159
	0	202	35	132	75	27	206	142	114	83	226	135	65	67	95	21	203	46	45	84	46	162	149	80	215	69	19	128	151	78	68
	0	61	65	91	31	22	137	125	168	102	149	103	76	129	164	88	159	38	136	67	111	219	76	143	109	242	211	142	108	87	122
	0	168	63	169	100	87	45	184	117	76	87	121	71	86	275	143	77	76	28	90	87	82	23	92	119	187	191	70	20	55	150
	0	126	123	11	86	41	145	90	173	79	99	143	97	151	92	152	95	85	174	52	146	87	147	201	126	117	54	42	45	86	53
	0	198	65	104	53	98	119	153	41	62	94	88	71	72	119	191	32	118	89	94	91	33	160	106	135	287	190	75	61	82	118
	0	213	45	174	167	178	83	178	156	106	174	167	280	62	160	128	76	103	127	86	196	99	61	252	194	133	164	128	116	121	268
	0	45	133	0	69	54	129	68	272	92	30	159	201	166	86	115	89	119	78	159	71	133	276	115	178	128	67	86	63	175	215

h_pi = Inventory cost of item p at site i
 	3	3	6	3	7	5	7	5	8	8	9	2	2	9	6	9	6	3	3	4	2	7	1	8	4	7	4	6	1	8	7
	8	8	6	2	7	8	2	8	8	4	7	6	3	9	7	6	9	9	4	6	7	2	3	3	2	4	5	2	4	5	8
	3	2	8	9	9	5	8	7	7	5	5	8	1	5	6	2	3	4	1	7	6	2	9	1	1	7	4	6	8	7	6
	8	6	8	7	7	3	5	8	8	4	5	9	5	2	2	5	3	8	4	7	4	2	8	6	4	1	1	3	4	7	2
	8	5	6	8	5	8	2	9	1	4	6	3	1	3	5	7	4	5	6	9	5	4	5	3	4	4	5	7	4	2	9
	3	1	8	4	7	4	2	3	3	4	3	1	9	4	7	7	7	1	4	9	6	3	2	6	4	4	4	8	6	6	1
	8	8	7	7	9	1	8	9	1	1	4	9	9	2	9	5	2	5	7	6	7	9	5	4	3	6	3	7	5	8	3
	8	1	5	3	1	2	4	6	2	4	3	2	7	4	3	2	6	4	8	9	5	5	1	5	9	1	7	6	5	7	1
	3	7	8	8	3	4	9	5	5	1	6	2	4	6	7	3	7	8	7	5	3	1	5	2	1	9	8	3	8	7	3
	3	6	2	9	2	7	4	3	8	7	2	9	5	6	7	8	5	9	2	6	4	1	1	1	5	3	5	4	2	9	9

C = Vehicle capacity
	3680

f = Fixed transportation cost
	150040

a_ik = Transportation cost for traveling from node i to node k
 	0	1570	810	850	2580	1710	1535	1220	2155	2245	1755	600	2190	490	1755	2015	1585	2895	1725	540	800	1065	1970	1480	1690	300	235	705	1780	1990	1220
	1570	0	1190	1220	2765	2570	1545	2085	1850	1325	205	1005	2230	2010	2130	3020	1125	2875	1655	1085	1840	2355	1745	625	1290	1285	1345	2145	1925	625	360
	810	1190	0	1255	1940	1415	765	1930	2490	2295	1395	455	2675	1285	2335	1845	1775	2195	950	405	665	1190	2325	820	885	720	630	1080	1075	1775	865
	850	1220	1255	0	3190	2495	1995	870	1315	1445	1345	805	1425	1050	1095	2840	760	3440	2175	855	1580	1915	1135	1490	1980	635	780	1545	2325	1385	985
	2580	2765	1940	3190	0	1225	1255	3795	4400	4065	2920	2390	4610	2920	4260	1475	3660	435	1115	2340	1835	1990	4240	2145	1485	2615	2490	2300	880	3380	2585
	1710	2570	1415	2495	1225	0	1215	2885	3805	3700	2765	1795	3890	1910	3460	475	3140	1650	1260	1715	920	830	3625	2055	1615	1860	1720	1210	1000	3175	2270
	1535	1545	765	1995	1255	1215	0	2695	3155	2825	1715	1195	3390	1975	3085	1690	2415	1455	190	1160	1025	1470	3005	940	400	1480	1385	1565	385	2165	1340
	1220	2085	1930	870	3795	2885	2695	0	1430	1965	2195	1535	1210	1015	680	3130	1320	4100	2880	1545	2005	2140	1260	2335	2755	1215	1315	1725	2975	2160	1850
	2155	1850	2490	1315	4400	3805	3155	1430	0	840	1820	2045	520	2235	855	4155	750	4595	3315	2115	2890	3220	190	2400	3030	1950	2090	2835	3520	1490	1870
	2245	1325	2295	1445	4065	3700	2825	1965	840	0	1215	1915	1350	2490	1575	4110	695	4195	2955	2000	2840	3270	870	1945	2610	1975	2105	2945	3205	785	1490
	1755	205	1395	1345	2920	2765	1715	2195	1820	1215	0	1200	2235	2185	2180	3220	1130	3005	1815	1285	2045	2555	1735	780	1435	1470	1540	2345	2095	465	560
	600	1005	455	805	2390	1795	1195	1535	2045	1915	1200	0	2220	1075	1890	2195	1350	2640	1375	90	930	1395	1880	900	1225	370	370	1150	1520	1500	650
	2190	2230	2675	1425	4610	3890	3390	1210	520	1350	2235	2220	0	2155	535	4200	1110	4840	3565	2275	2975	3230	515	2730	3320	2045	2185	2825	3735	1955	2185
	490	2010	1285	1050	2920	1910	1975	1015	2235	2490	2185	1075	2155	0	1660	2120	1800	3270	2160	1030	1090	1130	2050	1970	2165	735	715	715	2175	2360	1670
	1755	2130	2335	1095	4260	3460	3085	680	855	1575	2180	1890	535	1660	0	3740	1090	4525	3265	1930	2550	2755	730	2535	3065	1655	1785	2345	3405	2005	2000
	2015	3020	1845	2840	1475	475	1690	3130	4155	4110	3220	2195	4200	2120	3740	0	3520	1905	1725	2110	1280	995	3975	2520	2085	2210	2070	1410	1450	3615	2710
	1585	1125	1775	760	3660	3140	2415	1320	750	695	1130	1350	1110	1800	1090	3520	0	3845	2570	1425	2245	2635	625	1655	2280	1330	1470	2285	2785	915	1120
	2895	2875	2195	3440	435	1650	1455	4100	4595	4195	3005	2640	4840	3270	4525	1905	3845	0	1285	2600	2190	2395	4445	2255	1590	2900	2785	2685	1130	3465	2740
	1725	1655	950	2175	1115	1260	190	2880	3315	2955	1815	1375	3565	2160	3265	1725	2570	1285	0	1345	1185	1605	3165	1035	410	1670	1575	1730	305	2275	1480
	540	1085	405	855	2340	1715	1160	1545	2115	2000	1285	90	2275	1030	1930	2110	1425	2600	1345	0	845	1305	1945	945	1225	350	315	1065	1475	1585	730
	800	1840	665	1580	1835	920	1025	2005	2890	2840	2045	930	2975	1090	2550	1280	2245	2190	1185	845	0	530	2710	1470	1330	945	805	545	1125	2400	1500
	1065	2355	1190	1915	1990	830	1470	2140	3220	3270	2555	1395	3230	1130	2755	995	2635	2395	1605	1305	530	0	3035	2000	1820	1305	1170	420	1470	2890	2005
	1970	1745	2325	1135	4240	3625	3005	1260	190	870	1735	1880	515	2050	730	3975	625	4445	3165	1945	2710	3035	0	2275	2895	1770	1910	2650	3365	1440	1735
	1480	625	820	1490	2145	2055	940	2335	2400	1945	780	900	2730	1970	2535	2520	1655	2255	1035	945	1470	2000	2275	0	670	1260	1255	1890	1315	1240	545
	1690	1290	885	1980	1485	1615	400	2755	3030	2610	1435	1225	3320	2165	3065	2085	2280	1590	410	1225	1330	1820	2895	670	0	1570	1500	1855	715	1900	1165
	300	1285	720	635	2615	1860	1480	1215	1950	1975	1470	370	2045	735	1655	2210	1330	2900	1670	350	945	1305	1770	1260	1570	0	145	975	1770	1695	940
	235	1345	630	780	2490	1720	1385	1315	2090	2105	1540	370	2185	715	1785	2070	1470	2785	1575	315	805	1170	1910	1255	1500	145	0	855	1660	1790	995
	705	2145	1080	1545	2300	1210	1565	1725	2835	2945	2345	1150	2825	715	2345	1410	2285	2685	1730	1065	545	420	2650	1890	1855	975	855	0	1660	2635	1790
	1780	1925	1075	2325	880	1000	385	2975	3520	3205	2095	1520	3735	2175	3405	1450	2785	1130	305	1475	1125	1470	3365	1315	715	1770	1660	1660	0	2545	1720
	1990	625	1775	1385	3380	3175	2165	2160	1490	785	465	1500	1955	2360	2005	3615	915	3465	2275	1585	2400	2890	1440	1240	1900	1695	1790	2635	2545	0	910
	1220	360	865	985	2585	2270	1340	1850	1870	1490	560	650	2185	1670	2000	2710	1120	2740	1480	730	1500	2005	1735	545	1165	940	995	1790	1720	910	0

coordXY = Coordinates (x,y): line zero => x line one => y column => customers
 	110	414	244	183	323	115	325	27	250	403	446	229	151	16	89	38	288	405	349	217	130	32	233	402	395	162	156	30	309	457	349
	458	382	548	305	927	799	677	229	51	118	357	459	22	431	108	854	196	956	706	472	616	656	84	506	639	430	458	573	752	265	411

d_pit = Demand of item p at customer i in period t
 	75	17	31	37	87	52	86	78	50	16	75	81
	54	65	78	48	19	56	16	99	87	20	40	36
	31	57	64	18	79	12	32	41	98	19	94	23
	62	76	55	65	70	16	29	48	83	17	16	58
	19	21	13	88	37	83	23	91	78	27	44	39
	31	32	21	71	84	62	13	51	31	30	33	98
	14	94	51	42	23	85	63	18	58	65	90	18
	59	57	75	39	17	26	38	11	88	45	54	19
	77	28	59	48	65	13	54	56	69	34	49	77
	35	13	25	35	32	39	20	70	88	16	87	83
	55	46	69	64	98	33	94	92	84	44	79	59
	13	10	23	30	71	62	16	25	12	81	55	43
	15	19	35	73	91	51	58	71	46	33	57	15
	54	91	73	68	73	65	27	12	47	43	36	73
	69	45	41	73	67	71	99	84	30	26	61	46
	48	22	21	26	21	47	69	73	92	84	25	77
	80	94	65	44	67	69	97	67	99	56	86	47
	55	49	92	60	44	41	60	35	38	57	85	66
	18	79	67	30	76	34	60	56	67	73	65	32
	23	95	28	62	78	71	48	96	14	99	74	61
	57	37	28	68	82	92	42	82	30	63	21	99
	87	91	99	37	80	68	23	55	82	26	40	95
	68	44	30	57	91	71	74	70	45	42	26	36
	94	45	85	60	62	17	54	60	54	65	72	97
	62	20	51	68	11	97	65	31	34	90	82	99
	38	79	94	69	10	34	44	58	36	33	11	73
	29	97	68	52	19	72	55	58	48	61	35	39
	15	46	93	62	70	70	73	39	85	22	30	61
	57	48	70	41	100	52	76	21	40	60	24	35
	82	23	65	26	32	47	25	33	74	37	92	56

	15	91	19	32	31	37	67	31	36	32	97	94
	96	60	58	28	72	90	61	87	83	38	65	45
	23	99	26	35	19	64	38	90	89	41	80	23
	70	70	15	24	27	82	55	44	37	60	71	46
	28	29	97	93	38	79	68	46	47	84	84	73
	83	17	47	31	12	49	43	34	17	10	16	56
	27	73	37	67	22	48	31	23	86	72	89	83
	50	45	10	94	70	25	23	96	30	30	97	29
	41	59	82	17	90	24	15	56	28	36	12	80
	58	54	66	11	84	42	38	59	67	80	81	18
	42	81	24	44	25	49	27	42	50	69	11	93
	92	18	66	96	18	10	97	50	80	41	30	12
	90	39	22	16	22	82	99	60	47	95	56	39
	74	51	19	19	72	24	94	11	58	16	27	14
	20	11	42	62	81	84	37	41	15	33	67	84
	81	56	68	16	30	73	43	61	39	17	16	15
	50	90	69	54	17	29	84	51	43	21	86	46
	91	41	34	21	50	15	43	59	20	32	49	18
	87	47	62	84	30	99	65	52	63	59	99	91
	61	24	50	69	74	94	38	64	86	51	14	68
	46	83	33	33	62	98	40	75	51	56	16	69
	95	12	54	99	39	29	18	84	60	22	21	53
	81	32	90	88	96	67	79	74	95	16	96	62
	21	96	70	96	100	58	55	60	33	61	96	73
	21	28	49	84	41	20	77	92	43	68	34	61
	71	38	78	31	41	28	43	36	12	59	43	18
	28	46	26	33	27	28	46	41	13	23	20	60
	45	44	90	29	93	53	24	78	34	32	66	25
	16	26	61	13	84	41	46	44	77	89	29	46
	53	73	16	87	28	42	28	29	96	28	90	25

	51	94	21	42	82	98	81	64	85	55	86	53
	77	62	64	15	75	49	88	40	20	22	28	18
	62	39	59	28	15	89	35	74	60	52	63	69
	46	75	21	23	20	48	16	52	24	69	63	53
	38	28	37	31	29	39	35	84	98	70	69	99
	68	95	43	76	78	51	23	13	74	42	88	63
	67	47	32	69	46	19	19	59	79	32	46	49
	20	60	66	15	41	20	11	40	96	69	24	19
	16	16	12	96	66	79	89	77	47	82	46	34
	84	66	45	51	63	22	97	13	79	50	28	51
	31	90	51	71	33	79	45	14	87	48	94	21
	34	43	99	63	78	86	68	19	15	52	16	63
	11	68	18	79	37	23	69	23	65	36	95	80
	75	51	100	71	89	99	14	15	33	91	77	68
	78	86	56	87	65	18	13	77	68	86	86	16
	91	80	69	74	84	55	56	68	65	67	71	84
	65	31	36	72	21	58	38	66	87	68	62	68
	66	98	78	60	53	38	25	48	92	18	47	51
	90	72	51	72	71	46	81	18	84	54	90	54
	19	19	71	35	81	40	33	82	90	78	77	26
	14	71	11	10	28	48	60	89	12	42	86	25
	90	78	50	27	50	22	22	57	18	73	16	60
	70	27	93	89	30	62	40	35	90	47	77	53
	77	84	19	51	41	90	29	80	33	68	94	55
	62	97	45	18	87	52	70	97	46	93	34	99
	94	76	68	23	36	84	83	22	55	57	85	68
	98	45	57	68	17	26	35	89	87	88	47	36
	63	68	56	30	42	17	87	35	68	55	87	29
	22	38	69	28	57	65	87	22	29	83	45	48
	41	17	25	76	13	71	86	22	58	90	71	19

	25	82	95	81	42	34	70	73	29	96	83	53
	35	94	41	39	20	30	60	77	44	54	13	42
	80	42	10	72	14	80	77	64	96	78	70	45
	75	91	19	64	65	28	46	25	37	35	73	22
	27	49	61	87	80	92	52	50	79	43	93	59
	83	70	53	36	73	42	35	27	61	42	50	82
	48	94	71	96	14	84	79	96	55	84	81	59
	62	52	80	99	99	40	65	64	36	76	75	96
	83	30	80	96	75	58	58	65	73	75	13	47
	94	81	51	96	87	47	64	37	70	44	93	33
	43	92	64	98	54	31	66	54	20	87	81	98
	17	48	31	45	69	44	18	58	82	45	55	57
	40	27	86	74	51	74	67	27	57	98	73	34
	95	20	15	11	91	67	61	16	83	49	27	57
	21	72	20	67	47	98	62	17	16	76	61	23
	85	44	74	92	91	99	14	12	91	77	37	30
	46	12	49	89	11	100	83	64	30	48	70	47
	45	54	61	15	31	10	99	67	33	40	78	63
	16	68	43	49	88	15	100	18	39	11	36	44
	46	55	60	87	42	71	57	39	36	23	24	22
	42	49	71	16	32	22	94	51	36	78	58	41
	34	79	36	70	86	82	56	74	50	39	45	89
	43	37	85	23	95	38	61	82	79	33	16	63
	100	63	26	26	44	50	36	53	57	97	38	34
	69	85	11	26	62	32	58	57	14	76	53	90
	19	78	77	13	45	23	22	31	43	85	59	45
	76	52	41	87	25	93	84	86	47	93	63	60
	84	13	54	24	78	11	80	84	34	100	58	45
	78	95	45	91	96	57	81	54	73	93	63	65
	48	20	27	61	42	78	55	65	56	42	35	12

	49	12	42	88	80	15	39	26	35	86	17	49
	65	40	36	81	20	22	70	88	90	60	57	79
	27	64	41	92	44	85	92	11	81	12	38	28
	31	40	84	10	77	71	69	18	13	72	23	75
	22	79	77	11	56	40	23	14	31	31	21	84
	87	50	26	60	75	49	66	15	12	80	24	58
	18	53	54	29	75	78	60	55	42	31	58	28
	87	46	35	66	79	26	61	85	60	21	63	85
	16	86	81	90	31	44	20	54	45	44	86	15
	25	73	51	91	18	43	59	100	61	68	95	11
	78	25	78	16	24	65	71	29	55	37	78	69
	76	78	78	90	25	66	17	15	28	25	40	37
	94	35	70	48	16	27	27	89	68	83	96	19
	43	67	54	94	81	81	14	53	58	25	28	61
	88	95	21	26	78	10	50	15	67	60	93	23
	65	94	55	25	59	63	73	95	34	27	35	18
	25	13	24	49	46	64	74	93	65	21	28	62
	72	34	18	12	24	61	52	95	50	42	51	54
	67	16	21	45	85	26	61	79	21	58	33	74
	74	37	97	94	32	86	79	58	13	50	37	43
	98	29	92	53	41	64	76	77	77	39	62	54
	76	38	42	55	37	80	12	92	59	42	70	46
	64	79	79	64	44	98	71	73	72	78	86	29
	36	73	33	11	36	69	51	45	45	27	68	11
	72	83	87	69	16	69	36	52	96	85	15	11
	57	97	57	38	82	98	60	67	55	29	63	71
	46	62	34	41	31	70	22	17	19	13	33	52
	18	21	28	41	89	93	24	42	49	25	31	82
	87	62	24	82	67	98	72	82	36	10	10	11
	35	52	35	82	87	20	52	84	98	12	93	42

	24	64	27	53	44	33	89	85	74	84	80	98
	37	26	83	78	93	73	77	95	94	15	57	97
	78	44	47	59	77	80	74	24	21	33	19	68
	45	34	21	35	21	50	23	70	75	67	72	21
	87	99	49	53	99	78	78	85	33	33	83	41
	45	78	45	33	22	46	24	95	87	46	36	54
	65	80	39	82	84	43	96	81	50	76	15	68
	96	21	20	98	92	17	62	78	55	62	43	80
	41	35	64	99	59	94	81	85	53	25	79	30
	41	46	89	41	25	58	90	60	64	55	93	60
	21	19	59	22	22	49	96	51	75	74	72	76
	71	59	75	64	24	63	65	49	49	82	31	76
	35	24	27	89	76	97	99	74	11	78	34	18
	93	85	97	90	38	20	86	79	46	75	76	98
	83	60	26	58	36	99	58	18	75	37	94	69
	32	45	19	35	73	28	32	13	47	56	52	13
	76	93	25	64	50	60	23	49	21	37	76	52
	28	37	50	91	32	54	100	39	49	84	75	76
	75	15	40	14	70	62	89	99	96	17	19	46
	13	74	40	32	43	20	63	52	76	77	51	43
	82	40	49	11	55	20	14	44	74	51	38	97
	23	99	34	100	38	96	52	91	15	70	42	40
	82	10	35	84	32	21	88	14	25	97	18	15
	44	75	29	80	43	35	90	79	82	27	93	69
	77	44	66	55	55	28	84	41	22	67	27	85
	66	35	90	77	87	75	51	83	79	94	82	50
	70	75	82	20	47	16	23	51	43	96	95	79
	20	21	98	91	50	49	33	100	31	69	26	64
	30	25	77	72	49	21	64	83	38	14	30	32
	32	18	38	62	24	76	59	10	37	38	24	35

	29	97	15	60	23	22	48	56	90	32	30	47
	75	48	64	46	44	61	47	14	85	81	27	81
	11	93	34	32	38	88	37	20	68	67	13	23
	72	14	42	77	41	77	84	61	47	61	30	33
	41	97	68	48	25	43	56	83	11	16	86	42
	72	73	93	59	35	59	16	85	17	52	91	84
	90	13	97	47	73	13	84	72	33	83	41	90
	100	73	77	79	92	41	47	52	89	26	27	55
	79	68	29	36	53	84	64	68	72	98	69	90
	56	43	51	23	24	37	53	47	49	50	27	92
	93	24	26	68	26	27	36	35	97	22	80	36
	28	69	39	89	30	29	86	91	17	85	88	50
	83	37	31	54	86	56	34	75	74	93	51	81
	92	40	14	40	37	20	59	49	26	70	27	61
	94	58	97	88	71	33	72	30	69	63	91	61
	95	76	18	15	72	32	83	81	88	48	84	44
	34	51	42	20	76	11	79	13	16	65	88	57
	75	21	13	65	99	49	14	61	21	80	34	75
	52	25	62	95	90	32	68	74	40	99	85	78
	54	92	51	11	84	12	81	92	13	99	24	26
	49	38	89	77	17	38	97	29	73	80	60	68
	90	57	56	76	96	86	53	33	73	45	33	100
	79	41	81	74	44	17	55	21	67	96	96	86
	73	53	28	74	12	16	95	32	98	24	18	81
	93	24	87	76	68	41	67	93	49	76	39	78
	35	19	91	76	26	62	15	44	21	57	50	41
	42	98	65	31	85	75	59	35	95	91	31	57
	45	88	75	98	35	57	13	82	15	49	23	15
	86	54	38	33	18	79	44	71	48	79	60	69
	53	32	73	90	54	19	32	41	81	78	81	83

	73	34	91	65	20	50	69	87	12	78	71	67
	65	75	99	54	52	60	61	82	19	19	40	32
	80	24	13	83	72	44	88	86	61	89	60	27
	53	22	57	81	48	36	55	13	78	61	88	80
	38	28	32	15	34	40	92	70	31	60	48	24
	49	70	76	93	76	24	88	41	66	96	78	87
	11	19	55	68	82	84	79	99	67	41	28	18
	41	22	41	34	96	74	57	26	62	49	18	31
	12	50	82	54	51	98	76	21	32	84	88	96
	61	33	48	58	45	78	56	35	23	57	28	34
	63	25	53	58	86	94	94	45	35	63	53	67
	71	30	13	65	53	54	72	63	14	16	61	61
	72	95	50	43	87	48	13	59	45	94	53	18
	49	70	43	82	85	27	61	75	36	37	40	57
	72	55	64	46	29	38	40	97	75	95	51	43
	32	84	99	54	59	24	17	81	48	50	45	43
	18	100	84	20	45	30	77	69	50	99	72	88
	27	62	74	62	18	48	39	75	11	40	75	11
	80	14	74	55	59	66	28	36	49	71	96	48
	29	62	33	24	14	33	70	63	61	95	47	77
	33	12	73	72	56	87	56	94	21	97	48	39
	23	77	60	31	43	78	74	57	50	90	53	45
	14	63	29	34	11	19	94	17	41	93	79	17
	67	68	62	54	13	88	98	12	48	35	54	75
	91	80	31	85	77	25	71	25	91	33	74	72
	22	83	85	45	22	71	33	16	10	52	80	25
	75	92	17	81	94	74	33	75	23	84	65	89
	61	86	11	27	94	82	16	23	63	63	39	12
	43	39	65	51	46	27	48	83	72	46	92	23
	35	83	52	60	37	28	78	13	24	87	99	76

	60	58	95	99	48	65	16	41	25	72	52	99
	45	49	49	88	62	87	93	32	20	30	62	15
	73	46	55	66	90	12	36	65	71	41	20	56
	75	92	29	50	93	96	48	19	36	62	74	13
	35	55	88	37	43	28	60	87	29	37	90	21
	83	66	70	38	50	69	18	13	47	81	80	30
	27	59	92	76	38	14	75	99	25	86	14	39
	78	78	82	23	94	64	85	80	46	38	35	56
	25	81	20	33	44	55	19	60	14	25	53	64
	97	77	47	59	81	62	90	18	52	89	41	48
	12	64	91	41	67	29	22	74	57	43	30	86
	87	25	77	91	56	24	33	56	79	86	38	92
	62	78	70	43	24	22	34	74	85	17	48	21
	37	33	90	29	11	29	74	36	12	98	56	95
	46	15	67	18	23	75	92	34	11	26	62	46
	28	48	48	94	44	59	87	34	54	86	79	36
	70	33	78	99	82	63	78	73	35	51	32	69
	62	31	34	65	92	11	11	64	25	18	39	53
	86	72	40	38	50	69	90	70	99	90	38	68
	16	85	95	74	77	17	29	46	16	28	92	79
	10	75	14	61	58	25	41	24	64	19	59	95
	61	85	75	23	21	47	35	83	92	65	55	60
	93	18	61	80	78	21	94	80	78	26	33	35
	70	98	26	35	34	27	82	16	76	35	83	65
	44	89	93	76	37	19	82	66	35	75	97	26
	89	31	44	48	50	17	78	60	18	91	54	16
	19	49	45	15	85	36	86	27	87	16	55	56
	93	23	58	21	60	16	74	88	92	68	86	14
	56	65	47	86	93	49	89	33	71	84	23	38
	58	51	85	74	50	78	26	45	33	97	30	38

	18	27	92	18	11	92	44	65	17	37	51	19
	66	55	12	10	75	61	39	15	44	75	67	44
	100	35	24	45	99	17	17	10	39	47	98	58
	69	75	65	16	86	26	29	18	10	99	24	100
	39	15	69	41	15	82	74	76	81	30	22	22
	65	51	13	42	59	99	38	96	65	95	16	85
	19	28	21	84	46	62	75	86	31	13	75	42
	91	77	19	85	31	58	90	95	28	99	15	86
	92	84	37	19	14	83	87	74	18	88	15	37
	30	79	42	72	62	23	57	96	80	84	71	72
	81	78	33	30	66	20	71	56	74	69	57	89
	97	48	56	88	61	18	83	52	65	26	99	22
	71	57	38	51	14	70	69	99	29	55	27	13
	86	79	89	56	88	39	27	78	93	55	21	29
	67	48	91	50	54	21	41	36	32	88	75	69
	89	64	41	11	97	37	33	92	58	62	16	84
	75	44	92	51	89	42	70	95	83	44	63	99
	78	45	67	34	79	59	14	21	85	32	18	82
	97	62	33	14	95	35	49	34	12	92	66	81
	45	26	75	42	42	17	24	34	79	37	49	71
	18	23	92	78	63	48	65	69	51	93	18	58
	97	42	57	80	30	69	82	91	15	50	32	92
	85	30	51	78	18	11	91	67	42	19	15	58
	16	32	47	83	36	65	96	16	61	11	98	91
	95	33	95	67	25	75	76	61	99	23	66	57
	50	17	31	81	23	74	47	62	68	53	62	41
	39	47	77	72	38	42	70	56	81	95	38	28
	63	68	66	42	76	32	28	69	98	31	36	80
	82	38	55	48	78	24	79	46	25	59	72	99
	37	79	99	89	37	37	85	19	11	20	85	23

