***** PARAMETERS PRP *****

Number of Customers = 30
Number of Products = 10
Number of Vehicles = 5
Number of Periods = 12

B = Production capacity
	49423

b_p = Time required to produce item p
 	1	1	1	1	1	1	1	1	1	1

c_p = Production cost of item p
 	80	30	80	80	30	80	80	30	30	30

s_p = Setup cost of item p
 	800	300	800	800	300	800	800	300	300	300

M = Big number
	197693

U_pi = Maximum inventory upper bound of item p at site i
 	197693	280	257	118	184	264	318	115	153	270	180	89	186	164	218	183	187	138	96	119	159	99	189	200	108	110	211	162	265	218	209
	197693	193	254	102	98	250	199	84	203	171	241	101	210	147	218	114	99	89	238	84	157	240	211	266	126	108	183	242	147	170	358
	197693	92	177	214	130	249	167	207	153	88	103	107	271	125	186	163	301	127	213	173	310	143	111	148	103	115	111	133	112	232	84
	197693	228	85	218	153	150	182	108	227	177	154	148	209	179	307	174	252	272	108	209	158	153	179	271	99	164	271	285	176	213	267
	197693	186	289	89	96	215	98	251	138	132	197	86	316	275	219	250	228	131	209	108	202	251	222	166	282	209	293	335	184	160	263
	197693	212	325	207	111	222	209	167	171	94	102	200	109	142	143	107	204	188	137	126	223	205	327	194	110	189	126	97	166	250	124
	197693	158	152	154	150	278	186	138	242	304	96	129	134	160	169	230	253	258	287	298	267	227	229	114	191	114	167	192	336	191	116
	197693	126	273	228	256	229	195	209	288	157	233	117	203	264	189	222	189	159	230	289	107	202	182	182	165	148	163	285	258	268	111
	197693	125	255	270	243	101	283	167	283	336	287	160	285	249	246	324	129	266	133	243	112	215	253	264	94	263	247	220	177	293	127
	197693	246	117	296	165	239	279	116	99	120	136	191	240	177	164	162	154	153	217	104	193	250	265	222	157	121	219	248	189	167	241

I_pi0 = Initial inventory of item p at site i
 	0	223	71	72	109	202	136	56	97	201	80	84	178	12	78	162	145	91	64	97	42	81	168	93	25	95	93	70	202	96	102
	0	135	49	91	55	234	72	59	100	98	179	47	190	103	54	69	98	16	42	79	104	53	201	158	88	49	56	212	98	120	256
	0	52	154	88	126	161	81	93	140	69	100	74	192	92	161	30	158	72	202	73	87	82	61	50	92	24	88	124	93	191	56
	0	107	0	116	124	148	161	28	62	10	118	87	196	110	69	61	219	142	98	157	27	99	157	94	92	137	114	54	108	137	24
	0	129	135	81	94	118	78	166	22	53	192	82	218	30	143	218	60	81	180	96	151	178	153	15	33	162	90	272	125	125	63
	0	98	60	25	99	213	139	137	70	61	50	86	86	40	121	36	92	180	19	91	154	191	164	121	99	95	68	67	79	152	87
	0	47	109	153	131	195	108	22	232	237	94	93	124	134	78	179	183	67	118	90	66	141	92	31	175	94	51	59	310	168	75
	0	106	48	183	252	52	140	187	186	130	217	98	81	147	172	169	149	144	161	234	21	197	178	23	15	131	123	78	158	70	48
	0	117	203	68	96	87	203	14	208	21	181	136	113	101	188	43	102	30	68	152	82	127	134	33	34	210	209	159	149	138	109
	0	229	51	115	14	133	99	101	83	92	109	86	126	138	84	19	41	92	73	61	114	145	234	136	113	91	66	115	182	85	238

h_pi = Inventory cost of item p at site i
 	8	3	6	9	3	2	5	4	1	1	3	4	5	5	6	5	2	9	7	9	1	5	9	7	3	3	1	6	3	5	8
	3	1	7	5	3	5	8	7	2	5	6	8	4	1	7	8	1	7	3	9	9	6	8	7	4	1	2	7	1	6	7
	8	5	4	1	7	9	7	8	9	2	8	8	9	2	7	7	4	2	1	7	5	2	3	8	4	1	3	3	9	7	8
	8	9	7	1	9	3	3	5	6	4	6	8	4	1	4	9	7	2	9	1	7	4	7	7	6	3	4	7	6	8	5
	3	2	7	6	7	7	4	4	8	4	2	2	5	9	4	9	3	8	3	7	9	1	8	4	8	4	7	2	2	6	8
	8	6	1	8	7	3	7	2	6	8	3	3	9	7	1	3	5	2	5	8	1	6	5	1	2	7	9	5	3	4	9
	8	6	3	2	9	4	4	9	5	5	7	6	4	6	6	8	2	2	7	8	5	5	8	2	6	9	6	2	7	7	4
	3	7	9	3	8	2	2	8	1	3	2	3	4	6	9	9	1	6	4	2	8	3	8	5	4	3	2	2	9	5	3
	3	2	6	6	1	8	8	2	5	4	9	1	8	8	4	7	2	1	2	3	8	5	7	1	1	3	5	1	7	9	7
	3	5	9	9	2	8	8	8	3	1	7	3	9	1	8	7	3	8	4	9	7	8	9	8	2	9	2	6	7	1	9

C = Vehicle capacity
	3580

f = Fixed transportation cost
	132990

a_ik = Transportation cost for traveling from node i to node k
 	0	2540	830	1305	510	625	1515	425	650	1785	440	500	1795	1445	1430	2165	2150	1055	745	1660	1665	860	1495	1475	1435	1675	1795	600	935	2540	1600
	2540	0	1725	1895	2155	1920	2240	2560	2440	4220	2155	2645	935	1110	3480	915	930	1750	2115	2945	4195	1725	1155	1160	1420	1490	3140	2005	1610	4195	4140
	830	1725	0	825	450	215	1445	860	980	2585	430	1070	980	660	2045	1495	1355	455	535	1915	2490	335	680	660	705	995	2100	450	195	3040	2420
	1305	1895	825	0	810	940	2270	1030	1720	3030	915	1730	960	1175	2710	2040	1130	375	565	2715	2800	1160	795	800	480	485	2895	1230	980	3780	2665
	510	2155	450	810	0	335	1660	415	955	2280	125	925	1335	1110	1905	1940	1670	550	265	1985	2120	670	1045	1030	940	1165	2145	560	630	2985	2030
	625	1920	215	940	335	0	1375	715	805	2375	265	870	1190	835	1855	1625	1565	585	515	1780	2285	340	890	870	895	1175	1960	295	325	2870	2220
	1515	2240	1445	2270	1660	1375	0	1890	895	2415	1545	1145	2050	1415	1445	1420	2445	1900	1885	715	2630	1115	1840	1815	2050	2355	905	1105	1305	1960	2690
	425	2560	860	1030	415	715	1890	0	1060	2010	455	925	1720	1520	1815	2335	2030	885	505	2080	1780	1040	1435	1425	1285	1465	2220	850	1030	2945	1665
	650	2440	980	1720	955	805	895	1060	0	1800	835	270	1895	1365	1085	1855	2295	1385	1215	1040	1880	770	1610	1585	1680	1970	1195	535	955	2065	1895
	1785	4220	2585	3030	2280	2375	2415	2010	1800	0	2220	1580	3560	3120	1030	3645	3930	2830	2485	1940	545	2505	3260	3240	3215	3440	1890	2225	2645	1755	775
	440	2155	430	915	125	265	1545	455	835	2220	0	820	1370	1085	1805	1885	1720	625	380	1860	2085	590	1070	1055	1000	1245	2025	450	585	2870	2005
	500	2645	1070	1730	925	870	1145	925	270	1580	820	0	2035	1550	990	2105	2420	1425	1185	1170	1620	935	1735	1715	1760	2035	1300	665	1095	2060	1630
	1795	935	980	960	1335	1190	2050	1720	1895	3560	1370	2035	0	640	2980	1260	410	855	1235	2675	3450	1130	305	325	495	590	2870	1375	945	3885	3365
	1445	1110	660	1175	1110	835	1415	1520	1365	3120	1085	1550	640	0	2435	885	1035	870	1140	2050	3090	620	470	450	770	1040	2250	900	510	3275	3040
	1430	3480	2045	2710	1905	1855	1445	1815	1085	1030	1805	990	2980	2435	0	2780	3380	2410	2160	915	1395	1855	2690	2670	2745	3020	870	1615	2035	1145	1545
	2165	915	1495	2040	1940	1625	1420	2335	1855	3645	1885	2105	1260	885	2780	0	1520	1750	2010	2130	3720	1315	1270	1255	1595	1815	2315	1570	1315	3365	3710
	2150	930	1355	1130	1670	1565	2445	2030	2295	3930	1720	2420	410	1035	3380	1520	0	1145	1530	3080	3790	1530	690	710	745	655	3275	1770	1345	4290	3685
	1055	1750	455	375	550	585	1900	885	1385	2830	625	1425	855	870	2410	1750	1145	0	390	2360	2655	785	595	595	400	620	2540	875	610	3450	2545
	745	2115	535	565	265	515	1885	505	1215	2485	380	1185	1235	1140	2160	2010	1530	390	0	2240	2280	835	965	960	785	970	2405	785	730	3245	2165
	1660	2945	1915	2715	1985	1780	715	2080	1040	1940	1860	1170	2675	2050	915	2130	3080	2360	2240	0	2270	1615	2430	2405	2590	2895	200	1490	1820	1255	2390
	1665	4195	2490	2800	2120	2285	2630	1780	1880	545	2085	1620	3450	3090	1395	3720	3790	2655	2280	2270	0	2480	3150	3135	3050	3245	2260	2200	2590	2275	240
	860	1725	335	1160	670	340	1115	1040	770	2505	590	935	1130	620	1855	1315	1530	785	835	1615	2480	0	850	825	975	1280	1805	285	205	2780	2445
	1495	1155	680	795	1045	890	1840	1435	1610	3260	1070	1735	305	470	2690	1270	690	595	965	2430	3150	850	0	30	330	575	2625	1085	655	3620	3065
	1475	1160	660	800	1030	870	1815	1425	1585	3240	1055	1715	325	450	2670	1255	710	595	960	2405	3135	825	30	0	345	595	2600	1060	635	3600	3055
	1435	1420	705	480	940	895	2050	1285	1680	3215	1000	1760	495	770	2745	1595	745	400	785	2590	3050	975	330	345	0	310	2775	1145	770	3735	2945
	1675	1490	995	485	1165	1175	2355	1465	1970	3440	1245	2035	590	1040	3020	1815	655	620	970	2895	3245	1280	575	595	310	0	3080	1440	1075	4030	3120
	1795	3140	2100	2895	2145	1960	905	2220	1195	1890	2025	1300	2870	2250	870	2315	3275	2540	2405	200	2260	1805	2625	2600	2775	3080	0	1670	2010	1060	2395
	600	2005	450	1230	560	295	1105	850	535	2225	450	665	1375	900	1615	1570	1770	875	785	1490	2200	285	1085	1060	1145	1440	1670	0	435	2595	2165
	935	1610	195	980	630	325	1305	1030	955	2645	585	1095	945	510	2035	1315	1345	610	730	1820	2590	205	655	635	770	1075	2010	435	0	2980	2535
	2540	4195	3040	3780	2985	2870	1960	2945	2065	1755	2870	2060	3885	3275	1145	3365	4290	3450	3245	1255	2275	2780	3620	3600	3735	4030	1060	2595	2980	0	2480
	1600	4140	2420	2665	2030	2220	2690	1665	1895	775	2005	1630	3365	3040	1545	3710	3685	2545	2165	2390	240	2445	3065	3055	2945	3120	2395	2165	2535	2480	0

coordXY = Coordinates (x,y): line zero => x line one => y column => customers
 	138	346	183	40	116	180	439	62	266	143	137	224	195	274	306	442	164	107	79	448	41	245	189	192	124	80	462	226	221	493	3
	601	138	442	360	502	484	576	564	619	957	514	652	247	347	832	293	172	393	465	718	919	467	307	311	315	272	755	520	434	964	891

d_pit = Demand of item p at customer i in period t
 	98	95	30	55	25	99	11	48	60	37	44	71
	71	65	17	81	37	52	91	87	87	83	65	34
	72	37	89	62	68	21	29	62	94	75	73	27
	45	40	24	90	32	16	71	91	36	42	45	19
	61	44	49	48	95	84	68	42	23	16	49	54
	91	45	93	17	72	42	99	33	74	78	23	97
	24	32	87	59	99	96	80	68	47	30	22	47
	55	42	77	95	22	71	18	50	27	53	92	11
	90	82	29	80	67	72	95	75	26	66	42	85
	64	16	44	13	83	30	30	14	45	31	22	39
	19	46	19	42	26	10	82	92	55	35	84	21
	83	95	60	24	81	71	47	62	49	33	50	89
	12	30	71	28	20	74	38	14	76	57	11	61
	30	48	76	13	11	82	80	56	42	62	85	70
	67	95	49	69	94	75	50	18	46	83	13	71
	82	10	53	19	18	28	82	89	65	48	24	42
	91	89	93	91	53	22	57	89	36	60	81	65
	64	37	55	55	50	75	42	66	52	17	33	29
	97	79	29	86	18	61	76	76	38	67	67	18
	42	14	63	63	29	19	77	68	25	76	95	65
	27	54	61	38	50	75	64	61	63	19	41	38
	77	20	71	41	12	98	77	14	26	38	79	14
	18	75	74	72	14	19	29	74	74	39	96	16
	25	88	99	66	51	45	55	26	96	23	28	48
	67	28	72	55	62	46	44	52	35	45	67	89
	93	62	100	25	10	34	95	54	19	19	87	34
	53	17	32	51	75	98	37	20	13	75	92	84
	28	51	46	77	63	60	82	25	78	53	61	11
	11	63	22	98	11	54	34	26	46	16	82	60
	31	71	73	79	17	16	55	19	58	77	76	56

	41	94	77	37	90	46	50	76	100	51	64	47
	49	65	89	54	45	25	62	83	64	13	22	38
	61	30	19	55	19	33	83	43	61	65	53	92
	55	82	28	44	17	78	44	21	46	90	17	68
	98	84	17	35	99	63	88	98	46	18	19	86
	72	74	45	43	59	44	98	98	35	72	71	85
	18	41	33	23	49	22	54	56	23	15	92	78
	85	15	43	28	18	34	97	52	19	73	62	84
	60	38	90	50	37	64	36	48	65	42	84	70
	78	38	63	83	77	72	28	17	45	90	43	90
	47	19	97	42	89	19	28	32	95	61	50	26
	31	91	68	74	41	89	76	78	82	68	70	73
	23	80	25	71	64	28	21	80	42	92	13	47
	54	81	40	69	38	59	78	19	77	28	51	60
	69	88	32	41	92	89	13	71	16	42	93	39
	14	84	85	27	44	60	93	23	71	58	19	16
	16	23	33	63	27	25	68	51	47	33	96	51
	42	86	45	72	81	42	64	25	36	74	50	96
	79	24	65	50	13	26	77	30	25	45	44	25
	54	50	72	20	14	45	92	68	58	34	63	59
	53	87	73	16	49	58	70	61	50	26	99	77
	89	17	95	67	24	32	59	46	40	95	38	30
	91	67	81	81	51	84	58	57	88	53	68	20
	88	60	25	72	83	67	73	38	44	81	43	83
	49	75	48	16	63	36	33	60	81	36	56	96
	56	46	42	32	21	26	70	42	40	74	17	83
	13	67	42	90	86	97	52	81	76	25	38	60
	98	65	55	36	83	78	97	78	46	74	87	84
	99	21	87	92	33	15	81	27	50	28	90	55
	50	60	60	86	89	90	94	56	98	54	61	61

	52	89	15	72	45	15	26	31	25	95	57	31
	30	34	90	14	34	27	32	66	94	29	21	60
	88	97	40	82	99	28	26	39	93	67	98	99
	83	43	82	95	97	30	81	65	83	63	49	11
	58	69	34	48	88	98	45	11	14	42	25	66
	81	31	22	37	68	12	79	53	78	58	66	82
	26	19	48	11	68	94	52	84	39	40	87	54
	90	32	18	39	72	28	19	95	25	100	43	50
	28	27	14	91	17	97	54	22	31	41	93	15
	70	30	75	32	28	45	42	60	43	88	60	47
	74	46	59	22	86	85	49	47	38	86	13	39
	66	41	85	25	59	54	90	43	70	10	70	38
	92	53	30	72	33	67	15	97	75	54	70	93
	70	32	10	49	29	91	92	87	75	75	64	69
	30	39	61	15	23	42	73	72	38	100	95	64
	26	95	37	76	34	72	58	56	99	43	86	41
	30	42	34	74	90	84	51	74	89	63	76	57
	35	94	73	50	65	64	25	32	83	72	33	12
	40	33	67	12	46	77	88	91	59	52	89	38
	87	58	30	10	85	94	78	56	30	46	75	96
	82	97	18	70	50	56	33	48	23	13	60	22
	61	37	59	45	42	21	82	85	75	82	60	17
	50	21	96	44	76	99	13	18	41	87	25	20
	92	22	33	87	21	39	99	11	52	61	55	44
	24	54	64	95	57	64	88	11	81	57	25	67
	88	48	42	70	22	40	95	43	67	21	48	82
	28	96	91	50	79	27	46	88	38	92	89	74
	93	35	56	39	57	77	66	73	16	97	40	25
	75	38	35	43	98	78	94	82	39	66	13	36
	56	70	17	59	88	17	15	89	27	19	34	13

	13	71	11	12	51	84	40	66	73	40	74	13
	93	30	14	31	25	48	66	19	15	39	91	41
	72	44	49	40	47	15	94	20	86	69	85	33
	46	78	42	87	54	60	17	45	85	15	44	38
	30	79	39	15	26	62	44	39	73	61	49	82
	14	90	41	16	28	91	97	90	31	94	46	91
	28	15	56	88	67	83	56	38	99	48	51	21
	62	44	14	71	58	70	22	86	61	47	58	87
	10	36	60	97	46	16	85	74	92	40	54	97
	22	96	79	21	60	84	55	51	54	12	64	18
	37	19	14	17	56	16	21	97	94	33	15	25
	69	78	32	17	15	19	39	15	66	19	35	98
	37	73	76	17	63	15	32	34	73	20	25	71
	69	76	17	88	86	99	64	17	71	18	45	86
	27	34	78	53	80	44	37	49	93	88	34	78
	32	64	41	82	42	43	29	11	61	77	62	60
	44	98	61	74	84	60	50	40	88	32	90	95
	73	25	78	72	78	41	32	27	84	80	33	26
	39	89	29	75	33	29	34	56	89	65	51	38
	27	19	53	15	89	51	40	15	39	96	17	12
	28	71	36	50	52	52	54	23	99	26	29	90
	30	62	65	80	57	29	96	45	90	58	35	68
	75	19	64	30	100	64	31	64	58	56	29	61
	92	37	15	34	22	67	42	55	67	50	69	44
	72	29	36	11	67	22	32	12	34	24	79	75
	43	71	14	49	92	48	13	55	78	92	19	76
	28	26	22	28	87	59	92	91	67	65	79	39
	53	55	75	91	73	74	44	16	49	27	78	70
	68	11	23	35	82	46	79	47	95	25	95	34
	24	23	60	47	39	74	75	39	90	71	51	48

	80	49	66	61	97	57	87	18	71	32	79	46
	78	18	39	28	28	56	84	82	72	56	88	64
	69	12	56	96	14	56	39	21	30	39	71	32
	17	59	18	88	45	12	76	60	23	56	59	62
	11	18	58	31	75	79	92	19	76	57	90	39
	43	35	45	20	50	83	47	88	15	22	83	58
	63	10	45	48	54	68	39	47	90	46	80	12
	22	92	54	27	66	18	63	35	39	58	18	59
	53	94	35	41	60	79	60	36	80	74	85	95
	74	47	57	14	51	51	81	69	23	24	34	65
	23	31	28	27	53	31	79	35	28	95	51	37
	85	54	79	53	69	87	44	71	84	45	24	63
	30	91	14	88	33	50	37	76	16	100	28	96
	77	19	47	84	82	11	33	92	53	19	98	41
	90	92	36	52	84	86	71	58	72	50	43	16
	60	33	66	95	53	32	42	42	100	31	69	62
	47	34	82	15	26	59	11	14	23	96	72	43
	87	93	71	55	67	53	22	23	22	71	32	30
	48	15	33	54	82	96	99	27	21	19	90	62
	87	64	64	91	38	78	88	79	72	26	77	43
	79	99	87	43	85	73	41	19	80	51	27	70
	54	99	40	39	26	68	25	99	14	87	26	90
	15	19	69	86	38	37	56	60	50	74	93	68
	33	76	66	74	46	45	31	43	51	77	73	61
	43	60	59	31	51	81	95	48	59	43	27	31
	90	18	22	65	86	54	69	99	98	53	19	31
	60	89	63	60	73	97	32	67	82	13	83	85
	89	36	26	40	54	44	90	89	95	75	86	12
	31	94	61	34	11	93	95	53	52	61	26	29
	63	66	56	80	83	20	62	28	33	35	80	24

	46	52	65	31	77	28	86	35	61	43	92	21
	60	69	77	82	34	39	50	23	98	97	91	59
	25	23	47	34	14	70	19	63	17	85	27	73
	99	23	49	26	36	90	47	30	99	49	89	29
	24	36	56	97	45	95	48	69	59	63	33	41
	85	54	98	35	46	18	21	29	75	77	42	47
	52	85	43	78	16	96	31	76	73	13	52	51
	70	82	76	31	25	16	16	25	26	45	16	84
	40	21	54	31	56	98	51	46	11	45	88	22
	50	95	22	20	61	13	100	13	74	93	40	31
	86	60	72	36	78	32	48	13	27	26	34	87
	86	27	57	38	44	53	41	95	43	50	56	62
	40	44	27	60	58	97	18	22	19	97	17	70
	69	21	31	47	22	25	72	31	84	73	49	48
	36	96	42	30	73	40	44	19	73	74	68	46
	60	32	97	89	67	94	69	57	13	51	96	92
	97	35	15	33	18	94	56	68	87	95	64	91
	19	27	51	69	83	52	82	72	23	36	15	18
	14	77	98	46	94	50	64	100	18	83	65	48
	95	59	24	46	92	56	28	54	59	36	24	95
	93	37	61	87	48	80	79	53	80	74	65	63
	51	80	33	83	86	30	87	15	84	97	72	66
	60	61	30	23	15	94	76	30	37	84	20	51
	36	63	46	59	39	67	40	66	13	56	97	76
	95	53	92	71	93	23	58	21	11	100	55	83
	68	98	78	50	38	59	96	21	77	29	83	59
	67	63	55	29	17	34	76	23	36	72	39	68
	25	54	58	23	69	16	64	75	64	72	78	67
	91	16	45	96	46	39	53	69	88	93	75	39
	87	71	86	46	98	85	96	23	39	26	62	25

	47	15	20	22	94	75	25	58	21	61	94	98
	37	72	75	49	40	63	77	54	61	13	51	17
	57	96	33	34	51	63	56	98	33	26	31	36
	20	52	59	52	19	55	40	97	93	32	25	54
	68	62	65	51	71	29	42	57	49	48	75	51
	61	16	31	11	18	72	54	68	13	65	95	54
	22	60	54	52	60	54	60	51	32	79	18	11
	65	89	15	63	93	58	62	26	61	90	14	90
	82	38	78	39	38	92	70	75	20	87	95	16
	78	16	72	23	14	91	34	16	55	91	19	66
	93	41	79	84	44	61	40	31	60	88	63	90
	71	31	22	16	20	48	43	100	26	70	75	13
	46	88	57	14	44	11	65	75	47	79	26	87
	47	31	44	81	50	28	75	32	79	92	21	97
	40	89	50	84	67	20	65	93	37	28	67	49
	52	76	21	34	84	90	16	31	26	53	55	69
	33	34	85	95	16	31	25	69	26	47	98	61
	42	76	91	90	86	92	29	70	86	65	64	70
	90	61	84	17	35	36	51	94	58	62	65	62
	28	38	34	51	74	11	26	94	60	98	73	54
	92	49	38	30	34	60	81	40	69	32	94	63
	55	37	13	54	98	85	97	62	40	15	82	50
	31	86	39	88	30	35	94	26	19	94	44	95
	36	61	78	96	69	12	22	24	35	34	92	14
	94	84	70	22	97	60	74	39	28	15	56	42
	25	26	84	12	99	87	44	71	62	72	72	14
	59	16	96	88	42	85	84	56	35	59	99	48
	91	61	97	61	42	71	88	49	36	70	73	68
	57	65	29	17	65	20	99	66	79	16	45	14
	75	56	91	54	51	66	86	22	50	40	29	77

	21	85	78	56	26	84	91	45	76	73	42	77
	48	69	59	32	65	29	88	35	75	91	35	28
	87	96	11	19	93	70	76	32	29	30	53	88
	85	68	18	81	76	91	80	60	82	50	39	38
	52	22	55	55	60	29	11	47	38	64	73	43
	46	30	64	17	61	82	14	50	80	31	77	33
	84	85	18	33	63	81	22	53	40	42	55	50
	88	98	26	91	100	93	33	43	70	14	25	11
	50	80	38	92	37	14	88	11	12	74	94	38
	39	47	77	54	63	83	92	33	76	13	31	91
	51	11	36	46	51	45	72	99	87	79	35	92
	13	68	13	37	78	43	70	12	16	88	25	24
	11	71	65	54	81	84	68	99	95	34	88	41
	94	78	36	77	22	37	75	68	76	48	63	80
	80	59	30	89	56	27	27	64	100	55	53	25
	69	80	81	23	12	44	18	68	51	27	23	71
	90	54	100	65	37	85	26	37	43	44	37	19
	45	86	30	77	23	52	89	33	66	26	11	13
	41	44	88	61	53	89	92	97	20	14	25	69
	21	71	53	80	85	28	78	61	11	91	41	23
	94	16	46	41	60	13	16	64	77	22	92	64
	89	89	49	98	63	45	38	36	64	81	30	45
	23	57	34	85	22	49	66	91	85	86	78	53
	15	46	75	91	62	93	16	31	42	31	67	90
	53	30	23	25	91	82	46	15	93	43	27	62
	21	33	69	96	52	58	19	43	91	85	62	21
	38	40	80	94	32	30	75	59	35	24	82	94
	16	42	81	19	69	73	81	18	31	81	45	64
	28	42	45	85	73	22	34	97	35	50	94	39
	48	97	68	66	91	72	12	28	34	47	73	29

	18	38	61	28	35	35	26	32	88	69	25	46
	84	40	79	24	86	30	86	73	60	27	77	98
	20	48	46	91	41	91	95	65	99	75	96	42
	50	28	18	43	81	71	55	32	60	94	15	35
	68	19	60	77	67	34	75	37	19	58	14	77
	67	57	22	57	15	59	31	96	47	92	52	85
	14	71	30	41	56	48	99	87	31	98	39	52
	67	61	80	10	51	50	41	18	98	96	21	86
	21	96	66	96	75	69	78	41	98	32	43	91
	41	96	44	69	88	32	52	55	59	97	18	37
	30	83	23	91	13	22	82	19	68	52	79	76
	43	70	59	33	95	91	89	10	65	48	46	34
	64	37	42	53	63	70	53	68	41	75	13	19
	83	91	14	68	42	97	38	25	68	66	88	57
	43	91	65	56	99	65	30	91	63	20	69	86
	70	32	40	38	32	24	94	14	55	90	11	17
	30	99	89	99	36	38	79	98	95	44	60	32
	68	76	87	53	71	22	94	81	26	95	84	40
	82	70	97	42	50	63	63	95	71	30	23	44
	82	63	21	86	28	64	32	46	96	26	34	93
	30	53	44	51	90	33	38	60	45	47	58	97
	55	79	28	75	14	34	37	86	17	55	74	53
	33	64	56	25	45	53	82	77	28	33	85	52
	34	70	12	19	41	35	68	39	61	13	76	93
	31	73	72	34	30	80	53	45	81	10	50	73
	74	58	77	90	50	37	20	61	88	81	13	92
	58	44	57	14	41	75	87	66	73	36	73	37
	76	51	22	52	42	19	67	31	41	24	31	75
	40	98	53	72	25	62	46	75	37	79	51	64
	48	11	50	20	69	60	95	93	79	84	95	56

	88	26	60	55	18	77	42	49	58	46	51	21
	51	94	66	19	63	43	88	47	60	38	46	85
	56	59	65	41	84	63	85	100	44	21	46	47
	14	39	59	58	19	80	87	98	21	56	39	90
	36	30	67	21	27	82	62	65	60	83	26	14
	58	41	64	13	15	30	95	97	77	78	25	76
	82	19	14	95	19	77	26	82	95	93	77	18
	38	45	20	15	94	75	36	23	85	28	62	70
	55	37	82	45	62	31	50	98	75	98	51	33
	67	22	20	40	62	37	18	34	47	79	84	32
	86	97	91	14	34	74	44	41	30	98	92	61
	54	13	59	78	13	88	47	92	31	87	73	86
	88	50	60	23	86	79	12	75	97	39	71	29
	66	18	10	75	45	37	28	72	89	53	93	71
	19	45	21	20	92	56	91	100	55	85	44	18
	41	13	57	69	28	71	72	35	80	64	19	65
	92	63	65	25	79	30	11	38	84	11	97	15
	73	28	96	41	88	87	76	88	84	85	86	34
	61	38	33	53	81	33	58	34	63	53	35	82
	29	71	14	31	26	96	11	87	37	83	64	30
	90	55	61	46	49	26	73	58	50	46	24	22
	37	74	33	90	77	34	98	28	12	84	29	39
	15	37	84	80	24	63	52	88	25	35	74	89
	83	30	84	24	13	82	99	61	19	56	34	43
	91	56	91	48	62	20	98	43	40	48	52	77
	66	95	81	86	48	55	27	97	71	85	88	75
	99	16	87	27	98	48	10	37	85	88	61	88
	20	82	80	88	31	67	81	99	52	51	40	64
	15	70	83	43	64	54	75	23	49	75	30	87
	89	27	89	33	85	21	17	56	15	44	83	19

