***** PARAMETERS PRP *****

Number of Customers = 30
Number of Products = 10
Number of Vehicles = 5
Number of Periods = 12

B = Production capacity
	48573

b_p = Time required to produce item p
 	1	1	1	1	1	1	1	1	1	1

c_p = Production cost of item p
 	30	30	80	80	80	80	30	30	80	80

s_p = Setup cost of item p
 	300	300	800	800	800	800	300	300	800	800

M = Big number
	194291

U_pi = Maximum inventory upper bound of item p at site i
 	194291	235	246	136	102	171	125	108	185	174	119	240	241	243	248	291	212	131	227	112	288	221	302	243	233	234	108	246	254	243	98
	194291	265	169	132	248	124	153	218	175	112	313	105	149	187	317	105	259	189	181	149	130	118	171	271	193	117	233	274	126	182	265
	194291	102	122	178	151	143	153	124	230	113	208	208	84	102	204	169	170	91	260	201	90	282	235	225	278	175	269	178	183	279	193
	194291	243	155	267	194	116	151	229	260	167	155	111	209	123	266	308	156	95	117	183	82	107	199	215	189	189	105	134	114	129	177
	194291	194	184	284	238	203	278	136	177	245	293	136	130	191	229	218	224	99	161	230	263	179	226	186	108	308	206	195	105	247	113
	194291	132	247	132	279	182	104	185	301	130	147	105	111	338	270	328	155	229	288	301	122	148	239	145	123	180	287	163	378	136	209
	194291	177	183	183	260	305	265	158	131	199	111	197	114	99	309	159	245	170	173	159	102	105	93	135	95	221	170	283	92	114	182
	194291	193	283	161	225	288	200	115	169	170	289	120	236	213	162	238	233	250	227	95	282	259	295	112	143	166	126	149	265	110	239
	194291	181	167	240	262	263	102	131	208	213	141	200	195	310	329	174	107	96	106	91	140	91	178	85	234	267	271	282	139	225	123
	194291	156	236	153	182	120	150	110	169	161	102	216	99	156	194	108	202	158	187	271	298	270	184	120	120	164	303	253	268	158	194

I_pi0 = Initial inventory of item p at site i
 	0	133	158	100	54	140	122	77	71	23	65	98	109	46	195	177	51	112	31	99	187	155	221	22	102	168	67	36	76	153	25
	0	178	50	93	89	66	95	98	63	89	171	73	106	90	279	33	224	124	115	108	57	75	87	200	69	90	182	175	83	157	126
	0	31	86	85	144	93	121	65	148	69	166	77	39	91	72	154	91	86	57	77	87	170	144	30	167	74	15	65	164	123	23
	0	185	138	155	166	90	92	155	133	81	21	80	157	79	155	64	43	46	40	45	67	82	108	178	26	148	75	15	72	89	38
	0	47	77	184	157	91	57	89	177	231	253	129	103	188	117	210	13	69	115	64	161	168	196	173	100	64	138	159	99	196	52
	0	53	223	84	121	160	69	83	182	124	132	90	72	280	61	210	96	52	274	82	96	30	89	56	31	165	134	124	246	103	37
	0	121	78	63	184	97	76	153	62	112	105	73	19	89	81	57	125	49	126	128	85	58	89	54	69	68	137	105	88	78	117
	0	94	194	31	59	28	106	48	91	164	99	57	229	81	88	160	195	37	191	66	43	214	256	81	131	141	41	94	184	93	222
	0	80	37	209	82	82	26	83	89	148	131	138	80	240	68	82	99	0	58	50	40	15	89	77	89	239	238	165	107	213	78
	0	151	175	137	151	14	30	62	122	95	39	159	67	93	72	19	124	71	23	161	38	166	111	26	94	95	29	243	152	81	94

h_pi = Inventory cost of item p at site i
 	3	5	5	4	6	6	5	7	3	1	9	4	4	1	2	5	1	5	1	8	5	1	8	4	9	8	5	4	7	2	3
	3	8	6	9	4	6	1	8	3	9	8	1	1	1	3	4	3	1	7	4	3	7	2	7	8	3	1	7	8	5	7
	8	6	5	6	5	7	6	5	7	6	7	7	4	2	5	7	2	6	1	3	7	8	3	2	5	2	7	4	6	7	4
	8	8	9	7	6	5	9	5	5	1	7	6	4	3	4	1	4	8	6	1	9	5	8	8	9	7	8	6	1	7	8
	8	7	7	4	8	2	1	2	2	5	2	6	2	1	9	1	3	4	1	4	6	3	9	8	9	6	6	1	7	3	5
	8	4	4	6	4	8	8	3	8	2	2	4	9	3	9	4	5	4	2	5	7	7	5	7	6	4	7	1	5	6	6
	3	8	8	8	6	7	4	2	9	6	7	8	5	2	6	5	2	3	2	8	3	7	9	1	2	6	5	2	1	7	9
	3	9	9	7	4	6	7	5	1	3	9	2	2	3	4	5	7	5	9	1	4	1	6	9	7	9	2	2	3	1	1
	8	3	5	5	2	6	4	3	4	4	7	3	1	2	1	2	5	8	6	1	8	5	6	9	9	3	5	3	8	9	9
	8	1	8	3	1	3	3	7	9	6	9	2	3	7	2	4	8	1	2	4	1	3	4	4	3	1	2	3	2	5	7

C = Vehicle capacity
	3780

f = Fixed transportation cost
	150040

a_ik = Transportation cost for traveling from node i to node k
 	0	3590	480	1185	705	3205	1190	875	3845	1730	1655	1790	585	3465	3645	2520	115	1535	2000	3045	1955	2370	1520	2720	4000	480	2435	3880	1465	4320	3375
	3590	0	4010	2470	3875	715	3680	3290	515	4255	3385	3770	3865	1050	420	1070	3700	2190	1940	595	2010	1270	2375	960	415	3840	2405	910	2895	1090	1135
	480	4010	0	1560	465	3660	1080	975	4285	1470	1645	1675	790	3930	4085	2950	375	1890	2475	3450	2435	2810	1995	3165	4420	685	2625	4340	1615	4685	3710
	1185	2470	1560	0	1420	2195	1355	885	2780	2015	1365	1710	1615	2540	2580	1425	1285	365	1310	1895	1305	1340	1055	1685	2875	1555	1475	2895	860	3140	2195
	705	3875	465	1420	0	3605	620	635	4200	1045	1200	1210	1195	3920	4000	2840	655	1700	2530	3300	2500	2745	2095	3095	4280	1085	2260	4300	1250	4465	3455
	3205	715	3660	2195	3605	0	3515	3075	670	4140	3335	3720	3395	470	490	830	3320	2000	1355	790	1420	860	1835	515	1035	3390	2570	700	2805	1800	1635
	1190	3680	1080	1355	620	3515	0	500	4055	665	600	610	1745	3885	3860	2705	1180	1520	2635	3085	2615	2675	2270	3005	4060	1640	1765	4215	825	4135	3100
	875	3290	975	885	635	3075	500	0	3640	1160	795	1000	1455	3425	3440	2280	910	1105	2140	2705	2120	2220	1775	2560	3685	1350	1655	3770	645	3835	2825
	3845	515	4285	2780	4200	670	4055	3640	0	4655	3810	4195	4050	745	205	1365	3955	2540	2020	1030	2085	1480	2500	1130	530	4045	2890	435	3300	1405	1645
	1730	4255	1470	2015	1045	4140	665	1160	4655	0	905	575	2235	4525	4460	3325	1690	2145	3295	3660	3280	3310	2935	3630	4625	2125	2125	4840	1360	4610	3570
	1655	3385	1645	1365	1200	3335	600	795	3810	905	0	390	2235	3745	3620	2510	1675	1380	2665	2795	2665	2535	2400	2835	3745	2130	1240	4020	540	3710	2665
	1790	3770	1675	1710	1210	3720	610	1000	4195	575	390	0	2350	4130	4010	2895	1785	1755	3015	3185	3010	2920	2720	3220	4125	2245	1565	4410	920	4065	3025
	585	3865	790	1615	1195	3395	1745	1455	4050	2235	2235	2350	0	3585	3855	2800	570	1975	2085	3355	2030	2605	1585	2940	4275	115	2975	4030	2035	4680	3790
	3465	1050	3930	2540	3920	470	3885	3425	745	4525	3745	4130	3585	0	670	1255	3575	2385	1505	1250	1560	1220	2005	915	1250	3590	3030	480	3210	2100	2080
	3645	420	4085	2580	4000	490	3860	3440	205	4460	3620	4010	3855	670	0	1165	3755	2345	1835	860	1900	1280	2310	930	590	3845	2725	500	3110	1435	1540
	2520	1070	2950	1425	2840	830	2705	2280	1365	3325	2510	2895	2800	1255	1165	0	2630	1190	1040	575	1100	285	1375	350	1485	2775	1805	1520	1980	1940	1300
	115	3700	375	1285	655	3320	1180	910	3955	1690	1675	1785	570	3575	3755	2630	0	1635	2105	3150	2065	2480	1625	2830	4110	460	2500	3990	1520	4420	3470
	1535	2190	1890	365	1700	2000	1520	1105	2540	2145	1380	1755	1975	2385	2345	1190	1635	0	1350	1605	1360	1170	1225	1490	2585	1915	1190	2700	840	2800	1840
	2000	1940	2475	1310	2530	1355	2635	2140	2020	3295	2665	3015	2085	1505	1835	1040	2105	1350	0	1585	70	760	505	990	2335	2090	2430	1955	2145	2935	2330
	3045	595	3450	1895	3300	790	3085	2705	1030	3660	2795	3185	3355	1250	860	575	3150	1605	1585	0	1645	835	1945	645	985	3325	1870	1330	2305	1370	875
	1955	2010	2435	1305	2500	1420	2615	2120	2085	3280	2665	3010	2030	1560	1900	1100	2065	1360	70	1645	0	820	450	1055	2400	2040	2460	2010	2145	3000	2385
	2370	1270	2810	1340	2745	860	2675	2220	1480	3310	2535	2920	2605	1220	1280	285	2480	1170	760	835	820	0	1120	355	1675	2585	1965	1560	2000	2200	1580
	1520	2375	1995	1055	2095	1835	2270	1775	2500	2935	2400	2720	1585	2005	2310	1375	1625	1225	505	1945	450	1120	0	1420	2775	1590	2400	2450	1910	3315	2595
	2720	960	3165	1685	3095	515	3005	2560	1130	3630	2835	3220	2940	915	930	350	2830	1490	990	645	1055	355	1420	0	1360	2925	2150	1215	2305	1960	1495
	4000	415	4420	2875	4280	1035	4060	3685	530	4625	3745	4125	4275	1250	590	1485	4110	2585	2335	985	2400	1675	2775	1360	0	4255	2705	950	3270	880	1310
	480	3840	685	1555	1085	3390	1640	1350	4045	2125	2130	2245	115	3590	3845	2775	460	1915	2090	3325	2040	2585	1590	2925	4255	0	2890	4035	1940	4640	3740
	2435	2405	2625	1475	2260	2570	1765	1655	2890	2125	1240	1565	2975	3030	2725	1805	2500	1190	2430	1870	2460	1965	2400	2150	2705	2890	0	3190	1015	2525	1495
	3880	910	4340	2895	4300	700	4215	3770	435	4840	4020	4410	4030	480	500	1520	3990	2700	1955	1330	2010	1560	2450	1215	950	4035	3190	0	3495	1825	2040
	1465	2895	1615	860	1250	2805	825	645	3300	1360	540	920	2035	3210	3110	1980	1520	840	2145	2305	2145	2000	1910	2305	3270	1940	1015	3495	0	3310	2275
	4320	1090	4685	3140	4465	1800	4135	3835	1405	4610	3710	4065	4680	2100	1435	1940	4420	2800	2935	1370	3000	2200	3315	1960	880	4640	2525	1825	3310	0	1045
	3375	1135	3710	2195	3455	1635	3100	2825	1645	3570	2665	3025	3790	2080	1540	1300	3470	1840	2330	875	2385	1580	2595	1495	1310	3740	1495	2040	2275	1045	0

coordXY = Coordinates (x,y): line zero => x line one => y column => customers
 	375	287	338	286	249	410	138	211	373	45	54	18	486	494	369	321	373	243	491	259	498	370	487	376	271	464	9	459	127	97	85
	818	106	906	599	880	178	826	759	50	921	741	810	852	136	90	317	840	541	436	221	447	345	536	275	25	853	498	47	662	1	209

d_pit = Demand of item p at customer i in period t
 	24	31	78	61	15	51	67	75	24	35	51	51
	66	92	97	68	30	73	62	60	26	70	55	40
	45	55	43	27	32	57	14	42	74	42	34	78
	54	26	44	25	39	94	48	65	68	48	39	59
	45	95	55	27	32	10	81	41	85	75	68	70
	49	73	43	44	23	52	65	21	20	31	25	52
	77	31	53	27	29	81	69	79	66	39	32	67
	71	48	87	79	32	79	48	38	69	70	31	87
	10	13	48	57	79	16	97	34	64	13	28	62
	65	47	60	64	33	24	61	32	88	95	88	59
	66	10	22	31	60	85	25	31	64	79	81	21
	43	66	71	57	69	71	20	20	21	58	68	14
	46	99	27	68	88	75	29	85	28	21	78	85
	97	98	31	93	39	36	56	18	41	47	14	26
	96	53	28	60	76	17	87	30	88	77	70	17
	51	72	14	37	75	30	12	97	39	76	85	48
	28	12	72	65	52	82	90	100	64	45	84	93
	31	85	90	17	45	44	61	98	60	57	25	67
	99	19	94	39	39	39	91	65	80	41	50	18
	73	61	53	78	98	98	79	58	54	75	98	39
	13	58	84	82	83	83	11	33	61	90	44	22
	89	61	31	40	21	97	97	64	61	74	31	59
	22	67	60	32	99	53	89	68	97	66	49	28
	50	52	99	42	87	89	27	15	34	18	19	27
	25	61	82	68	56	53	73	53	42	14	21	13
	67	57	22	18	39	21	44	35	42	47	15	25
	36	59	39	39	57	86	25	69	41	77	41	22
	76	72	72	55	22	88	61	80	82	11	58	84
	53	100	73	35	54	55	52	47	93	98	40	29
	25	82	62	39	40	18	71	61	18	35	74	62

	32	74	37	35	63	33	92	16	52	62	100	41
	50	74	94	20	21	44	15	65	16	12	40	57
	25	68	60	58	44	21	72	14	25	41	42	58
	50	39	19	31	71	56	10	72	39	60	86	61
	66	93	66	11	68	82	92	24	62	55	72	50
	80	15	90	29	73	22	11	37	88	91	28	47
	81	17	58	92	86	78	86	66	80	87	70	69
	33	30	24	72	59	74	34	54	66	24	17	39
	89	82	63	89	56	45	16	16	13	70	65	65
	72	26	73	23	17	86	76	91	93	88	45	60
	21	52	80	88	41	44	98	64	18	37	63	21
	51	38	17	98	62	61	92	27	19	12	35	85
	90	53	18	93	26	86	79	68	56	49	96	33
	77	34	97	71	52	20	100	80	77	89	19	44
	33	100	42	12	79	29	92	25	57	28	64	67
	36	95	93	28	49	50	25	58	48	16	96	28
	56	68	90	94	31	91	76	53	57	44	17	79
	94	21	93	71	48	38	10	82	68	31	86	82
	65	43	85	80	60	98	68	75	100	95	34	92
	57	85	88	21	66	84	56	94	73	51	53	52
	75	44	42	56	52	74	96	78	71	35	34	49
	87	79	92	86	22	74	24	29	45	31	41	72
	17	95	88	83	72	50	65	97	11	77	76	81
	69	41	60	67	32	83	75	88	84	55	57	61
	90	47	95	86	28	37	13	44	44	87	75	54
	89	36	57	93	41	47	30	56	13	37	44	15
	24	88	63	100	27	70	13	93	72	85	98	89
	83	78	11	61	94	49	97	32	74	83	27	68
	52	18	23	64	76	47	54	86	23	51	11	41
	71	45	10	92	35	75	45	26	59	100	21	57

	31	88	91	23	49	43	20	58	46	61	52	47
	86	93	47	31	66	88	65	31	99	18	48	58
	85	80	26	55	55	46	70	44	42	45	75	87
	77	18	49	86	20	32	61	45	44	58	54	58
	78	15	58	31	11	27	46	32	47	86	65	74
	22	99	49	37	68	40	20	82	65	32	28	69
	65	13	29	99	46	60	56	88	80	36	76	93
	38	30	17	63	59	44	75	46	98	33	95	93
	69	45	25	52	44	95	97	23	27	44	74	85
	51	50	65	39	64	14	52	86	88	20	85	11
	21	25	31	63	80	39	94	16	40	21	58	10
	24	15	60	18	89	65	49	23	34	59	40	25
	65	26	22	77	16	74	76	15	60	31	64	84
	72	32	21	69	57	77	85	19	45	45	24	66
	38	59	57	43	65	15	14	58	79	34	32	12
	91	69	25	74	24	22	44	49	91	71	26	93
	65	21	37	15	78	22	66	34	66	36	85	19
	57	38	60	21	88	36	77	51	53	42	85	15
	77	40	79	19	46	75	12	86	55	18	72	23
	30	57	12	20	84	43	24	34	71	29	97	41
	30	59	53	28	76	40	89	20	64	95	59	63
	99	14	31	84	83	91	50	28	50	76	52	47
	30	100	75	56	19	100	84	66	45	75	16	10
	47	77	43	12	58	74	13	84	66	30	91	72
	41	17	16	54	41	22	23	34	32	74	86	86
	15	32	53	94	38	45	86	69	41	31	97	44
	40	25	61	25	94	44	58	82	77	43	83	79
	98	66	69	71	47	26	96	66	32	19	73	70
	62	61	26	77	88	93	86	89	40	21	98	96
	11	12	43	61	52	15	59	71	69	44	60	81

	68	36	81	65	25	77	58	69	17	70	99	64
	61	77	90	29	44	45	54	35	53	29	85	17
	11	49	95	39	34	79	26	41	74	54	86	53
	89	24	53	56	79	63	59	60	38	12	23	27
	90	73	84	11	79	88	38	19	38	69	87	19
	92	52	70	58	15	42	21	47	83	19	81	25
	77	27	51	43	46	28	52	17	39	94	53	23
	68	45	20	31	54	70	98	85	79	98	40	93
	81	50	14	12	13	43	24	79	66	88	99	99
	21	97	52	37	78	63	45	32	14	61	77	43
	80	57	80	20	23	32	26	75	92	42	76	61
	65	32	60	66	16	52	61	58	50	56	76	34
	79	51	75	37	18	69	48	43	73	93	64	86
	92	63	71	39	91	18	50	35	35	36	41	67
	64	50	62	53	100	19	28	56	66	65	99	76
	43	75	80	12	64	94	18	28	13	92	94	12
	46	63	34	18	44	35	72	81	77	33	42	22
	40	87	91	20	67	65	43	72	58	39	89	32
	31	14	89	63	53	18	90	14	36	65	20	56
	15	52	21	11	36	11	57	47	42	84	87	31
	82	94	37	64	12	38	54	54	82	50	49	23
	38	70	92	80	92	84	95	80	63	19	54	30
	89	39	50	77	20	35	34	21	72	76	42	91
	26	98	57	53	20	55	33	26	13	80	70	37
	63	16	28	41	24	20	100	70	86	57	18	43
	75	35	96	23	63	75	37	23	52	46	85	18
	15	61	31	25	29	40	16	21	47	11	58	47
	72	21	67	50	37	100	98	75	69	50	16	26
	89	52	48	32	18	16	28	67	34	11	43	77
	38	49	72	26	31	96	82	97	19	73	80	45

	47	90	56	32	25	11	96	38	71	79	25	11
	77	78	61	28	21	49	64	20	84	15	33	21
	91	93	30	89	65	87	15	16	14	93	54	35
	16	26	49	66	77	50	94	95	69	65	58	50
	91	33	12	65	66	98	54	83	86	97	91	36
	57	75	53	23	56	66	90	44	71	63	23	46
	61	28	28	36	89	58	21	49	32	48	32	61
	60	95	22	11	78	80	56	41	17	66	86	95
	74	69	88	72	18	29	36	51	84	93	84	37
	90	83	80	93	89	54	16	48	37	19	39	55
	71	58	35	14	67	33	35	32	48	54	19	78
	65	38	59	82	96	17	72	80	37	94	61	78
	58	86	44	14	53	73	18	32	27	94	26	49
	18	28	27	44	91	38	30	50	57	82	31	54
	19	51	54	86	96	78	76	60	26	31	37	40
	13	97	25	94	98	62	47	10	61	70	40	54
	69	24	72	24	15	82	82	81	27	20	87	12
	30	85	48	71	47	61	65	20	81	39	20	75
	64	57	20	41	36	52	32	28	64	35	79	43
	64	45	52	56	42	60	72	53	55	14	71	47
	33	90	45	23	41	82	58	34	49	22	42	17
	82	33	81	39	37	87	83	35	32	74	24	72
	63	32	78	61	16	51	71	45	100	73	90	62
	25	75	76	93	13	21	36	11	42	14	17	10
	64	84	81	84	49	33	73	48	64	36	54	68
	17	49	32	40	53	49	77	52	95	66	49	39
	61	98	71	59	64	91	63	99	49	16	19	91
	99	45	33	11	96	45	24	15	89	12	64	94
	55	32	41	68	29	47	92	16	63	47	64	38
	52	99	58	32	91	79	57	86	43	26	13	44

	53	14	20	52	59	58	41	19	58	14	53	86
	27	85	32	79	19	39	44	21	44	77	52	74
	63	21	62	20	16	51	24	68	91	13	52	45
	73	48	75	42	70	77	34	13	88	21	95	34
	78	82	85	22	67	48	24	48	21	23	12	36
	50	19	92	11	72	17	89	94	56	48	16	60
	83	82	34	99	47	93	70	27	48	52	76	28
	21	82	79	82	15	91	64	40	66	62	24	96
	35	89	69	92	12	88	69	86	23	95	96	27
	78	54	43	71	91	20	58	65	27	28	21	31
	90	86	22	11	79	79	99	56	42	32	20	14
	72	41	63	81	84	33	36	87	48	19	60	43
	98	50	37	95	84	70	49	88	47	53	75	66
	61	11	75	100	64	62	22	60	24	58	20	91
	92	48	70	44	70	75	90	71	67	32	95	33
	18	60	18	75	34	34	42	100	95	46	13	84
	52	65	14	95	39	40	16	33	64	29	17	85
	84	97	93	38	67	70	73	54	82	24	87	95
	82	80	65	73	13	39	47	70	48	37	70	99
	67	29	72	55	70	37	55	91	92	30	32	99
	30	83	87	19	48	80	25	50	22	12	78	58
	50	39	88	82	33	21	73	18	65	87	61	99
	22	34	56	91	53	22	77	54	24	63	69	14
	31	93	84	69	51	29	97	29	74	15	81	82
	80	50	35	79	69	100	89	33	33	87	35	29
	77	32	25	88	98	81	62	87	79	85	80	66
	66	58	90	43	14	70	32	41	68	36	85	50
	19	58	96	73	75	57	68	82	92	94	95	99
	58	45	79	21	51	26	43	41	11	43	47	80
	37	39	36	46	59	34	26	56	52	92	93	58

	17	27	58	19	81	63	32	32	74	28	82	18
	62	16	62	36	57	72	72	86	30	100	79	61
	63	82	84	62	15	75	82	97	49	33	68	22
	70	14	34	66	52	65	60	66	47	37	77	35
	97	70	47	35	93	58	23	78	92	60	66	14
	76	62	73	69	51	90	38	84	46	31	85	89
	19	77	57	41	67	84	43	52	67	61	44	19
	62	95	81	98	61	27	61	87	96	30	39	46
	54	58	73	64	79	23	25	21	75	80	30	14
	15	55	35	78	18	96	27	89	53	99	39	63
	73	34	90	59	14	89	72	14	18	71	24	34
	19	98	98	56	17	54	95	40	49	19	99	37
	34	12	43	25	28	92	40	63	91	56	46	61
	81	91	29	77	69	89	93	18	19	62	77	37
	57	21	72	64	79	55	38	38	81	34	62	34
	20	63	42	33	86	29	20	77	28	63	85	42
	49	15	98	22	99	20	38	14	37	53	46	18
	63	31	32	29	59	43	27	26	20	74	98	18
	29	99	11	21	59	43	65	21	71	97	33	88
	85	100	69	25	12	27	48	46	76	25	16	85
	58	43	12	83	62	51	41	87	80	72	30	10
	73	16	50	68	20	11	98	13	23	17	98	69
	54	47	30	18	30	59	80	19	91	13	44	54
	69	28	80	13	85	69	38	27	64	66	12	18
	68	31	43	74	80	14	99	21	69	57	42	65
	46	26	65	76	35	56	43	70	70	65	80	47
	83	22	88	60	21	89	23	60	38	64	57	74
	11	22	55	10	90	38	71	50	46	98	11	49
	47	31	44	88	92	96	24	96	27	12	44	85
	17	75	25	89	52	58	62	20	89	11	28	20

	59	35	83	61	83	70	73	19	89	13	90	97
	64	65	55	10	63	82	36	66	58	52	77	50
	31	70	20	24	85	98	76	41	69	27	89	15
	59	79	15	52	33	62	52	64	19	94	85	60
	28	78	43	73	40	49	90	55	28	87	79	42
	58	48	99	78	96	94	47	10	16	89	76	88
	48	100	17	97	49	31	63	97	48	47	33	59
	91	85	24	56	48	51	29	81	13	49	74	75
	29	67	68	76	81	20	60	41	19	80	66	73
	99	21	75	83	75	35	43	23	36	88	23	93
	57	89	32	78	15	82	32	58	68	93	94	22
	76	87	66	95	76	93	70	29	55	17	32	11
	81	80	94	100	52	22	35	13	31	37	30	63
	69	19	67	17	78	61	53	45	50	81	71	37
	55	37	54	14	36	28	84	28	93	53	42	48
	88	26	81	31	16	76	72	78	15	31	92	92
	37	35	36	87	28	16	77	47	75	42	47	72
	77	36	78	45	70	56	84	18	27	46	96	49
	32	34	39	33	76	10	71	52	62	84	47	29
	43	88	97	79	39	97	32	55	16	25	23	82
	73	40	19	82	48	24	63	79	93	63	15	22
	86	19	92	59	94	38	45	90	22	16	81	67
	81	64	20	98	30	27	40	15	97	68	71	60
	24	23	84	56	65	81	52	46	75	32	10	23
	57	84	96	77	43	37	33	64	22	73	54	23
	26	15	63	53	16	65	14	80	20	97	16	37
	94	39	51	18	87	69	17	45	37	31	13	95
	87	24	73	49	34	39	50	46	47	90	15	83
	93	38	41	91	95	15	35	60	55	42	25	68
	90	71	61	82	40	33	95	22	69	68	63	24

	63	17	29	43	65	56	91	12	64	51	28	24
	37	76	48	25	27	29	19	53	15	77	10	86
	35	86	88	88	81	12	65	36	81	30	91	28
	71	11	81	53	57	42	79	61	17	66	37	54
	57	25	58	85	76	58	18	68	22	75	59	30
	26	70	20	55	93	18	66	13	96	58	59	39
	83	20	20	35	10	31	51	51	46	57	26	92
	40	49	11	100	37	29	33	80	81	48	70	46
	75	73	71	71	72	39	16	15	93	15	82	16
	46	85	51	17	17	80	17	24	44	22	96	66
	82	42	14	75	18	12	99	61	31	74	22	69
	80	15	62	55	60	57	74	22	33	59	48	21
	38	31	78	93	91	70	100	71	80	31	25	35
	68	87	12	93	61	55	63	43	79	43	99	86
	82	76	25	23	54	79	75	14	85	76	68	37
	99	53	18	56	40	59	85	44	21	93	39	35
	100	64	29	62	13	69	67	18	52	14	31	58
	58	73	11	27	16	70	74	25	74	94	46	69
	50	47	22	60	46	22	71	20	39	43	99	24
	40	23	25	68	82	46	42	98	17	37	50	31
	15	33	44	66	25	95	89	21	39	57	37	22
	12	77	10	74	46	80	36	14	53	26	79	27
	39	15	23	33	25	40	28	89	72	20	68	56
	89	93	14	85	84	48	22	63	84	22	49	49
	98	74	67	52	40	80	62	88	97	53	57	32
	49	79	30	80	19	93	58	38	44	94	17	50
	38	18	76	33	91	78	72	36	81	30	74	50
	15	48	44	64	54	66	13	30	75	43	27	78
	48	59	75	31	16	24	20	39	64	82	52	31
	78	47	78	79	86	34	69	50	62	23	57	77

	17	43	47	44	81	62	83	31	75	32	50	59
	40	57	78	82	32	28	28	56	73	74	71	90
	15	60	62	49	40	79	22	99	36	28	54	67
	49	66	36	93	27	31	70	26	90	70	98	71
	14	66	75	50	61	86	76	59	100	76	45	14
	30	57	55	51	20	27	30	69	77	91	15	79
	62	47	49	64	46	20	21	100	83	71	54	41
	63	59	81	14	14	75	75	18	89	84	85	17
	50	29	16	22	66	58	83	23	94	48	64	89
	39	69	27	11	46	19	65	49	60	39	94	93
	69	49	41	32	20	38	22	33	67	44	61	43
	67	38	77	36	59	89	70	16	13	20	53	53
	93	84	11	98	38	10	38	14	98	65	60	15
	72	23	45	76	51	79	25	98	12	77	13	10
	19	96	99	79	23	24	38	23	38	37	95	78
	40	45	39	91	67	100	17	24	32	64	13	73
	28	43	40	10	11	52	62	64	28	16	21	100
	23	61	23	55	15	21	72	66	72	39	91	24
	85	76	11	76	62	84	66	27	14	36	90	24
	38	83	13	18	99	98	58	35	34	68	88	82
	30	81	55	58	29	89	28	57	71	98	22	31
	20	91	79	76	77	31	66	44	99	74	13	64
	26	100	51	11	59	86	40	35	74	86	88	64
	94	88	50	76	79	87	48	45	64	25	36	26
	54	26	15	63	47	83	70	20	26	60	16	13
	29	78	30	74	80	30	94	63	72	63	16	99
	97	58	88	45	25	77	75	89	14	43	67	80
	69	83	35	43	64	95	92	56	38	32	15	21
	81	79	31	56	20	82	14	45	58	71	52	43
	52	42	92	15	21	53	99	32	95	17	47	17

