***** PARAMETERS PRP *****

Number of Customers = 30
Number of Products = 10
Number of Vehicles = 5
Number of Periods = 12

B = Production capacity
	49623

b_p = Time required to produce item p
 	1	1	1	1	1	1	1	1	1	1

c_p = Production cost of item p
 	800	300	800	300	800	800	300	300	300	300

s_p = Setup cost of item p
 	800	300	800	300	800	800	300	300	300	300

M = Big number
	198492

U_pi = Maximum inventory upper bound of item p at site i
 	198492	300	92	237	157	222	252	303	106	227	74	273	232	275	304	285	291	157	252	116	184	289	111	233	241	98	180	245	205	298	288
	198492	209	293	104	217	165	251	242	175	155	185	113	235	247	111	299	107	197	256	146	275	247	215	120	109	96	237	192	104	118	231
	198492	288	112	179	131	221	289	205	269	233	140	105	106	275	196	229	120	232	242	168	121	106	149	239	215	185	133	272	122	153	201
	198492	290	140	192	169	119	189	316	197	107	166	91	233	112	258	228	167	226	132	162	319	99	118	189	293	171	240	285	162	269	163
	198492	322	153	157	278	129	176	217	255	183	329	151	295	181	110	203	288	228	181	260	308	290	149	135	219	175	232	177	91	98	157
	198492	298	306	340	204	268	116	98	108	98	222	210	187	164	177	81	247	163	223	181	212	172	114	271	254	100	254	223	233	135	209
	198492	162	147	176	207	97	167	338	179	112	150	94	141	156	130	169	141	107	215	166	157	100	217	323	160	137	325	303	317	171	104
	198492	110	93	115	118	193	308	105	129	100	141	259	244	250	172	163	93	223	91	225	103	244	160	108	169	227	183	247	230	129	189
	198492	141	102	193	149	216	128	175	116	180	93	353	139	269	115	248	227	104	188	125	265	184	176	318	224	132	134	223	236	210	104
	198492	224	323	198	146	93	318	153	164	222	382	171	241	175	103	155	273	246	169	163	275	172	256	108	160	255	98	222	174	195	237

I_pi0 = Initial inventory of item p at site i
 	0	236	69	232	142	93	230	184	98	176	58	152	192	207	198	14	131	105	68	73	155	235	78	144	89	78	135	182	138	99	267
	0	169	232	18	143	53	25	152	110	85	85	103	153	116	88	253	79	32	219	37	179	145	172	104	97	61	60	175	88	81	94
	0	115	39	175	88	68	176	169	220	31	87	92	55	141	100	181	91	128	179	11	23	79	124	236	64	171	87	88	44	77	150
	0	238	94	124	133	66	150	27	125	25	45	74	51	99	41	165	153	172	108	72	309	59	45	185	144	144	65	223	127	116	30
	0	171	128	14	75	82	134	88	234	77	76	113	235	46	13	47	24	209	130	207	75	186	90	76	59	160	121	67	73	42	114
	0	74	115	289	172	18	34	69	93	90	200	148	57	132	102	45	81	67	94	61	145	51	99	222	172	74	128	165	113	89	111
	0	130	138	121	153	52	61	37	97	26	79	58	25	142	89	102	77	14	125	54	145	79	141	264	133	55	144	253	64	152	101
	0	99	73	88	42	91	114	30	32	100	77	113	15	162	147	20	68	60	91	95	82	30	109	48	145	201	176	139	206	116	177
	0	39	88	153	146	145	66	160	100	114	78	273	90	116	56	168	141	78	109	89	223	93	78	51	155	95	97	114	100	153	66
	0	130	156	74	116	19	123	147	143	190	183	94	107	40	100	147	170	153	92	134	113	150	36	97	120	137	81	162	154	75	23

h_pi = Inventory cost of item p at site i
 	8	6	3	9	6	5	3	1	1	4	1	3	4	5	8	4	9	4	7	9	6	4	5	8	6	2	1	4	6	5	9
	3	8	3	5	3	9	7	4	4	8	7	5	4	1	1	1	6	6	7	7	2	6	3	6	8	6	5	4	7	9	8
	8	9	6	1	6	7	3	9	4	6	4	4	8	6	2	9	1	2	5	7	9	4	3	5	2	8	9	6	5	1	4
	3	9	3	9	5	2	3	4	5	9	3	3	7	6	4	5	5	2	8	8	2	7	7	3	9	7	7	9	4	5	8
	8	4	6	1	1	4	1	1	1	1	6	1	5	4	5	5	8	1	4	5	7	5	6	5	4	1	3	7	5	6	3
	8	8	7	9	8	8	3	9	8	5	1	9	7	5	3	7	3	8	2	6	8	5	5	3	9	2	5	5	1	9	5
	3	2	3	8	1	9	1	1	8	3	6	3	7	9	7	4	5	5	4	1	7	4	5	5	5	2	2	8	8	7	5
	3	9	1	9	2	1	9	8	8	2	9	3	7	6	6	5	2	5	9	7	8	5	8	8	1	5	9	6	2	5	6
	3	2	9	7	7	2	6	3	8	5	1	3	1	8	3	6	9	1	7	8	1	9	2	7	5	6	6	3	6	5	9
	3	6	4	3	8	4	2	2	5	8	6	5	1	2	8	5	7	2	9	6	3	6	2	6	3	6	7	7	5	1	9

C = Vehicle capacity
	3820

f = Fixed transportation cost
	27652

a_ik = Transportation cost for traveling from node i to node k
 	0	408	303	822	101	172	296	215	682	520	530	484	277	478	101	615	687	763	338	399	497	832	215	707	675	367	752	88	217	238	406
	408	0	217	482	365	322	127	298	550	147	356	234	243	412	412	471	558	534	152	56	276	512	377	420	364	198	535	330	394	192	117
	303	217	0	523	218	322	111	328	418	256	240	183	320	234	359	342	425	469	69	252	196	530	177	405	375	341	461	262	407	96	137
	822	482	523	0	740	790	541	774	402	336	355	341	725	474	861	374	409	245	485	530	340	58	677	150	151	672	266	766	869	588	424
	101	365	218	740	0	223	241	257	582	457	434	399	300	378	191	516	587	667	265	369	408	746	116	619	591	375	656	123	290	176	337
	172	322	322	790	223	0	254	46	738	461	560	478	117	544	109	663	745	785	322	293	505	812	327	700	656	215	778	100	86	228	369
	296	127	111	541	241	254	0	248	511	225	321	226	222	339	322	432	518	535	74	148	256	559	252	447	403	231	531	229	338	66	117
	215	298	328	774	257	46	248	0	746	441	562	473	74	556	153	669	752	782	319	263	502	799	355	692	644	172	777	138	96	232	358
	682	550	418	402	582	738	511	746	0	457	195	317	732	205	760	80	9	170	438	604	275	361	475	265	311	731	147	668	824	514	435
	520	147	256	336	457	461	225	441	457	0	276	154	389	368	542	382	465	408	194	197	195	367	433	283	223	340	413	452	537	284	121
	530	356	240	355	434	560	321	562	195	276	0	126	542	123	596	116	203	234	247	410	83	341	346	209	213	537	223	500	645	333	240
	484	234	183	341	399	478	226	473	317	154	126	0	441	216	533	239	325	312	157	289	44	348	340	226	192	424	309	436	562	258	124
	277	243	320	725	300	117	222	74	732	389	542	441	0	553	226	653	739	753	295	201	475	753	383	653	601	98	750	192	160	227	321
	478	412	234	474	378	544	339	556	205	368	123	216	553	0	558	145	210	317	273	460	180	455	271	326	335	569	299	468	628	327	297
	101	412	359	861	191	109	322	153	760	542	596	533	226	558	0	690	766	828	379	390	553	877	306	758	720	323	819	98	123	276	438
	615	471	342	374	516	663	432	669	80	382	116	239	653	145	690	0	88	177	359	525	196	343	414	226	261	652	158	596	749	438	355
	687	558	425	409	587	745	518	752	9	465	203	325	739	210	766	88	0	175	446	612	283	367	479	272	319	739	152	674	830	521	443
	763	534	469	245	667	785	535	782	170	408	234	312	753	317	828	177	175	0	464	590	281	198	575	140	203	730	24	731	870	559	433
	338	152	69	485	265	322	74	319	438	194	247	157	295	273	379	359	446	464	0	192	184	499	242	381	342	298	459	282	407	103	74
	399	56	252	530	369	293	148	263	604	197	410	289	201	460	390	525	612	590	192	0	330	563	398	474	417	144	591	316	357	207	170
	497	276	196	340	408	505	256	502	275	195	83	44	475	180	553	196	283	281	184	330	0	340	338	211	190	462	276	456	590	280	162
	832	512	530	58	746	812	559	799	361	367	341	348	753	455	877	343	367	198	499	563	340	0	675	133	158	706	220	781	892	602	443
	215	377	177	677	116	327	252	355	475	433	346	340	383	271	306	414	479	575	242	398	338	675	0	544	527	442	561	231	401	193	314
	707	420	405	150	619	700	447	692	265	283	209	226	653	326	758	226	272	140	381	474	211	133	544	0	65	617	154	661	783	483	334
	675	364	375	151	591	656	403	644	311	223	213	192	601	335	720	261	319	203	342	417	190	158	527	65	0	561	215	624	737	445	287
	367	198	341	672	375	215	231	172	731	340	537	424	98	569	323	652	739	730	298	144	462	706	442	617	561	0	730	281	252	262	301
	752	535	461	266	656	778	531	777	147	413	223	309	750	299	819	158	152	24	459	591	276	220	561	154	215	730	0	722	863	552	432
	88	330	262	766	123	100	229	138	668	452	500	436	192	468	98	596	674	731	282	316	456	781	231	661	624	281	722	0	170	180	344
	217	394	407	869	290	86	338	96	824	537	645	562	160	628	123	749	830	870	407	357	590	892	401	783	737	252	863	170	0	313	451
	238	192	96	588	176	228	66	232	514	284	333	258	227	327	276	438	521	559	103	207	280	602	193	483	445	262	552	180	313	0	168
	406	117	137	424	337	369	117	358	435	121	240	124	321	297	438	355	443	433	74	170	162	443	314	334	287	301	432	344	451	168	0

coordXY = Coordinates (x,y): line zero => x line one => y column => customers
 	97	426	213	499	90	264	302	309	99	446	205	302	373	90	162	140	92	256	281	448	269	453	51	362	400	461	234	182	275	242	343
	815	575	536	99	715	853	602	849	134	430	297	377	812	338	891	202	129	69	532	626	349	64	606	160	212	769	76	796	938	627	493

d_pit = Demand of item p at customer i in period t
 	59	62	59	56	99	55	91	95	73	89	90	71
	18	28	23	91	52	76	17	98	39	56	41	15
	44	47	70	71	81	58	79	24	31	55	54	98
	68	30	44	35	57	17	30	83	61	69	85	48
	45	48	58	97	54	55	59	47	91	66	14	31
	75	79	76	32	19	49	75	55	76	88	65	67
	98	35	51	68	41	35	18	97	61	47	91	85
	24	74	84	27	69	51	85	62	27	51	40	40
	89	87	71	55	42	18	61	56	12	13	91	87
	18	18	22	86	17	29	40	30	34	81	17	51
	32	38	82	75	36	70	11	57	77	29	56	91
	92	26	74	20	53	48	22	20	32	47	86	37
	68	93	46	89	90	33	26	63	96	66	83	72
	41	99	58	89	12	89	78	30	98	50	40	45
	14	88	96	94	26	15	52	35	94	82	40	47
	65	66	94	89	52	39	50	15	69	44	36	80
	22	53	30	95	44	92	12	30	61	28	69	93
	68	90	46	59	22	28	61	39	40	70	31	51
	73	56	81	80	61	35	78	70	78	44	25	17
	58	32	65	11	62	15	46	20	47	56	45	95
	83	73	57	22	28	99	58	45	94	51	60	24
	78	94	34	98	41	53	73	16	23	94	18	41
	99	45	14	68	27	32	88	14	96	56	68	92
	89	83	55	18	33	81	48	25	80	17	11	39
	78	29	45	81	96	73	14	17	26	41	10	75
	85	50	59	88	39	21	68	11	99	12	99	90
	22	94	66	100	87	79	30	93	35	84	31	13
	91	27	20	60	29	40	57	75	74	90	42	11
	99	26	14	100	89	56	24	11	42	88	82	83
	94	54	79	40	78	91	78	100	54	89	88	20

	42	42	21	64	46	63	56	96	27	67	11	93
	63	70	99	65	21	11	13	83	97	56	84	42
	18	23	51	25	43	37	86	83	87	63	42	65
	64	79	92	68	47	25	34	77	19	29	91	27
	53	56	36	54	50	58	93	32	91	41	48	48
	25	46	86	57	96	32	73	24	39	14	78	33
	71	81	54	20	78	35	75	31	92	68	92	29
	31	57	22	25	58	76	32	45	71	34	57	18
	21	64	85	98	34	12	47	40	25	81	78	35
	17	68	88	18	34	59	57	97	60	87	68	85
	27	47	29	14	23	15	23	88	65	44	17	61
	59	94	57	13	100	84	43	43	72	42	78	19
	90	26	15	46	42	67	50	56	48	28	69	56
	88	22	75	57	26	40	20	83	58	70	50	78
	40	42	87	84	61	53	57	96	96	55	27	20
	79	43	41	26	87	65	65	31	20	57	34	95
	21	11	96	94	18	14	79	94	72	34	35	23
	58	24	96	41	28	98	86	31	98	79	31	99
	14	23	80	34	25	62	40	63	59	94	26	64
	98	30	33	18	58	82	75	88	94	96	67	87
	76	32	16	21	31	93	59	94	81	82	63	93
	77	95	92	94	88	89	39	48	56	57	99	26
	17	68	19	79	74	42	47	14	28	18	21	53
	22	63	12	81	55	84	71	61	58	70	46	33
	61	49	73	56	51	42	69	22	42	44	26	40
	60	64	17	91	25	68	84	63	27	92	78	43
	96	79	58	79	18	69	97	65	29	91	36	51
	33	55	31	73	64	19	86	58	46	74	38	44
	81	89	23	91	64	27	41	88	27	76	40	63
	94	46	17	22	75	38	99	53	46	62	87	54

	78	37	69	76	28	83	85	45	68	33	11	77
	39	12	51	67	78	94	26	33	94	83	39	53
	91	84	15	83	21	80	93	36	39	15	63	94
	88	72	88	82	91	76	50	50	40	72	61	15
	23	45	51	96	86	53	53	67	23	32	86	49
	36	88	52	71	50	45	19	36	56	61	84	95
	74	95	89	60	28	80	95	84	54	10	54	95
	34	12	84	90	54	91	80	87	64	49	82	79
	31	91	45	78	93	26	29	25	85	70	79	47
	87	99	90	35	56	86	53	92	66	88	70	20
	92	73	57	48	11	41	42	41	39	75	90	21
	40	15	88	75	58	59	44	92	70	36	33	27
	75	66	62	60	69	15	27	33	77	54	56	65
	42	58	86	22	75	64	21	31	39	18	39	92
	74	11	96	60	74	38	27	69	90	53	46	50
	91	56	53	16	58	66	64	80	38	94	61	45
	89	39	72	49	23	40	60	53	36	58	99	77
	37	88	18	36	73	11	64	22	69	49	88	25
	11	80	18	99	60	78	21	74	97	43	55	35
	23	14	90	29	88	15	88	37	83	94	94	72
	79	58	79	52	10	97	53	31	40	16	90	33
	26	98	28	20	60	81	46	62	55	10	26	84
	62	71	70	33	74	71	72	20	78	67	68	31
	30	23	11	61	70	44	13	90	41	15	78	40
	39	43	89	60	30	13	34	20	32	72	35	89
	87	86	21	48	94	88	54	96	43	16	86	81
	88	92	42	29	32	95	42	46	31	97	19	39
	44	86	67	37	81	73	76	98	15	45	77	35
	77	89	73	15	21	36	39	91	58	15	52	46
	29	38	83	52	79	35	28	69	60	14	42	74

	84	21	82	51	81	40	22	61	89	60	82	22
	94	60	37	55	35	49	10	76	28	15	12	87
	61	63	86	92	67	53	37	63	61	91	83	12
	44	89	41	23	45	70	55	65	38	73	99	35
	30	36	13	94	47	10	25	46	31	14	93	36
	73	77	56	37	98	50	79	40	23	77	74	73
	27	60	25	62	58	81	98	86	80	11	83	87
	29	96	99	98	48	95	70	35	42	12	97	68
	25	87	71	26	14	85	84	12	76	25	51	88
	45	66	62	67	65	11	78	44	41	87	54	42
	22	52	89	47	24	21	51	59	98	43	23	17
	51	14	80	44	98	43	26	49	42	41	42	30
	99	81	66	66	36	42	76	35	37	56	52	27
	41	78	79	87	93	16	30	15	24	49	72	35
	60	46	59	92	94	46	96	85	28	32	11	34
	100	53	15	74	67	90	30	44	85	23	24	63
	36	84	52	72	73	57	48	40	34	73	51	57
	35	73	25	16	46	37	14	38	77	72	42	53
	72	70	89	46	50	80	12	28	61	61	39	40
	92	99	61	57	76	92	32	20	100	16	28	93
	59	74	43	92	42	16	78	17	24	86	39	22
	45	50	82	35	13	69	72	76	72	51	77	63
	46	21	59	59	39	90	35	13	76	24	42	63
	61	83	52	70	56	34	28	82	99	66	28	45
	74	70	79	80	16	67	15	78	71	49	49	34
	49	16	52	28	68	61	59	64	77	100	91	56
	78	76	69	37	72	94	65	33	47	34	22	58
	52	75	84	68	51	73	87	27	16	24	68	22
	44	72	48	67	82	61	17	48	60	45	40	62
	30	99	82	16	29	57	22	59	38	95	68	56

	77	60	34	78	43	87	94	48	44	97	37	74
	40	59	29	70	56	48	75	48	26	51	85	25
	14	33	46	39	75	55	60	68	69	71	58	39
	10	65	24	89	80	62	65	39	13	58	62	99
	82	92	66	44	70	39	34	91	64	86	77	28
	70	64	66	16	64	40	20	74	58	64	74	94
	88	83	39	89	49	53	70	94	94	98	96	14
	38	54	63	79	52	19	32	40	26	91	65	54
	77	21	46	20	99	89	62	54	88	62	71	42
	76	67	58	48	90	29	83	52	58	58	89	81
	54	59	58	99	94	16	12	55	72	11	51	24
	78	84	73	85	93	40	23	27	11	82	49	62
	46	34	69	93	95	80	81	22	50	83	54	17
	13	69	40	11	50	63	84	32	67	81	52	99
	47	19	70	51	70	82	72	80	58	83	94	87
	24	64	72	11	94	44	96	94	14	31	52	95
	64	65	80	25	35	14	62	22	48	83	16	34
	12	36	82	96	58	66	83	22	75	97	18	80
	52	59	96	43	39	75	64	25	82	78	69	99
	75	96	15	48	56	92	86	52	38	67	84	30
	90	13	29	54	45	33	44	42	91	65	92	97
	57	14	19	73	52	68	57	15	33	49	65	93
	76	26	15	54	83	34	11	65	66	57	19	35
	59	36	74	83	16	41	41	62	45	96	82	23
	70	20	20	50	62	59	24	94	92	81	64	62
	35	16	70	29	96	69	99	47	99	69	29	37
	67	71	67	24	85	29	54	44	46	75	93	54
	18	55	67	53	21	71	67	21	64	26	32	51
	12	30	77	66	91	30	48	21	36	73	24	78
	29	85	72	57	11	62	72	68	58	84	18	11

	52	22	39	48	74	98	82	71	12	63	64	89
	16	99	95	25	17	85	64	84	86	84	61	19
	90	34	98	67	86	75	94	54	22	62	81	53
	81	37	54	94	58	47	49	28	41	20	47	55
	18	36	63	79	87	98	38	53	48	28	19	76
	34	88	60	62	60	72	41	33	69	93	62	20
	16	53	37	60	48	27	71	34	35	82	52	71
	27	12	54	64	27	19	36	45	73	30	21	25
	12	78	93	14	50	41	50	25	90	90	30	17
	84	87	29	84	73	61	50	52	91	96	92	89
	49	79	20	19	36	33	64	25	47	26	84	22
	57	76	13	80	21	49	26	66	14	59	83	17
	82	50	92	13	74	70	60	48	76	23	15	51
	38	44	20	48	26	46	71	74	70	25	49	20
	15	30	48	47	24	61	60	26	19	51	13	89
	81	84	85	53	99	56	56	60	33	66	51	18
	67	93	69	13	51	26	79	89	75	65	12	11
	49	45	95	43	18	48	64	89	84	97	20	17
	61	17	90	59	30	59	96	11	52	69	94	85
	99	46	38	74	76	42	61	67	46	28	42	17
	41	10	19	37	35	87	48	15	83	75	12	54
	52	47	54	62	55	57	46	11	78	67	88	69
	38	95	35	54	14	75	78	44	95	85	17	21
	96	22	54	25	74	99	82	54	37	68	81	70
	74	35	67	53	85	17	44	15	71	39	31	67
	35	32	61	58	15	13	74	57	83	24	95	62
	86	47	21	11	28	54	16	96	50	60	22	45
	35	78	82	62	64	76	94	86	73	92	94	96
	89	89	69	74	96	19	88	59	64	100	12	53
	20	91	76	40	12	35	78	56	85	42	33	59

	28	90	12	91	60	39	18	36	78	81	23	93
	98	40	54	42	65	10	16	21	23	82	57	79
	48	24	49	91	84	20	42	56	14	41	46	13
	98	37	18	79	59	57	40	78	52	17	28	57
	52	96	10	20	40	48	79	30	37	63	24	81
	40	21	86	15	52	26	48	69	53	93	73	92
	37	65	87	69	86	26	86	30	69	95	72	88
	84	13	10	97	37	75	28	83	64	83	54	87
	26	86	53	42	69	90	67	43	21	22	73	77
	43	36	22	98	80	19	32	68	25	88	74	14
	58	77	59	38	75	70	27	14	11	42	76	15
	25	11	94	12	39	63	37	83	50	32	52	66
	96	46	46	52	98	35	48	15	40	60	67	21
	59	30	37	74	17	69	27	62	13	12	72	47
	78	24	86	68	24	66	89	54	64	71	31	19
	77	25	13	22	35	55	40	43	89	40	43	80
	14	36	96	36	11	69	99	43	60	26	91	60
	19	66	40	86	37	89	12	56	98	70	40	31
	54	58	20	73	85	64	90	12	77	33	77	22
	49	96	14	84	93	80	33	21	43	30	24	62
	14	65	44	47	58	18	86	65	16	54	60	72
	61	27	53	48	95	27	74	82	19	80	72	13
	39	93	96	36	91	53	87	23	72	91	74	20
	31	15	87	62	93	76	16	51	25	76	33	76
	55	77	48	31	61	67	100	91	88	59	76	66
	98	29	17	79	68	28	86	67	76	98	77	58
	78	92	83	67	85	70	51	34	65	33	25	43
	64	74	36	65	92	16	56	85	16	81	85	90
	82	70	92	12	64	70	59	26	40	21	96	52
	36	65	34	98	48	65	52	15	92	30	35	56

	99	16	37	64	83	39	14	84	80	73	58	12
	73	40	78	15	98	25	20	37	50	29	12	81
	88	45	90	40	26	91	54	35	95	31	35	59
	42	97	34	76	40	71	28	86	81	75	43	35
	44	28	19	25	39	16	55	26	74	36	13	89
	27	87	97	32	35	66	19	64	93	61	72	85
	17	13	94	36	41	59	31	62	60	56	86	76
	32	98	63	93	92	79	83	76	47	61	32	15
	86	14	58	53	56	57	44	80	49	51	29	21
	77	24	59	55	22	68	69	53	28	51	25	33
	23	90	12	34	72	32	49	60	72	87	36	54
	15	88	78	48	84	51	17	68	58	53	77	95
	88	74	67	14	63	49	26	20	71	60	18	49
	28	42	77	89	29	85	17	62	65	73	47	73
	20	22	61	61	19	28	54	92	46	99	51	97
	17	37	14	78	49	83	17	27	76	44	24	92
	60	50	98	62	100	75	11	89	40	24	45	15
	54	26	11	57	36	75	35	60	80	16	35	58
	36	59	13	36	22	97	37	83	30	33	14	81
	56	26	66	95	66	21	79	24	58	20	71	33
	30	33	97	13	74	94	41	11	70	46	48	28
	15	21	73	98	100	71	21	77	12	90	23	40
	48	97	68	41	29	55	81	49	62	39	66	10
	47	98	82	30	45	85	11	42	95	87	28	24
	15	94	92	32	32	72	21	87	93	84	17	42
	30	80	66	14	27	68	26	13	91	27	69	38
	73	66	82	64	32	92	66	80	42	30	45	68
	35	100	71	90	79	98	87	40	90	80	80	70
	37	79	55	69	84	66	98	33	67	49	42	96
	90	87	74	68	35	28	39	46	48	72	84	84

	10	29	51	26	29	45	74	79	92	23	55	51
	88	11	83	12	60	76	41	61	17	45	39	81
	58	72	23	86	27	31	90	80	37	32	25	17
	35	53	58	31	30	51	67	55	52	45	32	87
	13	97	35	93	25	87	89	63	35	67	13	31
	66	11	40	54	43	59	53	49	85	18	22	13
	48	30	69	13	70	24	85	82	87	91	59	40
	100	18	11	26	53	38	35	99	87	99	73	59
	71	43	79	92	23	87	45	41	74	64	57	42
	42	36	25	64	47	38	76	71	38	50	58	12
	67	82	85	39	87	57	88	85	46	99	27	85
	20	70	84	74	59	53	68	98	66	84	83	73
	28	88	19	40	55	17	62	90	59	69	26	93
	56	57	62	27	65	31	83	75	67	65	39	62
	25	85	42	16	51	65	41	62	77	34	45	51
	63	59	19	89	60	90	47	17	91	80	22	45
	78	35	15	26	26	24	37	17	40	36	64	16
	71	38	83	39	63	66	86	44	55	62	56	87
	89	27	62	90	88	64	50	38	39	66	37	99
	73	59	91	99	45	95	93	69	17	63	37	53
	68	25	53	47	52	22	65	19	35	42	35	88
	78	71	32	45	84	46	87	52	71	56	68	12
	51	52	72	86	87	70	84	14	83	16	68	80
	82	73	82	22	91	12	55	70	58	26	65	36
	95	89	13	14	56	28	25	38	11	50	57	50
	36	13	48	86	74	65	78	84	92	85	56	89
	51	63	73	25	12	22	70	88	16	29	64	21
	22	38	40	24	66	93	15	75	67	46	63	18
	88	65	40	57	52	10	87	13	65	54	24	74
	52	14	68	45	91	58	49	25	86	60	58	16

	94	36	87	35	39	100	84	24	95	13	39	27
	92	64	65	74	63	60	61	74	40	75	16	92
	53	21	47	16	48	40	29	99	98	39	73	30
	42	13	61	75	45	92	62	49	29	32	44	38
	19	86	86	42	39	50	37	10	41	11	60	76
	55	68	75	82	69	57	97	64	99	50	36	11
	27	51	69	48	82	43	12	68	48	54	36	73
	74	37	32	74	98	76	51	95	22	35	43	17
	55	75	46	14	68	87	87	47	11	53	84	38
	86	97	40	39	88	95	87	92	89	82	46	75
	58	36	91	49	74	30	70	21	76	91	17	71
	17	90	25	35	53	14	45	11	73	74	99	43
	40	53	80	88	15	76	15	83	80	55	83	33
	100	44	11	27	51	33	65	36	82	59	12	99
	81	41	25	21	69	27	78	23	35	85	46	89
	51	38	81	59	35	53	44	43	58	50	44	98
	28	62	63	74	79	15	33	34	55	86	37	25
	92	56	89	47	80	30	34	76	53	56	34	28
	87	47	50	55	33	21	51	50	74	81	42	60
	31	82	18	78	66	74	34	18	83	15	80	80
	97	53	53	14	39	69	26	10	37	61	28	30
	36	55	90	77	92	80	92	12	11	60	77	87
	97	46	26	96	39	63	11	35	69	62	33	72
	76	44	58	56	37	64	13	40	21	82	94	55
	31	58	25	23	83	12	44	75	69	64	35	94
	81	54	49	35	29	40	83	72	17	65	19	41
	71	12	79	48	92	32	24	43	13	46	46	26
	98	56	20	71	13	45	78	55	86	44	66	64
	75	39	47	26	66	14	32	22	79	13	95	78
	23	34	63	72	51	77	97	30	41	98	52	73

