***** PARAMETERS PRP *****

Number of Customers = 30
Number of Products = 10
Number of Vehicles = 5
Number of Periods = 12

B = Production capacity
	49046

b_p = Time required to produce item p
 	1	1	1	1	1	1	1	1	1	1

c_p = Production cost of item p
 	30	30	30	80	30	80	30	30	30	30

s_p = Setup cost of item p
 	300	300	300	800	300	800	300	300	300	300

M = Big number
	196182

U_pi = Maximum inventory upper bound of item p at site i
 	196182	248	181	229	274	297	185	101	262	220	175	186	207	148	241	97	107	109	315	278	72	293	88	224	196	199	247	214	287	87	117
	196182	181	239	187	207	260	300	179	90	141	207	231	261	111	189	190	340	114	219	215	167	234	188	224	162	282	281	107	234	125	178
	196182	318	113	85	210	176	253	276	147	233	161	245	323	314	169	139	264	80	372	346	191	157	122	230	194	333	330	280	114	265	285
	196182	236	127	228	260	275	178	113	208	344	89	165	113	84	118	295	110	273	154	96	136	199	284	98	215	137	110	300	108	198	124
	196182	175	168	106	170	198	227	176	278	275	197	214	169	100	108	237	258	138	210	99	135	173	228	276	106	179	211	187	159	119	88
	196182	175	141	121	161	240	145	85	160	105	151	102	186	269	115	100	189	207	214	258	173	157	113	167	90	102	288	107	323	255	312
	196182	159	114	238	270	242	253	193	244	223	257	107	247	262	257	208	164	284	107	218	198	157	94	88	113	115	170	189	125	350	208
	196182	329	240	239	189	182	221	233	259	227	285	115	103	200	106	192	158	204	77	265	121	137	99	301	218	261	295	199	239	209	95
	196182	96	285	263	150	185	298	268	266	126	260	304	101	182	152	190	192	138	87	209	157	190	205	163	258	268	116	328	111	168	207
	196182	123	218	128	108	159	269	232	198	98	305	88	117	176	216	220	180	107	314	179	207	221	277	253	209	173	245	256	112	79	116

I_pi0 = Initial inventory of item p at site i
 	0	176	104	139	33	82	52	86	40	139	118	124	129	60	97	72	18	57	294	79	16	99	71	92	79	190	14	171	253	69	70
	0	146	57	64	179	75	129	115	66	127	94	141	127	101	181	140	191	11	123	195	159	71	61	68	133	149	138	87	51	91	132
	0	222	105	43	31	117	115	135	96	69	10	176	189	114	55	97	208	54	224	166	182	83	21	59	32	215	75	168	50	234	141
	0	88	94	137	189	43	138	72	61	265	88	30	28	15	90	274	70	158	128	32	114	22	106	64	128	112	51	210	58	173	118
	0	90	158	10	165	156	158	176	177	34	75	189	164	100	21	103	70	93	99	86	49	123	197	48	48	107	149	18	62	67	79
	0	123	117	113	158	204	111	46	120	43	117	72	164	198	78	94	130	137	105	72	65	98	65	74	11	74	156	68	165	105	250
	0	29	80	84	96	183	236	123	133	107	139	60	126	131	23	119	123	70	103	144	170	69	63	56	81	71	130	54	31	93	189
	0	188	83	81	48	128	116	185	133	59	197	103	51	34	80	151	108	44	38	167	95	65	99	84	210	229	165	68	209	112	51
	0	91	55	131	88	147	208	215	242	119	41	91	75	31	81	175	24	117	33	172	75	48	154	106	67	92	71	214	96	166	18
	0	84	138	74	37	154	264	152	46	19	230	41	60	94	132	65	115	89	277	24	153	165	130	223	200	57	170	112	10	39	46

h_pi = Inventory cost of item p at site i
 	3	2	5	6	1	1	3	7	8	4	4	3	4	5	3	2	2	8	5	1	7	6	8	5	2	2	7	5	5	5	4
	3	9	6	5	7	3	3	3	5	6	7	8	3	6	6	7	9	6	9	4	6	4	4	8	7	1	4	5	1	6	9
	3	4	1	2	3	1	2	6	1	5	7	2	1	5	4	7	4	8	5	4	7	1	8	6	8	1	1	1	9	5	9
	8	8	4	3	5	5	2	8	6	1	3	7	7	6	2	1	4	4	4	3	7	8	2	2	6	5	9	7	8	2	6
	3	1	7	5	7	5	1	8	6	4	8	3	6	1	6	3	2	9	9	3	2	4	6	8	3	5	6	2	3	3	5
	8	5	2	9	9	8	8	7	3	6	8	4	9	5	5	9	8	9	9	2	9	9	4	6	1	8	2	3	5	8	4
	3	7	8	9	9	8	1	1	5	9	9	3	2	7	1	6	7	9	1	4	7	9	7	7	6	9	1	1	1	9	2
	3	3	2	2	3	1	6	2	2	7	1	2	8	8	9	9	2	1	7	3	1	3	1	9	9	6	1	8	7	2	1
	3	9	6	6	4	4	8	6	6	7	7	3	3	3	5	7	3	1	1	6	8	1	8	4	3	9	5	7	7	8	9
	3	5	7	5	1	9	3	2	9	2	1	6	8	9	6	9	5	3	6	8	9	7	9	2	2	1	4	3	5	2	1

C = Vehicle capacity
	3720

f = Fixed transportation cost
	137175

a_ik = Transportation cost for traveling from node i to node k
 	0	2045	2080	2335	1315	750	250	3615	1905	710	2525	3200	3605	2170	2460	1805	490	3735	3125	585	415	2085	395	450	710	1135	1625	665	2510	1135	605
	2045	0	795	1780	910	2790	1890	2500	1595	2115	1665	1410	2000	1175	1760	1785	2180	2095	1575	2145	2455	45	2375	1600	2580	1030	1000	2385	1180	970	1760
	2080	795	0	995	775	2790	2015	1800	890	2395	875	1135	1540	385	970	1125	2035	1665	1065	2380	2455	820	2315	1655	2740	1420	505	2195	485	990	2025
	2335	1780	995	0	1340	2905	2375	1310	435	2865	330	1635	1645	615	165	595	2080	1780	1270	2805	2610	1810	2415	2025	3045	2130	950	2150	850	1555	2525
	1315	910	775	1340	0	2035	1240	2465	980	1640	1405	1890	2315	945	1405	1070	1330	2440	1835	1615	1700	955	1575	885	1965	790	405	1515	1235	235	1275
	750	2790	2790	2905	2035	0	925	4210	2480	1060	3135	3920	4290	2835	3045	2325	830	4425	3815	925	345	2830	495	1195	575	1855	2315	790	3195	1870	1195
	250	1890	2015	2375	1240	925	0	3625	1945	535	2540	3110	3550	2145	2490	1880	710	3680	3075	440	615	1930	640	370	725	935	1595	900	2465	1035	360
	3615	2500	1800	1310	2465	4210	3625	0	1735	4085	1090	1470	965	1525	1170	1900	3385	1030	1040	4040	3910	2510	3720	3265	4320	3200	2065	3460	1335	2695	3725
	1905	1595	890	435	980	2480	1945	1735	0	2440	670	1805	1950	600	570	260	1655	2085	1520	2375	2180	1630	1990	1600	2610	1765	635	1740	970	1180	2105
	710	2115	2395	2865	1640	1060	535	4085	2440	0	3005	3435	3930	2575	2970	2395	1195	4050	3455	145	875	2145	1010	850	565	1085	2025	1355	2865	1415	375
	2525	1665	875	330	1405	3135	2540	1090	670	3005	0	1320	1320	510	185	885	2315	1455	945	2955	2830	1690	2645	2175	3230	2170	1000	2410	590	1630	2650
	3200	1410	1135	1635	1890	3920	3110	1470	1805	3435	1320	0	650	1220	1500	2060	3170	720	460	3440	3580	1395	3445	2765	3835	2380	1630	3325	840	2080	3070
	3605	2000	1540	1645	2315	4290	3550	965	1950	3930	1320	650	0	1465	1485	2190	3495	140	480	3915	3960	1995	3800	3190	4275	2910	1980	3625	1095	2525	3560
	2170	1175	385	615	945	2835	2145	1525	600	2575	510	1220	1465	0	590	855	2035	1600	1000	2540	2510	1205	2345	1780	2860	1685	555	2165	395	1175	2215
	2460	1760	970	165	1405	3045	2490	1170	570	2970	185	1500	1485	590	0	750	2220	1620	1120	2910	2745	1790	2555	2130	3165	2190	1005	2300	750	1630	2620
	1805	1785	1125	595	1070	2325	1880	1900	260	2395	885	2060	2190	855	750	0	1505	2325	1770	2315	2045	1825	1845	1550	2510	1825	795	1565	1225	1240	2080
	490	2180	2035	2080	1330	830	710	3385	1655	1195	2315	3170	3495	2035	2220	1505	0	3630	3025	1065	555	2225	345	690	1075	1430	1540	220	2410	1215	1060
	3735	2095	1665	1780	2440	4425	3680	1030	2085	4050	1455	720	140	1600	1620	2325	3630	0	610	4040	4095	2090	3935	3320	4400	3020	2115	3760	1230	2650	3680
	3125	1575	1065	1270	1835	3815	3075	1040	1520	3455	945	460	480	1000	1120	1770	3025	610	0	3440	3485	1575	3330	2710	3795	2445	1505	3160	620	2050	3085
	585	2145	2380	2805	1615	925	440	4040	2375	145	2955	3440	3915	2540	2910	2315	1065	4040	3440	0	735	2175	870	780	470	1120	1990	1220	2845	1395	385
	415	2455	2455	2610	1700	345	615	3910	2180	875	2830	3580	3960	2510	2745	2045	555	4095	3485	735	0	2495	220	860	560	1540	1985	595	2865	1530	925
	2085	45	820	1810	955	2830	1930	2510	1630	2145	1690	1395	1995	1205	1790	1825	2225	2090	1575	2175	2495	0	2415	1640	2615	1060	1040	2430	1195	1010	1795
	395	2375	2315	2415	1575	495	640	3720	1990	1010	2645	3445	3800	2345	2555	1845	345	3935	3330	870	220	2415	0	790	770	1515	1830	385	2710	1425	985
	450	1600	1655	2025	885	1195	370	3265	1600	850	2175	2765	3190	1780	2130	1550	690	3320	2710	780	860	1640	790	0	1085	745	1230	910	2105	690	540
	710	2580	2740	3045	1965	575	725	4320	2610	565	3230	3835	4275	2860	3165	2510	1075	4400	3795	470	560	2615	770	1085	0	1570	2310	1150	3185	1760	835
	1135	1030	1420	2130	790	1855	935	3200	1765	1085	2170	2380	2910	1685	2190	1825	1430	3020	2445	1120	1540	1060	1515	745	1570	0	1185	1650	1900	590	740
	1625	1000	505	950	405	2315	1595	2065	635	2025	1000	1630	1980	555	1005	795	1540	2115	1505	1990	1985	1040	1830	1230	2310	1185	0	1695	890	635	1665
	665	2385	2195	2150	1515	790	900	3460	1740	1355	2410	3325	3625	2165	2300	1565	220	3760	3160	1220	595	2430	385	910	1150	1650	1695	0	2550	1420	1255
	2510	1180	485	850	1235	3195	2465	1335	970	2865	590	840	1095	395	750	1225	2410	1230	620	2845	2865	1195	2710	2105	3185	1900	890	2550	0	1455	2495
	1135	970	990	1555	235	1870	1035	2695	1180	1415	1630	2080	2525	1175	1630	1240	1215	2650	2050	1395	1530	1010	1425	690	1760	590	635	1420	1455	0	1045
	605	1760	2025	2525	1275	1195	360	3725	2105	375	2650	3070	3560	2215	2620	2080	1060	3680	3085	385	925	1795	985	540	835	740	1665	1255	2495	1045	0

coordXY = Coordinates (x,y): line zero => x line one => y column => customers
 	159	401	261	70	238	73	208	89	86	279	118	360	281	190	86	45	72	294	269	251	105	409	84	205	186	343	202	30	235	252	279
	777	448	374	319	527	899	773	58	404	852	274	170	67	345	291	435	734	43	162	849	839	444	801	700	916	645	455	747	281	571	778

d_pit = Demand of item p at customer i in period t
 	56	22	65	33	50	61	78	94	77	64	65	78
	28	76	91	17	64	20	32	61	29	35	52	37
	65	32	42	92	62	51	74	32	76	94	33	34
	33	89	79	37	84	47	59	70	35	84	26	14
	30	52	89	37	93	93	18	33	45	88	84	50
	52	48	86	97	13	79	64	35	45	91	53	77
	86	56	18	89	15	19	26	34	100	46	70	46
	40	27	75	67	21	12	78	63	81	77	54	34
	13	38	88	74	23	29	63	25	85	62	83	76
	42	58	18	90	98	90	35	51	51	46	57	64
	38	86	87	69	92	24	23	98	54	55	45	74
	39	42	48	88	96	85	95	24	58	61	96	96
	60	37	23	12	66	79	86	86	55	22	48	19
	29	68	88	37	17	60	43	49	26	54	42	65
	60	12	56	61	74	51	53	34	99	21	10	53
	18	58	34	40	98	90	11	28	96	47	72	50
	57	54	92	56	74	18	57	18	63	63	65	34
	40	94	94	66	12	100	48	20	93	51	96	41
	79	22	48	90	54	23	31	47	86	69	39	78
	16	16	76	50	34	28	16	92	12	11	53	30
	88	11	81	56	17	47	26	70	97	15	96	99
	71	53	59	14	12	75	65	22	41	13	71	34
	92	42	30	40	56	21	64	48	50	26	49	19
	79	46	20	24	26	34	81	66	55	78	34	46
	77	79	34	11	57	90	38	64	21	50	15	62
	14	57	94	64	78	31	12	13	15	68	96	51
	41	50	80	82	15	11	99	33	57	72	37	66
	75	62	65	51	23	90	57	23	87	85	26	45
	69	70	31	36	75	19	27	14	72	21	43	47
	70	27	87	97	11	88	58	78	70	25	51	38

	58	66	22	63	98	96	45	23	78	95	68	10
	44	13	21	48	13	83	87	43	43	71	51	57
	64	11	19	81	48	26	85	19	11	81	83	33
	39	25	54	61	67	19	90	17	83	14	79	72
	36	39	81	96	54	99	96	89	27	45	30	88
	47	15	33	34	65	77	95	40	90	54	95	75
	37	50	17	11	63	28	86	33	32	37	80	63
	66	82	49	52	37	22	36	44	61	15	52	25
	18	28	81	23	48	38	88	25	91	64	47	13
	94	48	19	86	57	23	41	69	83	26	58	18
	48	93	16	75	91	32	45	76	59	74	11	73
	20	32	25	50	65	82	21	49	81	32	90	80
	89	12	32	73	94	14	41	95	57	93	36	30
	26	85	33	37	36	46	59	50	70	29	20	75
	95	45	65	22	32	72	96	51	77	31	88	84
	44	95	52	95	96	85	44	44	92	72	17	79
	11	89	69	36	68	89	12	83	17	61	87	63
	16	50	57	22	94	79	98	44	95	13	52	37
	51	45	56	43	64	27	42	98	25	54	42	98
	93	27	39	34	68	52	14	87	64	39	61	90
	71	25	72	83	18	36	49	37	56	92	90	72
	30	31	96	41	64	77	91	56	61	36	78	91
	68	44	58	93	88	89	47	93	91	65	68	93
	31	13	89	50	94	37	35	33	94	59	41	73
	48	15	73	13	85	65	88	51	68	35	93	42
	92	46	57	12	73	28	57	25	57	70	85	72
	70	17	78	54	17	32	99	54	26	69	44	80
	51	32	81	57	32	67	58	20	50	14	58	42
	25	66	74	47	74	65	35	17	90	87	79	91
	46	69	17	18	31	85	19	49	32	60	31	78

	80	43	99	69	66	37	68	49	40	89	41	82
	37	68	72	55	37	97	43	75	59	39	45	53
	43	44	30	67	81	14	72	40	29	25	28	35
	31	65	17	46	52	54	47	90	13	35	98	81
	77	40	84	99	80	40	62	18	73	38	14	77
	63	52	99	63	50	99	50	76	12	42	96	57
	62	73	41	21	52	63	61	16	99	69	38	68
	96	90	56	97	87	84	99	94	38	27	100	12
	69	88	84	17	35	98	41	96	29	26	65	50
	10	23	79	33	84	79	99	19	80	17	100	21
	34	52	90	47	39	83	68	52	17	87	87	78
	77	53	59	75	46	79	82	31	95	35	50	94
	45	36	33	92	34	93	76	24	90	68	62	100
	55	12	25	55	91	43	52	94	67	100	71	11
	97	64	76	51	99	62	84	44	77	60	37	82
	54	74	52	28	16	40	79	91	35	75	63	27
	54	71	15	24	19	86	52	67	14	50	11	15
	90	64	70	91	71	75	88	84	57	58	49	95
	68	98	19	78	94	44	53	99	87	72	96	22
	78	64	40	82	84	33	69	70	40	89	65	48
	83	25	35	87	77	17	14	22	46	77	56	90
	21	69	97	96	38	94	15	88	60	60	70	22
	59	14	24	54	24	24	83	33	93	26	74	44
	32	72	84	18	66	98	83	91	74	33	96	29
	51	90	74	11	93	50	48	93	82	92	66	48
	75	90	83	28	53	81	78	42	62	69	62	70
	17	93	58	46	78	16	67	61	44	50	93	48
	15	35	91	64	13	49	35	60	67	98	67	89
	57	96	24	57	80	83	89	41	16	65	12	16
	87	54	30	60	16	76	72	17	66	64	83	59

	35	29	24	77	66	75	28	33	73	95	87	87
	61	33	71	66	88	25	77	95	71	15	100	59
	24	17	75	21	56	90	64	14	29	74	19	64
	75	22	92	52	65	10	35	34	83	54	35	68
	43	28	96	97	76	41	52	31	87	40	37	31
	11	28	99	60	43	44	94	61	73	42	62	93
	43	29	86	62	36	68	59	18	91	57	52	76
	49	12	97	37	22	42	50	30	22	23	83	32
	75	91	99	46	74	48	50	63	49	68	81	82
	70	18	34	33	53	22	78	60	47	33	38	46
	30	83	37	88	32	15	12	71	42	88	77	83
	28	36	69	62	71	82	19	58	74	28	93	57
	15	45	38	77	12	38	87	36	32	26	84	14
	90	44	18	93	61	59	88	42	22	11	87	95
	78	28	91	77	81	50	61	92	37	55	34	25
	23	47	75	41	30	99	70	13	95	44	50	72
	17	99	42	66	42	34	10	79	64	37	93	73
	63	65	11	98	44	30	22	99	33	90	35	27
	32	47	40	25	92	16	46	92	58	44	16	65
	35	17	62	51	39	68	35	29	19	52	37	98
	22	81	13	75	72	52	94	69	94	97	61	65
	62	44	23	54	40	63	47	51	83	85	89	40
	31	33	58	22	89	53	41	28	53	26	91	60
	30	98	16	11	24	64	14	60	86	62	15	36
	61	13	38	33	55	55	74	50	29	35	93	13
	51	89	91	66	12	54	25	84	83	23	40	40
	92	88	30	51	87	96	37	44	39	75	46	36
	10	19	29	66	30	89	94	28	23	100	75	82
	96	77	63	86	71	77	23	36	66	61	59	77
	40	78	62	59	27	67	58	48	72	53	99	82

	31	44	15	87	99	80	11	97	27	79	35	94
	63	95	46	99	58	48	84	61	26	41	33	17
	10	34	52	76	64	36	52	63	26	70	84	69
	99	66	18	50	79	49	22	73	47	93	54	31
	45	23	88	98	42	67	66	76	91	53	86	55
	65	30	63	19	45	85	17	42	62	44	42	31
	52	22	41	61	91	78	61	97	51	70	48	30
	99	78	53	100	57	64	47	32	88	55	61	100
	17	17	55	86	45	73	50	95	73	49	38	61
	75	55	99	91	67	76	39	44	72	13	92	66
	64	74	51	33	47	63	21	83	30	86	48	41
	28	63	73	91	69	18	69	44	80	60	23	58
	100	64	89	24	29	17	45	40	68	34	59	28
	21	33	81	58	68	29	81	89	27	25	82	54
	72	31	66	67	77	39	43	37	48	16	57	16
	34	36	17	89	10	94	54	11	93	77	58	47
	35	58	55	98	44	77	77	88	97	82	70	46
	87	12	33	11	61	82	76	73	69	53	41	32
	19	67	63	21	19	34	70	10	83	45	91	74
	49	22	11	77	39	37	33	11	94	84	19	62
	17	80	26	43	65	85	67	27	99	92	11	81
	20	82	95	59	51	67	62	86	62	27	10	64
	48	75	98	19	75	29	73	95	14	21	20	95
	48	17	54	99	16	55	65	83	44	10	93	52
	17	90	44	43	86	65	76	12	23	77	93	89
	47	65	37	30	68	18	14	95	33	91	87	49
	18	27	85	50	57	56	66	30	51	21	74	27
	62	100	76	39	31	33	28	68	46	31	90	31
	26	41	68	90	37	67	72	19	54	86	94	57
	79	45	41	45	93	61	12	18	23	23	36	51

	25	98	84	67	45	27	68	22	29	54	88	94
	19	26	72	86	83	81	52	89	64	91	87	94
	23	90	66	12	94	64	86	20	34	51	85	98
	70	88	75	41	14	84	45	68	25	26	48	60
	60	44	100	15	76	52	74	84	31	58	74	53
	60	51	68	22	25	38	59	15	66	59	33	84
	46	43	30	23	87	50	66	24	20	85	13	24
	27	93	90	82	12	46	67	37	41	48	79	19
	43	67	30	99	59	33	59	47	45	22	71	54
	49	68	74	90	18	36	37	11	83	11	71	57
	72	78	47	66	20	20	30	34	27	75	91	52
	75	89	67	63	74	68	51	27	52	30	69	79
	80	27	24	67	87	21	81	80	61	41	60	17
	16	62	49	67	87	13	51	75	69	57	99	46
	18	76	19	22	46	62	10	44	94	84	39	87
	98	32	75	23	28	81	12	38	22	25	90	42
	91	46	96	88	68	26	60	67	98	55	64	67
	52	53	26	88	82	26	88	28	42	35	45	78
	72	35	63	70	40	56	19	44	85	53	32	50
	65	53	94	36	56	67	41	83	73	77	16	29
	42	11	45	21	20	51	99	44	33	45	36	25
	65	87	81	38	10	51	83	22	17	95	96	32
	74	95	33	25	47	29	85	70	85	27	56	42
	11	19	24	77	17	37	33	79	77	66	38	60
	74	13	86	90	54	31	44	30	95	16	25	51
	71	85	95	64	54	35	62	63	41	67	34	20
	44	24	75	80	65	28	39	70	68	63	63	22
	81	84	90	95	63	59	56	77	37	26	56	50
	64	41	69	45	20	83	22	15	73	74	36	69
	71	99	80	12	54	72	96	42	26	87	43	67

	12	17	29	85	84	16	84	99	75	18	72	43
	53	27	85	62	57	30	54	91	72	73	11	70
	84	75	39	89	23	33	43	68	81	14	86	80
	96	55	25	84	31	24	11	60	42	90	85	46
	19	67	57	40	72	95	36	52	33	96	69	90
	81	16	89	50	18	33	12	79	23	88	93	25
	16	71	16	20	48	61	46	57	53	92	40	60
	34	99	47	53	83	68	86	75	45	21	39	82
	49	12	15	31	50	40	81	85	77	26	39	29
	30	69	23	17	90	76	86	70	97	84	68	61
	60	62	34	48	20	88	79	28	66	42	87	28
	66	60	51	52	66	64	61	27	63	90	100	41
	34	43	54	33	18	51	99	38	57	74	72	55
	23	51	52	61	97	60	19	87	54	59	36	18
	48	71	35	98	43	98	31	22	20	83	13	62
	68	55	57	22	82	25	36	96	96	25	65	29
	70	95	67	48	59	95	54	87	96	54	48	79
	34	69	91	36	59	29	60	19	62	95	20	66
	95	49	14	67	82	11	34	98	63	90	18	33
	85	41	44	11	29	37	45	90	17	89	49	58
	69	53	77	24	35	27	44	33	69	86	37	72
	63	58	71	76	27	17	86	27	11	13	90	26
	56	68	27	13	16	42	57	59	13	30	49	96
	36	45	87	28	61	31	65	45	88	99	78	15
	71	14	22	22	75	93	55	88	23	70	96	62
	68	33	29	34	70	86	43	84	34	98	48	54
	54	94	86	26	23	74	82	22	58	95	52	91
	31	71	26	31	11	73	66	39	38	26	38	51
	93	99	30	67	33	52	98	44	76	98	56	95
	49	72	57	11	23	59	34	43	32	26	79	14

	76	19	93	43	79	52	100	59	95	22	92	59
	25	58	48	99	79	61	43	57	13	48	34	10
	81	58	84	77	12	28	54	99	87	38	63	36
	48	65	71	68	30	59	20	10	53	34	82	27
	18	78	32	60	62	20	60	44	87	11	42	31
	78	38	82	21	44	32	83	56	98	13	23	95
	44	42	99	93	30	79	75	71	47	46	21	53
	40	93	80	41	31	35	57	86	24	16	48	71
	59	81	98	14	45	19	91	27	34	13	37	26
	32	94	19	52	98	48	56	82	77	70	30	27
	16	87	100	57	37	52	70	15	81	75	65	36
	13	38	83	61	37	97	67	42	69	54	14	45
	34	30	12	68	28	71	37	76	72	76	45	51
	80	61	10	14	17	77	64	39	19	81	99	77
	13	45	93	70	63	40	15	17	85	43	28	63
	23	85	18	17	84	92	49	73	10	52	85	42
	44	83	71	27	38	16	89	28	95	56	34	31
	24	14	52	12	53	66	66	65	35	14	11	52
	100	27	40	15	86	50	61	46	45	78	21	68
	81	14	69	78	62	95	93	57	72	73	21	12
	65	16	32	51	27	79	90	57	38	22	51	18
	53	46	97	30	67	17	72	13	33	30	87	51
	84	38	63	17	31	96	37	75	92	69	99	21
	19	94	25	72	41	44	31	61	54	59	69	85
	71	15	92	51	50	30	27	61	53	24	96	56
	34	38	93	65	26	83	60	68	92	10	47	92
	43	25	37	98	31	37	95	71	66	14	54	27
	77	53	79	95	21	17	52	72	70	69	99	12
	57	55	62	27	56	47	16	64	78	19	93	52
	51	55	92	44	90	21	12	38	26	35	42	63

	25	25	41	32	98	21	30	66	74	40	91	35
	37	18	47	81	79	21	63	85	19	83	73	79
	34	86	11	70	56	96	17	49	24	64	89	35
	88	15	14	98	84	20	29	40	13	46	88	63
	47	89	11	98	53	44	14	21	19	45	13	100
	73	48	36	51	46	60	94	42	88	47	78	51
	21	52	86	56	82	31	53	92	74	22	26	47
	63	82	24	73	88	88	30	40	59	88	66	97
	75	44	78	73	40	32	93	42	30	88	92	69
	41	41	65	44	21	67	86	27	75	37	71	49
	91	91	99	73	68	80	51	27	67	94	100	70
	75	55	25	36	52	82	66	72	67	10	11	56
	31	15	21	94	40	19	19	99	48	50	99	11
	56	25	51	17	59	38	97	56	11	21	96	81
	56	31	88	14	64	85	12	27	75	40	47	32
	24	24	33	12	84	93	38	27	13	15	55	43
	50	67	28	39	54	39	93	30	38	40	15	57
	33	95	17	41	59	21	59	32	57	16	23	67
	20	53	99	69	22	29	81	91	68	38	26	31
	75	21	30	91	26	48	34	37	91	34	51	91
	48	67	28	53	99	31	99	27	78	67	70	94
	70	26	28	30	93	41	49	94	76	24	31	52
	28	24	54	30	78	30	38	95	55	63	60	97
	29	38	62	33	66	18	66	60	66	48	92	42
	81	11	78	46	61	78	54	55	89	13	37	39
	71	57	86	29	37	59	25	62	14	87	77	93
	39	82	93	35	57	96	38	90	18	79	79	81
	96	29	91	51	10	16	68	68	33	40	88	75
	97	45	24	67	87	37	36	32	66	39	95	47
	18	94	16	35	86	43	72	80	41	43	20	74

	84	77	98	32	17	65	56	80	68	20	63	76
	27	17	94	16	38	44	12	63	25	77	59	51
	37	37	42	96	17	43	35	13	44	32	61	54
	37	74	35	22	33	84	23	90	64	16	73	97
	22	76	56	60	92	31	45	64	32	42	55	59
	94	77	93	23	26	93	18	63	48	37	27	46
	45	12	10	85	77	36	49	57	17	30	90	49
	25	21	48	31	66	68	37	50	82	76	25	66
	19	95	55	47	38	47	44	83	58	24	12	66
	79	84	67	87	93	21	41	15	26	86	79	55
	41	65	22	43	74	81	23	13	55	38	19	51
	60	86	83	22	55	38	20	58	88	95	55	39
	94	73	42	74	53	53	28	81	39	57	65	45
	13	46	73	39	62	16	86	28	94	78	31	82
	26	39	92	19	29	66	32	64	96	20	82	95
	16	99	81	58	86	16	88	66	97	24	39	48
	17	72	12	65	35	60	56	53	46	97	71	56
	98	22	69	88	62	44	15	83	87	76	80	30
	24	35	17	29	36	12	36	22	22	90	11	95
	54	99	11	66	32	60	50	26	79	14	91	39
	78	87	57	35	36	28	69	84	31	69	32	58
	37	93	25	36	48	55	45	76	81	56	53	59
	44	69	48	62	24	39	64	10	54	71	38	83
	37	99	64	31	90	61	28	74	18	56	52	17
	57	74	39	24	41	93	91	54	85	18	71	44
	65	83	22	73	88	72	34	44	51	13	14	28
	19	93	94	38	11	32	59	75	64	57	18	55
	10	28	89	25	95	36	97	82	60	93	24	34
	39	54	18	60	46	23	61	39	65	11	16	39
	46	72	87	41	33	53	97	97	42	67	12	47

