***** PARAMETERS PRP *****

Number of Customers = 30
Number of Products = 10
Number of Vehicles = 5
Number of Periods = 12

B = Production capacity
	49149

b_p = Time required to produce item p
 	1	1	1	1	1	1	1	1	1	1

c_p = Production cost of item p
 	30	80	80	80	30	80	80	30	80	80

s_p = Setup cost of item p
 	300	800	800	800	300	800	800	300	800	800

M = Big number
	196596

U_pi = Maximum inventory upper bound of item p at site i
 	196596	125	120	277	203	146	119	252	237	84	166	139	224	304	163	260	104	318	196	107	158	258	129	178	198	105	107	110	182	121	301
	196596	266	103	179	219	195	172	252	310	192	316	203	173	183	188	156	286	110	213	211	198	141	128	136	258	137	182	347	230	148	153
	196596	115	181	150	232	246	234	246	103	267	175	190	223	162	270	292	182	111	216	318	178	139	235	162	221	168	186	279	163	135	143
	196596	219	221	318	209	136	191	188	261	269	96	260	150	205	271	175	160	183	165	103	192	108	238	227	81	144	323	211	220	244	159
	196596	244	295	140	100	107	323	171	107	112	125	195	113	207	104	152	364	232	108	188	209	111	130	207	130	156	194	249	115	276	246
	196596	163	164	107	151	140	131	156	260	111	159	216	273	283	253	310	181	92	147	212	188	122	276	113	367	117	288	210	256	118	275
	196596	277	168	113	114	273	121	126	247	284	112	255	216	174	239	298	246	290	163	130	188	231	289	246	179	209	241	155	254	194	145
	196596	94	126	286	181	114	192	233	220	72	98	282	118	243	322	190	253	318	110	260	219	102	115	281	104	139	277	160	130	104	121
	196596	215	250	168	119	304	98	100	191	276	242	98	127	229	274	216	102	140	119	96	235	117	71	115	205	147	194	173	199	302	165
	196596	213	266	234	300	268	192	222	219	157	295	154	88	183	110	244	131	198	148	196	160	241	179	167	128	94	344	272	243	107	305

I_pi0 = Initial inventory of item p at site i
 	0	84	34	45	60	83	99	251	33	22	77	138	17	289	129	151	90	114	188	37	35	15	129	88	45	64	87	93	106	74	28
	0	167	58	167	121	61	163	100	166	153	287	184	146	125	63	123	88	78	11	176	133	133	89	61	86	107	153	212	122	145	30
	0	81	56	21	138	168	168	64	68	102	163	157	185	115	129	231	153	44	34	70	92	110	141	63	145	65	180	111	133	88	79
	0	12	15	303	177	121	90	181	87	73	36	208	117	66	80	125	21	144	50	103	116	32	52	89	37	89	113	206	118	152	152
	0	32	51	93	97	85	57	162	81	95	124	119	90	189	46	71	172	197	59	161	13	110	25	88	98	98	191	208	67	79	126
	0	134	160	61	99	21	86	89	97	101	146	190	56	177	243	108	79	73	94	91	50	119	30	31	278	58	131	121	195	97	132
	0	141	109	86	85	81	118	117	36	39	40	218	91	47	206	123	95	238	138	84	160	170	14	150	140	193	207	46	88	96	111
	0	49	68	282	97	97	35	149	14	0	74	151	68	85	207	153	140	169	67	138	28	14	91	116	63	42	253	90	70	74	55
	0	164	244	140	57	288	84	71	173	146	140	84	101	88	70	153	95	137	90	68	191	80	62	86	194	94	115	98	35	214	15
	0	202	96	58	204	154	153	60	162	31	272	93	50	170	106	239	80	185	123	67	47	126	124	56	82	57	219	270	95	64	128

h_pi = Inventory cost of item p at site i
 	3	6	2	6	9	9	2	9	3	7	7	6	7	3	9	3	3	4	5	3	2	9	4	7	3	5	4	1	9	4	3
	8	2	3	4	7	9	6	6	6	8	1	9	5	8	8	3	7	7	4	1	2	4	8	7	5	7	2	9	5	2	7
	8	9	5	9	7	8	6	6	1	3	2	6	1	2	7	3	5	6	3	6	4	9	4	2	3	4	2	1	3	6	8
	8	5	2	6	1	7	3	5	8	2	8	3	1	3	1	2	2	6	5	3	7	9	8	1	7	1	8	8	7	2	4
	3	8	8	9	2	8	8	3	3	3	9	2	9	2	1	4	1	2	2	7	9	2	1	9	2	5	5	7	3	6	3
	8	7	4	4	9	7	7	9	2	4	8	8	5	2	6	9	1	5	1	7	1	7	4	2	9	9	7	8	5	4	4
	8	4	4	2	9	9	1	4	1	7	3	8	7	2	4	7	5	5	8	5	1	1	9	6	5	4	5	8	6	8	3
	3	1	8	4	2	1	9	4	9	7	6	2	6	2	2	7	2	6	5	5	3	2	9	1	8	9	1	6	3	9	6
	8	3	9	5	1	4	9	2	2	5	3	5	8	1	9	5	5	5	9	6	1	9	1	2	5	6	1	6	4	3	8
	8	6	9	9	5	5	1	6	6	4	5	7	4	1	2	7	9	5	6	9	9	8	4	9	5	5	5	5	2	9	2

C = Vehicle capacity
	3670

f = Fixed transportation cost
	157480

a_ik = Transportation cost for traveling from node i to node k
 	0	3730	2755	775	1710	2795	2910	1300	2355	1015	1555	210	2555	2995	815	1540	1520	1785	3110	3215	1520	2170	625	2990	3630	910	3090	2600	3560	3180	185
	3730	0	1235	3115	2305	1270	1150	2450	1970	3975	2730	3625	1765	1730	3515	5080	2215	2275	890	935	2265	1565	3740	750	1530	2985	645	1145	270	560	3550
	2755	1235	0	2045	1780	95	1355	1610	740	2815	2210	2610	550	725	2380	3960	1315	1090	1275	465	1515	860	2920	645	1055	1905	790	500	1215	775	2585
	775	3115	2045	0	1465	2075	2450	875	1590	960	1520	595	1795	2225	485	1975	960	1025	2610	2505	1110	1595	1205	2365	2875	145	2485	1970	2970	2560	650
	1710	2305	1780	1465	0	1865	1275	625	1895	2405	445	1700	1955	2375	1940	3245	760	1520	1520	2150	440	920	1510	1655	2830	1415	1695	1370	2075	1810	1540
	2795	1270	95	2075	1865	0	1445	1670	705	2825	2295	2645	495	630	2395	3975	1375	1100	1360	440	1590	950	2975	720	970	1935	865	595	1270	840	2625
	2910	1150	1355	2450	1275	1445	0	1625	1935	3400	1660	2850	1835	2070	2915	4385	1495	1930	270	1455	1395	930	2780	800	2235	2345	725	885	890	835	2730
	1300	2450	1610	875	625	1670	1625	0	1490	1830	835	1225	1605	2060	1355	2765	305	1005	1815	2045	245	890	1325	1720	2610	805	1805	1350	2265	1905	1120
	2355	1970	740	1590	1895	705	1935	1490	0	2205	2265	2180	240	640	1820	3375	1205	575	1925	1110	1510	1140	2665	1350	1295	1450	1505	1070	1950	1505	2210
	1015	3975	2815	960	2405	2825	3400	1830	2205	0	2390	865	2440	2805	485	1175	1905	1730	3540	3260	2070	2515	1635	3235	3470	1055	3370	2845	3860	3430	1070
	1555	2730	2210	1520	445	2295	1660	835	2265	2390	0	1590	2350	2780	1965	3090	1075	1830	1915	2590	760	1360	1210	2095	3260	1510	2130	1815	2495	2245	1405
	210	3625	2610	595	1700	2645	2850	1225	2180	865	1590	0	2385	2815	615	1550	1415	1610	3040	3070	1460	2070	800	2875	3460	730	2985	2485	3460	3070	210
	2555	1765	550	1795	1955	495	1835	1605	240	2440	2350	2385	0	455	2050	3605	1310	775	1790	880	1595	1125	2830	1185	1080	1655	1335	955	1760	1325	2405
	2995	1730	725	2225	2375	630	2070	2060	640	2805	2780	2815	455	0	2440	3975	1760	1210	1975	800	2035	1500	3285	1325	670	2090	1460	1215	1795	1410	2845
	815	3515	2380	485	1940	2395	2915	1355	1820	485	1965	615	2050	2440	0	1580	1420	1300	3060	2835	1590	2035	1400	2770	3105	570	2900	2375	3390	2965	790
	1540	5080	3960	1975	3245	3975	4385	2765	3375	1175	3090	1550	3605	3975	1580	0	2915	2880	4565	4410	3000	3560	1985	4335	4640	2100	4455	3940	4945	4530	1705
	1520	2215	1315	960	760	1375	1495	305	1205	1905	1075	1415	1310	1760	1420	2915	0	765	1655	1755	330	655	1610	1470	2310	855	1575	1090	2050	1660	1340
	1785	2275	1090	1025	1520	1100	1930	1005	575	1730	1830	1610	775	1210	1300	2880	765	0	1995	1535	1095	1015	2100	1560	1855	885	1700	1185	2190	1745	1635
	3110	890	1275	2610	1520	1360	270	1815	1925	3540	1915	3040	1790	1975	3060	4565	1655	1995	0	1295	1590	1035	3010	660	2065	2495	545	855	625	640	2930
	3215	935	465	2505	2150	440	1455	2045	1110	3260	2590	3070	880	800	2835	4410	1755	1535	1295	0	1935	1235	3365	655	780	2365	755	780	1010	670	3045
	1520	2265	1515	1110	440	1590	1395	245	1510	2070	760	1460	1595	2035	1590	3000	330	1095	1590	1935	0	725	1480	1545	2550	1035	1625	1195	2065	1725	1340
	2170	1565	860	1595	920	950	930	890	1140	2515	1360	2070	1125	1500	2035	3560	655	1015	1035	1235	725	0	2200	835	1910	1475	925	475	1395	1020	1985
	625	3740	2920	1205	1510	2975	2780	1325	2665	1635	1210	800	2830	3285	1400	1985	1610	2100	3010	3365	1480	2200	0	3025	3885	1310	3100	2665	3535	3205	615
	2990	750	645	2365	1655	720	800	1720	1350	3235	2095	2875	1185	1325	2770	4335	1470	1560	660	655	1545	835	3025	0	1435	2235	155	400	630	195	2810
	3630	1530	1055	2875	2830	970	2235	2610	1295	3470	3260	3460	1080	670	3105	4640	2310	1855	2065	780	2550	1910	3885	1435	0	2735	1525	1510	1690	1430	3480
	910	2985	1905	145	1415	1935	2345	805	1450	1055	1510	730	1655	2090	570	2100	855	885	2495	2365	1035	1475	1310	2235	2735	0	2360	1840	2845	2430	775
	3090	645	790	2485	1695	865	725	1805	1505	3370	2130	2985	1335	1460	2900	4455	1575	1700	545	755	1625	925	3100	155	1525	2360	0	525	495	125	2910
	2600	1145	500	1970	1370	595	885	1350	1070	2845	1815	2485	955	1215	2375	3940	1090	1185	855	780	1195	475	2665	400	1510	1840	525	0	1020	590	2425
	3560	270	1215	2970	2075	1270	890	2265	1950	3860	2495	3460	1760	1795	3390	4945	2050	2190	625	1010	2065	1395	3535	630	1690	2845	495	1020	0	450	3375
	3180	560	775	2560	1810	840	835	1905	1505	3430	2245	3070	1325	1410	2965	4530	1660	1745	640	670	1725	1020	3205	195	1430	2430	125	590	450	0	3000
	185	3550	2585	650	1540	2625	2730	1120	2210	1070	1405	210	2405	2845	790	1705	1340	1635	2930	3045	1340	1985	615	2810	3480	775	2910	2425	3375	3000	0

coordXY = Coordinates (x,y): line zero => x line one => y column => customers
 	218	325	168	153	407	150	438	288	63	16	449	187	75	25	77	11	256	108	419	166	320	290	342	288	22	150	313	263	359	299	228
	260	998	808	400	545	814	798	510	704	266	467	287	750	826	341	32	561	599	848	900	546	687	251	853	959	428	870	778	957	890	295

d_pit = Demand of item p at customer i in period t
 	84	48	78	72	18	77	32	40	71	43	90	97
	34	46	30	85	12	15	32	15	32	75	45	60
	45	26	70	59	59	98	99	59	77	91	80	68
	60	56	54	57	59	89	44	10	11	64	42	62
	37	20	26	27	76	73	62	63	16	99	25	58
	47	37	15	57	78	96	33	25	99	50	88	89
	98	67	86	32	30	22	99	44	97	41	58	83
	33	58	14	41	87	42	28	85	35	75	12	58
	22	45	89	21	78	18	27	41	30	19	60	53
	77	90	58	61	54	64	55	23	26	60	62	34
	20	30	88	39	28	66	30	37	59	26	84	47
	17	50	21	74	64	75	16	32	11	23	75	79
	46	95	88	60	11	37	82	76	63	52	92	27
	79	50	49	40	73	48	43	15	89	44	56	66
	53	74	24	77	25	79	28	77	63	45	45	35
	90	66	22	75	18	51	30	48	85	66	25	45
	40	74	83	58	90	38	92	87	57	30	15	100
	60	77	51	48	93	72	29	52	33	99	98	72
	37	71	73	69	64	65	22	24	45	59	67	48
	14	21	45	82	35	64	90	30	40	88	89	33
	15	60	76	36	89	99	22	69	12	75	44	23
	92	37	10	30	54	28	90	26	11	40	68	30
	88	99	46	59	46	80	25	78	53	14	63	59
	18	27	52	66	51	57	76	18	81	68	47	33
	64	70	88	36	21	60	33	35	10	27	95	91
	62	25	95	39	89	27	96	33	30	25	92	28
	93	79	36	27	29	50	28	47	12	97	99	65
	51	23	32	77	37	74	71	22	14	36	68	41
	74	88	13	77	48	81	62	53	72	66	48	41
	28	62	91	18	60	70	98	97	23	22	94	60

	77	22	11	57	96	71	63	49	11	12	90	80
	58	81	31	25	25	72	58	83	14	34	54	84
	99	68	30	97	17	48	97	57	53	68	42	40
	47	26	48	18	52	98	48	21	44	62	97	95
	30	31	37	45	94	76	47	53	78	19	52	23
	71	26	66	44	83	94	17	81	64	20	70	50
	78	22	74	25	34	34	23	21	90	66	38	99
	70	17	79	77	91	86	75	38	13	57	43	99
	50	29	74	30	31	86	69	43	19	85	51	10
	71	97	60	59	30	12	91	51	79	41	89	78
	37	84	43	20	33	52	73	91	14	64	47	51
	26	54	66	80	22	59	86	61	33	46	90	67
	48	44	33	59	75	95	99	18	20	85	66	90
	18	20	25	16	98	71	75	57	49	89	17	28
	94	29	57	23	15	65	46	87	33	66	76	33
	59	29	35	93	47	68	22	83	79	10	74	88
	38	40	51	56	33	86	48	62	43	93	89	20
	11	19	86	38	71	20	49	41	63	40	19	55
	31	24	93	28	19	89	27	39	19	85	99	80
	63	70	86	43	70	85	63	89	71	16	70	66
	72	41	20	19	61	46	55	83	75	12	58	21
	89	60	31	72	87	24	71	40	76	87	47	86
	30	31	47	21	26	99	46	16	59	95	26	47
	86	82	93	59	62	39	47	30	47	22	32	21
	44	63	66	55	35	18	53	67	76	13	25	34
	55	49	49	95	17	85	20	12	12	86	33	32
	79	70	63	90	50	45	81	75	74	60	61	85
	31	56	35	63	51	41	15	29	93	18	88	31
	41	73	12	19	68	64	14	84	54	47	60	56
	30	55	15	82	48	73	26	37	55	25	81	84

	81	48	25	35	79	16	74	47	60	73	53	100
	43	13	11	26	41	31	51	25	90	93	79	39
	21	28	51	69	56	80	90	13	25	79	34	52
	43	51	44	71	25	51	66	35	21	43	81	26
	84	84	49	46	14	62	23	79	29	44	57	20
	21	73	74	14	15	59	84	92	38	24	35	33
	37	27	54	15	79	71	91	87	96	98	40	42
	68	38	37	13	94	56	54	34	87	29	34	73
	36	31	35	65	95	88	84	15	41	34	66	51
	83	80	14	85	38	84	64	21	16	60	77	78
	61	96	80	34	32	95	37	85	74	57	63	45
	14	51	62	58	89	85	92	51	54	40	62	10
	25	44	46	40	56	29	29	78	12	47	55	25
	59	70	51	67	93	47	100	22	88	50	75	87
	82	83	66	92	13	29	32	56	98	36	14	99
	62	91	74	89	57	60	29	72	65	33	62	32
	44	73	16	35	38	89	72	32	73	20	87	85
	34	18	26	93	15	86	69	66	22	41	88	91
	70	90	90	12	23	93	48	56	77	57	94	54
	53	39	23	67	55	15	12	94	40	42	27	68
	59	37	14	60	45	13	50	88	74	78	22	17
	13	77	51	20	51	41	90	70	40	28	25	58
	43	20	77	44	80	27	28	72	64	40	90	62
	38	27	23	57	10	75	65	84	14	42	11	84
	54	11	18	27	74	39	67	24	85	88	95	89
	86	94	13	57	86	86	21	77	28	93	77	24
	85	26	83	11	80	96	68	21	58	33	67	41
	61	72	98	82	24	26	25	95	10	74	46	39
	17	10	61	55	57	69	36	56	44	21	100	13
	79	61	80	10	33	29	85	14	48	60	17	56

	12	74	26	47	77	38	23	46	30	51	91	11
	15	82	80	19	10	33	46	22	97	55	60	12
	87	50	77	89	24	78	49	91	42	61	82	32
	67	33	77	90	56	91	76	82	29	74	86	73
	80	41	74	80	46	18	96	66	97	98	91	31
	90	25	68	40	58	38	13	63	65	27	13	74
	95	86	16	58	72	82	95	19	28	80	81	39
	14	73	28	75	69	81	46	88	39	67	13	34
	73	20	40	12	56	56	32	75	100	64	91	26
	36	13	59	18	32	47	67	96	13	98	40	56
	81	44	26	57	23	92	69	91	54	34	35	19
	88	29	30	28	62	63	29	39	11	63	81	78
	66	68	62	83	17	37	22	57	64	73	53	12
	80	13	47	16	82	87	41	24	99	11	95	56
	28	87	10	79	53	75	32	94	35	76	81	48
	21	58	26	95	55	37	74	45	46	85	59	40
	14	77	14	39	26	71	29	16	52	82	82	46
	50	15	95	12	25	48	94	42	35	14	36	28
	27	76	47	44	20	79	33	46	54	77	31	85
	42	74	77	57	74	34	32	35	77	90	81	95
	32	77	29	22	95	92	19	78	93	25	60	27
	52	95	74	75	88	21	75	60	84	24	40	25
	13	76	12	98	41	96	98	46	78	19	56	47
	37	47	97	29	24	38	18	47	27	50	26	45
	36	33	20	78	35	74	46	72	50	93	14	26
	74	39	95	48	76	65	92	40	93	81	13	60
	38	59	72	37	25	88	52	35	48	68	88	24
	24	23	71	18	37	53	79	60	48	61	40	15
	81	71	43	35	76	29	71	84	91	38	83	29
	66	20	66	46	81	17	73	30	24	87	39	86

	16	16	94	84	14	27	40	48	16	86	74	70
	22	13	16	85	81	83	95	39	73	52	90	59
	55	18	20	71	99	79	11	46	28	63	49	21
	26	40	31	97	61	86	87	31	52	34	17	37
	85	82	25	66	19	91	85	24	15	75	34	40
	57	48	61	84	46	78	51	66	89	70	33	93
	65	97	31	42	68	41	45	21	73	85	90	24
	20	61	83	53	60	46	17	15	98	44	68	78
	14	81	93	39	31	61	63	21	67	67	59	76
	18	17	89	10	88	64	94	50	85	71	70	92
	13	30	56	20	57	79	75	65	86	56	19	29
	29	61	73	96	28	28	75	41	93	94	29	28
	16	64	77	32	67	57	67	70	21	43	33	74
	15	31	45	13	89	61	56	61	81	13	90	68
	33	17	21	58	40	52	76	66	78	12	99	56
	95	77	60	64	95	82	53	75	33	99	81	59
	76	98	23	62	37	14	23	79	65	15	10	54
	37	22	64	25	100	91	35	69	23	95	37	48
	31	34	96	80	85	27	48	59	96	90	78	29
	13	69	22	97	79	89	34	87	50	30	23	33
	56	54	30	95	90	50	49	10	76	51	48	58
	25	61	19	50	81	62	67	34	19	30	60	10
	88	16	45	71	36	21	54	71	13	94	75	37
	57	41	26	12	85	57	25	29	100	36	30	23
	17	81	46	77	58	25	73	97	11	13	66	58
	63	81	47	67	87	25	51	30	87	86	63	90
	50	74	84	44	58	14	32	77	56	25	32	52
	67	87	32	85	75	45	58	99	16	56	55	16
	67	12	73	14	20	79	97	81	23	44	55	97
	74	52	51	49	13	19	35	90	66	80	38	23

	77	57	69	28	35	89	53	30	59	71	38	44
	27	45	62	26	63	26	23	64	80	70	95	75
	61	72	28	30	48	98	80	20	12	53	49	90
	86	13	89	54	57	32	16	88	18	51	63	36
	21	57	16	21	15	27	90	88	98	15	30	80
	86	79	88	79	12	96	59	48	81	24	88	47
	89	74	23	24	76	59	27	19	68	36	88	39
	97	13	99	61	32	86	27	61	90	63	90	60
	25	76	32	39	35	29	47	18	20	16	91	16
	89	57	20	50	84	80	48	16	44	20	36	93
	92	98	100	23	42	30	46	12	68	28	24	85
	56	93	64	70	10	74	94	24	41	51	34	43
	45	93	39	57	21	80	21	63	82	74	32	73
	77	33	45	88	48	28	29	93	90	11	38	27
	93	15	41	42	59	62	72	79	86	76	47	71
	79	78	43	35	98	90	24	48	37	70	97	26
	55	18	88	41	49	73	17	70	46	55	31	11
	27	67	72	35	38	13	66	28	73	28	96	44
	91	52	71	19	47	85	17	94	49	23	64	23
	50	50	24	45	97	53	58	14	32	48	44	48
	73	46	21	46	46	20	65	96	96	32	97	95
	30	71	63	78	14	14	60	33	52	94	99	54
	31	96	100	55	28	62	31	95	16	42	62	62
	98	92	88	93	14	96	97	75	51	18	65	94
	58	80	64	50	45	38	77	78	28	99	56	28
	61	70	22	53	33	89	83	54	98	41	34	53
	66	55	42	18	57	64	17	69	69	74	50	49
	93	71	31	75	83	71	61	78	57	50	53	46
	83	14	62	29	48	59	92	82	91	51	70	24
	93	39	53	58	33	91	27	44	30	82	13	97

	86	34	21	80	100	48	70	97	19	13	76	20
	20	50	27	12	28	86	77	47	82	23	11	40
	14	72	10	51	88	24	85	72	93	64	59	44
	85	71	78	76	71	38	56	25	24	42	77	41
	81	29	41	77	84	20	85	12	65	58	18	84
	95	23	17	54	90	74	94	86	36	92	44	21
	98	19	22	55	80	87	81	61	74	82	13	85
	36	20	67	96	72	19	92	79	60	59	83	57
	39	75	69	67	82	75	99	41	22	19	69	25
	40	91	56	76	16	26	47	78	52	88	51	52
	67	63	69	19	49	37	87	74	48	13	20	67
	91	27	30	54	27	45	17	25	68	25	92	17
	47	93	49	82	33	10	75	60	29	38	94	87
	86	55	20	45	15	70	78	61	55	67	69	97
	48	75	67	79	58	73	77	30	54	71	20	62
	95	61	65	91	69	58	78	23	85	63	32	19
	18	97	43	80	42	76	71	18	11	92	48	100
	61	77	79	67	27	47	47	45	48	69	59	24
	84	59	81	45	62	92	55	66	95	49	67	27
	82	78	72	96	93	61	32	53	27	89	35	35
	73	97	45	83	51	44	12	48	83	12	76	69
	14	44	90	43	51	93	85	52	73	23	62	63
	15	15	72	48	93	45	82	64	99	83	65	58
	42	98	73	10	69	62	22	44	98	56	55	88
	94	99	98	64	77	41	41	39	65	72	50	95
	98	85	24	73	58	12	82	53	80	38	73	47
	46	64	33	31	11	72	23	67	52	64	98	59
	88	81	17	49	77	30	96	63	14	99	68	79
	29	67	75	21	89	55	20	67	34	41	46	39
	19	61	31	30	58	96	34	29	11	34	21	10

	49	56	28	20	34	90	61	83	57	18	46	22
	68	90	91	67	36	36	33	61	29	90	93	61
	81	72	56	73	19	49	59	14	68	55	83	57
	67	30	98	59	17	14	48	27	53	24	87	19
	97	70	76	45	29	52	48	53	27	32	71	82
	35	68	76	93	74	50	47	42	51	95	72	66
	32	45	72	17	22	82	11	49	42	40	84	64
	14	43	70	58	33	55	37	69	43	96	49	93
	94	39	29	32	25	22	53	16	21	54	32	15
	74	82	19	16	34	85	91	60	26	51	27	23
	76	75	99	81	68	54	90	27	60	62	84	70
	47	21	68	96	76	78	53	51	20	58	52	90
	85	78	21	65	31	21	29	82	37	68	33	34
	80	94	33	85	80	18	46	98	35	87	72	44
	54	43	56	55	64	98	12	14	33	36	27	77
	93	33	14	75	77	91	55	34	15	44	39	36
	35	40	94	78	91	53	44	65	90	39	86	49
	67	18	67	95	81	18	35	52	30	55	73	66
	34	69	35	74	94	42	47	98	77	89	87	34
	28	32	94	63	51	72	32	89	14	58	71	53
	14	39	37	12	80	75	78	82	12	57	90	35
	70	21	65	25	82	18	89	37	96	63	63	60
	93	23	96	44	40	61	80	61	52	11	38	76
	63	80	55	51	95	71	19	67	45	32	24	20
	26	16	21	24	21	57	34	13	76	75	14	40
	34	33	95	91	21	69	35	76	92	53	35	31
	90	36	28	89	35	44	24	48	14	88	44	99
	39	31	67	13	72	88	18	99	82	87	88	94
	74	100	11	84	51	87	20	16	88	20	33	37
	15	40	53	75	71	98	80	38	71	96	38	49

	95	69	13	91	23	60	48	23	84	25	47	68
	78	67	65	34	73	51	71	40	77	42	99	54
	41	99	63	80	84	16	45	76	25	44	48	51
	18	39	61	60	49	97	90	23	90	95	14	78
	79	34	95	80	62	73	99	28	48	61	40	30
	31	53	28	100	10	32	74	75	70	21	39	52
	71	54	22	22	43	43	78	76	26	59	73	35
	41	49	83	76	86	72	17	98	80	33	31	99
	82	52	12	65	98	44	22	52	92	94	12	37
	38	23	79	49	99	10	97	15	78	52	88	97
	68	16	18	41	49	47	54	70	56	54	94	22
	39	62	45	73	88	74	92	38	89	69	66	28
	88	96	74	88	32	87	79	71	94	87	68	50
	48	22	89	87	96	56	75	19	57	33	34	42
	34	76	12	31	93	26	61	85	87	49	64	31
	95	45	79	68	99	66	20	31	52	15	14	28
	27	35	75	88	59	21	80	48	60	12	28	27
	90	87	90	20	56	67	16	92	89	41	50	17
	68	62	38	77	38	90	39	40	37	16	11	58
	42	59	17	73	89	60	89	38	15	98	56	68
	22	58	58	67	53	61	70	29	94	99	17	74
	62	41	99	43	35	12	35	28	14	26	11	17
	46	40	36	87	87	48	94	93	51	79	10	16
	38	80	76	25	11	92	25	34	75	26	77	56
	31	63	99	68	23	94	95	99	78	75	93	65
	67	48	37	70	44	83	79	13	15	18	86	23
	30	23	32	13	49	62	57	18	91	42	82	20
	35	19	85	28	88	10	34	64	56	58	80	40
	18	43	55	98	75	87	78	76	59	50	38	47
	15	82	47	72	33	13	29	49	99	84	54	83

	94	33	75	96	62	91	27	99	44	98	55	76
	25	71	76	64	29	98	35	16	56	10	94	64
	58	78	50	46	85	79	25	56	71	48	89	18
	36	76	92	41	29	98	29	48	79	77	76	40
	64	12	78	78	32	43	61	60	46	61	67	40
	82	11	45	15	92	64	94	22	24	14	94	20
	60	62	14	79	52	42	87	62	41	94	30	43
	60	53	49	65	45	29	27	94	85	36	97	18
	31	73	51	58	70	67	36	56	51	40	42	53
	98	76	98	48	80	41	37	26	24	94	42	44
	67	26	56	43	78	40	42	15	17	30	36	13
	50	42	67	22	43	72	79	15	31	17	75	12
	56	69	45	48	94	26	17	51	81	91	82	71
	40	66	25	58	97	41	84	82	70	59	24	11
	73	98	68	72	26	89	71	55	43	71	53	14
	11	69	77	19	34	43	38	38	70	36	12	75
	14	37	50	84	76	86	71	91	73	56	94	58
	74	49	77	14	53	70	33	78	15	27	72	30
	67	82	71	98	78	34	62	23	82	90	29	66
	27	20	13	89	51	98	23	26	93	71	92	37
	74	52	49	40	81	55	46	57	42	80	65	83
	46	78	85	76	21	44	91	18	90	75	69	23
	37	19	69	41	62	33	21	11	34	11	42	21
	82	28	79	97	76	45	80	67	35	89	78	12
	57	58	23	75	49	10	58	19	37	57	31	89
	86	78	55	92	66	12	85	86	65	84	64	52
	20	88	98	64	36	66	98	71	72	11	94	98
	83	12	31	68	24	96	83	97	36	39	78	81
	64	93	31	66	92	27	41	85	36	34	58	16
	30	98	97	34	28	87	40	97	40	60	41	81

