***** PARAMETERS PRP *****

Number of Customers = 30
Number of Products = 10
Number of Vehicles = 5
Number of Periods = 12

B = Production capacity
	49844

b_p = Time required to produce item p
 	1	1	1	1	1	1	1	1	1	1

c_p = Production cost of item p
 	30	80	80	30	30	30	30	80	30	30

s_p = Setup cost of item p
 	300	800	800	300	300	300	300	800	300	300

M = Big number
	199375

U_pi = Maximum inventory upper bound of item p at site i
 	199375	263	242	228	152	256	102	216	203	120	127	93	213	183	244	255	160	115	138	191	83	91	209	230	159	180	251	178	183	103	190
	199375	239	241	269	177	315	85	172	183	154	350	103	224	310	286	100	198	219	120	188	220	92	238	223	245	79	258	189	92	94	124
	199375	158	123	157	110	250	236	283	91	289	161	331	236	95	254	218	222	254	320	140	267	259	231	323	234	318	208	225	96	110	218
	199375	231	269	163	276	204	97	354	154	154	215	162	111	298	105	142	175	152	80	159	164	144	143	234	166	243	319	176	180	179	138
	199375	252	117	314	274	213	146	218	178	90	188	89	182	170	110	313	261	310	249	174	149	215	91	90	250	174	107	227	106	282	261
	199375	165	296	180	303	151	252	127	185	213	186	159	192	122	177	220	184	110	186	111	221	269	221	231	91	100	275	269	199	233	157
	199375	210	112	210	237	176	184	182	98	388	295	273	125	122	93	130	315	120	94	100	255	106	238	220	230	163	335	108	297	95	132
	199375	308	128	213	126	106	175	219	101	126	251	334	259	130	288	109	220	219	168	262	265	161	297	276	252	183	280	318	265	131	114
	199375	240	227	207	210	133	154	248	196	159	180	289	158	295	158	129	178	336	82	234	117	155	264	185	95	176	133	94	343	136	140
	199375	125	125	156	123	328	169	220	217	105	196	169	201	98	270	295	133	126	269	187	152	147	259	273	120	191	212	129	343	276	176

I_pi0 = Initial inventory of item p at site i
 	0	215	206	60	66	196	72	143	73	89	74	33	69	160	210	158	74	48	118	191	55	63	180	90	117	69	87	28	103	71	55
	0	185	183	29	60	76	20	122	178	35	175	64	162	210	88	41	156	193	107	79	115	60	80	98	207	17	254	96	57	90	53
	0	48	86	117	43	166	88	60	64	155	65	62	89	54	177	139	62	198	88	106	177	98	23	252	142	95	112	157	94	19	124
	0	193	159	163	261	40	84	270	26	89	152	59	111	201	11	113	151	67	55	131	131	82	67	178	83	80	245	127	99	97	64
	0	223	71	248	74	181	138	161	111	78	126	68	129	100	85	58	244	45	61	62	120	153	75	11	196	111	45	39	77	177	249
	0	137	289	123	296	108	83	58	53	87	100	94	137	67	14	34	72	98	181	100	147	206	220	99	0	69	30	152	193	55	114
	0	149	92	157	87	167	136	127	23	248	194	131	113	92	93	98	48	102	92	70	27	63	206	197	177	18	85	95	73	70	90
	0	224	70	66	107	45	100	32	82	64	170	86	139	106	44	105	39	177	118	117	66	50	100	17	92	97	231	238	117	84	67
	0	69	81	164	123	27	137	167	20	28	140	255	49	215	109	85	161	136	81	82	89	16	52	71	84	81	81	44	164	92	101
	0	87	67	116	81	142	127	193	129	59	91	88	196	25	111	268	23	113	85	84	75	72	240	59	116	166	62	81	69	189	114

h_pi = Inventory cost of item p at site i
 	3	4	6	5	4	3	4	7	2	4	1	5	2	6	6	4	3	4	4	4	6	4	7	5	2	9	5	9	8	1	5
	8	7	2	6	3	8	9	5	6	4	5	7	3	4	3	3	4	9	9	3	5	5	7	9	3	5	1	9	8	5	8
	8	9	7	5	9	6	8	5	4	5	8	2	4	9	3	7	9	5	6	5	3	8	3	6	3	1	3	6	8	5	3
	3	6	5	7	6	2	8	4	2	6	5	8	6	7	7	8	9	2	9	9	5	4	5	3	1	2	6	7	2	6	7
	3	9	3	9	2	4	5	8	6	8	9	7	4	5	1	4	1	2	6	5	1	5	3	2	8	6	7	3	3	2	4
	3	5	5	7	5	3	3	6	7	7	2	5	3	8	5	9	5	5	9	8	2	2	8	9	8	1	7	4	8	1	1
	3	5	4	5	8	3	2	3	6	7	1	7	9	5	7	7	8	3	3	1	8	9	6	5	6	2	7	3	4	8	1
	8	2	6	9	1	1	5	9	5	1	7	6	5	7	8	3	7	7	5	2	3	4	6	4	1	7	5	5	4	5	7
	3	1	7	4	9	2	5	3	7	3	9	7	7	8	9	6	1	8	7	8	1	3	5	3	6	7	7	8	4	9	6
	3	7	6	9	9	4	8	5	8	9	7	1	4	3	1	5	3	7	3	7	7	4	7	3	3	2	4	1	9	4	1

C = Vehicle capacity
	3880

f = Fixed transportation cost
	30225

a_ik = Transportation cost for traveling from node i to node k
 	0	418	260	260	247	320	269	24	403	407	121	483	450	225	532	569	479	445	432	399	146	409	221	251	86	217	340	138	516	225	490
	418	0	668	159	190	246	636	433	801	314	533	773	671	642	788	912	153	644	774	603	274	691	633	389	333	634	464	340	893	537	118
	260	668	0	512	484	573	123	254	149	650	139	343	389	68	412	356	703	408	244	376	396	302	42	377	341	75	413	339	274	213	725
	260	159	512	0	66	186	488	275	648	286	376	648	563	484	673	774	246	541	635	496	116	566	476	279	175	476	371	196	746	397	243
	247	190	484	66	0	249	447	265	613	351	353	592	502	464	614	725	234	478	586	434	105	509	451	216	165	457	306	151	704	348	245
	320	246	573	186	249	0	586	321	720	104	437	782	718	525	819	885	389	701	747	654	232	702	532	444	257	517	542	332	835	520	362
	269	636	123	488	447	586	0	274	178	676	169	237	268	176	301	300	645	286	164	255	378	184	137	294	333	180	308	296	259	115	674
	24	433	254	275	265	321	274	0	400	404	117	494	466	214	544	573	498	463	438	416	163	421	214	274	102	205	361	161	516	239	508
	403	801	149	648	613	720	178	400	0	799	284	289	384	208	362	236	819	414	172	397	533	285	190	471	481	217	479	463	133	292	847
	407	314	650	286	351	104	676	404	799	0	519	879	819	598	918	975	465	803	838	756	334	800	609	547	353	589	645	434	919	617	430
	121	533	139	376	353	437	169	117	284	519	0	401	400	113	460	463	578	406	331	364	260	337	101	286	203	107	350	215	400	175	596
	483	773	343	648	592	782	237	494	289	879	401	0	139	406	74	174	736	177	118	193	555	83	369	385	526	411	331	457	244	263	778
	450	671	389	563	502	718	268	466	384	819	400	139	0	441	121	312	618	39	228	69	486	100	402	286	472	444	211	386	372	230	663
	225	642	68	484	464	525	176	214	208	598	113	406	441	0	474	423	690	456	310	420	369	359	40	388	310	10	438	327	337	242	708
	532	788	412	673	614	819	301	544	362	918	460	74	121	474	0	220	738	156	191	188	588	124	436	400	566	479	331	488	309	307	783
	569	912	356	774	725	885	300	573	236	975	463	174	312	423	220	0	892	351	140	362	670	238	394	532	630	431	494	579	121	378	930
	479	153	703	246	234	389	645	498	819	465	578	736	618	690	738	892	0	585	761	551	338	658	674	361	398	684	408	365	894	534	55
	445	644	408	541	478	701	286	463	414	803	406	177	39	456	156	351	585	0	263	48	470	132	417	263	460	458	180	370	407	232	631
	432	774	244	635	586	747	164	438	172	838	331	118	228	310	191	140	761	263	0	259	530	132	276	400	491	317	374	440	148	239	797
	399	603	376	496	434	654	255	416	397	756	364	193	69	420	188	362	551	48	259	0	423	128	382	219	413	422	144	323	406	189	596
	146	274	396	116	105	232	378	163	533	334	260	555	486	369	588	670	338	470	530	423	0	473	361	218	61	361	318	101	635	296	346
	409	691	302	566	509	702	184	421	285	800	337	83	100	359	124	238	658	132	132	128	473	0	320	304	447	363	256	375	279	185	699
	221	633	42	476	451	532	137	214	190	609	101	369	402	40	436	394	674	417	276	382	361	320	0	359	303	43	404	310	315	206	694
	251	389	377	279	216	444	294	274	471	547	286	385	286	388	400	532	361	263	400	219	218	304	359	0	227	384	100	128	534	179	398
	86	333	341	175	165	257	333	102	481	353	203	526	472	310	566	630	398	460	491	413	61	447	303	227	0	302	325	99	588	264	407
	217	634	75	476	457	517	180	205	217	589	107	411	444	10	479	431	684	458	317	422	361	363	43	384	302	0	436	322	346	242	701
	340	464	413	371	306	542	308	361	479	645	350	331	211	438	331	494	408	180	374	144	318	256	404	100	325	436	0	227	518	201	453
	138	340	339	196	151	332	296	161	463	434	215	457	386	327	488	579	365	370	440	323	101	375	310	128	99	322	227	0	554	202	386
	516	893	274	746	704	835	259	516	133	919	400	244	372	337	309	121	894	407	148	406	635	279	315	534	588	346	518	554	0	361	927
	225	537	213	397	348	520	115	239	292	617	175	263	230	242	307	378	534	232	239	189	296	185	206	179	264	242	201	202	361	0	566
	490	118	725	243	245	362	674	508	847	430	596	778	663	708	783	930	55	631	797	596	346	699	694	398	407	701	453	386	927	566	0

coordXY = Coordinates (x,y): line zero => x line one => y column => customers
 	383	178	429	257	213	419	307	406	410	490	402	122	42	474	49	224	31	22	239	55	299	136	436	133	339	475	54	249	340	235	61
	600	964	345	827	778	917	342	597	198	992	481	194	307	395	187	54	924	340	193	374	719	275	386	578	673	404	517	632	86	431	969

d_pit = Demand of item p at customer i in period t
 	98	34	83	85	72	31	30	40	36	28	40	54
	83	25	98	55	61	95	16	44	81	23	96	50
	60	64	64	84	99	19	36	61	86	39	21	52
	33	33	82	42	98	55	60	84	30	12	18	59
	53	85	58	97	31	88	40	57	71	46	99	44
	72	69	12	70	71	48	63	25	53	19	57	54
	89	39	15	57	77	18	23	97	81	31	22	98
	39	34	29	37	28	15	95	68	45	96	26	96
	89	89	75	79	38	47	82	96	33	19	35	35
	74	99	17	53	97	83	81	91	20	65	32	49
	15	18	63	30	85	74	33	53	35	43	22	84
	11	58	32	76	81	11	47	27	76	51	30	12
	23	81	37	19	80	73	85	56	48	83	69	78
	62	59	89	19	93	17	44	80	19	12	16	76
	68	90	50	87	10	78	19	80	61	72	75	76
	33	16	25	88	61	92	32	64	87	98	27	18
	27	21	98	51	63	55	78	26	90	55	57	68
	88	30	45	37	38	43	18	78	14	45	58	57
	80	38	73	79	82	71	50	93	18	25	69	84
	55	67	13	29	23	94	59	28	62	31	25	12
	29	34	31	41	40	26	90	50	73	29	91	11
	83	97	94	44	84	39	92	92	61	54	16	79
	49	41	97	35	42	28	46	90	16	96	99	51
	43	74	71	19	83	51	73	39	33	54	11	84
	69	39	81	15	27	19	84	78	45	92	96	76
	73	14	76	41	20	91	63	71	15	27	87	24
	28	19	68	56	45	36	63	84	97	86	87	44
	75	28	84	45	58	13	71	87	91	76	50	54
	71	52	40	43	84	26	31	58	58	34	93	28
	55	100	67	90	59	34	62	58	94	41	15	85

	13	80	92	88	88	26	74	60	27	28	49	93
	73	33	12	65	45	25	65	92	41	40	22	65
	29	50	79	64	75	24	23	16	55	68	90	73
	20	40	18	61	39	42	31	51	72	11	67	79
	76	57	20	58	84	85	26	96	67	97	43	48
	20	93	85	15	25	49	44	18	23	63	37	38
	53	69	61	66	45	21	79	22	70	15	91	95
	89	89	41	85	43	50	58	98	54	43	64	18
	35	59	12	83	92	41	26	55	53	38	52	71
	86	89	72	61	53	48	49	94	73	89	38	89
	32	32	87	24	15	75	67	49	74	42	95	28
	70	92	95	33	56	37	98	90	66	80	84	96
	87	28	51	44	18	82	75	64	87	41	92	75
	63	12	13	26	88	99	61	12	96	63	75	79
	41	89	45	17	29	55	57	71	50	34	43	67
	27	90	39	64	54	53	15	59	50	67	27	50
	84	32	77	47	96	18	30	30	78	43	66	56
	64	18	25	43	64	46	11	29	40	71	40	30
	20	59	49	16	74	19	57	70	74	84	14	29
	100	15	84	15	31	22	88	98	22	41	50	95
	44	16	65	71	37	29	16	39	76	31	30	100
	80	25	46	35	39	76	44	55	43	13	77	39
	98	94	51	23	68	56	92	86	84	58	98	84
	68	57	82	43	99	95	33	42	100	17	36	64
	17	19	85	45	42	56	63	51	10	42	20	23
	80	30	87	57	51	30	10	15	50	45	89	74
	96	93	73	65	74	22	33	93	16	100	80	11
	57	37	15	23	72	66	32	50	67	71	33	31
	18	31	41	19	25	40	22	28	28	67	24	32
	53	57	62	95	57	79	25	89	35	26	100	64

	48	66	70	93	61	12	27	11	77	29	48	88
	86	84	51	99	24	51	88	45	56	38	76	42
	45	47	25	43	69	74	62	92	59	26	55	31
	43	19	40	92	13	50	63	67	56	85	73	61
	69	57	40	86	53	82	60	76	34	39	97	56
	42	46	87	85	64	60	36	47	60	37	82	62
	60	26	70	51	88	53	81	22	82	93	12	40
	49	15	73	71	54	31	92	15	15	13	52	67
	77	30	48	71	12	83	25	93	78	28	63	86
	28	19	18	21	96	12	48	90	14	74	35	27
	62	50	81	76	93	37	69	41	49	91	83	63
	89	99	85	26	89	69	47	67	59	51	14	12
	26	28	39	70	22	11	86	37	84	32	53	79
	52	67	58	30	47	83	77	44	57	13	59	23
	31	26	57	25	17	30	13	54	75	70	39	87
	39	23	57	95	30	70	75	77	55	45	59	42
	92	30	19	57	17	99	29	70	79	26	17	75
	88	75	53	63	88	70	68	95	17	77	57	17
	60	46	36	60	56	22	28	74	15	26	72	66
	94	83	96	49	76	50	79	25	71	95	35	49
	14	84	22	25	95	76	76	20	86	13	34	77
	23	38	23	33	66	60	96	52	66	90	50	95
	80	96	76	85	34	77	43	96	17	84	58	30
	98	44	76	52	93	54	71	100	15	15	39	46
	95	38	86	49	93	71	50	82	26	12	84	76
	71	41	63	11	88	36	14	37	55	58	92	57
	43	77	37	99	91	45	59	76	20	13	99	15
	29	65	66	25	42	59	12	94	10	20	87	69
	19	95	18	30	21	35	98	72	67	82	78	42
	69	55	25	96	53	71	18	85	19	38	64	60

	67	67	29	30	33	54	57	75	47	99	36	99
	90	69	60	85	48	87	91	11	26	45	23	11
	37	65	61	49	32	12	34	85	32	50	18	14
	60	34	95	72	71	79	87	52	87	75	28	89
	40	80	42	73	96	79	34	66	72	86	54	93
	54	30	42	52	66	34	45	66	58	15	49	70
	62	66	99	43	77	91	57	72	77	86	42	77
	26	20	65	92	87	66	71	50	27	67	32	12
	89	85	47	46	13	16	39	80	51	19	78	52
	97	55	70	31	95	70	90	21	14	15	42	44
	59	22	27	14	88	40	10	92	64	93	67	71
	98	13	42	73	42	37	17	18	86	54	96	92
	60	44	97	74	36	13	76	17	71	59	89	79
	11	32	74	51	83	27	80	61	63	56	38	53
	43	59	11	86	17	65	88	30	21	24	36	86
	97	18	36	16	47	36	43	100	30	76	12	14
	38	29	97	18	81	41	89	64	27	31	33	59
	55	67	27	65	12	88	12	21	56	13	43	18
	30	61	24	16	61	65	97	76	21	92	26	68
	86	45	79	38	10	16	98	55	14	94	52	69
	65	17	94	46	11	81	90	59	51	22	17	21
	24	32	11	94	33	12	14	67	39	58	18	27
	52	43	83	96	99	33	70	43	64	28	72	20
	83	100	39	68	96	37	90	25	13	16	45	51
	80	13	73	45	32	91	98	97	19	77	22	82
	46	85	23	91	73	12	53	79	29	92	94	89
	14	30	29	54	33	23	65	76	12	27	18	41
	55	44	51	60	85	12	65	62	93	65	83	44
	55	42	89	83	63	53	36	73	76	46	71	27
	35	29	40	43	21	87	46	46	56	40	61	49

	87	41	95	72	75	88	60	14	65	12	88	60
	71	75	100	53	24	54	42	17	57	79	44	86
	78	21	80	69	26	65	77	23	70	64	95	86
	74	96	98	66	15	16	31	61	16	42	74	69
	32	33	41	75	36	60	16	60	27	63	37	32
	12	77	49	25	47	14	79	86	16	46	31	100
	90	27	22	22	15	68	44	31	77	92	78	89
	81	30	76	14	57	55	25	61	66	56	95	95
	50	28	52	56	92	27	38	12	21	54	96	16
	70	56	75	50	43	65	80	98	62	28	64	59
	27	13	28	67	32	62	64	31	28	11	79	91
	41	38	50	73	85	44	44	81	94	92	11	74
	31	27	24	18	19	98	83	72	77	92	59	81
	85	62	20	67	27	34	18	83	69	60	75	61
	58	86	78	57	51	51	14	81	65	32	83	94
	63	50	73	58	87	30	68	62	20	38	25	52
	45	25	84	55	80	62	23	34	88	87	69	93
	28	33	45	35	85	42	79	35	23	63	47	83
	62	56	48	92	12	31	41	78	83	36	89	68
	16	30	74	55	51	18	77	81	57	12	90	33
	56	66	31	55	19	52	71	51	89	18	82	56
	49	26	29	67	36	75	49	60	33	11	90	20
	11	92	88	24	54	54	47	35	10	50	21	54
	67	38	91	39	43	68	42	59	99	46	71	87
	62	49	99	71	70	11	38	53	82	60	42	58
	45	97	86	54	15	59	63	72	65	11	47	30
	39	17	42	56	40	78	70	65	74	94	66	39
	77	86	73	23	29	63	71	55	62	32	42	25
	84	28	12	53	75	78	19	23	98	61	93	53
	56	31	95	67	55	26	59	61	77	12	13	74

	71	66	29	48	51	72	86	39	14	83	23	77
	82	99	24	84	10	90	54	47	66	69	33	53
	50	73	86	63	75	50	10	93	82	34	47	58
	83	63	77	73	50	69	48	80	49	61	28	46
	35	13	60	89	79	74	74	21	75	10	59	15
	83	34	73	20	76	41	18	30	41	84	10	95
	58	90	78	38	88	27	57	56	92	14	70	95
	28	25	45	77	63	31	89	88	64	93	57	80
	87	43	10	59	51	71	36	15	50	86	40	92
	13	16	71	56	55	13	59	43	78	42	29	84
	94	14	82	24	98	45	45	54	66	25	78	11
	40	97	59	16	31	57	84	62	99	88	38	96
	67	63	68	95	55	93	16	50	14	77	80	54
	14	83	26	100	72	98	85	70	25	48	75	11
	34	48	78	61	51	90	26	46	69	41	85	31
	72	84	28	88	81	74	83	39	44	33	43	68
	42	56	96	38	80	35	77	17	93	51	24	53
	74	53	54	44	73	79	42	51	89	59	82	42
	86	14	74	79	54	77	11	98	23	58	72	17
	42	23	82	18	64	41	57	71	72	73	51	68
	94	36	12	64	45	65	90	27	38	46	69	60
	61	66	93	64	76	53	33	30	57	23	81	26
	85	14	91	81	40	36	17	75	17	66	78	93
	97	38	53	18	61	31	93	30	52	15	18	42
	18	51	68	21	65	31	22	75	84	58	38	68
	30	81	31	65	23	40	29	57	73	73	88	70
	36	20	96	67	92	87	43	72	81	53	96	65
	33	87	73	61	17	91	48	39	43	12	10	84
	55	72	83	40	25	84	40	38	83	45	66	69
	13	55	46	30	79	85	98	53	20	81	21	47

	45	55	49	55	45	77	25	66	17	76	93	28
	92	28	96	33	72	19	76	27	12	54	86	77
	20	91	13	33	96	33	32	62	12	63	32	16
	87	60	17	58	92	68	42	44	12	64	81	86
	57	22	88	41	27	86	78	30	33	13	16	38
	99	37	90	88	28	11	85	98	87	21	72	20
	93	34	13	20	22	100	26	27	15	62	40	94
	23	96	38	34	39	82	10	12	38	45	85	85
	78	35	94	41	90	59	89	92	90	98	100	64
	62	84	48	88	50	45	56	27	36	63	74	75
	84	47	38	49	82	36	20	26	18	80	94	80
	95	18	98	81	74	80	67	23	78	51	66	20
	92	37	39	78	61	30	46	60	51	52	88	97
	18	25	50	49	48	42	11	99	91	18	66	43
	98	65	16	60	87	95	84	13	56	97	16	90
	48	62	52	100	42	92	12	53	91	97	12	96
	25	15	62	68	19	19	81	82	71	94	98	84
	80	12	42	32	29	38	47	94	13	49	41	89
	43	27	98	59	61	11	55	15	71	22	88	52
	27	45	21	82	28	62	52	99	31	40	56	68
	32	31	70	16	84	70	79	40	79	79	42	11
	86	89	31	56	29	41	91	61	33	57	52	87
	70	84	43	44	34	92	41	56	69	55	41	32
	24	62	91	66	20	83	10	78	93	56	81	26
	18	52	67	15	27	46	71	79	43	74	66	94
	85	96	87	83	26	84	92	50	39	45	83	33
	46	24	25	75	80	63	71	99	24	15	37	91
	34	39	75	46	61	67	16	97	80	78	41	78
	29	41	83	22	81	21	27	49	49	53	78	34
	69	21	44	24	56	50	22	11	12	54	95	69

	58	29	42	95	96	12	99	65	33	28	82	100
	70	64	27	65	51	84	97	63	90	39	59	60
	47	19	33	61	39	71	68	81	75	38	27	81
	73	34	82	84	47	55	43	91	52	76	72	48
	15	30	23	66	98	77	57	51	57	12	80	70
	80	20	91	85	46	47	82	27	52	67	72	32
	32	46	68	21	13	22	74	80	39	78	85	99
	82	64	20	54	40	65	37	24	37	72	62	48
	37	27	68	37	75	87	83	79	86	57	39	83
	83	87	18	34	28	69	20	42	31	50	60	81
	86	70	51	72	100	47	73	78	74	41	42	68
	28	53	35	23	22	66	98	77	39	54	46	81
	19	87	32	91	94	95	77	49	61	64	91	21
	32	12	98	91	74	71	100	35	29	43	95	11
	54	51	66	35	92	47	27	47	90	66	51	25
	39	17	81	29	73	13	49	21	15	96	65	29
	71	51	55	30	47	49	61	31	57	95	50	60
	70	48	42	56	92	61	17	14	96	52	73	52
	58	59	45	95	74	56	44	27	15	93	46	16
	66	68	28	52	27	59	85	11	77	50	87	26
	50	85	84	17	13	98	50	43	31	69	37	66
	62	38	93	46	42	29	81	96	19	31	78	98
	17	93	73	18	79	70	68	81	40	60	51	12
	28	64	22	37	77	22	83	33	30	91	37	81
	51	46	56	71	90	32	93	74	11	85	97	26
	64	80	87	96	86	60	60	63	60	60	61	62
	98	56	84	65	82	79	85	22	16	83	71	22
	55	27	35	64	88	36	42	92	39	61	32	65
	84	41	70	55	11	72	94	47	36	86	91	100
	67	49	20	87	57	69	42	96	88	18	70	22

	69	91	49	61	50	71	86	43	20	33	65	82
	81	12	88	15	25	78	91	43	15	95	41	97
	82	82	56	52	50	76	82	29	86	62	86	84
	49	74	94	30	21	99	18	42	30	72	68	33
	27	70	94	65	60	57	94	45	78	92	35	80
	73	19	24	21	92	48	92	74	45	54	29	44
	80	32	55	68	84	99	74	99	29	43	50	32
	20	54	31	44	68	77	44	33	77	26	16	98
	28	84	41	91	14	66	28	44	66	75	16	84
	57	83	46	41	85	75	71	25	80	49	66	42
	92	77	86	23	34	88	21	27	98	92	38	18
	11	38	99	55	31	40	24	97	36	25	97	78
	16	78	36	85	63	72	88	90	25	90	10	55
	71	38	82	38	80	25	71	80	34	47	21	44
	85	65	87	69	86	24	82	50	42	91	34	57
	68	93	63	92	51	75	73	43	59	38	36	21
	96	40	65	32	86	71	82	92	26	55	86	75
	81	10	95	17	71	54	17	14	48	25	26	34
	82	80	75	22	36	18	70	94	56	60	32	76
	89	45	39	40	76	31	52	37	84	49	84	77
	16	61	20	53	52	90	78	51	93	16	59	32
	15	37	29	25	28	78	84	96	77	21	76	68
	10	61	18	20	40	38	34	22	38	90	31	42
	27	57	59	68	37	98	38	18	92	33	19	22
	81	40	89	85	68	81	84	31	30	35	69	11
	25	56	77	98	88	27	83	95	97	13	48	91
	44	39	100	26	32	45	30	25	75	12	87	48
	35	96	33	76	27	83	60	79	71	99	86	78
	17	75	80	92	60	97	73	74	22	71	94	58
	51	13	37	88	89	11	82	24	84	45	11	25

	52	35	77	16	14	27	13	65	66	100	17	19
	67	56	30	75	80	99	54	42	89	45	38	75
	70	46	52	41	26	85	20	40	76	68	10	88
	81	67	71	61	29	85	37	72	72	12	68	82
	85	43	14	97	93	79	15	92	41	82	56	89
	51	22	54	49	46	29	64	88	61	80	32	98
	62	67	64	56	22	65	100	29	44	29	30	92
	55	16	16	42	65	32	19	26	73	50	31	96
	59	35	20	40	31	26	87	25	63	86	86	69
	68	23	57	24	56	54	37	48	75	59	73	15
	48	40	70	52	88	87	100	78	12	25	55	21
	19	80	97	50	80	83	100	41	80	43	73	58
	25	45	11	14	80	81	59	68	16	68	90	28
	16	25	70	57	87	43	51	97	59	63	48	31
	13	76	83	96	82	45	62	97	22	19	50	63
	23	95	10	30	52	40	12	84	13	92	41	41
	89	12	12	100	77	58	71	60	54	99	72	53
	85	35	39	99	35	91	34	31	96	28	27	46
	84	18	50	75	87	74	51	66	67	69	46	62
	75	58	36	75	82	63	88	11	28	16	12	65
	15	57	29	99	75	61	16	69	41	31	42	51
	98	82	35	25	51	18	12	35	72	92	72	30
	59	10	83	72	12	90	79	17	40	72	82	40
	30	86	79	85	45	21	88	31	46	83	59	64
	96	70	97	28	58	98	22	11	96	25	88	75
	15	47	96	82	40	99	35	22	70	84	34	13
	81	85	36	66	27	87	49	99	60	76	51	56
	69	92	12	85	85	77	23	81	87	56	84	73
	94	95	86	81	23	85	29	69	45	99	65	58
	29	85	73	75	51	39	81	29	99	88	39	14

