***** PARAMETERS PRP *****

Number of Customers = 30
Number of Products = 10
Number of Vehicles = 5
Number of Periods = 12

B = Production capacity
	49201

b_p = Time required to produce item p
 	1	1	1	1	1	1	1	1	1	1

c_p = Production cost of item p
 	80	30	30	30	80	80	80	30	80	30

s_p = Setup cost of item p
 	800	300	300	300	800	800	800	300	800	300

M = Big number
	196804

U_pi = Maximum inventory upper bound of item p at site i
 	196804	198	276	124	141	128	93	113	142	258	170	195	160	110	213	238	199	223	219	109	185	333	99	119	115	174	160	188	125	235	108
	196804	217	186	115	175	314	259	223	153	133	239	98	121	273	117	239	278	88	229	148	185	222	109	125	253	182	308	94	288	103	254
	196804	105	165	188	124	337	198	132	100	269	95	174	162	98	256	92	348	146	256	176	166	204	202	226	142	218	104	246	244	201	98
	196804	245	227	163	214	264	128	259	311	117	261	213	201	190	218	240	195	207	285	169	308	310	275	253	255	169	190	164	134	147	193
	196804	277	277	107	112	226	202	216	218	173	177	256	223	108	273	243	152	293	284	139	271	207	206	104	208	218	188	236	336	226	122
	196804	217	246	166	293	236	325	149	210	106	98	166	167	151	215	94	176	237	199	195	191	292	104	161	329	232	303	112	245	109	215
	196804	151	250	264	161	324	115	162	200	130	315	293	85	115	108	122	232	117	282	168	150	272	116	170	262	197	260	303	168	101	243
	196804	164	240	209	202	83	216	105	219	205	132	135	301	219	155	264	255	159	179	228	151	276	120	176	148	127	155	136	202	125	259
	196804	123	227	229	230	104	201	205	103	107	112	202	179	99	201	231	241	266	153	199	226	186	229	218	107	119	258	194	261	154	181
	196804	201	105	95	243	111	311	204	265	255	291	119	201	303	93	178	203	176	107	120	87	205	128	224	165	214	287	242	276	186	101

I_pi0 = Initial inventory of item p at site i
 	0	77	181	99	140	99	33	36	62	176	29	137	114	36	45	144	20	130	98	57	116	113	62	81	87	165	155	86	119	24	39
	0	180	157	61	146	207	69	198	76	98	35	35	76	144	64	205	132	79	74	49	18	96	94	88	237	167	48	56	111	55	103
	0	71	122	57	93	283	167	132	98	136	92	92	146	93	62	64	175	67	205	113	18	165	166	95	129	175	96	82	92	167	47
	0	127	89	83	160	78	62	154	282	103	40	24	151	16	161	26	132	148	212	148	84	99	154	112	174	94	180	59	97	145	170
	0	121	58	42	71	145	154	48	208	157	13	222	97	65	261	103	126	256	48	139	136	145	183	93	125	134	132	208	266	173	80
	0	39	153	71	248	36	70	135	85	18	78	104	88	87	93	82	164	98	77	83	163	22	95	30	72	153	208	112	128	28	126
	0	22	145	168	28	189	56	133	111	53	155	95	38	47	95	47	25	110	150	156	49	108	68	65	138	156	176	224	120	10	188
	0	94	205	34	108	48	96	55	119	127	94	127	283	144	136	202	211	104	131	173	46	21	87	62	81	69	131	24	14	121	65
	0	75	214	135	120	41	181	201	60	104	111	143	142	49	110	120	80	213	87	138	125	38	169	35	53	96	218	158	202	137	175
	0	182	73	69	103	64	154	41	59	206	36	97	139	94	88	159	154	144	27	98	32	102	45	127	97	41	266	121	90	95	77

h_pi = Inventory cost of item p at site i
 	8	1	6	5	9	6	4	4	1	2	4	3	5	2	7	9	4	4	8	5	9	2	3	1	9	3	8	7	6	6	7
	3	7	8	2	6	9	4	9	7	6	8	7	6	2	9	7	8	5	8	9	6	7	9	2	1	4	3	3	3	1	8
	3	4	8	9	2	9	5	9	3	5	3	7	7	1	1	7	1	6	4	6	7	7	8	3	7	5	4	2	8	6	7
	3	9	6	9	5	4	1	3	5	7	9	1	1	2	1	1	5	2	9	2	1	9	1	1	1	8	8	6	8	6	6
	8	4	8	7	8	7	1	3	4	4	6	4	6	3	2	4	6	9	3	8	8	6	4	1	9	3	1	4	1	2	5
	8	7	9	5	4	5	8	3	2	5	9	5	7	2	1	7	9	7	5	1	2	5	7	6	4	5	5	3	2	8	7
	8	8	4	1	9	4	4	3	4	9	8	5	9	4	1	7	1	6	9	2	8	4	3	4	6	7	5	9	3	1	1
	3	5	8	4	7	4	1	5	5	1	1	3	6	9	9	9	6	2	7	9	2	8	8	5	2	1	3	1	6	9	8
	8	6	8	1	7	5	2	2	9	6	1	1	1	1	9	1	6	6	7	4	5	4	7	2	9	5	7	3	8	7	4
	3	2	2	1	2	1	1	3	9	5	3	9	3	2	7	1	8	5	3	3	1	5	5	5	8	7	9	6	2	6	1

C = Vehicle capacity
	3480

f = Fixed transportation cost
	157635

a_ik = Transportation cost for traveling from node i to node k
 	0	1555	965	730	1035	1705	2415	1400	2355	3070	2900	2865	1735	1670	3325	2410	3740	1440	2450	2335	850	3345	3330	500	2635	2050	2840	1220	3630	3560	1925
	1555	0	780	1890	1020	575	1930	1085	1315	1805	1585	2570	685	750	2005	1385	2655	1235	1265	780	1860	2750	2840	1265	1090	635	1755	570	2430	3155	1905
	965	780	0	1535	305	1200	2385	1340	1410	2105	1935	2210	1285	710	2365	2040	2810	700	1490	1505	1575	2570	2595	920	1750	1125	1895	830	2680	2875	2135
	730	1890	1535	0	1690	1810	2065	1260	2930	3595	3400	3580	1790	2225	3830	2310	4340	2120	2985	2630	175	4040	4035	640	2970	2480	3420	1385	4190	4270	1455
	1035	1020	305	1690	0	1490	2685	1635	1345	2085	1940	1950	1575	710	2350	2330	2710	445	1470	1690	1755	2355	2370	1125	1890	1235	1820	1130	2620	2630	2420
	1705	575	1200	1810	1490	0	1365	690	1850	2235	2000	3140	115	1320	2400	845	3125	1775	1760	925	1730	3310	3405	1285	1290	1095	2255	490	2865	3725	1425
	2415	1930	2385	2065	2685	1365	0	1070	3210	3520	3285	4485	1250	2675	3640	850	4425	3045	3105	2120	1900	4675	4765	1925	2445	2435	3595	1560	4140	5085	680
	1400	1085	1340	1260	1635	690	1070	0	2390	2865	2640	3510	620	1755	3050	1060	3735	2025	2345	1610	1145	3780	3845	910	1975	1700	2835	560	3500	4145	835
	2355	1315	1410	2930	1345	1850	3210	2390	0	765	675	1505	1965	710	1040	2535	1410	1065	240	1280	2960	1490	1615	2305	1190	790	490	1845	1280	1955	3215
	3070	1805	2105	3595	2085	2235	3520	2865	765	0	240	1905	2340	1400	280	2740	915	1825	620	1410	3600	1600	1795	2955	1130	1175	435	2370	635	2130	3655
	2900	1585	1935	3400	1940	2000	3285	2640	675	240	0	1990	2105	1240	435	2510	1150	1720	480	1175	3400	1755	1935	2760	905	955	515	2150	865	2275	3425
	2865	2570	2210	3580	1950	3140	4485	3510	1505	1905	1990	0	3255	1825	2120	3925	1755	1515	1725	2760	3675	680	545	3065	2690	2225	1485	2960	1955	700	4330
	1735	685	1285	1790	1575	115	1250	620	1965	2340	2105	3255	0	1435	2500	760	3230	1875	1875	1010	1705	3425	3520	1290	1375	1205	2365	525	2970	3840	1325
	1670	750	710	2225	710	1320	2675	1755	710	1400	1240	1825	1435	0	1660	2115	2120	635	780	1125	2250	2030	2105	1595	1250	590	1195	1195	1975	2415	2585
	3325	2005	2365	3830	2350	2400	3640	3050	1040	280	435	2120	2500	1660	0	2840	865	2100	885	1525	3830	1750	1955	3190	1210	1380	685	2575	520	2275	3820
	2410	1385	2040	2310	2330	845	850	1060	2535	2740	2510	3925	760	2115	2840	0	3655	2610	2395	1335	2180	4020	4140	1935	1635	1750	2870	1260	3345	4470	1305
	3740	2655	2810	4340	2710	3125	4425	3735	1410	915	1150	1755	3230	2120	865	3655	0	2355	1395	2320	4370	1180	1400	3710	2035	2040	925	3210	370	1660	4535
	1440	1235	700	2120	445	1775	3045	2025	1065	1825	1720	1515	1875	635	2100	2610	2355	0	1240	1750	2195	1920	1930	1565	1875	1225	1500	1490	2300	2190	2830
	2450	1265	1490	2985	1470	1760	3105	2345	240	620	480	1725	1875	780	885	2395	1395	1240	0	1100	3000	1650	1800	2350	970	670	500	1815	1210	2140	3155
	2335	780	1505	2630	1690	925	2120	1610	1280	1410	1175	2760	1010	1125	1525	1335	2320	1750	1100	0	2580	2750	2890	2025	365	560	1550	1250	2025	3230	2320
	850	1860	1575	175	1755	1730	1900	1145	2960	3600	3400	3675	1705	2250	3830	2180	4370	2195	3000	2580	0	4110	4115	660	2925	2470	3445	1335	4205	4365	1285
	3345	2750	2570	4040	2355	3310	4675	3780	1490	1600	1755	680	3425	2030	1750	4020	1180	1920	1650	2750	4110	0	225	3475	2590	2275	1250	3220	1450	535	4610
	3330	2840	2595	4035	2370	3405	4765	3845	1615	1795	1935	545	3520	2105	1955	4140	1400	1930	1800	2890	4115	225	0	3490	2750	2395	1425	3285	1670	345	4675
	500	1265	920	640	1125	1285	1925	910	2305	2955	2760	3065	1290	1595	3190	1935	3710	1565	2350	2025	660	3475	3490	0	2355	1845	2790	810	3555	3745	1465
	2635	1090	1750	2970	1890	1290	2445	1975	1190	1130	905	2690	1375	1250	1210	1635	2035	1875	970	365	2925	2590	2750	2355	0	665	1350	1595	1720	3095	2680
	2050	635	1125	2480	1235	1095	2435	1700	790	1175	955	2225	1205	590	1380	1750	2040	1225	670	560	2470	2275	2395	1845	665	0	1165	1200	1805	2735	2500
	2840	1755	1895	3420	1820	2255	3595	2835	490	435	515	1485	2365	1195	685	2870	925	1500	500	1550	3445	1250	1425	2790	1350	1165	0	2300	805	1770	3650
	1220	570	830	1385	1130	490	1560	560	1845	2370	2150	2960	525	1195	2575	1260	3210	1490	1815	1250	1335	3220	3285	810	1595	1200	2300	0	2995	3590	1395
	3630	2430	2680	4190	2620	2865	4140	3500	1280	635	865	1955	2970	1975	520	3345	370	2300	1210	2025	4205	1450	1670	3555	1720	1805	805	2995	0	1960	4285
	3560	3155	2875	4270	2630	3725	5085	4145	1955	2130	2275	700	3840	2415	2275	4470	1660	2190	2140	3230	4365	535	345	3745	3095	2735	1770	3590	1960	0	4970
	1925	1905	2135	1455	2420	1425	680	835	3215	3655	3425	4330	1325	2585	3820	1305	4535	2830	3155	2320	1285	4610	4675	1465	2680	2500	3650	1395	4285	4970	0

coordXY = Coordinates (x,y): line zero => x line one => y column => customers
 	3	289	135	21	95	343	422	267	275	405	406	40	349	219	455	478	383	94	321	432	50	148	104	94	468	336	319	246	430	58	288
	291	413	431	147	476	312	51	198	675	754	707	862	290	545	778	211	935	564	663	474	128	944	949	252	537	530	762	308	878	1000	33

d_pit = Demand of item p at customer i in period t
 	32	45	44	18	65	91	15	28	83	25	80	68
	60	58	63	93	93	46	51	97	17	51	100	100
	99	27	35	74	63	69	11	88	84	84	92	15
	45	73	22	49	73	14	72	86	13	62	11	44
	99	54	61	37	94	65	35	97	96	73	45	13
	33	27	86	73	49	26	10	24	62	64	83	18
	36	38	14	50	85	34	46	43	17	18	53	17
	47	15	70	23	26	100	21	48	65	65	76	11
	39	57	80	74	73	75	96	82	43	14	70	71
	29	32	35	11	70	27	46	65	56	30	56	52
	48	89	62	24	49	97	50	46	88	59	73	95
	68	46	99	39	24	50	25	14	28	99	84	62
	36	84	42	53	23	87	100	41	50	55	29	59
	45	16	83	43	74	21	78	66	18	27	73	96
	80	22	42	74	28	56	94	82	39	24	88	84
	20	61	57	71	26	40	93	14	44	87	51	33
	32	14	84	90	13	96	36	41	11	76	13	28
	98	40	73	47	20	87	17	81	40	65	48	40
	14	43	43	52	13	11	79	49	37	16	41	39
	74	42	71	50	43	73	92	36	78	79	91	12
	30	83	97	34	44	98	87	74	68	60	63	61
	62	86	26	76	21	23	30	42	69	55	18	86
	33	48	84	22	75	43	98	21	18	97	91	86
	20	67	15	70	67	61	87	84	80	41	70	25
	57	11	97	83	17	91	85	26	63	61	27	79
	65	70	20	52	81	55	47	15	77	22	72	63
	86	71	73	48	39	65	51	84	44	90	22	80
	55	64	45	96	54	63	81	69	69	31	63	60
	24	28	28	85	13	46	64	85	73	12	40	66
	39	49	14	21	36	59	93	76	60	66	74	58

	40	71	69	73	83	83	51	59	17	22	51	33
	80	77	76	41	85	16	27	30	21	25	53	28
	61	59	23	85	20	72	77	45	98	75	38	39
	15	89	42	34	17	56	43	53	57	30	36	54
	96	33	78	47	39	86	82	67	47	82	36	60
	69	16	39	63	37	76	32	94	27	43	70	56
	22	86	90	11	64	25	27	31	16	13	74	76
	18	58	84	43	43	37	12	59	90	84	21	63
	98	46	69	62	68	67	88	71	79	43	80	25
	35	96	77	56	78	12	30	49	73	98	19	95
	12	23	81	73	61	27	16	29	50	90	41	84
	76	78	28	58	45	67	89	78	38	19	63	87
	90	54	61	96	40	46	31	88	96	86	73	57
	64	35	84	91	28	97	11	96	12	94	51	37
	84	53	68	20	67	59	91	34	53	13	96	80
	21	74	37	45	96	82	76	74	51	10	68	32
	40	39	68	41	12	37	28	95	23	16	92	35
	44	30	78	41	85	62	66	42	49	79	67	43
	49	18	20	14	73	32	47	74	30	25	37	26
	18	91	14	81	81	46	94	56	14	83	93	70
	96	59	24	58	46	16	85	57	26	56	95	47
	94	36	95	71	65	11	14	36	63	91	41	37
	88	88	69	98	15	87	72	51	21	40	23	96
	78	62	97	86	32	83	24	32	82	52	63	67
	85	82	23	42	44	18	15	25	73	29	35	75
	48	100	20	46	88	14	95	96	86	89	21	37
	26	30	65	14	50	24	97	78	42	34	63	42
	44	67	83	66	73	67	95	94	80	64	49	83
	12	43	83	57	93	51	20	78	56	34	59	34
	14	89	21	66	56	47	77	23	60	15	42	99

	45	26	90	45	62	54	81	13	24	91	31	67
	75	47	55	29	45	75	30	49	72	81	75	28
	57	53	42	46	18	52	21	57	81	50	64	23
	62	14	17	11	31	54	57	76	29	34	83	28
	60	93	80	50	55	37	76	24	79	91	79	85
	78	17	22	50	94	45	51	63	64	51	30	29
	49	13	70	64	69	16	17	53	61	35	52	27
	98	14	22	37	37	76	43	57	68	91	19	39
	76	60	46	65	52	40	60	78	43	44	44	38
	92	84	60	11	28	14	99	46	64	15	12	45
	65	27	38	65	13	80	83	60	15	48	14	15
	36	53	57	80	44	59	54	59	99	11	74	23
	29	39	25	79	74	24	94	20	64	54	55	31
	62	64	77	33	100	15	93	57	90	94	66	17
	34	30	57	25	83	59	56	11	31	44	88	32
	60	71	44	39	91	93	79	68	76	82	95	37
	57	10	11	33	62	34	60	97	22	47	56	94
	34	84	87	36	11	19	23	74	75	40	67	64
	42	28	43	67	47	18	24	67	34	52	58	49
	18	26	76	49	55	48	20	65	57	20	46	18
	82	83	65	77	73	54	86	94	81	15	74	30
	93	50	23	85	63	69	94	64	88	33	88	56
	77	18	95	26	60	25	53	25	25	37	22	80
	76	53	39	81	12	11	34	59	19	43	47	95
	92	53	30	45	56	13	98	91	72	27	26	50
	96	18	48	43	83	14	77	48	96	41	17	40
	22	60	86	100	80	40	97	59	39	44	51	60
	56	36	58	87	57	29	42	81	94	50	100	41
	88	79	76	17	74	80	69	95	95	45	14	71
	47	63	56	15	42	58	58	19	32	67	93	38

	95	32	58	26	71	66	26	48	39	27	20	79
	29	31	29	96	86	15	93	14	12	17	84	38
	20	32	31	86	26	35	21	34	55	32	60	57
	85	52	23	89	72	18	32	33	40	48	79	71
	78	80	12	82	41	75	36	44	56	59	54	17
	46	16	64	47	37	50	74	22	40	18	58	41
	99	55	76	44	79	94	82	70	44	55	62	18
	35	92	91	64	98	23	89	62	35	85	62	11
	83	20	57	61	51	15	92	54	95	38	66	68
	40	29	18	26	80	34	93	89	58	29	33	97
	24	57	52	83	57	93	42	13	16	51	86	66
	17	74	60	98	49	98	75	19	69	73	73	98
	16	81	37	67	59	44	14	66	15	43	81	47
	42	98	21	56	15	90	33	69	31	80	49	69
	26	62	43	47	95	34	42	36	52	33	76	30
	69	63	62	76	42	28	21	92	11	11	80	30
	38	48	62	20	93	35	48	11	71	14	28	28
	24	91	97	22	60	51	39	18	58	95	73	56
	96	35	17	74	54	74	26	55	83	48	79	34
	24	60	89	85	53	77	49	73	38	67	50	75
	81	18	68	69	85	27	93	62	88	78	37	37
	55	99	62	48	25	61	98	42	29	77	38	27
	58	27	27	57	21	71	81	39	31	40	57	99
	21	73	80	54	27	12	59	73	75	79	34	25
	94	12	92	78	31	38	47	62	97	18	24	84
	86	94	41	27	66	74	95	73	14	79	49	60
	59	48	93	36	34	14	60	67	38	94	48	64
	97	94	37	49	99	68	57	66	46	63	45	85
	63	25	38	19	77	10	62	96	61	18	53	66
	50	28	92	39	10	19	41	55	89	68	13	75

	23	98	20	46	74	17	97	59	27	42	92	70
	58	25	60	11	78	23	91	83	72	58	49	56
	42	97	60	70	42	24	38	10	71	11	79	96
	36	35	92	23	69	37	63	65	82	19	73	78
	63	15	67	90	84	16	57	61	79	83	44	18
	40	56	58	56	40	50	14	55	24	91	24	99
	48	24	78	88	27	99	11	79	80	35	16	62
	61	65	82	66	33	28	21	25	13	91	99	71
	29	98	19	11	89	24	40	27	46	41	63	31
	13	86	96	31	90	27	21	33	28	17	41	48
	52	76	94	50	13	84	44	79	16	92	83	84
	97	78	58	25	49	86	55	78	10	31	70	32
	26	27	12	25	64	97	14	54	73	93	93	69
	62	49	62	88	68	89	31	53	53	10	46	45
	21	82	86	48	11	35	33	48	67	21	38	94
	52	32	42	54	40	56	49	11	17	23	65	14
	54	87	30	85	86	35	47	43	85	43	91	16
	48	93	51	69	36	94	21	31	80	43	28	87
	55	84	75	76	93	57	91	82	85	49	40	46
	13	70	53	93	92	77	14	57	50	44	56	31
	88	57	76	83	57	61	23	69	93	58	73	89
	60	43	80	81	83	45	10	95	86	94	75	71
	31	62	37	11	81	87	35	22	59	93	39	69
	76	49	89	77	17	66	21	36	75	17	29	73
	90	44	92	40	60	72	57	83	96	53	98	87
	67	65	63	62	13	74	99	60	68	70	86	24
	61	60	87	96	14	36	83	56	66	11	69	68
	78	80	90	18	61	89	68	43	76	23	92	89
	92	63	18	73	31	28	28	72	79	80	55	60
	80	77	19	89	58	19	72	54	51	100	95	18

	16	23	45	99	91	71	24	56	32	42	70	81
	92	49	12	84	76	45	32	24	92	43	97	91
	44	27	47	69	54	11	80	75	60	88	34	74
	63	95	90	44	39	10	40	23	57	84	71	86
	36	20	92	41	49	69	50	96	60	39	64	92
	12	58	55	98	97	51	98	80	94	22	66	50
	83	21	31	33	63	72	62	28	53	56	40	53
	85	36	72	11	82	16	18	21	58	75	60	95
	18	99	89	58	81	21	53	54	13	60	38	53
	78	30	19	24	23	50	96	28	99	11	32	97
	26	78	65	65	82	92	33	13	82	37	26	66
	33	11	14	30	61	37	93	97	61	87	74	71
	87	80	67	32	20	73	59	47	32	16	13	77
	40	53	66	56	66	32	48	45	35	86	55	64
	16	66	57	10	47	77	53	58	11	39	78	54
	20	79	65	60	54	76	70	78	98	18	50	35
	52	46	27	58	63	60	11	43	39	54	74	42
	77	66	76	74	34	15	61	28	20	81	21	43
	19	64	11	91	74	13	58	81	66	80	13	16
	91	36	36	88	64	28	62	15	68	82	96	99
	22	63	80	65	32	38	65	20	85	89	63	79
	84	11	44	46	15	99	80	44	35	82	60	23
	30	33	24	47	50	59	13	90	92	87	46	72
	72	12	96	95	35	72	21	89	31	96	88	83
	93	60	91	77	87	35	63	33	45	61	29	22
	81	59	68	79	80	18	83	25	99	17	26	93
	31	81	97	60	18	34	46	89	34	53	35	95
	73	35	20	83	30	80	37	90	82	80	99	27
	28	13	24	85	60	76	46	26	55	68	74	98
	69	33	24	59	24	15	26	24	14	96	50	82

	22	97	14	11	69	56	68	61	63	41	87	16
	57	29	17	42	79	69	20	64	46	79	74	25
	82	13	48	25	69	67	40	72	46	55	68	49
	28	70	85	15	23	45	56	68	75	83	59	37
	83	74	32	71	40	21	81	96	25	89	91	75
	56	48	21	72	96	29	67	96	13	37	85	69
	12	23	98	75	13	34	75	99	10	93	90	25
	70	41	42	82	75	43	35	33	79	39	17	43
	53	80	98	75	69	50	65	64	76	46	73	28
	90	42	23	80	94	74	31	81	64	56	92	28
	47	48	92	77	87	46	12	50	75	44	35	89
	12	26	86	11	77	34	37	26	18	82	24	79
	47	98	74	47	53	54	16	64	96	32	23	88
	95	34	32	88	20	62	40	68	30	89	14	76
	47	83	48	83	85	39	54	61	68	74	26	66
	25	84	41	83	42	60	75	54	65	88	61	19
	58	52	94	50	55	83	98	56	15	17	85	37
	14	17	93	26	75	77	41	62	61	95	30	85
	68	33	55	31	75	49	78	78	46	18	89	51
	49	91	49	39	47	36	77	27	87	27	41	30
	34	74	46	22	62	60	52	82	90	31	50	50
	68	78	21	39	13	13	29	35	52	86	15	16
	32	33	49	91	53	73	97	44	46	47	92	23
	22	44	72	37	57	48	85	41	70	66	46	40
	27	46	83	94	67	39	64	45	30	23	13	59
	25	65	86	17	99	32	11	20	62	98	24	86
	76	27	74	47	67	64	89	63	92	88	22	18
	55	65	42	83	15	45	70	92	62	35	62	46
	10	13	78	97	37	14	83	63	43	87	66	17
	88	100	78	81	63	23	35	57	52	46	81	26

	94	94	82	81	34	15	44	42	39	15	81	33
	58	77	70	49	86	63	61	68	44	22	81	40
	34	65	28	86	25	80	58	29	17	69	79	57
	58	18	32	32	63	32	37	49	56	50	33	24
	48	48	28	46	31	83	22	42	35	26	36	53
	32	64	58	48	73	20	72	75	47	56	57	45
	55	80	19	50	82	64	58	13	82	69	41	16
	33	14	53	19	10	53	24	91	42	99	55	33
	20	52	55	44	98	74	64	17	24	85	15	67
	94	98	92	56	78	45	70	51	96	15	48	50
	98	29	65	17	41	25	64	48	20	74	39	19
	95	16	95	77	87	62	80	80	29	12	57	33
	32	44	68	45	69	58	19	75	31	87	99	29
	80	56	43	63	66	23	15	72	44	73	39	45
	100	52	50	56	88	63	86	44	69	18	82	83
	95	18	14	84	85	53	70	74	67	85	91	29
	64	11	29	88	80	69	38	41	35	80	15	85
	45	86	53	97	36	19	24	34	39	14	37	52
	76	97	83	48	38	94	37	72	23	60	11	46
	46	32	12	22	25	40	77	13	23	50	27	85
	21	63	96	57	23	41	85	80	84	44	51	18
	87	48	41	76	90	24	75	35	78	68	24	73
	62	61	53	76	31	96	33	55	88	31	66	52
	81	89	18	24	36	62	76	17	49	79	51	11
	69	82	29	43	46	82	26	88	85	79	96	37
	61	60	10	53	27	36	100	40	13	92	96	33
	24	24	50	42	16	62	84	11	40	85	89	17
	14	55	86	100	90	65	79	45	33	95	67	79
	30	91	78	13	82	87	79	44	22	62	83	76
	65	25	90	24	10	85	69	54	79	80	99	96

	75	95	80	80	31	54	33	63	42	71	25	87
	99	33	82	11	71	59	56	36	11	42	13	32
	42	93	44	64	63	54	51	37	20	78	81	61
	15	75	30	49	30	61	15	45	73	10	83	66
	41	72	95	23	77	58	52	11	38	21	47	89
	38	27	43	73	56	56	50	45	14	97	70	35
	99	91	11	71	69	87	94	80	39	48	82	47
	60	93	52	13	90	25	48	11	54	34	69	70
	37	67	46	20	69	32	41	19	87	76	86	63
	86	25	81	48	34	20	80	48	54	26	78	91
	44	41	58	11	79	35	78	52	30	35	72	70
	15	58	69	68	80	49	37	58	51	87	92	50
	49	51	69	28	16	24	31	56	74	82	68	47
	46	64	69	41	16	42	45	18	99	19	98	46
	61	59	15	43	11	71	35	57	92	24	62	25
	80	10	92	79	20	97	99	89	18	30	18	92
	68	83	62	97	89	33	30	92	15	82	91	56
	87	74	35	24	33	81	58	25	85	45	14	51
	94	32	12	98	96	97	18	92	97	22	45	94
	29	29	67	30	73	55	29	45	80	15	78	13
	38	96	28	67	22	23	67	39	88	10	55	25
	92	77	72	17	75	23	54	63	19	39	88	68
	35	21	73	20	93	89	49	58	35	70	91	19
	53	98	16	56	38	76	81	24	24	33	94	46
	96	98	75	62	27	52	34	82	92	18	38	41
	98	64	56	63	13	13	95	92	19	65	15	26
	96	62	56	44	98	82	24	60	11	48	100	93
	73	77	52	85	44	90	57	54	64	48	59	79
	72	20	20	25	42	12	86	40	76	98	40	83
	82	47	46	58	78	41	48	69	87	46	27	94

	59	47	76	20	16	15	60	57	52	16	53	12
	73	99	65	12	94	68	17	11	54	30	35	70
	10	59	77	67	50	99	33	18	28	57	13	61
	28	75	49	85	77	61	45	17	95	97	28	72
	64	82	17	44	88	16	87	81	33	77	10	68
	70	84	98	18	14	90	22	95	59	41	57	98
	41	50	78	24	77	13	11	82	21	64	78	74
	59	44	97	67	65	86	46	81	35	66	68	81
	94	18	65	29	79	18	56	65	26	61	67	33
	36	38	26	73	29	86	50	99	94	31	73	64
	97	52	53	11	93	53	44	63	46	91	42	66
	41	19	61	18	13	99	92	80	39	45	15	82
	94	97	58	48	60	82	21	69	56	73	56	13
	78	10	25	31	49	93	37	44	54	51	70	14
	68	43	48	98	43	31	89	91	27	27	75	73
	62	92	38	58	44	26	28	43	34	77	28	80
	54	47	43	60	36	49	36	25	13	63	24	78
	27	26	69	89	36	14	73	60	66	92	61	26
	65	33	54	76	49	92	46	85	75	39	72	34
	22	10	28	38	18	68	86	59	58	32	48	55
	90	12	95	60	81	83	94	47	44	66	82	67
	14	31	32	21	59	71	20	12	47	58	67	81
	42	85	72	64	22	74	67	64	17	61	83	21
	97	65	94	94	46	12	46	25	37	28	86	28
	41	23	85	53	46	84	70	97	24	19	50	49
	90	89	87	50	82	35	89	85	44	95	62	52
	71	34	16	26	74	51	28	50	57	88	52	33
	51	39	82	13	89	75	67	59	48	24	73	43
	54	41	58	94	40	96	64	28	46	60	99	64
	23	54	84	42	79	57	24	26	46	64	88	20

