***** PARAMETERS PRP *****

Number of Customers = 30
Number of Products = 10
Number of Vehicles = 5
Number of Periods = 12

B = Production capacity
	49401

b_p = Time required to produce item p
 	1	1	1	1	1	1	1	1	1	1

c_p = Production cost of item p
 	80	30	30	30	30	30	80	80	30	30

s_p = Setup cost of item p
 	800	300	300	300	300	300	800	800	300	300

M = Big number
	197602

U_pi = Maximum inventory upper bound of item p at site i
 	197602	106	155	268	127	324	115	225	83	123	170	105	257	313	179	219	314	157	160	102	160	115	187	218	186	248	278	103	293	115	290
	197602	204	167	278	292	250	123	226	328	166	156	151	223	252	115	174	174	117	137	270	246	111	115	163	234	109	300	312	96	115	316
	197602	145	331	119	154	129	176	253	279	297	110	229	129	222	96	226	225	132	205	227	294	248	234	291	231	220	130	101	102	303	160
	197602	104	220	180	114	224	134	118	204	214	260	102	366	166	107	186	231	119	153	197	149	228	299	91	166	113	250	233	195	239	213
	197602	255	122	283	236	101	277	280	152	206	198	180	260	351	296	145	146	151	233	124	254	180	120	171	216	137	298	204	220	156	230
	197602	256	209	207	251	161	261	158	163	103	127	178	119	249	206	228	132	106	103	87	241	116	113	303	103	122	201	231	316	282	237
	197602	356	312	274	231	196	128	198	89	82	93	155	196	85	141	107	176	200	259	305	176	105	225	211	159	326	326	242	299	192	270
	197602	88	230	128	120	206	106	170	184	185	201	123	253	181	323	165	226	232	117	229	274	218	94	165	161	236	235	236	264	152	119
	197602	243	195	262	211	213	265	91	93	225	196	101	128	112	231	225	97	209	220	191	197	249	229	282	171	236	133	286	134	128	129
	197602	254	154	113	96	227	244	223	254	216	247	139	295	205	325	91	343	295	160	171	263	107	322	152	113	300	191	260	152	96	290

I_pi0 = Initial inventory of item p at site i
 	0	99	119	83	125	240	78	42	35	83	162	60	110	179	66	50	296	156	130	22	76	63	180	195	117	105	220	89	112	12	22
	0	196	100	113	195	216	90	148	191	143	106	93	154	168	24	117	166	76	90	76	207	93	71	148	22	103	13	232	86	92	95
	0	105	86	81	70	100	56	87	132	248	85	161	92	15	64	176	111	74	144	151	153	90	92	203	165	99	77	90	38	149	102
	0	100	213	172	70	22	134	73	142	188	98	93	87	97	80	113	216	73	120	107	92	203	24	85	51	76	240	165	165	215	20
	0	171	120	68	53	39	170	87	56	204	26	162	250	218	13	124	87	88	70	98	129	97	113	116	74	40	207	190	140	35	68
	0	54	177	147	60	70	74	32	76	90	37	141	91	10	190	28	98	90	20	68	42	85	100	229	38	122	163	209	209	167	33
	0	168	225	263	26	141	86	84	69	0	48	120	143	0	81	22	129	77	87	219	105	95	131	52	38	73	101	24	200	113	79
	0	71	185	88	97	162	67	115	168	63	154	71	210	91	39	67	158	200	29	91	44	111	0	111	94	81	178	25	216	81	24
	0	227	158	215	139	69	93	46	0	51	150	64	98	74	150	168	90	104	185	79	52	242	201	131	100	35	88	68	117	63	92
	0	184	126	87	82	198	58	63	193	174	172	96	40	159	257	62	337	83	116	81	12	100	76	122	81	140	159	216	51	31	244

h_pi = Inventory cost of item p at site i
 	8	5	8	3	7	6	9	8	2	1	4	7	4	7	8	6	5	9	8	4	2	3	4	5	4	1	5	6	4	3	5
	3	3	6	5	9	6	4	1	8	7	6	4	2	3	9	1	5	9	9	6	5	4	2	8	1	7	1	7	8	6	1
	3	9	8	4	9	4	9	3	5	8	4	2	7	4	3	8	2	7	5	8	7	5	2	6	4	3	5	9	5	7	5
	3	7	7	6	5	6	9	8	6	1	9	7	7	5	2	4	7	7	1	4	3	4	8	6	8	6	3	8	1	5	7
	3	7	3	8	6	8	8	7	7	9	8	7	5	3	1	9	1	2	4	3	7	3	7	6	8	9	5	3	4	6	1
	3	7	3	3	6	7	1	8	7	7	6	5	8	3	6	6	5	5	7	5	6	7	7	7	4	3	4	8	8	1	7
	8	3	1	5	6	3	7	8	7	1	9	4	8	2	6	1	8	9	4	8	2	4	4	5	2	5	4	7	3	3	1
	8	1	9	4	3	3	8	6	3	5	4	6	2	7	7	6	7	3	5	8	1	7	4	2	6	5	7	2	3	1	4
	3	4	9	3	8	1	7	5	5	7	4	1	2	5	6	3	9	7	6	5	1	7	2	2	9	2	5	7	4	9	1
	3	8	9	2	1	2	7	1	8	7	8	2	6	7	4	3	4	2	3	1	4	8	3	1	9	4	9	5	4	1	5

C = Vehicle capacity
	3660

f = Fixed transportation cost
	157635

a_ik = Transportation cost for traveling from node i to node k
 	0	2205	1790	1570	1765	655	725	2050	680	1910	570	1365	810	2070	2635	2525	2175	935	1375	955	1940	1925	2535	305	240	590	1550	1335	1555	530	1180
	2205	0	3805	3670	3910	2740	2220	2255	2140	1030	2450	1220	1435	3605	4760	4630	1710	2050	1605	1455	4125	525	330	2345	2445	1625	1990	1505	665	1940	1855
	1790	3805	0	330	485	1140	1595	3720	1670	3685	1365	3145	2400	1025	1010	860	3945	2625	3145	2355	790	3395	4130	1535	1615	2265	2225	3120	3150	2295	2915
	1570	3670	330	0	290	945	1500	3435	1565	3475	1220	2930	2245	1275	1090	970	3695	2355	2900	2240	605	3290	4000	1350	1375	2085	2235	2880	3010	2050	2655
	1765	3910	485	290	0	1175	1765	3540	1830	3665	1475	3115	2480	1500	875	775	3840	2490	3055	2490	325	3545	4240	1570	1550	2310	2520	3040	3250	2220	2795
	655	2740	1140	945	1175	0	680	2660	715	2550	340	2010	1310	1510	2030	1910	2825	1540	2020	1335	1400	2385	3070	405	510	1145	1565	1985	2080	1170	1815
	725	2220	1595	1500	1765	680	0	2675	90	2255	340	1760	865	1520	2575	2440	2675	1600	1905	770	2035	1805	2545	490	810	815	910	1835	1575	1155	1790
	2050	2255	3720	3435	3540	2660	2675	0	2605	1235	2615	1205	2030	4115	4365	4300	670	1120	845	2310	3585	2450	2425	2355	2150	1925	3200	955	2040	1535	890
	680	2140	1670	1565	1830	715	90	2605	0	2170	375	1675	780	1605	2645	2510	2595	1535	1825	690	2090	1730	2465	480	795	735	910	1755	1495	1090	1720
	1910	1030	3685	3475	3665	2550	2255	1235	2170	0	2360	550	1405	3765	4535	4430	695	1340	750	1605	3810	1310	1200	2155	2115	1455	2435	700	990	1455	1055
	570	2450	1365	1220	1475	340	340	2615	375	2360	0	1830	1035	1505	2310	2180	2705	1505	1910	1020	1725	2070	2780	270	565	910	1240	1855	1795	1085	1740
	1365	1220	3145	2930	3115	2010	1760	1205	1675	550	1830	0	950	3275	3990	3885	950	860	410	1195	3265	1280	1485	1620	1565	945	2075	300	845	910	640
	810	1435	2400	2245	2480	1310	865	2030	780	1405	1035	950	0	2365	3330	3210	1895	1140	1195	285	2695	1120	1765	910	1045	240	1170	1100	775	775	1190
	2070	3605	1025	1275	1500	1510	1520	4115	1605	3765	1505	3275	2365	0	1845	1685	4185	3005	3395	2210	1810	3120	3905	1765	2000	2330	1700	3335	3010	2585	3240
	2635	4760	1010	1090	875	2030	2575	4365	2645	4535	2310	3990	3330	1845	0	160	4695	3345	3920	3325	790	4375	5085	2435	2425	3170	3235	3910	4100	3090	3655
	2525	4630	860	970	775	1910	2440	4300	2510	4430	2180	3885	3210	1685	160	0	4610	3260	3825	3190	745	4240	4960	2315	2320	3055	3085	3815	3975	2995	3570
	2175	1710	3945	3695	3840	2825	2675	670	2595	695	2705	950	1895	4185	4695	4610	0	1355	805	2140	3935	2005	1830	2465	2335	1865	3015	850	1655	1655	1045
	935	2050	2625	2355	2490	1540	1600	1120	1535	1340	1505	860	1140	3005	3345	3260	1355	0	610	1420	2580	1990	2335	1240	1030	955	2260	645	1540	450	315
	1375	1605	3145	2900	3055	2020	1905	845	1825	750	1910	410	1195	3395	3920	3825	805	610	0	1470	3165	1685	1850	1665	1535	1115	2360	115	1245	855	310
	955	1455	2355	2240	2490	1335	770	2310	690	1605	1020	1195	285	2210	3325	3190	2140	1420	1470	0	2730	1055	1780	970	1175	480	895	1370	815	1030	1475
	1940	4125	790	605	325	1400	2035	3585	2090	3810	1725	3265	2695	1810	790	745	3935	2580	3165	2730	0	3780	4455	1785	1715	2510	2820	3165	3465	2360	2890
	1925	525	3395	3290	3545	2385	1805	2450	1730	1310	2070	1280	1120	3120	4375	4240	2005	1990	1685	1055	3780	0	795	2005	2160	1345	1480	1575	460	1775	1870
	2535	330	4130	4000	4240	3070	2545	2425	2465	1200	2780	1485	1765	3905	5085	4960	1830	2335	1850	1780	4455	795	0	2670	2770	1950	2270	1760	990	2255	2120
	305	2345	1535	1350	1570	405	490	2355	480	2155	270	1620	910	1765	2435	2315	2465	1240	1665	970	1785	2005	2670	0	325	740	1385	1620	1680	825	1485
	240	2445	1615	1375	1550	510	810	2150	795	2115	565	1565	1045	2000	2425	2320	2335	1030	1535	1175	1715	2160	2770	325	0	825	1695	1510	1790	685	1310
	590	1625	2265	2085	2310	1145	815	1925	735	1455	910	945	240	2330	3170	3055	1865	955	1115	480	2510	1345	1950	740	825	0	1310	1035	970	555	1050
	1550	1990	2225	2235	2520	1565	910	3200	910	2435	1240	2075	1170	1700	3235	3085	3015	2260	2360	895	2820	1480	2270	1385	1695	1310	0	2260	1500	1830	2350
	1335	1505	3120	2880	3040	1985	1835	955	1755	700	1855	300	1100	3335	3910	3815	850	645	115	1370	3165	1575	1760	1620	1510	1035	2260	0	1135	830	370
	1555	665	3150	3010	3250	2080	1575	2040	1495	990	1795	845	775	3010	4100	3975	1655	1540	1245	815	3465	460	990	1680	1790	970	1500	1135	0	1340	1420
	530	1940	2295	2050	2220	1170	1155	1535	1090	1455	1085	910	775	2585	3090	2995	1655	450	855	1030	2360	1775	2255	825	685	555	1830	830	1340	0	660
	1180	1855	2915	2655	2795	1815	1790	890	1720	1055	1740	640	1190	3240	3655	3570	1045	315	310	1475	2890	1870	2120	1485	1310	1050	2350	370	1420	660	0

coordXY = Coordinates (x,y): line zero => x line one => y column => customers
 	191	459	179	135	85	196	317	9	316	255	254	229	316	383	42	70	127	96	148	366	22	484	492	221	159	271	497	170	394	162	111
	433	83	790	741	769	563	503	66	486	57	528	163	331	799	938	923	3	272	162	358	782	184	26	486	468	347	479	167	198	332	211

d_pit = Demand of item p at customer i in period t
 	13	86	42	57	80	95	47	48	13	71	65	18
	57	62	37	87	74	19	16	99	32	64	19	54
	52	31	62	42	79	14	47	61	23	98	42	91
	22	86	17	18	13	39	28	16	65	42	93	68
	69	90	81	64	82	58	82	26	45	40	82	59
	57	21	43	65	19	70	17	20	43	46	38	20
	42	78	89	95	95	67	94	30	86	67	98	58
	35	16	22	51	22	27	43	15	94	23	59	89
	83	48	55	80	70	41	17	78	79	50	59	76
	85	77	25	50	16	81	16	47	85	36	70	92
	60	84	13	64	35	31	90	81	58	21	18	76
	60	50	57	63	70	44	57	35	34	44	32	71
	36	100	43	94	51	89	38	24	72	53	57	95
	66	36	47	53	92	46	92	61	26	45	71	80
	50	35	90	55	52	25	57	17	49	13	73	10
	81	55	73	87	71	55	47	86	14	24	88	72
	41	34	81	38	78	76	46	81	19	18	16	98
	69	61	41	95	33	23	40	13	36	55	75	99
	22	38	46	24	96	27	65	77	57	16	97	49
	36	40	62	31	25	65	66	77	24	99	62	54
	63	58	21	64	59	84	41	41	59	88	76	37
	86	94	71	97	34	60	78	15	64	80	55	12
	88	59	48	35	65	22	39	76	79	21	90	31
	91	26	67	34	24	24	97	91	26	23	31	23
	65	40	70	48	58	34	64	75	47	67	94	81
	61	66	93	77	40	64	22	61	38	54	20	72
	89	15	91	71	60	14	20	49	20	54	67	66
	48	64	44	25	76	26	86	83	35	88	29	100
	12	70	88	70	49	60	35	44	64	48	80	67
	22	77	77	42	48	53	60	62	86	61	60	47

	39	70	87	95	77	23	99	25	90	64	84	64
	100	99	53	47	73	48	82	52	38	15	36	26
	25	38	17	33	63	46	62	80	46	85	84	89
	97	14	84	99	86	95	82	40	48	44	89	97
	83	21	83	29	65	50	95	50	95	89	66	23
	90	68	27	36	31	81	16	76	61	97	98	55
	35	66	47	83	68	77	85	38	83	36	33	26
	90	35	66	81	72	68	69	97	94	27	54	34
	89	54	97	57	54	20	75	53	16	23	88	38
	31	24	51	15	19	56	48	16	77	38	81	11
	33	60	30	71	57	60	12	32	97	53	85	12
	21	53	80	18	76	22	31	99	80	76	42	70
	20	57	91	50	26	49	67	48	29	23	75	69
	24	53	36	15	94	83	96	75	61	40	20	90
	94	23	79	85	51	78	81	30	19	79	34	41
	54	68	44	43	96	96	96	29	26	70	40	34
	40	36	96	27	23	75	89	98	21	66	64	69
	90	24	90	46	18	32	18	28	56	36	95	15
	10	24	42	36	35	92	82	78	55	90	46	59
	33	49	74	51	57	29	68	56	37	21	38	78
	28	65	22	14	96	63	82	69	62	55	62	50
	32	39	11	65	51	56	64	35	44	13	30	21
	39	34	75	35	82	19	94	29	23	52	83	85
	22	40	20	61	50	45	31	17	95	94	52	34
	13	90	79	35	43	36	74	45	22	64	98	53
	13	91	11	83	97	99	92	29	86	89	17	13
	99	38	95	88	58	53	54	90	33	84	34	22
	11	75	26	57	70	60	62	47	13	27	50	76
	16	76	62	40	60	47	64	93	54	57	62	61
	95	50	26	100	98	68	36	67	85	57	65	11

	74	31	57	55	40	20	41	60	54	75	55	18
	86	48	17	84	80	86	87	92	66	43	66	40
	81	92	69	62	20	70	48	43	38	12	89	87
	38	32	86	74	45	82	43	51	11	48	66	40
	100	93	14	89	58	48	33	99	21	45	90	86
	24	32	30	95	31	43	24	26	80	81	23	39
	87	27	69	30	16	98	42	70	73	58	13	23
	39	26	67	84	72	29	63	64	94	16	85	31
	69	83	96	83	89	95	87	22	87	38	54	88
	85	92	19	48	27	35	64	82	90	69	36	15
	14	44	13	90	80	65	54	30	22	32	87	19
	24	68	56	82	58	92	96	73	47	83	24	72
	15	52	96	43	13	70	98	25	61	51	95	48
	52	12	45	26	80	48	65	12	94	50	48	45
	76	44	56	39	85	81	58	42	14	32	54	97
	54	39	18	99	56	58	71	63	55	60	47	55
	74	76	58	99	93	75	74	23	77	36	74	31
	99	45	32	68	18	11	84	85	24	87	38	24
	49	47	55	77	73	27	20	97	81	34	22	98
	16	19	67	51	38	38	25	82	80	95	96	99
	72	18	17	11	59	71	63	70	85	21	27	80
	92	50	99	24	56	10	11	86	68	18	22	25
	93	29	81	42	59	97	85	16	49	58	47	43
	58	70	37	81	15	58	90	87	22	56	95	24
	35	47	17	99	67	15	68	12	34	33	32	70
	77	95	77	18	85	45	82	77	43	76	74	30
	44	46	28	54	77	70	18	54	78	25	88	22
	38	46	23	53	17	76	68	61	86	36	57	50
	51	98	13	57	86	63	67	47	49	59	56	82
	21	81	71	39	72	28	35	50	22	96	56	69

	16	84	58	87	57	66	68	48	24	68	15	34
	84	88	41	31	86	35	61	17	41	41	46	88
	76	96	45	90	84	71	11	68	32	73	19	54
	17	31	22	42	76	62	47	78	96	39	85	86
	22	26	44	58	39	45	85	23	79	91	72	87
	73	61	26	96	45	81	70	97	16	84	64	93
	73	98	19	25	71	55	25	85	82	98	31	44
	12	10	32	88	31	41	50	96	42	87	84	40
	85	50	42	11	35	53	72	70	47	53	61	62
	48	50	31	62	78	84	18	18	16	89	61	68
	93	45	40	22	48	48	41	75	55	74	19	53
	87	96	70	88	39	78	98	69	18	80	67	89
	97	71	24	92	54	26	65	50	90	32	46	15
	80	55	42	56	19	50	85	53	76	23	36	65
	65	48	79	71	83	14	88	89	37	19	75	74
	81	70	65	33	70	78	24	68	83	59	44	18
	73	65	96	88	38	79	95	15	13	31	47	74
	92	28	82	22	75	24	31	96	33	18	95	16
	72	22	13	99	17	51	12	59	54	92	17	84
	42	50	11	13	90	45	49	21	24	49	40	13
	65	66	72	13	49	76	23	13	11	12	100	47
	24	11	29	74	75	63	97	83	28	90	53	90
	52	33	73	35	28	33	38	45	50	53	26	79
	12	39	22	93	33	75	52	82	75	55	80	45
	18	58	77	74	23	44	84	54	60	32	98	56
	41	76	78	45	74	63	75	29	86	25	76	83
	86	79	50	33	96	72	34	90	20	61	43	34
	18	60	23	64	34	92	69	44	58	21	33	68
	98	70	47	74	22	52	44	12	44	65	98	91
	20	98	99	76	11	17	44	75	58	41	54	47

	23	47	82	19	58	63	70	65	38	52	73	21
	25	95	26	39	46	79	79	99	43	85	41	76
	68	86	83	76	71	32	60	44	52	20	52	36
	53	39	16	32	95	36	12	49	94	77	19	44
	39	95	14	33	95	53	43	26	82	17	50	56
	87	83	53	34	84	56	23	97	59	81	92	82
	21	66	66	53	36	55	55	46	64	72	82	57
	56	81	59	42	76	83	33	35	31	43	10	57
	94	43	67	73	98	39	52	14	34	25	67	11
	26	75	87	24	34	15	20	57	71	55	88	41
	89	50	23	92	73	99	86	77	78	15	10	26
	35	92	59	64	40	10	52	98	29	47	80	19
	56	74	88	13	97	65	24	98	89	64	90	84
	13	84	39	65	78	39	90	88	76	33	43	63
	53	14	39	18	52	93	31	87	76	24	65	28
	87	18	64	19	88	27	44	25	41	53	29	88
	59	15	14	98	20	14	80	52	95	80	21	57
	54	16	18	88	72	31	74	23	24	77	62	19
	98	76	13	28	74	82	86	70	67	57	16	77
	69	60	74	29	27	28	57	14	68	55	81	47
	97	95	81	84	63	54	75	67	18	10	65	12
	23	90	61	24	64	73	55	87	38	44	85	73
	33	11	37	35	64	37	47	73	70	49	41	17
	74	71	31	70	85	81	15	45	73	38	32	34
	40	98	12	27	30	62	53	34	51	21	93	28
	26	90	91	47	42	37	70	15	94	85	45	72
	91	99	83	94	96	61	32	83	66	11	17	81
	51	89	89	72	28	37	46	95	42	16	58	37
	35	14	99	79	95	62	49	31	54	11	31	63
	68	91	54	78	12	90	60	18	95	38	57	30

	28	26	44	88	64	52	74	29	84	94	90	94
	36	79	62	69	22	34	40	27	60	27	86	85
	91	56	90	43	82	96	93	13	82	48	52	82
	42	18	95	29	24	94	97	17	29	98	40	19
	70	15	75	50	79	37	76	42	77	32	36	55
	74	11	55	84	68	32	86	65	90	29	14	19
	32	13	74	92	81	20	17	80	55	67	86	16
	10	52	14	31	82	86	37	94	75	20	78	73
	60	14	16	96	39	55	76	12	12	78	69	92
	37	45	84	53	25	60	48	26	39	18	30	43
	83	58	63	87	30	86	79	37	70	47	30	41
	91	41	35	52	86	92	83	23	79	56	41	36
	10	32	29	99	16	76	67	22	24	53	93	77
	21	62	81	26	84	37	28	48	61	58	60	51
	28	69	38	45	90	13	48	67	34	86	92	75
	98	40	29	35	24	43	54	15	46	58	36	51
	30	60	40	55	76	12	34	96	67	73	36	56
	20	21	49	58	38	34	48	76	69	72	38	94
	68	40	49	26	82	13	13	70	35	57	29	41
	42	23	51	64	98	91	14	10	95	47	26	17
	24	61	37	94	29	32	86	97	82	21	62	72
	82	18	62	90	81	18	80	28	27	93	33	65
	79	96	54	90	70	31	90	27	29	54	52	54
	27	11	68	55	30	49	56	83	90	27	95	24
	36	86	72	19	41	72	86	11	98	56	73	79
	17	11	64	71	37	41	28	71	76	87	17	83
	31	68	88	22	99	42	59	17	75	60	87	44
	20	97	78	14	97	43	96	31	71	96	69	46
	96	15	37	19	12	98	96	37	56	64	81	66
	33	51	43	71	38	90	43	54	97	62	40	89

	69	99	78	45	99	97	60	86	90	53	64	14
	92	68	65	89	86	87	81	79	99	78	49	64
	73	38	53	99	88	98	55	61	98	41	40	78
	26	85	99	89	77	14	71	27	87	26	35	57
	32	14	73	22	93	70	50	46	39	45	15	89
	86	93	75	28	64	88	32	44	91	70	25	73
	27	57	80	52	21	30	77	17	35	52	12	15
	69	90	76	33	17	25	16	19	74	35	38	44
	89	78	35	20	45	59	43	23	16	26	19	37
	22	26	26	40	65	17	46	64	49	69	53	81
	28	92	57	42	27	27	87	92	12	53	68	36
	90	53	76	26	11	11	27	92	28	98	37	38
	89	61	48	81	17	33	17	31	44	14	52	20
	25	45	11	75	62	58	40	56	23	59	43	67
	22	51	75	17	49	19	75	92	74	79	71	19
	36	93	91	80	24	47	47	91	32	88	56	18
	20	57	83	80	42	42	64	31	18	18	46	98
	87	76	62	66	19	38	96	24	12	84	24	33
	63	70	86	88	55	72	42	12	26	41	88	88
	32	73	65	87	36	84	32	47	91	41	44	72
	95	59	88	77	41	42	21	95	20	11	23	57
	66	22	43	13	53	80	86	87	47	55	22	100
	52	24	99	22	12	45	25	41	90	65	61	98
	38	78	63	79	71	24	64	84	17	14	91	12
	43	30	97	12	96	98	68	61	45	83	85	64
	68	33	90	52	47	92	79	85	32	84	54	66
	24	58	83	47	79	52	88	54	57	76	13	95
	36	14	60	90	94	58	47	82	40	63	96	38
	20	75	18	83	30	13	89	13	94	77	34	29
	79	55	94	99	89	34	40	85	39	16	87	93

	33	28	10	55	25	74	29	65	40	17	55	97
	80	84	21	16	88	33	22	22	42	44	20	81
	88	32	78	22	76	71	90	83	47	22	99	60
	52	45	96	94	95	95	26	20	93	22	38	44
	43	44	48	27	43	90	45	86	85	34	30	43
	67	16	45	64	13	72	61	71	72	85	47	25
	50	65	52	33	39	29	93	69	83	54	35	76
	71	97	83	98	78	28	41	32	46	39	87	36
	45	18	76	33	64	91	33	47	36	36	28	47
	85	69	83	31	26	50	64	11	13	59	73	39
	27	44	38	12	82	23	12	13	66	57	54	62
	71	67	61	11	48	19	30	51	29	79	42	99
	91	39	88	94	16	71	24	11	52	26	14	16
	39	79	80	69	36	50	37	29	81	96	91	89
	25	19	23	51	18	11	92	47	16	43	28	23
	66	92	81	21	23	78	67	75	81	23	20	52
	18	27	84	71	22	70	71	15	33	82	46	18
	29	93	53	16	80	27	80	35	35	90	77	88
	73	18	92	50	31	42	54	25	91	80	88	42
	44	75	83	59	24	76	55	44	92	15	66	25
	78	33	43	54	23	30	92	15	56	31	51	17
	98	37	49	28	14	12	66	68	18	71	62	43
	71	40	64	70	87	44	76	52	35	61	25	34
	94	63	51	77	10	86	71	55	12	66	34	26
	81	87	17	44	47	50	74	89	78	26	30	86
	11	77	43	47	35	66	93	51	26	22	61	31
	25	97	31	53	66	88	28	72	18	93	84	52
	97	35	84	40	61	35	39	82	90	79	97	53
	81	68	33	59	90	14	48	28	26	11	73	76
	24	95	70	36	69	42	92	88	14	11	98	75

	84	81	62	26	10	83	84	86	54	99	33	28
	31	49	50	28	48	18	51	39	31	79	86	76
	26	95	25	69	99	62	65	84	43	89	87	42
	68	40	31	31	72	95	39	14	70	51	85	38
	69	51	87	28	13	28	55	57	85	47	64	56
	93	71	65	55	98	87	17	64	84	47	94	19
	46	62	33	75	27	68	35	18	51	43	64	21
	96	33	11	66	16	11	21	41	64	86	73	38
	51	68	26	67	56	59	80	94	77	11	62	23
	89	61	97	82	95	12	49	72	49	52	74	53
	64	43	59	30	66	69	17	39	98	39	47	37
	20	78	73	95	64	91	26	14	72	71	82	81
	74	89	11	74	14	64	49	35	72	58	77	57
	87	28	35	20	64	18	88	58	32	82	89	93
	53	16	17	82	60	47	97	32	12	24	16	84
	90	64	37	51	68	44	28	38	15	86	36	26
	24	45	35	66	68	83	26	44	71	56	63	45
	61	59	65	18	36	67	83	40	27	73	84	48
	61	18	66	18	85	29	93	49	37	38	11	68
	52	14	84	92	69	65	65	77	68	88	87	28
	76	66	64	36	22	95	26	67	49	19	11	66
	85	49	50	17	85	31	44	31	75	94	41	86
	68	63	33	35	30	96	18	86	42	34	85	87
	100	78	83	78	32	16	80	21	16	65	49	66
	35	73	22	55	12	48	78	19	64	26	67	67
	43	45	45	43	26	16	15	93	53	98	24	32
	68	38	36	73	74	63	96	30	73	65	34	36
	62	55	99	41	36	66	13	77	14	11	40	22
	63	68	52	93	40	94	84	15	68	39	59	95
	92	92	85	33	82	60	14	68	46	100	63	40

	71	89	24	23	68	66	96	75	25	79	53	93
	29	97	80	73	63	65	24	95	10	17	43	21
	30	57	34	58	81	67	69	65	64	16	83	52
	82	85	12	44	58	64	69	14	79	11	11	47
	56	84	58	40	95	15	25	40	22	78	83	85
	19	39	97	36	68	25	69	31	51	20	56	74
	63	31	88	97	13	66	33	78	61	13	45	80
	96	97	34	83	16	91	46	58	72	78	57	34
	31	99	44	93	19	31	43	63	11	54	73	87
	98	15	22	37	85	42	51	66	50	21	56	50
	96	49	66	29	22	25	20	61	17	45	98	29
	40	88	52	45	87	89	19	45	49	78	45	71
	37	76	46	82	26	31	24	95	55	32	32	79
	77	43	39	98	83	75	44	59	73	46	96	47
	62	94	33	27	22	12	55	83	26	19	19	95
	73	93	82	89	75	65	74	46	37	20	75	93
	83	59	33	92	72	19	65	62	30	71	81	40
	22	94	51	46	42	66	17	91	12	50	47	100
	81	34	92	84	11	63	33	65	48	61	24	89
	12	53	74	43	88	48	24	34	40	55	84	76
	27	43	30	37	54	73	80	83	20	87	32	75
	76	33	96	44	35	87	82	90	32	88	98	11
	39	83	34	89	50	22	18	69	57	14	78	55
	12	49	20	46	66	60	89	57	54	90	88	44
	99	41	73	79	52	38	83	95	15	12	46	87
	98	36	25	82	93	27	49	79	51	79	90	53
	46	97	34	39	26	87	32	45	97	53	11	58
	51	71	83	55	50	41	46	34	74	46	33	24
	31	48	14	67	35	92	12	74	53	32	95	21
	61	75	97	11	69	28	61	49	89	13	57	85

