***** PARAMETERS PRP *****

Number of Customers = 30
Number of Products = 10
Number of Vehicles = 5
Number of Periods = 12

B = Production capacity
	49813

b_p = Time required to produce item p
 	1	1	1	1	1	1	1	1	1	1

c_p = Production cost of item p
 	80	80	80	80	30	80	80	80	80	80

s_p = Setup cost of item p
 	800	800	800	800	300	800	800	800	800	800

M = Big number
	199253

U_pi = Maximum inventory upper bound of item p at site i
 	199253	106	188	287	166	132	295	260	209	151	133	231	100	175	230	314	261	129	123	177	198	242	247	112	222	257	182	332	242	280	102
	199253	220	293	174	145	123	218	204	116	267	220	144	214	256	116	195	280	117	272	147	274	313	270	176	293	326	316	292	279	237	266
	199253	329	177	244	247	88	169	153	274	301	213	145	154	165	218	194	283	227	242	169	210	249	114	77	116	197	312	184	159	110	179
	199253	384	220	166	174	285	127	289	157	164	279	155	202	158	233	235	204	209	98	152	168	134	248	168	110	223	108	199	171	159	198
	199253	116	281	158	153	141	192	269	196	153	93	111	188	205	103	137	115	224	320	108	295	129	120	87	235	90	339	252	189	180	100
	199253	91	234	118	115	259	117	97	211	173	175	173	217	228	171	111	235	243	249	248	199	96	129	185	332	119	214	238	219	88	284
	199253	108	151	120	278	209	228	232	203	230	266	107	259	261	193	140	200	208	230	230	104	241	110	187	272	283	192	169	117	225	186
	199253	195	311	168	236	119	211	136	184	216	224	251	127	221	138	258	228	106	146	211	222	191	92	278	187	220	273	208	98	263	128
	199253	182	297	284	287	202	285	221	225	228	232	152	179	159	123	112	103	279	196	183	188	246	261	275	295	161	196	340	100	278	254
	199253	183	162	121	118	210	226	302	169	175	125	212	190	198	250	182	223	153	121	168	138	251	275	295	239	175	98	157	283	112	266

I_pi0 = Initial inventory of item p at site i
 	0	78	45	73	33	92	192	247	130	118	60	74	31	98	68	135	39	91	74	160	177	128	165	103	45	190	169	125	132	96	68
	0	50	168	100	62	117	76	160	74	86	145	130	211	95	75	155	91	49	222	46	219	287	228	71	276	86	65	158	195	216	139
	0	239	143	53	99	70	144	18	162	199	147	139	143	100	135	140	45	12	13	148	119	247	111	62	68	106	151	61	94	69	111
	0	158	86	116	173	164	113	191	113	80	243	114	126	87	179	188	162	28	61	78	153	106	123	143	92	221	16	199	126	145	129
	0	88	212	124	81	18	154	131	178	90	66	68	162	165	62	118	81	46	140	75	45	94	116	77	15	57	69	224	138	174	65
	0	66	130	78	92	235	100	67	153	114	96	122	107	156	87	83	173	75	63	185	163	68	100	133	285	73	57	100	77	88	127
	0	60	86	118	60	157	199	184	144	184	234	43	110	15	142	129	22	191	81	163	87	201	79	35	49	172	173	107	38	131	154
	0	81	310	82	130	85	76	103	167	45	189	236	98	135	106	177	92	78	137	210	34	37	42	141	114	170	228	196	96	102	65
	0	95	172	87	216	41	139	136	51	109	170	57	133	27	115	50	64	100	137	126	102	227	148	205	123	63	115	226	84	94	66
	0	31	129	105	64	167	143	91	137	94	53	160	141	182	199	121	49	54	70	133	92	13	187	255	122	141	48	98	121	106	94

h_pi = Inventory cost of item p at site i
 	8	2	1	2	2	5	3	5	8	4	3	7	9	5	8	8	7	6	6	4	6	8	3	8	4	2	8	9	8	5	8
	8	2	2	5	7	9	7	7	7	7	4	6	9	5	1	8	5	6	5	8	3	2	2	1	7	3	3	7	9	2	9
	8	3	6	8	9	9	1	2	8	1	5	6	1	4	3	6	2	5	7	5	5	1	7	1	9	7	6	7	4	7	5
	8	9	4	1	2	5	1	3	6	9	1	8	8	7	5	3	7	8	1	2	6	3	2	6	1	5	6	9	4	1	5
	3	2	1	7	3	8	9	4	2	3	5	2	1	2	5	8	1	5	9	2	1	2	2	2	2	2	2	3	3	6	2
	8	7	2	5	7	8	7	5	3	8	7	2	8	2	5	8	6	6	7	3	6	7	4	3	5	7	3	2	6	6	3
	8	8	2	8	8	3	5	3	5	6	1	1	9	9	4	5	7	9	5	9	4	7	6	7	3	7	2	1	4	1	8
	8	5	9	6	8	1	9	6	9	8	3	3	2	4	9	2	9	9	7	2	9	7	5	4	1	4	1	4	6	8	8
	8	7	9	7	8	2	3	3	4	8	1	2	7	4	6	7	8	1	3	5	8	4	2	9	4	2	2	2	4	1	9
	8	9	8	2	1	8	8	5	5	5	3	6	9	6	7	4	1	3	2	2	5	1	1	4	5	3	9	4	2	1	6

C = Vehicle capacity
	3840

f = Fixed transportation cost
	30008

a_ik = Transportation cost for traveling from node i to node k
 	0	405	744	787	350	629	477	598	431	365	514	318	909	246	591	605	367	473	322	581	546	730	875	563	773	411	222	61	620	90	380
	405	0	357	414	227	256	154	266	266	210	113	464	516	160	229	233	317	133	149	176	150	336	489	274	402	560	276	347	260	455	30
	744	357	0	370	442	326	403	187	401	419	245	688	165	504	161	142	501	385	429	205	278	263	133	253	369	753	560	684	353	805	386
	787	414	370	0	624	161	311	483	632	603	352	875	412	558	424	402	710	315	560	288	268	113	429	541	15	966	690	736	168	811	429
	350	227	442	624	0	474	379	268	84	25	276	257	604	194	282	303	90	359	88	346	358	531	563	220	613	342	132	294	481	431	229
	629	256	326	161	474	0	155	377	491	453	212	719	429	398	317	300	562	157	404	165	117	119	427	425	148	813	532	576	28	657	269
	477	154	403	311	379	155	0	379	419	363	189	603	539	259	326	320	468	24	296	199	125	269	525	405	297	703	406	427	144	502	151
	598	266	187	483	268	377	379	0	216	246	191	504	341	376	61	81	316	356	277	213	277	371	298	68	477	566	395	538	398	669	293
	431	266	401	632	84	491	419	216	0	78	281	288	557	271	246	269	101	397	157	345	374	530	513	157	622	355	210	376	503	514	276
	365	210	419	603	25	453	363	246	78	0	253	280	581	194	258	279	109	342	81	323	337	508	541	200	592	365	151	308	461	445	214
	514	113	245	352	276	212	189	191	281	253	0	530	403	269	138	134	360	166	223	73	97	255	377	224	342	617	361	455	226	567	142
	318	464	688	875	257	719	603	504	288	280	530	0	844	356	530	552	188	587	316	602	607	785	800	443	863	106	200	297	723	405	456
	909	516	165	412	604	429	539	341	557	581	403	844	0	667	325	307	657	524	594	351	417	330	50	403	417	903	725	848	457	968	545
	246	160	504	558	194	398	259	376	271	194	269	356	667	0	358	369	266	248	116	335	305	491	636	357	545	460	157	188	394	301	136
	591	229	161	424	282	317	326	61	246	258	138	530	325	358	0	25	344	304	272	153	219	313	287	119	417	600	400	531	338	657	258
	605	233	142	402	303	300	320	81	269	279	134	552	307	369	25	0	367	298	288	137	208	291	271	142	396	624	419	545	322	669	263
	367	317	501	710	90	562	468	316	101	109	360	188	657	266	344	367	0	449	175	428	446	614	613	257	700	260	150	318	570	455	318
	473	133	385	315	359	157	24	356	397	342	166	587	524	248	304	298	449	0	277	180	109	265	509	382	301	686	392	421	149	501	133
	322	149	429	560	88	404	296	277	157	81	223	316	594	116	272	288	175	277	0	296	293	474	558	248	548	411	139	262	408	393	146
	581	176	205	288	346	165	199	213	345	323	73	602	351	335	153	137	428	180	296	0	76	186	332	262	279	687	433	522	186	630	203
	546	150	278	268	358	117	125	277	374	337	97	607	417	305	219	208	446	109	293	76	0	187	401	318	256	699	425	490	130	587	170
	730	336	263	113	531	119	269	371	530	508	255	785	330	491	313	291	614	265	474	186	187	0	337	431	109	872	609	675	142	765	356
	875	489	133	429	563	427	525	298	513	541	377	800	50	636	287	271	613	509	558	332	401	337	0	358	432	857	686	815	455	937	519
	563	274	253	541	220	425	405	68	157	200	224	443	403	357	119	142	257	382	248	262	318	431	358	0	534	501	351	504	444	639	298
	773	402	369	15	613	148	297	477	622	592	342	863	417	545	417	396	700	301	548	279	256	109	432	534	0	955	678	722	154	797	416
	411	560	753	966	342	813	703	566	355	365	617	106	903	460	600	624	260	686	411	687	699	872	857	501	955	0	304	397	819	494	554
	222	276	560	690	132	532	406	395	210	151	361	200	725	157	400	419	150	392	139	433	425	609	686	351	678	304	0	170	533	308	264
	61	347	684	736	294	576	427	538	376	308	455	297	848	188	531	545	318	421	262	522	490	675	815	504	722	397	170	0	569	139	323
	620	260	353	168	481	28	144	398	503	461	226	723	457	394	338	322	570	149	408	186	130	142	455	444	154	819	533	569	0	645	269
	90	455	805	811	431	657	502	669	514	445	567	405	968	301	657	669	455	501	393	630	587	765	937	639	797	494	308	139	645	0	428
	380	30	386	429	229	269	151	293	276	214	142	456	545	136	258	263	318	133	146	203	170	356	519	298	416	554	264	323	269	428	0

coordXY = Coordinates (x,y): line zero => x line one => y column => customers
 	93	194	418	67	354	95	65	443	429	353	253	410	477	161	389	379	418	88	273	245	172	162	495	466	64	496	274	122	69	6	173
	823	431	154	37	591	195	347	339	554	567	335	841	0	587	312	290	654	351	557	263	283	97	46	402	51	902	695	770	204	845	452

d_pit = Demand of item p at customer i in period t
 	78	74	77	46	78	71	15	21	87	19	45	23
	45	59	39	66	65	57	47	98	82	60	45	90
	13	60	75	91	45	74	34	20	37	93	98	49
	33	46	29	58	37	27	43	42	59	26	54	45
	19	73	90	45	75	89	55	95	26	77	77	71
	100	55	37	28	96	74	100	71	22	40	52	32
	80	81	86	83	52	52	20	49	44	55	94	85
	67	63	30	97	58	92	62	96	68	72	84	48
	51	67	99	17	17	17	57	36	22	74	74	71
	60	83	55	74	54	17	89	31	86	66	100	84
	44	30	17	31	36	63	83	56	62	28	88	16
	31	55	48	47	38	24	37	56	83	55	75	53
	98	93	85	55	27	36	52	56	31	57	75	33
	24	44	97	40	45	51	68	40	70	85	57	68
	99	24	12	84	64	56	82	74	89	23	61	86
	25	14	100	41	24	55	85	30	34	71	57	90
	91	93	90	82	18	93	69	29	53	42	28	83
	74	76	32	81	88	95	67	48	30	38	54	54
	31	96	11	22	100	26	49	73	85	75	56	82
	91	86	61	72	85	91	24	52	67	29	79	53
	76	52	86	24	51	76	51	78	41	49	87	55
	16	76	73	40	74	99	85	65	39	69	66	39
	34	69	58	80	18	90	39	18	17	77	85	85
	45	59	40	56	27	11	96	29	72	59	12	27
	30	53	85	22	97	52	72	74	79	73	93	41
	89	41	39	95	35	100	14	51	21	38	11	13
	57	48	20	77	98	67	67	70	76	57	71	89
	57	75	45	70	10	11	69	21	88	99	22	14
	71	25	83	89	71	80	70	96	74	44	78	60
	68	68	53	43	24	19	55	28	77	83	54	40

	50	47	97	51	39	49	85	11	13	71	85	61
	64	20	84	12	49	22	73	73	91	79	58	77
	11	39	50	80	71	80	63	62	80	81	33	45
	49	13	28	39	28	49	79	82	85	37	69	23
	79	38	19	85	64	12	51	90	77	98	92	35
	25	51	16	67	55	61	75	27	20	85	100	72
	20	21	24	95	82	86	59	62	44	14	71	35
	74	76	50	63	40	57	21	49	60	76	33	95
	86	45	30	20	12	65	46	83	97	75	63	18
	78	67	91	56	18	32	24	55	95	33	43	69
	15	25	90	24	72	19	92	40	92	17	36	52
	92	37	82	35	72	35	18	89	48	30	27	76
	65	30	11	76	73	99	21	55	67	34	66	18
	23	52	83	42	13	90	61	92	20	61	81	79
	64	91	80	67	87	23	36	75	61	55	48	92
	28	63	37	96	55	12	66	37	72	27	83	95
	49	90	39	96	43	74	44	56	45	16	79	68
	54	69	13	86	80	90	52	84	96	54	99	39
	46	38	65	33	14	48	92	35	22	77	40	78
	86	74	59	96	39	21	41	88	60	70	99	89
	74	89	68	56	45	65	96	70	30	90	56	13
	85	64	79	94	12	65	98	24	51	71	94	74
	71	15	39	69	68	89	60	79	38	22	57	96
	81	44	100	51	16	76	52	87	86	38	42	30
	40	46	57	99	47	46	88	81	51	56	77	95
	65	33	34	67	97	46	78	96	51	92	59	40
	60	76	22	73	55	36	90	89	28	28	80	64
	96	32	67	97	38	17	77	63	66	67	39	10
	84	57	34	41	21	63	60	25	50	61	26	46
	62	77	13	88	64	99	94	65	54	32	91	60

	79	83	77	91	60	76	49	42	29	88	76	39
	68	75	68	45	46	84	19	80	28	94	38	64
	53	65	62	10	82	54	59	34	71	96	83	63
	64	35	89	85	56	82	37	26	92	62	49	64
	20	50	30	24	17	91	82	31	21	95	23	42
	68	76	65	53	91	14	41	81	19	49	80	37
	18	64	58	28	97	63	26	37	64	41	100	15
	98	64	17	42	81	48	46	47	56	32	58	68
	35	19	98	47	71	55	72	58	63	55	70	80
	57	90	69	13	83	36	56	31	50	24	45	85
	68	71	44	87	73	93	73	97	81	27	73	84
	60	83	47	79	51	15	11	90	59	12	35	72
	47	18	35	84	83	47	18	97	86	59	45	42
	63	72	21	43	15	26	37	61	29	94	12	50
	71	69	76	74	27	91	50	12	89	95	34	86
	45	80	38	86	96	31	47	85	27	16	57	72
	12	80	11	62	28	18	30	31	81	52	80	60
	13	22	27	57	86	21	25	96	11	28	95	99
	63	85	71	11	93	16	53	18	89	81	43	51
	34	85	87	30	27	47	20	11	45	48	16	54
	68	85	94	43	72	60	80	31	34	97	55	29
	75	36	10	81	37	66	48	21	74	98	78	57
	62	60	24	44	15	41	29	35	23	46	61	22
	68	23	94	87	61	81	42	44	30	36	32	97
	88	18	21	63	100	77	81	93	80	71	60	37
	29	41	81	96	84	66	20	61	59	53	62	96
	61	25	34	40	48	29	55	11	83	47	96	24
	63	31	24	98	75	20	17	73	62	98	60	15
	19	50	98	99	95	48	87	16	43	24	39	44
	45	66	53	89	90	54	87	72	17	19	95	27

	74	84	89	94	86	43	79	70	93	88	48	74
	14	43	13	16	19	73	64	13	40	68	79	87
	69	47	44	30	58	48	10	62	96	76	95	27
	40	97	36	78	59	12	44	31	71	91	99	36
	99	65	27	17	94	39	62	55	89	34	17	86
	18	95	91	46	36	39	85	25	93	61	96	77
	71	70	50	77	58	58	87	91	77	76	63	88
	82	31	81	80	31	19	24	80	86	54	37	24
	32	48	64	99	29	53	30	36	74	78	26	85
	65	80	98	60	34	49	32	83	44	40	24	60
	36	32	46	74	94	62	58	85	34	43	15	41
	96	19	11	43	48	42	64	50	11	51	17	32
	48	39	47	31	90	20	81	34	70	83	38	49
	89	50	40	52	30	33	28	92	72	62	85	65
	69	82	14	23	87	31	75	49	36	23	35	40
	72	90	95	90	56	52	55	68	30	25	100	84
	28	62	96	10	74	88	27	88	56	19	17	61
	61	49	96	51	54	18	32	58	80	58	11	17
	28	50	42	16	43	16	63	49	57	13	21	57
	28	91	23	11	67	59	90	22	38	17	36	22
	82	24	60	98	68	29	77	71	33	83	97	84
	74	49	63	89	96	67	64	15	70	23	34	99
	77	66	76	12	79	28	88	68	22	92	24	40
	30	62	77	42	63	13	30	99	94	51	68	33
	34	99	88	43	63	36	70	25	59	26	77	49
	16	47	88	72	63	50	74	85	35	21	34	61
	94	72	33	52	72	41	70	93	10	94	69	96
	43	33	50	93	76	81	98	11	16	69	30	84
	87	58	13	57	89	80	23	78	58	55	18	18
	47	82	19	60	49	42	98	17	52	50	34	44

	41	47	69	64	83	38	62	21	90	25	65	88
	32	79	18	83	21	68	60	95	47	71	58	42
	91	33	35	85	87	29	33	60	40	38	75	27
	31	50	46	15	79	30	53	51	78	79	26	72
	18	31	45	11	35	95	53	63	33	20	95	63
	70	65	19	69	45	22	64	27	29	48	53	64
	85	46	38	20	33	28	61	51	95	18	75	96
	50	82	46	35	71	47	10	69	18	45	51	65
	13	45	32	84	75	70	62	67	17	53	75	20
	66	95	57	45	13	80	68	36	16	21	19	39
	68	60	19	28	64	28	56	93	93	13	46	96
	42	74	46	61	82	74	94	82	55	18	70	54
	51	89	25	70	21	27	30	65	30	90	72	46
	38	24	94	77	46	44	22	96	17	56	76	29
	52	66	57	35	46	23	53	21	38	55	44	57
	81	59	15	69	62	14	57	85	74	54	94	24
	46	34	65	11	23	11	91	93	89	87	63	59
	99	41	99	99	18	14	81	90	98	28	68	34
	75	58	44	26	55	63	69	79	50	48	23	59
	45	92	52	97	56	54	15	71	64	36	87	38
	47	31	16	56	36	18	14	61	58	61	99	20
	86	30	82	58	99	22	50	97	71	78	23	25
	29	48	34	51	13	82	61	34	10	44	87	29
	15	71	92	36	14	26	34	50	75	13	55	82
	12	21	24	66	68	29	98	79	14	19	87	20
	69	12	92	74	84	92	100	50	75	97	37	31
	90	53	81	61	70	37	50	66	89	74	70	16
	72	66	83	62	50	54	79	42	65	84	83	17
	61	22	91	28	48	64	77	14	23	39	57	17
	65	88	32	43	36	28	16	53	26	83	93	39

	66	34	72	70	48	44	30	62	42	34	28	13
	89	41	58	29	36	18	77	78	19	49	13	54
	78	58	55	46	96	24	100	39	23	37	62	87
	78	14	51	72	72	72	70	53	54	76	36	41
	54	80	35	66	73	15	45	66	16	24	69	79
	14	86	38	40	91	38	56	84	56	52	65	82
	67	52	41	67	70	13	81	66	19	43	10	51
	70	83	48	90	26	29	59	12	70	51	23	71
	24	90	81	64	13	95	46	23	36	23	98	98
	54	42	99	65	50	40	54	44	88	89	22	53
	32	90	60	73	49	80	54	69	12	69	36	68
	76	16	15	13	51	77	68	54	53	22	44	32
	82	61	13	82	95	75	19	48	99	20	72	19
	87	85	94	21	14	78	12	42	87	59	69	37
	68	15	71	11	83	82	55	14	73	45	86	62
	77	62	34	77	30	47	20	30	18	25	95	50
	17	58	99	90	56	42	62	94	29	20	80	83
	63	72	80	74	45	92	55	48	97	31	20	70
	75	14	96	17	85	49	26	59	54	57	36	27
	97	16	32	18	87	13	54	53	54	29	63	80
	68	67	71	60	19	97	12	37	35	51	38	19
	72	28	36	40	51	66	50	32	31	55	24	32
	36	97	80	97	63	40	59	71	78	31	22	67
	65	86	91	43	11	86	55	88	58	96	77	40
	73	62	97	68	83	60	19	66	28	48	98	10
	57	25	16	99	82	72	90	90	36	24	14	36
	100	24	70	22	38	50	21	61	35	73	33	44
	77	42	69	96	51	79	94	67	80	97	28	94
	24	64	73	60	11	25	35	58	11	20	51	97
	97	30	52	67	83	78	66	88	93	62	96	41

	60	98	47	19	41	36	71	22	32	80	83	60
	63	23	36	26	71	73	24	37	77	50	98	25
	82	36	74	28	68	20	72	56	39	72	76	94
	60	46	26	65	61	15	88	40	98	58	37	72
	77	80	87	65	64	92	11	46	37	97	100	79
	44	88	38	29	86	52	73	37	28	98	98	14
	96	44	25	19	71	56	91	11	74	98	19	91
	98	46	27	19	82	41	73	95	83	94	61	93
	73	36	75	66	88	12	72	36	19	25	21	29
	45	71	25	93	64	86	59	95	80	27	87	67
	43	86	86	28	25	94	32	83	45	43	33	44
	60	12	38	19	36	88	95	82	99	16	19	58
	15	32	17	76	62	87	82	46	13	91	64	41
	75	67	26	93	12	22	49	32	61	48	66	27
	48	81	70	76	65	46	25	24	69	11	15	28
	22	41	22	52	46	51	90	18	65	83	49	62
	38	56	97	48	58	33	68	47	38	27	37	78
	24	57	27	39	57	81	86	30	18	34	55	44
	62	72	29	84	89	41	91	23	77	53	37	32
	87	19	56	39	23	65	42	92	89	28	57	25
	21	36	62	82	98	52	58	44	37	92	75	66
	79	65	96	90	11	79	13	13	33	31	55	93
	35	54	54	24	44	19	41	96	40	61	29	63
	49	79	56	75	36	86	65	63	33	20	56	34
	78	94	60	26	70	16	43	67	32	94	59	41
	75	98	41	90	79	76	81	61	73	19	35	40
	95	12	69	42	86	35	33	34	54	66	95	55
	38	87	90	65	11	85	75	40	89	31	61	28
	45	86	97	14	41	76	53	72	26	59	20	87
	67	67	20	26	81	18	22	86	17	61	68	25

	52	29	16	48	44	66	59	51	35	13	84	87
	30	91	96	93	63	99	75	46	63	24	12	54
	82	95	37	93	22	17	24	66	34	79	23	99
	33	31	66	22	79	93	83	88	77	55	48	32
	85	69	23	94	17	87	97	20	86	29	60	48
	76	67	19	30	76	79	17	48	26	77	71	47
	73	30	22	71	40	34	51	58	34	11	54	64
	73	72	22	82	51	60	83	43	47	55	96	50
	29	16	72	36	93	90	91	36	17	73	28	66
	26	99	64	31	83	45	26	52	37	69	55	85
	58	86	92	71	31	89	76	54	57	52	12	75
	98	32	95	87	85	34	50	95	25	16	89	54
	24	98	13	67	33	20	57	11	83	91	20	14
	54	18	20	14	80	39	100	19	56	25	40	88
	92	47	38	37	27	42	49	56	15	99	64	54
	16	53	23	79	60	57	70	15	57	12	71	34
	39	39	51	93	57	15	11	63	66	83	63	56
	60	27	50	31	14	22	82	31	18	13	17	73
	55	77	78	52	83	80	58	14	17	67	38	14
	34	87	37	85	28	32	92	53	78	71	45	23
	37	40	70	70	66	13	34	25	16	45	68	90
	42	66	19	58	10	27	15	11	92	79	95	36
	64	77	55	49	50	35	45	52	76	72	58	35
	28	21	65	40	83	81	15	62	33	23	23	87
	87	35	48	79	52	31	60	19	68	98	34	50
	70	63	95	57	52	69	41	48	20	91	14	35
	19	88	89	60	66	74	21	25	30	46	48	57
	96	31	23	69	34	93	14	16	40	45	87	39
	45	57	28	99	28	82	73	53	19	42	11	94
	65	19	77	86	81	38	57	99	83	74	19	72

	23	72	19	46	96	96	48	56	18	21	34	17
	93	30	49	53	96	40	61	61	84	52	76	17
	87	48	18	72	63	39	30	62	55	80	96	32
	67	63	86	52	99	82	85	19	68	86	64	89
	31	10	31	86	93	54	96	56	13	37	24	76
	86	53	22	90	25	43	46	64	36	53	95	70
	74	62	69	13	24	39	11	51	66	75	96	83
	51	84	70	43	44	59	40	65	39	54	92	33
	96	13	78	46	21	71	17	41	77	70	57	97
	56	16	28	70	93	31	83	57	97	80	20	64
	57	89	17	51	42	25	92	44	25	63	48	53
	44	49	40	40	36	23	24	91	11	48	93	39
	27	31	30	68	45	28	39	53	35	53	22	45
	62	53	96	45	54	36	68	81	38	80	94	33
	50	90	32	78	61	99	89	56	29	20	34	36
	64	73	25	37	45	58	31	29	81	60	70	47
	100	25	59	88	46	33	98	85	62	87	83	71
	27	32	78	84	30	98	49	20	38	17	71	44
	54	17	18	37	24	96	17	42	59	75	47	62
	87	15	38	60	96	54	83	62	81	49	49	79
	85	94	48	70	26	95	64	42	49	22	63	80
	66	23	59	100	37	82	27	16	43	31	81	61
	64	46	95	92	35	71	54	53	29	64	46	12
	21	74	28	70	77	95	36	94	64	27	84	37
	63	77	39	13	11	40	65	81	56	48	79	72
	79	36	98	67	64	90	38	61	98	77	39	36
	51	70	17	88	85	86	52	98	96	79	74	20
	61	23	19	35	98	73	13	84	28	50	43	73
	94	100	66	24	39	80	75	80	13	19	30	46
	66	72	52	40	54	66	16	71	96	79	61	89

	31	32	36	63	19	14	86	37	88	74	21	49
	64	65	64	54	74	88	54	31	31	71	17	36
	48	57	41	82	96	94	58	18	44	62	73	54
	64	80	81	99	91	91	25	49	51	11	46	19
	98	69	73	46	58	88	97	74	93	28	66	50
	33	55	25	30	52	76	21	30	83	59	56	22
	91	39	13	49	43	93	92	45	37	89	46	87
	94	43	64	11	27	46	15	98	62	41	96	77
	94	50	55	10	33	13	34	19	76	63	63	14
	53	88	60	26	30	50	81	51	62	70	85	93
	81	52	27	86	34	38	66	93	28	64	49	19
	78	63	55	80	35	56	28	61	76	67	93	69
	61	91	13	17	75	13	82	65	28	33	53	63
	95	63	41	74	64	96	96	65	51	42	38	24
	63	58	87	63	27	27	67	84	93	74	69	14
	49	36	14	93	67	36	17	16	58	33	26	89
	54	17	77	55	14	65	32	44	40	62	65	85
	70	90	40	36	54	88	32	80	52	84	87	14
	26	21	86	91	51	13	76	44	66	65	42	89
	49	43	36	85	59	12	29	34	65	88	17	35
	13	76	54	76	57	80	95	31	13	12	67	29
	25	44	19	99	84	67	89	61	47	37	16	72
	56	99	100	49	21	75	84	86	24	17	40	57
	59	63	35	95	22	87	85	66	83	80	16	26
	89	52	75	86	81	82	47	56	12	87	18	14
	48	52	35	47	84	53	52	42	55	74	27	20
	98	29	22	48	37	37	57	35	64	62	80	57
	67	41	13	33	83	13	78	86	44	71	93	57
	19	87	12	74	30	61	81	78	73	83	58	17
	49	45	24	80	40	81	72	26	87	22	63	49

