***** PARAMETERS PRP *****

Number of Customers = 30
Number of Products = 10
Number of Vehicles = 5
Number of Periods = 12

B = Production capacity
	49534

b_p = Time required to produce item p
 	1	1	1	1	1	1	1	1	1	1

c_p = Production cost of item p
 	80	30	30	80	80	30	80	80	80	80

s_p = Setup cost of item p
 	800	300	300	800	800	300	800	800	800	800

M = Big number
	198136

U_pi = Maximum inventory upper bound of item p at site i
 	198136	235	167	103	104	208	265	191	87	156	157	109	352	159	179	251	231	274	114	299	310	99	166	335	141	109	325	160	256	103	232
	198136	132	178	325	111	154	173	112	220	115	355	183	138	166	118	311	270	197	97	293	84	286	216	300	167	113	195	172	82	287	122
	198136	135	290	310	183	150	181	139	117	205	243	119	229	232	132	230	114	179	145	257	269	332	178	164	226	208	294	169	222	180	264
	198136	293	118	243	170	116	116	195	121	172	102	267	158	82	100	209	183	170	267	293	77	167	218	230	326	245	189	153	245	193	182
	198136	238	108	295	208	205	115	162	162	97	175	333	195	111	263	193	236	87	233	214	215	83	178	187	154	102	109	164	124	111	198
	198136	197	246	98	207	209	260	180	88	133	270	97	133	94	233	176	138	199	170	171	121	184	158	149	278	110	107	252	234	166	250
	198136	238	96	165	269	257	163	202	104	108	295	183	185	130	158	177	269	284	100	108	269	152	214	309	148	100	247	206	205	184	153
	198136	119	161	158	234	87	106	242	233	156	190	96	326	196	247	240	92	288	92	200	257	234	121	270	228	218	184	323	194	195	193
	198136	233	131	94	246	129	201	205	292	87	155	264	206	107	125	143	154	193	107	309	241	97	164	225	183	222	151	240	347	96	137
	198136	294	272	143	99	111	119	280	152	226	200	200	126	190	219	140	212	260	233	251	220	263	154	215	171	113	202	141	166	101	126

I_pi0 = Initial inventory of item p at site i
 	0	34	68	46	71	102	95	55	62	31	131	89	76	118	120	143	67	102	66	205	87	67	82	14	57	53	286	87	97	79	190
	0	118	152	131	71	129	44	55	199	87	230	91	129	93	118	153	226	141	85	250	68	119	158	163	129	83	143	132	81	159	111
	0	78	186	149	143	129	163	57	83	171	187	99	228	126	50	92	89	52	139	213	100	60	162	73	46	112	93	43	23	102	55
	0	155	91	184	41	96	60	170	58	115	26	118	87	59	87	24	155	28	149	95	17	72	96	55	239	211	188	127	187	186	157
	0	90	79	186	161	61	98	84	115	58	175	51	111	53	75	133	24	68	113	27	151	14	78	182	84	87	81	142	78	87	88
	0	48	58	76	75	184	130	140	84	61	232	44	30	81	124	160	89	114	21	104	89	122	105	96	194	83	25	137	202	104	77
	0	179	53	13	238	25	72	87	103	68	138	146	132	106	85	155	114	130	68	42	87	147	200	211	60	86	234	98	13	82	122
	0	85	44	110	81	67	49	187	87	57	178	31	139	124	20	126	41	76	82	180	189	62	92	75	189	192	86	59	22	193	174
	0	134	86	79	99	15	93	57	66	32	121	165	73	62	81	135	17	159	48	143	229	69	114	187	138	195	74	43	231	84	130
	0	64	64	98	41	87	89	14	144	171	120	122	100	175	155	137	171	37	112	133	102	51	147	77	151	81	194	138	61	35	100

h_pi = Inventory cost of item p at site i
 	8	9	7	9	6	2	2	3	1	4	2	1	5	9	8	1	6	8	9	1	9	8	5	6	8	8	1	8	4	6	1
	3	1	4	3	6	4	8	7	9	2	5	6	2	2	3	1	8	4	5	8	9	8	4	4	5	7	6	3	6	9	9
	3	6	9	7	2	5	5	1	5	4	5	4	7	4	6	8	4	8	5	6	2	2	8	8	2	2	5	3	6	4	9
	8	7	7	5	2	2	3	7	4	2	3	6	3	4	5	3	9	1	3	5	7	6	3	9	3	4	6	5	1	9	2
	8	3	6	1	3	9	8	8	3	8	9	4	5	8	3	1	3	2	2	7	3	3	2	3	6	5	9	2	8	4	2
	3	3	5	8	6	8	1	3	7	2	2	7	1	3	2	1	2	5	4	6	5	6	1	1	7	5	7	4	1	4	8
	8	8	2	7	8	4	3	8	1	7	3	6	8	1	2	5	4	7	7	4	6	2	5	3	3	8	6	5	7	9	1
	8	4	3	3	8	9	9	5	5	1	7	6	7	5	8	1	6	5	7	2	6	6	9	9	5	4	6	5	3	1	6
	8	4	5	4	9	3	9	1	9	9	7	8	7	8	4	6	2	7	8	6	5	8	9	7	2	7	1	3	8	8	8
	8	2	7	7	9	5	5	1	8	2	7	6	5	4	5	9	1	1	7	8	9	2	5	9	3	8	3	2	1	7	3

C = Vehicle capacity
	3550

f = Fixed transportation cost
	162285

a_ik = Transportation cost for traveling from node i to node k
 	0	3825	1190	855	885	1815	3000	2280	755	1225	2285	3465	3340	1465	2610	2570	3180	2585	3890	1505	1225	3640	995	370	1960	1405	1375	2150	2175	1105	1835
	3825	0	2635	2975	2945	2100	945	4250	3095	4510	4305	1060	1820	2730	1465	4810	1075	4815	80	3005	4050	1110	4635	4120	3390	4190	2475	2465	4325	2720	2195
	1190	2635	0	350	320	710	1830	2460	495	2055	2495	2340	2365	810	1490	2935	2050	2940	2700	1110	1730	2525	2060	1495	1755	1920	265	1390	2435	90	820
	855	2975	350	0	35	980	2150	2420	285	1825	2445	2630	2580	960	1830	2850	2390	2860	3045	1185	1570	2810	1765	1180	1805	1765	525	1615	2370	270	1120
	885	2945	320	35	0	950	2120	2425	290	1845	2450	2605	2560	940	1795	2855	2360	2865	3010	1175	1585	2785	1790	1205	1800	1780	495	1595	2375	235	1090
	1815	2100	710	980	950	0	1210	3090	1195	2765	3130	1655	1660	1345	1315	3590	1775	3595	2175	1685	2435	1835	2740	2150	2310	2620	465	1700	3085	780	1040
	3000	945	1830	2150	2120	1210	0	3825	2315	3825	3875	650	1190	2130	1155	4370	1185	4380	1020	2455	3420	830	3880	3320	2965	3585	1630	2100	3865	1910	1615
	2280	4250	2460	2420	2425	3090	3825	0	2145	1410	60	4460	4710	1760	2800	560	3225	565	4290	1415	1080	4650	1925	2105	870	940	2715	1790	175	2430	2225
	755	3095	495	285	290	1195	2315	2145	0	1575	2170	2835	2830	795	1855	2570	2425	2580	3165	965	1295	3015	1570	1025	1560	1490	735	1485	2090	420	1085
	1225	4510	2055	1825	1845	2765	3825	1410	1575	0	1390	4385	4400	1795	3105	1500	3650	1510	4565	1580	535	4570	520	905	1595	525	2305	2285	1255	1985	2325
	2285	4305	2495	2445	2450	3130	3875	60	2170	1390	0	4510	4755	1805	2855	505	3280	510	4345	1460	1075	4695	1905	2100	920	930	2750	1840	140	2465	2270
	3465	1060	2340	2630	2605	1655	650	4460	2835	4385	4510	0	765	2745	1795	5005	1730	5010	1120	3075	4005	190	4390	3805	3605	4175	2110	2745	4495	2420	2245
	3340	1820	2365	2580	2560	1660	1190	4710	2830	4400	4755	765	0	2950	2290	5225	2370	5235	1880	3295	4090	765	4320	3700	3890	4280	2105	3120	4720	2425	2525
	1465	2730	810	960	940	1345	2130	1760	795	1795	1805	2745	2950	0	1315	2280	1870	2290	2785	345	1325	2935	2000	1615	970	1470	1025	695	1770	820	540
	2610	1465	1490	1830	1795	1315	1155	2800	1855	3105	2855	1795	2290	1315	0	3355	575	3365	1510	1560	2620	1970	3295	2845	1935	2750	1450	1015	2870	1565	800
	2570	4810	2935	2850	2855	3590	4370	560	2570	1500	505	5005	5225	2280	3355	0	3780	15	4850	1940	1355	5190	2005	2330	1425	1170	3190	2345	510	2895	2760
	3180	1075	2050	2390	2360	1775	1185	3225	2425	3650	3280	1730	2370	1870	575	3780	0	3785	1100	2085	3155	1875	3860	3415	2375	3270	1985	1455	3310	2125	1370
	2585	4815	2940	2860	2865	3595	4380	565	2580	1510	510	5010	5235	2290	3365	15	3785	0	4855	1945	1365	5200	2015	2340	1430	1180	3200	2350	520	2905	2770
	3890	80	2700	3045	3010	2175	1020	4290	3165	4565	4345	1120	1880	2785	1510	4850	1100	4855	0	3055	4105	1165	4700	4185	3430	4245	2545	2505	4365	2785	2250
	1505	3005	1110	1185	1175	1685	2455	1415	965	1580	1460	3075	3295	345	1560	1940	2085	1945	3055	0	1075	3265	1860	1580	645	1195	1340	720	1430	1105	845
	1225	4050	1730	1570	1585	2435	3420	1080	1295	535	1075	4005	4090	1325	2620	1355	3155	1365	4105	1075	0	4190	950	1030	1075	200	1995	1760	960	1675	1860
	3640	1110	2525	2810	2785	1835	830	4650	3015	4570	4695	190	765	2935	1970	5190	1875	5200	1165	3265	4190	0	4570	3980	3790	4365	2290	2930	4685	2600	2430
	995	4635	2060	1765	1790	2740	3880	1925	1570	520	1905	4390	4320	2000	3295	2005	3860	2015	4700	1860	950	4570	0	625	2015	1010	2285	2580	1770	1980	2495
	370	4120	1495	1180	1205	2150	3320	2105	1025	905	2100	3805	3700	1615	2845	2330	3415	2340	4185	1580	1030	3980	625	0	1925	1180	1700	2270	1980	1415	2050
	1960	3390	1755	1805	1800	2310	2965	870	1560	1595	920	3605	3890	970	1935	1425	2375	1430	3430	645	1075	3790	2015	1925	0	1090	1985	930	940	1745	1375
	1405	4190	1920	1765	1780	2620	3585	940	1490	525	930	4175	4280	1470	2750	1170	3270	1180	4245	1195	200	4365	1010	1180	1090	0	2180	1855	805	1865	2010
	1375	2475	265	525	495	465	1630	2715	735	2305	2750	2110	2105	1025	1450	3190	1985	3200	2545	1340	1995	2290	2285	1700	1985	2180	0	1530	2690	325	905
	2150	2465	1390	1615	1595	1700	2100	1790	1485	2285	1840	2745	3120	695	1015	2345	1455	2350	2505	720	1760	2930	2580	2270	930	1855	1530	0	1865	1430	665
	2175	4325	2435	2370	2375	3085	3865	175	2090	1255	140	4495	4720	1770	2870	510	3310	520	4365	1430	960	4685	1770	1980	940	805	2690	1865	0	2400	2255
	1105	2720	90	270	235	780	1910	2430	420	1985	2465	2420	2425	820	1565	2895	2125	2905	2785	1105	1675	2600	1980	1415	1745	1865	325	1430	2400	0	880
	1835	2195	820	1120	1090	1040	1615	2225	1085	2325	2270	2245	2525	540	800	2760	1370	2770	2250	845	1860	2430	2495	2050	1375	2010	905	665	2255	880	0

coordXY = Coordinates (x,y): line zero => x line one => y column => customers
 	449	104	341	385	381	363	252	24	350	304	27	315	467	194	103	15	32	13	92	160	234	323	407	434	58	211	362	64	54	349	182
	281	963	493	439	444	633	847	117	395	84	106	960	948	425	671	6	761	5	972	365	164	997	87	209	287	132	541	472	100	478	532

d_pit = Demand of item p at customer i in period t
 	34	64	52	87	19	32	83	14	80	12	66	21
	26	42	34	34	27	90	49	59	23	37	64	15
	46	25	46	19	90	43	26	56	97	78	65	24
	71	28	76	30	47	45	70	64	38	27	81	46
	37	65	98	44	14	75	44	65	44	34	51	53
	95	85	36	75	90	80	38	88	56	67	74	11
	55	41	75	72	66	68	19	87	74	69	49	87
	44	18	43	18	63	82	53	84	22	54	17	25
	31	59	86	24	87	36	96	71	36	12	54	30
	86	45	100	76	42	64	31	17	15	75	17	59
	32	57	34	42	84	30	72	88	40	43	49	82
	76	90	41	40	54	76	60	80	83	86	65	93
	38	49	31	72	35	55	99	88	75	26	21	45
	76	31	13	92	99	71	61	94	39	24	43	71
	93	50	12	29	27	18	64	53	77	76	69	34
	67	61	23	100	80	65	23	56	38	55	66	59
	12	90	54	99	72	21	39	82	48	51	40	50
	66	98	69	44	21	35	30	93	51	29	95	51
	18	18	70	99	46	61	80	49	24	60	99	93
	87	70	75	42	97	46	44	55	93	51	34	49
	67	79	60	21	51	19	30	20	12	90	97	50
	27	55	93	38	11	80	50	77	92	39	13	89
	14	46	85	82	70	33	74	51	93	86	87	82
	57	70	56	22	65	22	32	74	42	20	30	75
	53	84	18	26	63	42	58	57	39	64	76	72
	99	72	36	79	14	46	79	74	91	82	70	38
	87	88	85	17	55	54	54	24	36	14	57	69
	97	11	60	85	54	79	39	28	66	81	85	84
	66	13	59	13	53	80	66	55	30	44	71	67
	81	75	34	36	86	13	57	58	48	21	93	93

	51	43	24	24	25	72	50	27	39	90	54	28
	50	49	53	50	44	82	12	95	93	88	30	66
	34	97	15	65	91	89	63	88	73	72	48	44
	71	26	56	78	62	67	60	10	21	61	80	72
	33	96	46	10	32	30	79	34	79	39	59	80
	44	90	65	39	91	39	60	34	47	70	93	19
	55	76	34	96	17	69	22	94	35	47	86	39
	27	80	92	100	25	73	49	15	65	53	38	42
	87	90	14	63	94	29	64	37	18	10	92	89
	53	80	97	52	90	83	40	47	99	99	47	65
	79	12	91	80	16	31	76	71	64	98	59	54
	39	90	31	77	74	39	88	78	72	78	63	96
	38	55	60	45	57	80	22	50	46	94	97	18
	32	86	38	93	81	43	33	82	82	53	34	48
	78	75	40	83	25	65	59	49	59	37	83	93
	56	72	68	30	79	45	75	69	15	17	83	39
	41	52	48	60	53	32	22	40	65	62	25	91
	55	30	21	61	69	66	36	43	97	55	24	23
	99	64	87	69	66	26	56	65	41	14	32	83
	48	20	82	26	89	30	18	16	85	36	27	24
	34	85	54	30	85	87	62	23	54	25	52	96
	34	39	67	18	23	24	98	67	93	96	54	36
	80	67	16	46	50	51	32	89	40	78	97	75
	90	39	91	56	100	53	13	70	70	54	13	17
	83	45	28	49	15	39	67	86	90	54	97	25
	62	81	78	39	24	62	33	83	97	63	86	70
	93	39	80	79	48	55	23	53	73	37	54	53
	53	28	28	37	18	51	50	19	63	48	69	29
	67	92	23	35	38	98	77	35	90	87	20	27
	77	34	23	74	43	20	27	69	54	26	22	17

	78	71	21	17	37	53	29	93	79	19	20	24
	38	27	64	57	67	70	51	93	50	49	46	83
	75	74	61	62	33	81	22	59	27	60	99	90
	60	35	16	32	53	86	12	45	42	35	58	74
	99	30	33	63	23	19	23	84	46	83	19	79
	51	25	66	21	42	81	12	43	23	77	58	44
	57	100	20	80	15	88	40	13	34	55	35	19
	83	93	48	47	46	49	20	38	99	85	10	84
	84	64	23	80	89	16	26	26	87	71	30	19
	67	73	47	74	84	89	21	71	49	44	33	78
	99	65	60	58	14	91	26	89	94	38	39	40
	94	69	65	73	18	61	32	57	63	38	85	32
	89	37	100	13	12	41	21	73	83	42	25	21
	50	42	33	74	37	16	12	22	53	39	61	90
	32	60	84	36	69	18	80	13	64	67	78	90
	89	92	62	18	36	86	79	42	18	78	65	21
	52	91	83	26	56	70	26	69	84	54	41	65
	91	48	17	21	46	42	26	68	99	43	31	48
	34	91	88	70	88	11	13	76	89	95	37	80
	100	81	61	18	99	40	24	86	31	37	24	44
	60	48	53	47	86	65	94	77	92	72	55	47
	62	59	41	70	17	10	34	23	27	28	69	95
	23	50	10	88	100	95	20	71	99	49	22	28
	46	61	26	79	82	70	39	95	41	70	13	55
	25	39	20	28	33	12	29	52	72	28	81	81
	93	87	20	63	45	100	85	44	33	22	85	29
	43	84	96	86	16	23	40	52	53	60	48	74
	23	45	24	38	99	81	53	85	36	17	11	21
	54	48	84	51	28	19	11	56	55	19	59	55
	34	21	48	88	59	20	98	68	69	19	21	88

	70	40	45	53	42	65	27	84	70	60	48	99
	91	60	39	67	50	21	68	88	18	27	95	83
	37	64	83	75	85	66	35	75	22	28	64	94
	11	30	76	15	81	99	80	86	94	42	34	30
	96	22	37	58	68	77	77	20	58	69	73	38
	60	29	46	50	39	62	71	75	75	44	79	67
	31	48	91	70	94	99	95	10	67	32	43	98
	58	71	90	54	63	95	76	57	44	40	21	58
	74	41	69	69	68	59	17	63	33	35	98	63
	26	64	95	43	69	87	19	20	66	21	88	14
	35	49	34	57	72	44	61	79	61	20	33	96
	21	66	99	30	62	70	84	32	30	36	64	37
	59	42	14	16	19	71	22	93	22	89	18	25
	10	58	19	66	55	60	39	71	36	74	57	55
	24	54	78	93	96	70	43	53	46	22	15	32
	81	74	83	31	87	68	79	86	64	14	49	17
	28	13	63	45	11	18	72	57	38	85	60	19
	80	69	56	70	33	75	71	64	70	98	78	38
	95	75	42	59	46	60	92	62	49	48	62	14
	17	53	28	48	11	65	79	23	20	61	16	40
	72	39	78	22	69	55	75	19	77	95	35	33
	12	84	15	40	41	21	88	26	63	54	34	45
	55	54	29	38	23	42	13	60	80	49	31	78
	73	72	94	86	63	62	53	57	25	68	46	83
	95	56	60	36	66	45	79	99	16	11	81	92
	80	29	79	19	25	90	33	33	12	71	78	17
	31	14	82	38	33	14	61	51	87	47	95	59
	27	20	63	77	22	99	56	85	87	39	71	88
	52	11	58	65	71	97	78	81	67	95	74	21
	30	71	56	78	43	100	57	68	42	49	37	95

	66	24	77	33	72	97	27	53	96	18	91	59
	44	35	95	85	82	44	23	38	69	57	25	48
	71	87	28	10	73	58	96	76	53	15	77	65
	78	83	92	23	44	17	27	35	54	69	31	72
	16	45	68	72	25	80	24	99	46	39	77	24
	98	71	32	44	58	29	54	84	71	48	15	87
	23	61	36	62	42	86	28	40	56	82	84	47
	96	19	96	53	40	14	55	49	11	31	92	90
	58	53	67	81	53	20	23	73	73	11	56	15
	85	90	19	55	71	26	98	11	75	98	21	49
	51	86	44	87	89	92	36	83	57	76	85	14
	14	97	94	56	23	20	24	71	18	14	19	17
	53	25	100	84	76	47	91	29	31	81	15	36
	41	34	32	37	44	77	33	84	85	24	62	79
	25	65	43	62	67	85	81	81	52	96	57	56
	24	88	11	51	19	56	48	90	55	44	33	47
	68	38	42	29	94	53	22	73	21	28	33	18
	66	47	91	27	28	17	42	96	78	50	74	84
	27	84	42	76	74	92	84	74	67	73	94	70
	28	26	25	72	51	77	24	11	48	33	39	83
	14	46	17	43	67	35	19	15	48	55	64	77
	78	38	14	17	73	32	44	74	81	98	73	88
	43	76	38	25	42	93	43	66	12	50	11	62
	50	34	74	26	73	48	15	84	36	40	59	77
	87	32	27	93	92	45	50	13	65	11	70	25
	81	32	29	77	18	88	40	73	71	94	36	12
	54	88	31	39	52	75	59	70	62	23	82	22
	78	34	28	79	77	71	93	54	47	70	75	39
	56	31	51	95	35	69	85	11	53	20	93	66
	88	33	31	13	91	92	62	97	77	66	58	82

	48	45	98	72	79	87	43	82	69	14	77	75
	58	16	97	20	74	31	29	22	74	96	52	22
	76	69	18	52	13	67	75	68	17	73	48	12
	15	60	58	38	88	14	45	11	22	77	50	19
	79	34	71	45	30	63	59	43	47	63	69	23
	31	99	96	55	85	90	49	26	28	76	100	45
	72	68	58	91	63	22	98	20	36	49	88	53
	39	45	42	67	59	17	20	27	42	49	77	43
	61	85	85	39	20	93	68	93	40	84	73	56
	80	73	36	43	80	82	97	75	58	17	84	86
	21	23	87	93	20	59	65	47	43	32	50	44
	30	83	57	37	42	11	52	16	84	46	50	23
	61	20	87	60	25	17	48	79	78	12	19	58
	41	83	13	66	24	22	75	64	40	26	13	93
	66	54	40	29	28	41	45	18	19	85	30	74
	78	11	21	16	41	20	47	12	78	93	66	69
	58	56	55	38	65	94	53	84	54	82	89	67
	21	73	78	71	53	55	20	67	72	49	51	69
	87	17	55	56	93	39	61	11	99	41	25	98
	89	56	79	71	34	64	27	96	18	88	95	11
	22	38	62	21	20	85	98	32	43	37	31	64
	56	12	37	44	30	79	98	51	28	56	48	93
	96	67	54	77	80	97	48	80	95	95	75	31
	27	87	80	23	53	52	93	26	77	65	50	35
	83	59	67	61	68	57	89	35	19	11	15	93
	25	49	33	58	48	71	83	55	47	82	48	44
	83	54	86	43	25	66	100	93	18	78	21	88
	38	32	88	44	20	78	44	42	86	100	99	30
	35	69	85	33	40	43	16	96	87	71	13	76
	63	14	79	45	39	81	87	71	72	87	35	78

	64	58	57	74	69	86	65	89	22	59	27	44
	53	69	84	49	16	17	36	81	41	20	15	96
	13	58	95	44	22	69	20	98	26	73	86	56
	58	13	96	71	62	38	64	23	54	41	43	82
	25	25	52	73	78	44	62	79	70	84	83	95
	72	90	73	25	39	60	85	59	67	29	28	26
	47	40	47	47	63	35	85	51	75	75	11	31
	90	13	72	69	54	24	15	76	22	90	31	67
	68	92	39	46	70	53	72	85	25	76	11	13
	27	19	92	64	98	98	74	15	55	47	77	43
	77	69	59	55	35	45	57	85	37	79	87	45
	55	66	11	75	86	94	58	57	87	40	33	79
	94	12	80	19	35	86	90	86	97	35	72	75
	54	31	96	60	73	50	39	61	14	55	36	62
	96	59	88	95	53	61	15	65	69	47	14	47
	44	70	89	93	74	34	21	19	55	22	78	46
	52	78	94	22	39	78	79	13	81	44	84	18
	68	96	97	17	87	22	62	11	15	58	41	24
	42	88	54	44	50	88	57	48	66	64	35	12
	87	75	61	22	90	84	69	89	42	97	28	62
	76	71	47	26	76	99	29	11	38	34	59	41
	26	64	93	17	14	71	85	76	34	63	82	18
	87	49	75	14	95	42	88	72	13	53	61	92
	27	33	42	26	42	85	55	21	79	55	72	54
	25	61	55	51	21	87	87	33	39	77	53	13
	27	49	69	89	42	60	42	70	15	35	61	34
	39	59	66	77	42	66	94	79	95	94	67	45
	13	10	97	49	33	43	72	21	83	57	72	66
	82	43	91	38	57	12	73	67	93	73	15	91
	22	100	59	83	11	19	16	42	13	45	10	40

	50	35	91	92	18	74	66	74	71	13	92	40
	44	16	25	59	96	90	92	97	73	12	12	26
	27	83	66	69	28	53	60	42	32	54	25	92
	81	86	12	81	73	68	74	43	25	41	62	57
	67	30	68	40	58	15	50	41	22	28	75	25
	49	29	31	62	70	81	96	55	41	80	10	30
	32	100	55	87	75	31	70	12	33	75	64	92
	87	36	72	15	39	21	32	70	71	75	29	13
	57	91	51	17	34	83	19	21	93	46	95	16
	90	88	55	34	18	18	89	94	69	88	95	21
	31	71	81	51	25	34	16	26	15	76	96	51
	83	56	44	73	50	88	89	38	53	69	93	47
	55	69	47	96	95	30	56	36	81	93	95	29
	20	43	82	73	66	16	66	57	91	66	82	80
	68	58	43	45	58	18	29	90	42	60	39	26
	41	78	72	49	20	94	17	16	55	33	28	51
	76	37	49	27	38	42	90	71	87	33	98	42
	82	83	12	17	67	32	57	10	88	65	22	16
	45	16	21	98	34	61	42	81	39	61	48	54
	15	87	57	30	52	57	41	51	50	93	61	23
	41	21	55	77	97	87	35	95	21	56	82	35
	60	32	53	99	32	16	18	17	18	96	23	21
	75	64	89	44	15	56	18	29	68	61	53	76
	82	85	22	16	64	98	11	66	50	74	96	19
	16	70	26	80	26	24	15	53	85	97	88	73
	86	51	53	74	30	22	74	63	84	78	32	87
	59	83	52	96	72	39	74	86	13	70	66	65
	22	86	21	65	37	90	71	66	25	54	34	10
	98	95	18	76	59	63	97	62	19	28	64	99
	91	13	70	96	42	100	75	87	27	85	59	27

	50	42	42	98	31	56	79	37	85	55	98	26
	62	24	93	17	100	76	78	73	89	37	69	67
	79	49	71	58	70	15	17	50	36	30	45	44
	18	20	61	78	96	59	38	63	95	55	83	71
	15	22	59	31	30	37	46	41	26	33	34	13
	93	62	42	85	65	66	70	80	86	45	23	87
	17	40	94	62	66	57	41	46	85	39	57	11
	27	39	89	80	83	14	81	13	54	85	53	83
	32	60	89	20	25	99	85	16	25	16	27	25
	39	82	57	44	65	68	16	11	80	52	87	20
	44	82	39	67	58	18	98	90	74	87	92	42
	11	50	12	72	40	63	79	69	58	77	23	63
	62	49	61	51	21	59	72	60	66	30	27	85
	50	31	87	97	98	36	77	69	61	71	62	10
	91	44	78	67	85	96	58	80	35	78	84	63
	17	37	47	15	17	41	67	20	87	75	99	93
	62	97	46	90	60	84	57	67	88	75	16	31
	48	82	57	67	38	46	70	83	16	81	12	41
	19	41	83	47	78	85	78	45	95	98	33	39
	68	35	97	29	55	28	94	74	94	41	76	32
	37	32	91	12	29	17	14	23	20	66	12	33
	90	24	89	85	94	37	60	66	32	13	37	30
	31	43	83	30	47	46	16	82	16	70	47	30
	70	27	41	76	18	21	22	23	54	41	65	91
	72	94	29	18	48	24	67	22	83	77	48	83
	74	93	48	58	19	45	66	41	32	30	29	67
	43	98	42	36	21	16	12	95	74	39	83	17
	25	70	54	82	71	98	25	79	97	67	76	89
	33	51	20	43	32	86	64	72	70	33	22	50
	94	36	72	88	28	95	91	78	91	58	73	17

	64	43	68	22	45	87	25	96	72	58	57	69
	64	95	80	32	36	19	49	19	99	76	59	25
	63	35	56	20	23	12	65	75	61	53	56	52
	41	70	71	33	17	48	76	62	29	57	16	75
	71	16	24	92	12	68	98	37	45	89	95	18
	60	29	60	54	92	30	64	93	66	29	76	62
	14	82	31	40	58	94	94	38	25	69	88	39
	34	78	32	28	34	84	83	24	22	82	52	56
	77	94	31	52	100	42	33	26	90	38	81	15
	52	32	36	12	12	28	83	57	74	58	16	19
	46	41	35	98	73	26	89	98	57	94	85	56
	100	60	98	36	58	77	43	25	50	98	15	93
	69	93	13	59	51	70	55	67	98	74	65	44
	68	73	14	98	99	27	75	66	97	93	85	80
	71	66	33	98	82	99	98	67	25	32	94	77
	48	85	18	20	20	45	98	63	89	34	51	64
	37	33	35	63	44	69	81	16	38	96	53	58
	43	69	70	20	19	50	93	49	31	66	26	22
	85	48	50	77	21	20	49	45	46	58	30	73
	38	64	79	41	44	33	51	72	40	40	92	65
	51	46	50	78	48	86	65	42	53	20	33	60
	37	87	23	92	69	72	30	35	40	23	95	12
	77	82	91	55	40	97	35	99	97	77	20	91
	83	10	58	64	31	87	43	36	44	81	75	70
	81	44	78	53	53	38	32	46	43	26	98	83
	87	19	88	24	63	22	34	56	31	100	59	23
	97	41	33	16	32	51	78	28	95	28	26	38
	61	23	16	68	82	11	73	16	81	99	44	90
	35	91	65	36	45	23	19	38	37	93	92	29
	100	50	93	53	21	90	14	95	77	37	35	93

