***** PARAMETERS PRP *****

Number of Customers = 30
Number of Products = 10
Number of Vehicles = 5
Number of Periods = 12

B = Production capacity
	49245

b_p = Time required to produce item p
 	1	1	1	1	1	1	1	1	1	1

c_p = Production cost of item p
 	80	30	30	80	80	80	80	80	80	80

s_p = Setup cost of item p
 	800	300	300	800	800	800	800	800	800	800

M = Big number
	196980

U_pi = Maximum inventory upper bound of item p at site i
 	196980	118	175	226	152	180	108	166	132	223	159	136	167	185	279	244	272	182	155	201	168	108	191	226	130	106	205	288	216	331	220
	196980	171	116	159	105	160	97	119	99	181	97	120	151	338	164	255	149	258	224	164	119	180	161	268	132	264	106	229	240	96	228
	196980	280	272	225	168	195	265	139	109	191	139	166	90	215	194	216	95	98	98	322	147	163	124	274	220	242	205	89	219	179	244
	196980	134	183	231	139	105	150	153	278	236	102	205	248	228	189	273	240	152	278	271	241	280	168	125	183	145	219	213	113	276	223
	196980	235	116	134	256	310	165	132	257	98	138	211	287	181	271	236	110	163	116	286	362	261	209	200	248	223	313	110	158	90	148
	196980	231	171	107	258	148	195	181	147	106	95	113	104	261	255	290	116	233	323	125	110	98	234	255	244	253	105	88	98	84	195
	196980	161	114	155	165	267	192	159	111	204	117	243	117	94	118	245	248	357	189	161	322	168	133	179	239	110	206	205	132	242	204
	196980	104	90	319	166	181	184	111	214	184	174	135	96	255	241	219	259	206	144	275	160	242	299	263	268	205	274	306	278	146	196
	196980	195	121	284	297	262	291	172	180	172	101	99	234	259	226	139	251	176	252	104	200	185	237	134	130	236	172	303	102	139	337
	196980	138	175	166	149	245	164	173	119	274	137	208	241	150	96	260	232	217	242	243	257	213	309	305	236	325	142	224	188	124	189

I_pi0 = Initial inventory of item p at site i
 	0	105	170	52	68	126	101	108	108	62	140	45	152	183	158	73	67	15	147	125	114	33	39	179	114	68	139	122	79	95	184
	0	113	50	12	64	103	54	119	74	167	71	111	40	308	122	203	64	116	72	125	29	108	139	197	74	155	12	154	239	44	200
	0	66	116	93	77	84	160	139	52	111	138	141	28	96	174	150	38	87	23	296	89	152	97	123	152	102	130	47	68	27	89
	0	108	118	200	69	32	51	68	60	79	37	19	197	203	118	210	88	139	35	166	62	64	77	31	114	81	149	32	113	207	128
	0	221	69	18	129	262	134	127	10	93	24	119	37	163	58	208	98	139	94	278	61	174	194	122	189	175	174	45	156	31	135
	0	214	149	67	130	126	135	163	138	62	18	100	76	120	206	166	62	54	279	79	89	48	203	126	241	96	68	65	22	78	190
	0	131	76	64	94	163	32	135	61	82	84	235	108	70	95	12	177	325	145	105	57	87	97	175	128	11	71	94	90	130	123
	0	87	44	141	114	72	111	66	149	158	132	98	75	99	161	56	85	102	113	256	131	16	121	195	94	101	152	188	158	125	159
	0	109	55	112	93	47	205	72	26	72	86	24	81	58	174	88	15	114	78	68	177	114	185	47	66	146	158	93	89	136	119
	0	129	159	64	73	211	100	166	58	139	135	122	149	103	59	30	198	52	222	175	190	96	241	255	52	26	103	100	85	72	156

h_pi = Inventory cost of item p at site i
 	8	3	9	2	4	6	9	5	9	1	7	1	1	9	5	8	4	1	4	3	1	5	3	9	8	6	4	7	6	9	2
	3	3	2	7	9	4	2	3	3	6	5	4	8	6	4	1	3	5	1	7	5	1	3	2	7	2	8	5	2	8	7
	3	2	8	2	9	8	1	7	8	5	1	7	2	2	9	2	6	1	6	6	5	6	3	7	3	9	1	6	3	4	5
	8	8	8	6	6	6	9	2	3	1	1	1	5	9	2	1	3	1	7	1	8	8	2	6	4	7	9	8	8	8	6
	8	1	2	6	7	2	4	7	9	4	9	5	4	7	6	3	7	7	2	9	2	5	1	8	7	1	4	8	1	6	8
	8	8	2	2	5	9	6	3	2	7	1	7	9	1	1	7	5	2	4	8	4	5	1	5	3	6	7	5	2	9	2
	8	8	9	3	6	1	9	7	2	5	1	2	7	1	6	8	9	2	8	8	1	1	5	1	4	7	7	1	4	3	3
	8	3	9	3	5	6	5	1	1	2	3	1	5	9	6	8	6	4	4	6	4	1	5	5	7	2	7	6	2	2	3
	8	1	9	1	7	8	9	1	4	2	5	9	8	6	2	5	2	4	3	8	3	3	3	7	9	6	1	1	3	6	8
	8	9	6	4	8	3	8	7	1	3	4	7	7	4	6	5	7	5	9	2	3	9	2	7	6	9	2	8	2	7	7

C = Vehicle capacity
	3620

f = Fixed transportation cost
	158255

a_ik = Transportation cost for traveling from node i to node k
 	0	3430	830	875	3645	565	2645	1965	1490	2935	660	1805	3315	530	1650	1035	1305	1590	410	535	2925	1730	1095	2930	1175	3310	2750	670	960	3000	3505
	3430	0	2785	3075	225	2910	990	1985	4645	590	3780	4875	845	3860	2570	3245	3870	3120	3840	3030	1830	2215	2515	1625	4000	610	730	4045	2475	440	690
	830	2785	0	370	2990	320	1910	1145	1870	2245	995	2120	2555	1115	855	620	1220	975	1180	845	2100	900	290	2110	1265	2580	2070	1495	595	2380	2990
	875	3075	370	0	3270	565	2155	1280	1580	2515	775	1805	2770	970	825	255	860	725	1125	1085	2180	1010	575	2230	935	2815	2350	1480	955	2680	3320
	3645	225	2990	3270	0	3125	1150	2145	4845	765	3985	5070	870	4070	2735	3435	4055	3290	4055	3250	1900	2385	2715	1695	4190	650	925	4265	2695	660	780
	565	2910	320	565	3125	0	2095	1415	1820	2395	920	2100	2760	955	1170	805	1320	1255	950	540	2380	1190	545	2380	1305	2760	2215	1230	500	2490	3045
	2645	990	1910	2155	1150	2095	0	1000	3730	405	2900	3940	690	3020	1590	2305	2920	2140	3040	2335	1050	1240	1625	865	3060	675	335	3295	1740	720	1475
	1965	1985	1145	1280	2145	1415	1000	0	2815	1400	2050	3000	1520	2225	595	1370	1955	1145	2320	1835	965	275	875	970	2125	1605	1280	2635	1280	1670	2405
	1490	4645	1870	1580	4845	1820	3730	2815	0	4090	905	325	4325	965	2270	1445	930	1825	1200	2025	3625	2545	2130	3715	705	4385	3925	1380	2320	4245	4845
	2935	590	2245	2515	765	2395	405	1400	4090	0	3235	4310	605	3335	1985	2675	3295	2535	3340	2575	1350	1630	1965	1150	3430	455	195	3570	1995	370	1105
	660	3780	995	775	3985	920	2900	2050	905	3235	0	1195	3530	285	1575	755	705	1295	570	1165	2945	1780	1275	3000	530	3565	3065	920	1415	3370	3950
	1805	4875	2120	1805	5070	2100	3940	3000	325	4310	1195	0	4515	1285	2430	1640	1055	1950	1520	2335	3765	2730	2370	3865	880	4590	4150	1700	2600	4485	5105
	3315	845	2555	2770	870	2760	690	1520	4325	605	3530	4515	0	3665	2100	2885	3470	2630	3710	3020	1055	1785	2270	850	3640	240	765	3975	2425	915	1520
	530	3860	1115	970	4070	955	3020	2225	965	3335	285	1285	3665	0	1790	1000	980	1560	300	1065	3145	1960	1400	3185	780	3690	3160	640	1425	3440	3985
	1650	2570	855	825	2735	1170	1590	595	2270	1985	1575	2430	2100	1790	0	845	1380	555	1940	1680	1380	365	700	1450	1570	2195	1855	2290	1260	2235	2955
	1035	3245	620	255	3435	805	2305	1370	1445	2675	755	1640	2885	1000	845	0	640	570	1210	1315	2220	1105	790	2290	760	2955	2520	1575	1210	2865	3520
	1305	3870	1220	860	4055	1320	2920	1955	930	3295	705	1055	3470	980	1380	640	0	900	1270	1740	2715	1690	1420	2810	265	3555	3145	1615	1785	3495	4155
	1590	3120	975	725	3290	1255	2140	1145	1825	2535	1295	1950	2630	1560	555	570	900	0	1775	1790	1820	915	985	1925	1130	2740	2410	2145	1530	2785	3500
	410	3840	1180	1125	4055	950	3040	2320	1200	3340	570	1520	3710	300	1940	1210	1270	1775	0	905	3265	2070	1460	3285	1075	3710	3155	370	1365	3410	3910
	535	3030	845	1085	3250	540	2335	1835	2025	2575	1165	2335	3020	1065	1680	1315	1740	1790	905	0	2795	1645	1005	2760	1660	2985	2385	1025	600	2595	3040
	2925	1830	2100	2180	1900	2380	1050	965	3625	1350	2945	3765	1055	3145	1380	2220	2715	1820	3265	2795	0	1200	1840	210	2925	1255	1365	3590	2220	1715	2445
	1730	2215	900	1010	2385	1190	1240	275	2545	1630	1780	2730	1785	1960	365	1105	1690	915	2070	1645	1200	0	655	1225	1855	1865	1500	2390	1130	1875	2595
	1095	2515	290	575	2715	545	1625	875	2130	1965	1275	2370	2270	1400	700	790	1420	985	1460	1005	1840	655	0	1840	1505	2295	1795	1760	570	2115	2745
	2930	1625	2110	2230	1695	2380	865	970	3715	1150	3000	3865	850	3185	1450	2290	2810	1925	3285	2760	210	1225	1840	0	3015	1050	1175	3600	2180	1515	2240
	1175	4000	1265	935	4190	1305	3060	2125	705	3430	530	880	3640	780	1570	760	265	1130	1075	1660	2925	1855	1505	3015	0	3710	3275	1400	1795	3610	4245
	3310	610	2580	2815	650	2760	675	1605	4385	455	3565	4590	240	3690	2195	2955	3555	2740	3710	2985	1255	1865	2295	1050	3710	0	635	3960	2395	705	1285
	2750	730	2070	2350	925	2215	335	1280	3925	195	3065	4150	765	3160	1855	2520	3145	2410	3155	2385	1365	1500	1795	1175	3275	635	0	3380	1805	395	1150
	670	4045	1495	1480	4265	1230	3295	2635	1380	3570	920	1700	3975	640	2290	1575	1615	2145	370	1025	3590	2390	1760	3600	1400	3960	3380	0	1575	3610	4060
	960	2475	595	955	2695	500	1740	1280	2320	1995	1415	2600	2425	1425	1260	1210	1785	1530	1365	600	2220	1130	570	2180	1795	2395	1805	1575	0	2045	2565
	3000	440	2380	2680	660	2490	720	1670	4245	370	3370	4485	915	3440	2235	2865	3495	2785	3410	2595	1715	1875	2115	1515	3610	705	395	3610	2045	0	760
	3505	690	2990	3320	780	3045	1475	2405	4845	1105	3950	5105	1520	3985	2955	3520	4155	3500	3910	3040	2445	2595	2745	2240	4245	1285	1150	4060	2565	760	0

coordXY = Coordinates (x,y): line zero => x line one => y column => customers
 	278	336	196	136	327	248	218	112	61	270	157	3	170	207	62	89	19	2	266	351	9	111	193	46	52	217	280	325	306	343	473
	238	921	382	340	965	346	763	594	34	824	187	5	892	160	487	321	215	394	157	316	757	540	439	776	174	897	787	113	427	834	911

d_pit = Demand of item p at customer i in period t
 	71	34	44	87	19	83	39	54	48	93	78	57
	19	98	39	14	18	48	20	25	47	99	28	69
	52	48	81	14	76	12	54	43	26	81	39	17
	15	40	13	35	54	77	55	65	16	86	73	80
	40	86	71	28	14	25	59	51	17	60	25	65
	67	34	90	55	81	45	73	39	47	50	15	52
	96	12	43	17	48	65	64	61	92	74	49	44
	16	92	30	24	55	10	14	12	80	20	89	84
	62	53	61	87	62	54	71	38	65	23	33	61
	50	90	50	38	25	69	46	20	97	47	38	67
	45	42	15	19	90	84	60	52	58	19	33	25
	37	60	55	75	25	18	10	33	78	14	37	60
	75	32	76	42	57	64	90	69	44	10	83	96
	69	36	53	95	65	43	46	51	87	37	25	63
	73	62	72	26	95	84	89	72	28	12	43	76
	67	63	45	91	19	93	81	92	98	39	37	90
	15	15	31	44	60	94	36	49	27	65	34	77
	36	30	81	46	24	78	95	92	50	38	22	29
	46	79	62	69	36	21	72	31	11	61	17	98
	51	63	63	36	54	19	40	56	85	62	100	44
	33	99	96	21	72	53	21	18	91	31	43	67
	39	11	45	45	40	12	27	94	43	87	46	85
	48	91	40	30	72	97	67	31	81	79	22	21
	37	77	25	53	76	63	66	76	94	51	67	96
	68	69	74	14	15	61	35	78	28	94	80	22
	59	80	93	72	38	74	21	26	35	22	20	75
	62	60	19	27	43	35	77	48	70	56	99	94
	79	86	12	46	11	75	93	55	55	66	55	14
	65	30	42	54	79	74	50	90	90	45	100	75
	64	21	99	37	84	34	19	11	92	50	81	67

	97	16	60	46	19	47	86	88	95	17	32	80
	50	57	19	27	49	23	54	10	13	33	80	48
	12	51	68	77	16	34	58	99	27	98	23	74
	64	76	17	89	46	21	61	18	19	81	56	82
	16	43	44	33	48	56	93	55	79	81	74	18
	29	25	77	14	32	94	20	55	60	54	92	32
	75	44	18	97	56	35	93	86	73	85	22	28
	15	59	42	98	52	87	33	29	28	100	39	12
	77	38	52	49	60	73	94	95	22	29	58	75
	60	11	97	69	65	71	11	28	22	37	98	15
	12	99	59	54	56	96	82	75	31	18	68	71
	40	72	20	53	66	97	70	18	58	30	47	33
	93	76	66	73	52	83	74	11	64	49	95	75
	27	18	77	63	42	84	61	88	12	46	55	82
	43	66	78	16	84	53	39	22	45	16	62	87
	46	18	100	82	82	73	11	65	21	19	55	25
	31	85	13	45	74	12	33	61	49	92	26	97
	72	23	34	33	46	88	54	49	96	52	37	88
	90	35	74	52	54	47	13	69	17	72	34	97
	29	90	90	56	75	57	42	86	46	13	95	37
	30	55	23	14	34	13	14	24	51	52	94	28
	57	54	28	85	19	89	79	47	24	56	81	25
	25	69	91	12	67	43	97	26	60	87	14	51
	33	41	76	56	24	58	42	57	51	41	24	26
	71	84	47	68	32	13	90	82	27	80	99	98
	12	92	94	80	33	91	14	40	59	56	35	27
	87	25	42	50	81	43	11	33	69	12	83	13
	81	80	78	65	48	70	16	50	11	50	74	98
	44	59	42	19	66	39	72	74	92	13	46	11
	75	43	82	38	18	60	86	89	60	25	81	26

	66	67	76	77	12	47	14	91	46	74	80	23
	33	83	88	88	81	76	54	30	96	91	68	28
	14	79	60	30	77	80	74	23	88	18	88	45
	77	86	37	47	81	70	20	27	25	98	83	22
	84	95	99	38	64	81	28	55	82	33	30	89
	41	78	41	24	16	38	14	93	82	58	63	87
	74	65	94	96	97	78	92	22	44	79	67	26
	52	94	41	88	26	13	72	76	65	46	62	16
	62	49	29	15	59	56	14	22	18	56	57	21
	36	35	67	59	18	50	81	23	55	42	18	73
	32	11	98	34	94	15	69	43	30	76	63	97
	28	69	42	88	83	25	19	47	34	42	41	19
	54	28	14	92	59	58	82	100	22	76	20	40
	83	26	65	88	52	25	80	94	31	68	69	95
	39	61	34	16	21	29	51	95	85	45	91	81
	38	93	64	54	31	35	30	29	27	78	17	72
	87	22	30	24	91	24	54	37	37	51	77	53
	23	54	82	28	22	94	89	25	65	78	16	13
	61	57	88	90	11	89	32	45	75	51	84	89
	27	34	28	89	75	26	40	20	87	50	33	78
	58	94	77	29	87	20	24	31	44	59	67	63
	97	67	22	53	24	75	87	76	86	21	47	90
	22	78	23	70	46	57	64	42	87	60	17	92
	75	29	48	38	18	44	99	61	61	28	15	12
	25	77	22	38	80	91	95	43	19	30	11	50
	31	99	67	93	50	28	11	29	31	97	46	33
	47	96	43	22	50	31	47	70	25	43	43	17
	68	95	77	86	15	27	36	18	12	11	61	19
	27	91	35	60	93	80	39	26	74	37	54	98
	89	50	67	80	70	51	91	44	73	32	37	48

	33	75	76	50	88	86	68	20	95	96	56	63
	38	64	16	98	73	12	98	67	64	55	54	94
	28	28	56	88	96	13	25	10	12	44	80	75
	69	40	11	80	11	84	76	20	71	31	36	26
	32	96	28	39	84	21	55	59	61	65	70	17
	51	82	76	81	42	60	98	92	77	70	83	89
	11	34	23	39	12	88	93	18	63	29	39	10
	60	51	81	89	32	39	85	31	95	48	44	13
	60	19	76	52	93	40	62	70	96	77	25	37
	37	92	83	26	71	39	72	62	22	69	11	26
	19	60	27	49	72	62	69	16	44	17	31	26
	59	47	91	78	61	19	76	72	89	11	69	72
	84	72	47	57	13	84	62	23	42	50	59	91
	66	52	97	57	27	95	74	43	93	100	28	23
	87	44	79	75	37	44	32	60	63	42	28	65
	88	12	32	69	78	57	46	69	69	72	38	91
	58	81	86	35	17	10	95	56	95	14	11	49
	35	38	83	53	94	90	48	98	76	74	80	66
	16	57	52	41	39	51	42	30	88	97	62	76
	62	19	96	86	22	42	12	17	89	15	78	40
	64	69	57	44	76	43	98	34	74	43	32	38
	64	13	76	22	63	96	96	18	77	100	17	28
	31	97	51	93	11	79	66	86	74	29	57	78
	78	36	92	58	82	51	95	98	14	40	68	19
	38	43	51	40	14	89	11	84	25	90	66	29
	30	92	27	42	74	18	93	12	60	78	53	78
	32	25	67	49	23	97	65	95	43	41	45	58
	84	29	53	46	76	64	31	40	63	75	100	18
	55	72	80	17	100	44	13	70	35	72	71	34
	91	37	61	62	57	19	66	55	23	69	58	72

	77	50	50	44	11	18	98	47	80	56	12	20
	69	74	56	54	20	94	42	74	76	95	27	12
	18	82	62	71	11	45	32	39	40	35	20	79
	71	58	46	59	75	66	19	21	60	24	63	53
	92	93	77	93	56	51	46	69	18	63	46	40
	77	57	60	83	53	44	43	38	80	62	16	48
	87	40	77	75	34	99	29	61	98	29	94	68
	10	26	31	75	84	96	51	94	74	90	41	98
	93	59	40	46	56	32	76	79	28	30	22	26
	24	83	41	36	30	75	44	12	46	57	86	17
	67	38	14	84	27	99	92	47	24	62	29	51
	37	88	82	61	68	34	26	68	94	21	97	12
	85	78	63	73	31	36	87	28	88	86	43	25
	58	35	52	43	83	84	59	72	36	28	34	67
	64	39	24	81	56	28	38	46	33	31	99	27
	48	50	93	52	29	59	75	14	70	67	23	79
	27	24	72	16	14	65	88	55	89	90	56	55
	94	26	43	99	43	31	20	52	72	97	54	65
	23	64	99	92	68	16	98	61	21	16	73	55
	61	77	60	60	85	98	99	96	80	52	65	35
	95	79	99	79	23	17	92	56	77	94	40	32
	70	78	46	39	12	19	32	43	58	33	23	49
	77	45	94	93	68	39	15	83	44	81	82	80
	19	67	76	27	69	17	27	52	27	36	81	97
	28	50	97	30	75	88	37	65	52	23	92	32
	96	78	48	72	63	55	78	93	34	84	33	18
	45	28	52	18	42	17	42	92	55	90	98	78
	82	74	69	39	35	26	58	73	11	61	73	31
	31	82	37	95	11	17	40	56	84	57	10	21
	72	28	35	42	12	95	67	12	35	86	37	71

	18	40	59	97	33	83	87	91	26	21	53	85
	13	35	50	51	96	82	37	78	98	38	17	87
	38	29	62	93	77	15	50	14	79	58	28	96
	89	41	86	57	27	49	63	85	27	23	11	61
	95	31	53	32	53	94	30	21	64	17	11	91
	43	92	41	68	82	34	81	40	59	72	88	78
	88	54	21	88	66	94	95	46	39	58	54	19
	36	92	10	22	47	61	30	99	62	17	56	56
	26	36	60	36	53	29	86	73	88	45	87	16
	18	42	49	94	62	31	65	52	16	24	69	46
	44	56	41	93	20	90	21	58	58	59	73	64
	76	44	26	93	41	38	37	72	63	80	15	41
	86	34	20	84	93	69	78	61	41	95	49	74
	27	17	73	89	57	51	84	91	79	54	79	63
	67	57	42	25	27	64	15	97	97	87	32	86
	62	72	83	29	70	76	74	37	14	90	19	67
	54	36	48	30	28	50	27	98	32	75	28	52
	28	99	90	62	76	57	55	66	85	41	22	93
	79	54	16	64	64	45	65	68	39	93	81	82
	89	94	36	17	10	53	48	73	49	79	18	91
	48	54	100	12	24	30	10	67	10	73	93	68
	56	95	52	73	63	81	17	15	25	75	86	65
	60	14	52	98	92	63	32	43	55	28	32	43
	72	50	97	22	76	23	24	20	41	20	53	88
	96	16	68	94	54	43	66	26	14	44	33	52
	68	45	45	17	76	27	20	42	41	92	60	97
	65	55	51	12	17	68	12	20	82	26	69	50
	22	97	63	77	14	44	20	81	79	16	54	21
	41	25	12	29	35	78	14	46	29	36	84	77
	87	80	23	32	19	49	93	43	34	43	46	35

	81	50	93	65	90	43	39	13	63	40	48	19
	57	19	72	87	80	10	41	27	93	83	17	98
	64	17	98	47	34	52	29	76	66	33	52	51
	76	18	53	60	58	97	58	81	92	14	10	44
	46	52	31	34	91	94	89	41	22	47	48	45
	32	90	63	29	70	75	28	85	95	56	75	71
	99	36	32	60	35	92	50	54	33	57	17	72
	33	28	44	40	42	35	57	85	85	79	84	51
	82	41	12	63	29	18	55	85	87	52	47	42
	84	74	33	37	29	94	48	85	10	90	43	76
	58	84	17	76	33	94	46	53	86	69	58	54
	68	40	81	52	65	15	33	30	86	93	63	77
	70	53	56	15	75	14	11	37	77	43	49	61
	62	33	76	59	14	15	43	17	42	10	22	77
	12	54	21	95	65	51	90	28	65	47	37	22
	81	36	60	20	34	70	90	69	36	31	27	42
	74	81	90	80	40	61	97	61	32	95	48	97
	57	88	54	37	95	14	79	96	85	85	34	30
	25	43	37	65	20	90	39	54	31	30	18	31
	57	86	24	85	12	51	89	58	62	92	59	98
	15	72	51	61	52	85	64	55	32	73	86	27
	97	88	43	18	30	46	74	92	31	95	87	95
	30	29	93	23	12	31	16	86	71	81	26	39
	38	90	65	84	21	50	26	35	44	81	100	83
	11	79	73	94	71	48	55	61	63	22	56	26
	30	41	43	69	93	37	23	46	25	91	75	44
	71	23	79	29	91	93	38	12	40	28	82	29
	90	78	25	66	79	76	10	82	93	94	69	30
	64	43	23	57	59	16	60	44	68	60	49	38
	11	95	17	30	33	38	55	80	81	97	19	57

	61	26	49	26	61	34	91	49	87	26	23	92
	44	29	27	87	57	40	34	69	18	25	33	79
	47	94	28	42	60	62	60	77	50	67	95	83
	15	99	97	62	92	23	14	58	11	43	60	88
	72	14	70	20	79	84	74	81	48	91	59	33
	30	81	85	54	40	86	56	33	65	18	97	92
	30	36	72	60	45	55	22	83	86	39	71	68
	45	74	30	43	65	17	24	50	61	90	62	81
	61	97	92	11	95	23	93	56	76	89	27	17
	65	67	93	20	61	44	65	84	91	15	77	14
	98	64	53	91	26	95	46	70	30	69	96	72
	75	84	63	33	56	40	44	20	64	20	60	15
	33	66	88	67	85	67	90	49	41	51	98	29
	85	76	63	73	61	44	93	46	24	62	66	31
	56	42	70	82	23	27	79	95	36	76	14	56
	65	20	71	29	85	27	55	49	17	90	34	79
	89	13	35	51	13	72	92	35	75	41	13	88
	15	78	20	54	41	81	32	65	20	72	58	38
	63	96	97	26	23	45	66	15	48	77	71	33
	78	53	31	78	47	13	37	45	72	55	87	45
	16	76	73	41	48	93	59	39	73	81	32	96
	98	23	59	35	76	97	23	49	88	82	18	70
	79	46	70	75	74	18	24	34	100	20	63	28
	94	90	94	31	46	20	38	80	70	10	41	29
	18	83	58	37	71	81	88	98	74	79	56	78
	11	84	57	79	68	11	25	76	63	56	85	42
	58	58	72	13	97	91	91	53	41	69	37	55
	24	85	27	22	94	33	43	45	98	44	56	95
	91	34	13	89	51	30	32	55	32	86	11	59
	33	35	91	53	87	92	45	90	24	83	58	94

	32	44	33	29	97	88	66	90	74	94	81	52
	55	77	42	49	92	33	15	95	62	78	51	74
	86	26	56	77	81	66	21	58	27	98	27	58
	12	26	55	65	90	98	88	14	70	37	95	62
	47	11	78	32	98	18	89	32	82	59	61	21
	20	88	11	86	81	42	94	61	90	52	45	28
	41	31	64	90	22	91	29	96	53	17	76	77
	26	38	76	54	41	24	46	61	16	89	56	14
	72	68	17	93	29	99	78	21	44	68	61	36
	86	99	73	40	52	27	86	16	46	27	26	26
	24	18	77	11	64	96	79	45	51	55	34	41
	14	27	40	95	45	70	27	17	43	39	67	77
	37	21	26	56	49	87	55	68	38	45	48	92
	21	84	69	39	22	97	78	66	59	92	26	24
	76	12	62	49	89	17	39	21	67	29	20	75
	15	83	94	39	77	49	87	70	24	48	88	78
	20	65	29	92	100	13	28	38	89	69	66	94
	53	25	97	32	39	21	82	49	66	11	74	55
	12	56	75	39	34	86	41	69	25	97	70	19
	12	33	83	49	77	91	40	81	77	95	66	97
	23	91	81	69	89	43	46	38	43	68	100	48
	31	66	88	86	82	19	90	66	13	20	87	64
	47	99	45	48	55	97	54	66	76	24	92	98
	22	44	49	13	91	71	17	28	51	24	90	20
	82	64	85	44	14	36	81	87	96	74	15	31
	90	27	41	77	79	72	51	27	59	17	92	56
	28	65	40	100	67	58	75	52	19	70	53	100
	61	28	23	42	64	48	31	69	68	37	44	98
	47	28	61	18	82	29	73	10	10	27	79	90
	69	50	90	76	84	53	82	34	89	81	28	72

	21	29	79	47	68	40	17	36	16	39	92	69
	91	68	74	22	33	75	11	68	86	51	75	46
	64	94	19	90	57	58	89	60	50	44	20	18
	73	56	64	49	36	88	60	37	41	16	52	24
	43	25	56	87	35	57	34	67	27	51	56	49
	100	81	11	69	63	22	19	90	65	48	23	64
	96	48	22	61	47	91	93	51	75	54	13	41
	58	70	43	68	33	25	80	63	80	41	71	79
	78	61	18	71	50	37	84	44	81	12	31	90
	81	54	54	39	49	27	41	86	61	11	17	28
	51	37	34	64	57	26	98	24	77	86	35	35
	18	74	57	96	99	33	19	80	54	53	47	94
	45	30	28	92	89	13	34	56	80	85	35	13
	59	63	92	32	60	71	34	10	14	45	36	59
	30	51	52	18	86	63	32	65	52	98	61	15
	99	99	53	30	22	45	60	74	64	45	60	46
	41	11	97	49	52	40	76	18	83	37	79	69
	98	49	75	42	18	73	13	26	13	75	16	83
	21	43	16	95	81	62	61	24	53	10	66	52
	52	29	81	28	26	57	57	24	39	80	82	61
	96	12	64	33	73	65	62	16	24	40	13	13
	88	13	81	59	99	30	29	63	68	93	78	41
	62	96	97	26	56	94	97	14	16	83	65	25
	52	84	43	10	81	74	27	98	67	67	30	75
	26	21	99	49	90	58	55	37	98	83	99	64
	56	47	82	36	99	33	95	97	91	82	49	85
	33	67	42	46	80	59	29	89	55	73	42	57
	48	37	96	85	41	26	33	25	95	91	78	97
	44	28	58	28	49	11	63	42	40	18	26	88
	78	78	89	41	77	58	93	42	18	21	92	69

