***** PARAMETERS PRP *****

Number of Customers = 30
Number of Products = 10
Number of Vehicles = 5
Number of Periods = 12

B = Production capacity
	49159

b_p = Time required to produce item p
 	1	1	1	1	1	1	1	1	1	1

c_p = Production cost of item p
 	80	80	30	80	80	80	30	30	80	30

s_p = Setup cost of item p
 	800	800	300	800	800	800	300	300	800	300

M = Big number
	196634

U_pi = Maximum inventory upper bound of item p at site i
 	196634	241	124	175	242	279	158	290	208	190	221	90	102	191	104	174	256	280	89	172	217	175	206	149	320	228	109	150	96	296	169
	196634	198	117	175	170	100	157	217	137	228	176	116	227	132	221	131	108	127	188	210	298	229	312	306	163	189	93	275	216	82	263
	196634	278	181	200	253	229	247	229	251	243	172	182	114	221	230	151	245	159	324	235	252	194	259	152	244	233	121	237	165	251	144
	196634	305	144	182	167	228	289	149	272	196	294	200	143	270	147	148	182	275	270	270	96	184	243	210	162	103	107	142	144	154	270
	196634	231	168	157	149	278	117	310	226	92	225	219	117	237	244	124	152	230	259	265	269	207	203	140	325	144	177	144	285	137	182
	196634	263	101	172	233	206	155	131	114	181	252	93	232	334	228	105	150	274	202	214	109	162	271	260	161	156	256	167	145	230	207
	196634	341	124	285	258	274	132	192	94	113	154	182	224	94	126	305	111	313	239	244	101	251	179	198	167	221	302	263	160	127	89
	196634	228	182	295	183	180	124	122	100	258	305	274	204	100	162	142	326	166	109	134	168	97	128	214	241	243	172	284	187	193	318
	196634	243	100	267	219	210	224	206	207	199	269	189	249	193	99	111	121	154	222	102	270	124	144	104	184	106	152	182	273	93	315
	196634	168	130	151	192	250	144	214	166	159	135	153	178	204	148	254	150	307	251	296	239	221	263	158	99	118	186	168	100	132	105

I_pi0 = Initial inventory of item p at site i
 	0	216	58	175	204	54	133	230	138	108	138	77	74	148	45	89	52	131	59	35	51	148	177	46	297	51	90	119	61	75	93
	0	172	63	13	137	48	142	138	62	176	68	110	108	37	130	112	71	73	100	139	173	72	211	165	162	122	0	92	184	32	84
	0	42	95	133	239	79	175	186	178	34	98	50	104	171	218	151	136	116	192	151	34	154	62	142	75	112	58	165	84	71	79
	0	137	100	148	164	22	222	14	26	82	77	167	93	175	138	81	173	21	175	55	20	163	86	27	89	47	100	67	13	45	136
	0	53	115	63	43	123	52	117	221	29	81	145	61	71	84	81	103	152	115	96	144	126	128	73	99	54	147	124	233	67	146
	0	93	22	128	180	17	122	81	75	87	220	67	100	127	117	105	120	170	192	103	97	132	240	54	51	71	106	115	81	91	39
	0	239	91	146	48	109	95	19	30	11	64	16	98	22	97	187	84	260	234	22	13	127	91	116	113	216	114	66	124	60	19
	0	203	154	224	48	11	119	118	68	167	221	80	85	60	148	51	282	70	38	83	122	96	80	138	82	83	158	153	170	97	248
	0	98	94	47	18	198	53	184	179	188	152	154	106	168	62	83	101	41	58	53	188	110	32	75	181	52	115	142	234	35	124
	0	37	86	37	140	95	127	90	110	150	100	131	103	150	133	91	62	98	125	51	163	47	211	135	39	108	96	137	70	81	16

h_pi = Inventory cost of item p at site i
 	8	5	4	7	7	3	8	2	2	8	3	3	2	4	9	1	1	5	3	6	1	2	9	3	4	8	6	3	8	8	2
	8	4	5	9	8	4	2	2	2	6	8	2	7	8	5	8	8	2	1	9	1	5	3	8	4	7	5	9	5	5	7
	3	5	6	4	7	8	6	9	6	8	9	3	4	7	8	8	3	6	4	2	1	5	3	5	2	6	2	7	4	1	8
	8	7	8	6	6	6	7	6	3	2	5	2	6	5	7	2	9	8	8	7	1	8	3	8	3	6	8	6	8	8	1
	8	5	7	8	4	8	9	4	1	1	1	2	7	9	6	1	7	5	7	7	3	8	7	1	6	6	8	9	9	7	9
	8	2	5	2	5	5	4	5	1	7	9	9	9	6	2	5	2	4	7	3	3	6	2	9	3	8	2	8	5	2	7
	3	3	9	9	5	4	6	2	8	6	1	7	2	7	5	2	9	4	4	9	6	3	4	6	9	8	1	2	2	5	9
	3	1	7	4	7	4	7	9	2	2	6	9	1	5	7	5	5	3	5	9	9	6	9	2	5	3	1	5	5	2	8
	8	1	4	9	2	7	3	8	3	1	4	8	6	1	7	3	4	9	6	7	5	2	2	6	8	4	8	1	4	4	7
	3	5	8	7	1	5	7	4	4	5	5	1	4	2	5	7	5	3	9	1	1	1	5	7	3	2	1	7	2	5	2

C = Vehicle capacity
	3410

f = Fixed transportation cost
	149575

a_ik = Transportation cost for traveling from node i to node k
 	0	3090	1890	855	1925	1555	1575	2580	2070	1360	2480	2795	2145	1665	450	1740	1510	3175	1945	1130	1530	920	2515	960	1360	1905	2105	1685	1260	535	1320
	3090	0	1795	3380	4745	4640	4015	1275	1025	3070	825	405	1750	4635	2645	2660	2105	140	1175	4220	2945	2310	625	3870	4450	1490	1430	4750	4340	3080	4405
	1890	1795	0	2560	3805	3345	3320	2180	1125	2650	975	1395	2180	3545	1510	2595	1960	1930	875	2890	2665	980	1510	2840	3125	1705	1865	3515	3085	1620	3100
	855	3380	2560	0	1370	1535	765	2555	2395	705	2930	3160	2005	1300	1075	1265	1390	3435	2355	1300	930	1600	2760	585	1445	1965	2115	1545	1240	1385	1380
	1925	4745	3805	1370	0	1080	870	3860	3760	1825	4275	4525	3290	455	2310	2410	2715	4800	3710	1320	2030	2825	4125	965	1225	3315	3450	885	1050	2330	1180
	1555	4640	3345	1535	1080	0	1570	4010	3615	2215	4020	4345	3495	630	2000	2795	2855	4720	3495	460	2445	2425	4050	955	235	3370	3545	230	310	1735	250
	1575	4015	3320	765	870	1570	0	3045	3070	990	3635	3830	2465	1060	1835	1555	1930	4055	3060	1560	1180	2360	3395	810	1600	2545	2655	1475	1370	2085	1530
	2580	1275	2180	2555	3860	4010	3045	0	1065	2060	1535	1365	585	3850	2195	1540	1170	1240	1310	3655	1880	2120	850	3120	3865	685	480	4070	3700	2790	3810
	2070	1025	1125	2395	3760	3615	3070	1065	0	2180	630	770	1185	3625	1625	1885	1250	1110	255	3195	2095	1325	480	2860	3425	735	825	3730	3315	2085	3385
	1360	3070	2650	705	1825	2215	990	2060	2180	0	2780	2925	1480	1890	1360	600	970	3100	2215	2000	235	1805	2455	1260	2145	1585	1685	2200	1930	1870	2075
	2480	825	975	2930	4275	4020	3635	1535	630	2780	0	425	1780	4105	2035	2510	1870	960	575	3585	2710	1615	700	3350	3820	1355	1415	4160	3735	2375	3780
	2795	405	1395	3160	4525	4345	3830	1365	770	2925	425	0	1740	4380	2350	2575	1970	540	850	3915	2825	1970	540	3620	4150	1385	1385	4470	4050	2740	4110
	2145	1750	2180	2005	3290	3495	2465	585	1185	1480	1780	1740	0	3300	1810	960	645	1745	1375	3170	1300	1860	1205	2580	3365	480	370	3540	3190	2430	3305
	1665	4635	3545	1300	455	630	1060	3850	3625	1890	4105	4380	3300	0	2085	2485	2685	4700	3545	890	2115	2580	4025	765	775	3255	3410	455	615	2005	730
	450	2645	1510	1075	2310	2000	1835	2195	1625	1360	2035	2350	1810	2085	0	1595	1215	2735	1500	1575	1470	535	2075	1350	1805	1515	1720	2125	1705	630	1765
	1740	2660	2595	1265	2410	2795	1555	1540	1885	600	2510	2575	960	2485	1595	0	655	2670	1985	2550	380	1910	2065	1840	2705	1195	1230	2790	2500	2190	2640
	1510	2105	1960	1390	2715	2855	1930	1170	1250	970	1870	1970	645	2685	1215	655	0	2135	1335	2525	855	1385	1490	1950	2720	620	735	2905	2550	1845	2665
	3175	140	1930	3435	4800	4720	4055	1240	1110	3100	960	540	1745	4700	2735	2670	2135	0	1280	4305	2965	2415	675	3935	4535	1520	1440	4825	4415	3185	4490
	1945	1175	875	2355	3710	3495	3060	1310	255	2215	575	850	1375	3545	1500	1985	1335	1280	0	3065	2160	1140	700	2790	3300	905	1030	3620	3200	1910	3260
	1130	4220	2890	1300	1320	460	1560	3655	3195	2000	3585	3915	3170	890	1575	2550	2525	4305	3065	0	2225	1980	3645	790	240	3000	3185	655	275	1275	215
	1530	2945	2665	930	2030	2445	1180	1880	2095	235	2710	2825	1300	2115	1470	380	855	2965	2160	2225	0	1870	2335	1490	2370	1460	1535	2430	2160	2020	2305
	920	2310	980	1600	2825	2425	2360	2120	1325	1805	1615	1970	1860	2580	535	1910	1385	2415	1140	1980	1870	0	1800	1865	2215	1465	1670	2580	2150	775	2185
	2515	625	1510	2760	4125	4050	3395	850	480	2455	700	540	1205	4025	2075	2065	1490	675	700	3645	2335	1800	0	3260	3870	880	855	4155	3750	2560	3825
	960	3870	2840	585	965	955	810	3120	2860	1260	3350	3620	2580	765	1350	1840	1950	3935	2790	790	1490	1865	3260	0	895	2505	2670	965	675	1395	825
	1360	4450	3125	1445	1225	235	1600	3865	3425	2145	3820	4150	3365	775	1805	2705	2720	4535	3300	240	2370	2215	3870	895	0	3210	3395	450	235	1510	70
	1905	1490	1705	1965	3315	3370	2545	685	735	1585	1355	1385	480	3255	1515	1195	620	1520	905	3000	1460	1465	880	2505	3210	0	210	3440	3060	2110	3160
	2105	1430	1865	2115	3450	3545	2655	480	825	1685	1415	1385	370	3410	1720	1230	735	1440	1030	3185	1535	1670	855	2670	3395	210	0	3610	3235	2320	3340
	1685	4750	3515	1545	885	230	1475	4070	3730	2200	4160	4470	3540	455	2125	2790	2905	4825	3620	655	2430	2580	4155	965	450	3440	3610	0	435	1910	445
	1260	4340	3085	1240	1050	310	1370	3700	3315	1930	3735	4050	3190	615	1705	2500	2550	4415	3200	275	2160	2150	3750	675	235	3060	3235	435	0	1485	165
	535	3080	1620	1385	2330	1735	2085	2790	2085	1870	2375	2740	2430	2005	630	2190	1845	3185	1910	1275	2020	775	2560	1395	1510	2110	2320	1910	1485	0	1490
	1320	4405	3100	1380	1180	250	1530	3810	3385	2075	3780	4110	3305	730	1765	2640	2665	4490	3260	215	2305	2185	3825	825	70	3160	3340	445	165	1490	0

coordXY = Coordinates (x,y): line zero => x line one => y column => customers
 	124	314	32	271	262	54	355	467	255	395	180	246	457	177	145	463	372	340	206	44	429	96	317	198	39	365	401	87	84	27	52
	634	46	268	720	993	936	847	249	242	654	142	89	365	962	547	556	462	37	254	845	623	453	170	811	892	339	318	968	882	591	887

d_pit = Demand of item p at customer i in period t
 	43	66	56	51	41	79	81	96	95	23	83	10
	58	70	72	26	80	79	95	65	96	69	18	14
	87	88	23	37	91	88	100	13	25	53	68	27
	41	82	81	37	30	41	74	99	32	90	81	38
	54	37	42	70	95	12	74	54	54	99	43	35
	51	38	44	30	22	69	89	57	46	87	47	52
	60	57	69	44	67	30	74	98	30	17	66	85
	22	18	24	74	46	25	71	65	62	15	61	16
	16	92	49	47	56	66	98	92	94	65	68	17
	40	98	97	76	22	34	49	74	36	95	23	18
	77	48	57	62	26	32	51	45	27	48	25	44
	74	98	77	78	27	32	43	31	51	12	63	28
	92	56	73	56	89	62	75	71	34	48	80	28
	12	33	24	59	74	69	19	56	78	36	100	66
	89	51	10	19	62	94	75	80	10	46	80	78
	52	88	16	76	87	83	28	70	45	49	100	75
	71	60	32	73	26	97	62	87	46	69	39	10
	20	39	38	61	16	37	81	14	40	73	60	53
	35	84	25	13	95	20	13	53	14	88	58	17
	51	33	54	81	46	85	14	69	82	57	20	60
	70	37	41	29	35	49	17	18	29	16	65	15
	96	81	59	64	98	88	29	77	56	36	89	52
	46	10	43	72	59	43	94	19	32	59	48	70
	81	61	62	93	54	68	33	50	73	71	98	24
	51	27	34	82	51	46	29	54	72	94	91	52
	48	42	23	62	34	75	55	96	42	70	91	17
	67	52	17	28	20	48	18	85	17	12	35	52
	61	71	72	22	50	19	72	16	96	11	48	39
	75	87	99	69	18	58	81	20	65	88	11	39
	78	15	29	50	25	52	48	71	55	78	96	78

	26	87	59	65	77	52	77	89	85	36	89	49
	63	68	34	17	84	43	96	71	92	37	11	83
	13	28	74	74	83	87	13	43	34	95	74	80
	25	46	66	43	94	100	67	48	10	82	22	75
	48	85	92	29	17	12	33	84	66	44	63	27
	68	22	52	66	97	28	67	65	53	13	66	29
	78	18	42	84	52	20	84	16	78	81	59	39
	62	96	99	72	37	77	69	40	76	23	85	83
	51	50	17	58	15	66	20	21	85	63	24	76
	68	19	49	18	26	96	84	57	57	76	89	64
	94	16	77	45	66	78	40	43	34	80	52	68
	11	97	31	28	27	47	89	31	64	26	13	80
	14	23	11	45	95	17	87	54	30	81	23	46
	26	21	83	47	89	99	53	32	95	43	24	51
	40	72	92	81	91	39	35	42	99	37	91	69
	32	39	98	19	33	87	25	21	35	99	90	69
	73	35	88	69	97	67	65	51	47	36	49	83
	100	97	20	85	48	87	32	73	87	26	60	38
	43	96	93	39	85	35	47	59	18	26	62	28
	13	61	63	36	74	59	76	53	83	30	95	73
	35	37	57	24	23	67	57	75	26	86	39	24
	99	90	22	68	83	86	17	59	53	51	41	80
	35	36	94	91	61	34	89	96	16	12	86	85
	63	36	13	50	97	11	45	100	65	73	70	30
	73	49	95	28	81	15	72	86	98	23	85	49
	98	13	38	45	21	44	27	90	28	82	46	27
	28	64	79	39	12	95	67	27	50	86	74	38
	71	65	48	36	64	14	19	33	54	24	74	16
	18	14	92	31	29	64	22	62	41	55	56	10
	11	73	22	27	86	71	95	75	41	34	23	72

	42	97	72	33	99	21	76	14	74	65	47	27
	95	95	44	71	13	81	18	74	10	75	47	99
	20	48	65	29	14	70	28	64	61	10	49	21
	63	74	51	51	87	42	18	46	14	18	55	89
	35	44	73	74	64	54	83	21	59	97	67	16
	91	84	94	99	65	62	99	69	83	71	99	73
	76	45	65	100	85	84	98	93	21	89	79	81
	34	53	91	77	49	31	80	90	90	31	31	96
	22	12	11	48	85	69	34	99	51	98	41	12
	13	28	57	31	48	78	78	53	42	81	100	80
	23	27	71	60	27	30	30	67	54	38	56	62
	27	41	22	14	80	18	17	15	70	54	47	52
	95	76	22	61	37	87	81	36	59	13	33	63
	71	66	34	47	50	17	57	96	65	96	65	26
	20	34	97	24	27	54	27	41	74	50	76	81
	20	61	34	21	69	70	32	67	80	57	34	43
	23	93	12	48	18	89	52	54	79	73	82	12
	97	95	51	75	56	38	30	80	21	58	96	80
	55	44	17	35	52	57	17	97	33	89	16	53
	34	62	17	46	56	58	49	44	93	39	14	92
	81	73	90	44	95	67	38	58	34	87	95	15
	62	96	41	98	55	30	28	21	14	83	46	47
	37	53	52	70	49	81	43	29	73	38	73	11
	75	87	47	84	70	37	24	80	40	67	47	74
	35	56	21	92	48	13	42	15	37	70	36	93
	58	51	14	80	46	86	60	52	63	37	89	91
	67	98	73	12	26	64	68	49	72	81	60	42
	65	19	42	32	22	69	33	98	38	90	81	69
	71	85	82	87	49	57	21	71	22	90	23	96
	79	39	88	14	70	24	50	53	46	22	21	71

	50	87	22	86	62	80	55	20	79	90	14	86
	85	15	71	87	44	74	69	43	37	13	25	14
	52	59	37	72	78	80	74	71	61	13	87	44
	83	11	70	26	43	12	25	19	41	31	99	40
	22	12	47	91	15	38	85	76	43	74	94	88
	69	62	91	21	68	27	50	28	35	89	98	55
	14	35	64	15	95	31	35	86	50	80	21	71
	26	11	69	67	62	55	35	75	33	69	71	80
	82	69	36	86	56	57	25	47	78	74	85	87
	77	42	77	79	49	99	92	11	75	36	43	26
	57	47	63	45	25	68	15	76	76	43	58	26
	93	79	27	27	72	51	32	61	14	66	11	40
	57	71	47	54	95	16	51	71	27	40	86	33
	21	90	27	26	47	54	87	15	79	11	58	74
	43	22	16	72	52	59	83	99	77	22	18	30
	90	63	20	53	93	60	46	20	83	85	66	50
	21	34	47	31	35	57	91	27	92	60	75	89
	59	25	91	99	50	37	85	47	20	33	54	49
	37	18	86	51	100	76	88	29	74	16	13	61
	20	93	14	35	69	58	38	88	42	48	33	38
	22	58	83	20	78	85	29	65	44	21	31	17
	86	58	31	13	21	75	77	39	100	93	89	47
	10	17	46	77	60	66	57	78	66	61	57	36
	89	75	19	27	22	84	48	96	60	21	88	17
	25	22	46	97	70	36	89	39	48	82	17	46
	66	34	71	45	48	71	30	17	94	67	27	69
	22	45	78	42	30	70	15	24	52	17	75	98
	13	21	75	90	85	57	25	34	34	24	97	19
	45	24	46	42	65	47	98	36	59	34	98	21
	93	43	83	98	82	38	54	14	61	38	17	28

	25	28	86	36	34	64	20	55	64	14	73	55
	89	26	90	84	35	73	42	38	18	41	70	66
	63	89	99	54	12	37	85	88	27	14	41	20
	43	16	75	17	53	17	12	48	31	73	17	46
	51	53	19	17	17	83	74	39	67	77	79	92
	38	14	45	65	61	96	10	66	58	91	96	62
	30	87	79	90	38	96	43	78	22	99	11	72
	18	57	95	51	24	60	58	18	74	37	38	12
	29	21	62	65	50	49	58	63	45	43	59	10
	65	16	57	67	29	52	47	96	30	51	83	83
	13	80	52	25	32	16	29	74	86	95	74	80
	30	31	86	52	84	69	94	13	63	41	79	59
	71	58	31	81	88	73	13	19	43	13	63	15
	43	41	85	60	82	28	79	96	46	75	47	49
	81	80	65	50	96	76	55	69	12	94	55	13
	34	69	64	71	25	65	60	19	90	21	53	38
	25	43	84	59	26	93	62	11	40	11	71	26
	26	41	38	10	96	62	94	66	48	53	26	62
	49	47	60	95	24	66	61	46	12	42	97	38
	88	56	50	61	95	41	32	25	36	42	27	92
	43	83	88	87	25	77	64	79	44	93	64	79
	48	80	62	100	17	42	83	36	70	25	12	34
	50	23	37	24	97	23	17	77	54	96	45	16
	58	41	73	67	95	66	93	69	62	97	20	40
	54	97	35	14	63	16	76	25	19	23	78	75
	80	67	65	78	45	13	78	48	41	74	43	76
	64	60	74	31	12	15	35	36	90	69	67	21
	78	78	12	65	15	65	86	60	77	89	14	44
	67	84	16	14	21	29	86	87	37	19	19	69
	87	59	41	27	82	40	79	82	85	19	39	86

	93	88	69	11	25	98	65	63	36	21	22	41
	22	85	40	28	80	25	45	70	37	23	63	86
	18	37	73	14	80	72	34	92	73	94	12	90
	63	26	91	68	16	32	66	68	78	22	75	93
	17	46	50	19	42	52	46	94	93	42	44	74
	83	39	18	80	88	58	62	50	27	29	75	12
	81	86	57	99	20	44	77	89	34	89	55	55
	75	12	73	58	77	31	74	18	71	86	36	73
	87	35	20	75	33	93	99	63	19	89	75	35
	94	98	28	68	55	89	15	12	97	52	56	92
	67	28	84	59	17	26	66	90	64	20	24	14
	100	25	16	17	50	92	98	66	64	27	62	79
	31	96	22	66	98	18	88	70	92	99	64	57
	51	66	33	39	53	17	85	87	64	86	28	75
	27	67	11	90	61	13	84	32	79	40	76	50
	60	60	94	95	90	94	52	84	94	49	28	97
	47	28	95	70	55	42	36	34	24	65	96	65
	97	48	47	37	13	49	58	56	48	89	42	21
	13	41	49	97	62	64	97	17	37	77	37	51
	97	26	90	21	33	38	99	14	47	72	72	45
	58	74	89	62	38	72	90	56	30	28	39	12
	85	92	63	88	65	69	40	20	87	71	50	84
	54	48	30	58	22	23	43	51	72	80	99	44
	51	71	37	55	43	98	41	58	40	30	74	44
	37	34	91	34	68	40	81	72	20	37	91	20
	43	18	45	50	35	72	47	96	28	45	49	87
	28	87	86	75	82	17	17	65	94	34	47	37
	81	100	90	82	21	79	79	41	92	98	97	10
	31	60	77	42	96	25	67	36	44	18	43	13
	39	48	28	94	18	92	26	70	28	62	89	27

	92	24	74	49	100	83	91	61	71	44	67	62
	42	49	41	32	81	68	91	78	83	75	35	66
	97	49	96	46	17	87	31	33	34	61	72	61
	48	86	21	60	23	18	93	68	70	22	99	11
	22	20	48	19	79	34	48	88	38	85	84	93
	95	67	40	55	56	43	92	54	88	54	55	92
	19	96	27	19	53	56	18	11	78	85	71	42
	30	69	16	82	57	79	33	14	92	18	28	48
	11	98	24	45	58	57	94	83	76	20	47	66
	64	17	66	44	76	40	27	43	10	70	68	92
	16	81	52	37	36	45	49	76	88	91	56	99
	98	53	68	76	94	44	95	97	32	88	71	81
	22	93	61	37	26	35	57	73	17	82	14	49
	38	59	59	84	83	98	31	89	30	41	73	69
	62	46	79	18	51	90	37	53	72	63	100	62
	84	99	29	58	36	77	73	30	30	57	47	45
	54	93	92	21	23	55	91	64	12	94	90	62
	76	94	64	66	58	27	16	21	99	39	80	78
	22	64	49	55	58	68	10	50	85	17	88	19
	13	89	79	42	90	52	22	39	11	54	27	88
	42	85	77	84	93	73	58	19	26	60	88	49
	66	25	48	54	84	51	82	67	52	42	88	55
	16	100	14	49	80	13	74	24	67	54	74	30
	62	51	98	39	73	53	81	17	53	24	21	94
	44	97	75	36	48	57	47	70	98	27	23	41
	59	55	83	82	39	92	85	63	37	19	96	14
	66	65	15	23	78	62	47	81	66	100	16	11
	68	56	13	13	15	68	45	36	51	12	24	80
	60	81	98	12	86	95	23	94	66	62	68	15
	19	75	30	70	36	22	23	98	29	31	85	15

	62	55	86	96	33	93	91	40	84	22	12	11
	66	88	70	11	58	56	99	29	66	79	15	91
	49	29	76	70	51	81	75	58	66	36	75	42
	48	94	33	79	32	91	24	22	22	42	19	44
	11	62	65	59	81	67	35	11	44	61	13	31
	98	21	97	82	40	99	60	11	65	75	42	56
	24	94	44	100	74	83	64	12	42	71	91	34
	43	25	66	48	93	62	82	16	21	11	99	35
	54	45	68	44	40	66	48	51	93	18	36	57
	59	22	45	95	72	43	35	99	83	47	88	45
	80	45	79	72	52	24	50	26	25	66	84	54
	85	62	19	55	14	63	23	42	88	53	43	64
	43	17	52	90	76	38	92	25	38	11	32	87
	78	70	57	61	87	15	44	87	35	51	18	45
	51	78	17	68	49	40	23	52	59	65	22	44
	75	54	99	54	48	56	18	85	97	78	55	63
	70	40	37	70	30	52	11	78	20	83	72	99
	38	83	22	98	24	84	72	78	46	50	25	32
	83	62	84	17	74	63	60	96	85	76	75	26
	26	96	61	53	82	19	80	68	80	30	13	64
	96	59	49	43	73	88	17	46	46	36	13	14
	80	58	86	78	58	76	70	40	67	41	86	27
	31	49	45	13	65	85	58	31	10	86	86	82
	50	32	96	32	100	21	14	37	14	59	79	44
	83	87	97	78	24	49	100	24	42	78	18	50
	61	97	24	87	29	53	26	52	16	78	84	81
	41	29	83	86	60	88	63	87	96	77	57	86
	86	84	18	37	95	14	56	11	16	34	62	47
	37	60	40	43	75	44	16	49	29	91	17	79
	89	96	27	36	91	55	78	31	99	71	31	59

	48	50	19	95	31	35	94	89	91	61	93	24
	61	33	20	10	92	54	78	11	77	66	25	70
	14	33	38	45	98	79	94	42	92	70	25	10
	18	29	62	76	95	56	67	44	35	35	53	86
	98	35	65	59	86	57	21	85	36	13	13	63
	53	64	78	64	62	69	24	28	15	15	11	55
	39	49	81	15	89	10	96	38	22	81	24	73
	99	80	30	77	30	81	28	14	89	12	22	59
	31	49	27	81	70	83	13	74	77	15	27	51
	78	74	26	51	49	42	83	76	51	92	13	11
	74	80	95	39	91	89	61	33	19	36	83	55
	60	18	28	97	90	81	34	20	98	84	40	98
	83	85	34	73	60	15	57	62	65	22	12	11
	62	13	93	19	94	25	14	11	74	90	57	42
	83	95	39	21	83	51	24	45	72	69	27	59
	58	43	50	84	83	71	76	65	43	66	20	64
	41	37	71	66	93	69	42	14	59	24	28	73
	58	43	26	52	98	18	19	52	70	69	86	75
	53	13	23	75	66	56	94	54	40	20	77	39
	57	63	68	32	11	18	20	95	53	99	32	99
	33	77	58	56	64	44	89	49	62	94	65	50
	32	14	27	13	27	44	44	93	45	28	36	30
	24	51	71	86	39	84	30	65	33	44	49	45
	99	82	92	98	65	83	47	13	61	14	18	63
	52	62	77	61	22	18	90	80	40	22	40	69
	66	18	14	17	54	91	82	67	38	45	77	38
	73	69	78	82	62	17	85	48	47	64	48	53
	69	12	69	84	94	73	90	39	68	57	93	72
	35	66	67	88	11	57	35	59	77	15	11	39
	37	87	56	81	53	61	86	91	80	28	63	34

	37	21	43	43	41	59	86	99	92	81	12	56
	86	45	31	48	13	60	22	82	53	17	31	31
	22	15	23	40	38	88	93	27	85	70	18	85
	76	64	43	72	19	44	66	56	50	27	34	24
	95	32	47	76	55	42	50	25	10	49	21	98
	32	15	80	22	45	27	16	70	43	80	58	86
	72	18	31	59	34	61	32	41	99	61	48	86
	59	51	68	73	24	59	61	58	30	69	26	84
	94	56	55	26	23	70	27	43	64	65	78	36
	66	34	84	35	14	49	33	31	12	85	23	72
	69	62	81	18	37	77	22	11	48	27	73	86
	47	56	51	67	13	26	40	15	14	14	34	49
	92	58	97	82	31	40	36	12	49	29	42	45
	93	18	22	62	92	51	24	43	26	54	53	54
	91	35	76	68	92	91	52	30	12	92	36	88
	38	24	80	35	40	14	25	39	21	99	86	97
	98	44	87	97	72	48	45	45	60	77	14	50
	38	50	37	100	55	83	65	22	41	27	35	50
	51	28	72	62	15	38	98	79	43	47	91	86
	33	62	68	92	76	100	56	77	22	66	26	38
	47	82	29	85	84	43	40	16	74	33	57	74
	70	81	60	65	84	13	39	18	31	83	46	42
	77	58	80	43	47	64	82	49	32	10	70	18
	39	59	52	54	70	40	25	37	78	62	35	40
	35	73	29	63	43	92	44	81	91	75	27	57
	96	98	37	17	75	81	67	70	45	43	60	53
	63	61	13	49	20	17	34	35	32	20	12	47
	39	31	78	23	36	88	60	89	29	27	54	47
	81	58	80	82	77	63	50	13	84	75	77	51
	16	94	93	11	47	66	26	35	51	60	57	74

