***** PARAMETERS PRP *****

Number of Customers = 30
Number of Products = 10
Number of Vehicles = 5
Number of Periods = 12

B = Production capacity
	49516

b_p = Time required to produce item p
 	1	1	1	1	1	1	1	1	1	1

c_p = Production cost of item p
 	30	30	30	80	30	30	80	30	30	80

s_p = Setup cost of item p
 	300	300	300	800	300	300	800	300	300	800

M = Big number
	198063

U_pi = Maximum inventory upper bound of item p at site i
 	198063	272	136	221	251	226	182	179	201	130	86	250	290	122	167	293	324	283	174	223	177	251	173	223	267	167	242	245	265	198	263
	198063	232	178	269	129	282	142	243	313	274	129	110	182	306	95	166	133	244	217	109	344	284	212	251	120	285	246	110	242	197	182
	198063	251	159	226	329	236	244	102	165	207	108	154	252	103	205	150	124	131	82	128	304	245	292	95	203	267	275	182	343	247	335
	198063	81	308	297	242	181	220	212	103	223	164	205	109	237	108	186	242	165	197	143	363	149	242	196	176	128	115	237	130	187	148
	198063	232	222	204	230	106	232	166	316	129	158	121	178	131	213	113	137	249	120	114	220	287	174	240	279	224	288	235	160	131	218
	198063	170	239	187	252	256	122	225	110	188	99	151	106	134	108	262	187	204	193	239	256	137	151	332	115	113	207	139	101	178	301
	198063	219	300	119	176	158	253	126	235	91	176	131	110	357	280	125	113	258	150	240	142	189	270	97	271	192	134	115	322	206	172
	198063	122	260	267	105	187	200	177	168	278	220	159	232	202	97	217	181	240	231	149	264	233	76	116	193	239	129	198	256	153	167
	198063	115	186	132	87	285	140	241	195	285	138	134	212	110	108	228	237	267	192	165	102	233	283	106	355	191	290	133	219	184	97
	198063	204	224	87	164	270	211	173	173	290	178	182	180	193	117	238	175	184	268	210	178	255	146	226	248	212	120	185	148	242	206

I_pi0 = Initial inventory of item p at site i
 	0	88	60	207	95	188	141	98	159	48	56	41	18	92	56	246	153	101	20	153	147	80	36	199	55	78	115	20	201	196	111
	0	156	151	232	126	230	99	111	205	258	122	82	162	48	92	119	94	84	153	67	155	113	24	157	117	267	124	85	26	177	75
	0	133	103	129	57	123	107	87	140	51	73	116	111	72	40	121	18	53	60	118	135	240	263	55	94	86	91	91	254	142	274
	0	59	61	99	130	89	63	156	93	150	82	28	80	142	48	38	146	79	134	21	151	140	42	11	152	119	102	72	115	165	101
	0	217	110	192	187	84	184	133	151	88	131	67	53	124	94	49	96	106	30	98	207	214	26	140	145	170	63	31	32	69	160
	0	82	47	71	97	136	66	93	71	106	88	136	14	113	92	202	91	77	56	111	234	131	21	318	68	90	98	114	86	142	175
	0	125	102	56	120	92	197	80	204	56	90	73	109	268	33	70	71	40	142	110	126	119	12	87	128	83	119	99	167	70	137
	0	97	51	171	62	144	132	139	92	93	95	128	45	178	91	17	100	91	173	103	142	89	63	94	129	24	94	152	128	73	89
	0	114	128	89	78	174	63	165	169	125	120	98	40	100	66	207	142	23	155	99	97	188	223	95	81	168	241	72	140	172	53
	0	93	151	55	117	256	24	53	159	20	98	60	138	30	93	138	149	108	201	143	146	64	139	117	87	77	100	35	100	221	138

h_pi = Inventory cost of item p at site i
 	3	6	6	2	8	5	3	1	9	9	6	6	3	1	1	2	2	3	5	8	4	8	8	9	3	4	2	5	8	1	5
	3	5	5	9	1	5	8	9	4	1	2	7	9	9	2	2	2	2	9	9	1	7	3	3	4	3	3	9	5	4	2
	3	6	9	6	3	8	8	7	1	9	4	9	8	4	9	9	6	9	5	6	4	1	9	2	8	7	8	2	2	1	5
	8	9	4	6	5	5	2	6	4	6	8	2	1	4	3	1	3	9	2	4	7	4	4	7	6	3	5	1	9	3	6
	3	7	9	7	7	1	5	8	8	2	7	1	2	1	7	9	4	3	4	5	9	6	3	6	3	2	2	7	5	8	6
	3	3	6	4	4	5	7	7	1	6	2	1	5	7	9	2	2	3	7	3	3	1	9	8	5	5	8	6	1	7	8
	8	2	2	4	1	8	1	9	3	6	6	2	9	8	4	6	1	3	2	7	4	6	4	3	1	6	6	6	8	8	4
	3	2	9	2	6	2	1	1	4	2	7	5	6	9	3	7	7	4	6	9	9	4	7	4	3	5	5	6	4	6	1
	3	1	7	9	5	1	3	6	2	6	1	7	3	8	5	5	3	7	4	1	4	9	9	3	2	5	8	6	2	7	3
	8	2	4	2	9	6	8	9	2	3	4	4	7	3	1	3	7	5	6	5	9	4	7	8	9	6	8	8	8	3	1

C = Vehicle capacity
	3630

f = Fixed transportation cost
	150815

a_ik = Transportation cost for traveling from node i to node k
 	0	1085	3115	3080	2550	575	675	2070	4120	3185	1940	4530	415	2390	4040	3575	3550	1325	3120	1115	4200	2510	3695	3015	1950	2600	4865	3205	2185	1185	780
	1085	0	2490	2705	2010	1550	570	1705	3740	2275	1185	3835	835	1870	3290	3080	2650	1540	2825	1385	3460	1440	2860	2395	1330	2280	4415	2685	1260	150	1135
	3115	2490	0	755	590	3175	2985	1130	1425	1035	1310	1420	2705	740	995	685	1105	2130	1000	2255	1125	2005	925	105	1195	900	1970	355	1415	2555	2450
	3080	2705	755	0	755	3000	3110	1035	1055	1765	1625	1770	2685	865	1545	580	1855	1880	250	2055	1625	2580	1645	745	1400	485	1790	440	1890	2800	2330
	2550	2010	590	755	0	2590	2465	545	1740	1250	880	2000	2135	160	1575	1075	1470	1550	950	1670	1710	1850	1405	490	685	535	2405	680	1140	2095	1865
	575	1550	3175	3000	2590	0	1235	2060	4005	3415	2155	4590	725	2440	4145	3540	3770	1130	2995	950	4290	2915	3860	3080	2090	2525	4770	3200	2480	1675	735
	675	570	2985	3110	2465	1235	0	2080	4160	2840	1695	4355	660	2315	3825	3535	3215	1635	3200	1440	3990	1975	3410	2885	1800	2655	4860	3145	1820	610	1110
	2070	1705	1130	1035	545	2060	2080	0	2085	1675	800	2530	1665	410	2115	1510	1945	1005	1130	1130	2255	1950	1925	1035	530	580	2810	1150	1210	1810	1350
	4120	3740	1425	1055	1740	4005	4160	2085	0	2370	2615	1400	3730	1875	1560	740	2290	2880	1015	3070	1525	3425	1960	1490	2415	1525	780	1115	2810	3830	3360
	3185	2275	1035	1765	1250	3415	2840	1675	2370	0	1265	1765	2790	1310	1180	1655	380	2580	2010	2630	1350	1235	645	1025	1365	1765	2755	1385	1020	2280	2700
	1940	1185	1310	1625	880	2155	1695	800	2615	1265	0	2660	1535	765	2135	1925	1625	1400	1795	1410	2300	1160	1755	1215	275	1280	3255	1525	440	1245	1440
	4530	3835	1420	1770	2000	4590	4355	2530	1400	1765	2660	0	4115	2155	585	1200	1480	3520	1920	3660	415	3000	1130	1520	2590	2165	1265	1425	2635	3875	3865
	415	835	2705	2685	2135	725	660	1665	3730	2790	1535	4115	0	1980	3625	3170	3155	1010	2735	805	3785	2195	3285	2600	1535	2205	4465	2795	1805	965	465
	2390	1870	740	865	160	2440	2315	410	1875	1310	765	2155	1980	0	1720	1220	1555	1410	1035	1525	1860	1795	1520	640	545	560	2550	830	1070	1955	1710
	4040	3290	995	1545	1575	4145	3825	2115	1560	1180	2135	585	3625	1720	0	1075	915	3120	1755	3240	175	2415	555	1085	2095	1850	1690	1130	2070	3325	3415
	3575	3080	685	580	1075	3540	3535	1510	740	1655	1925	1200	3170	1220	1075	0	1620	2430	725	2595	1110	2690	1325	755	1750	1025	1335	400	2085	3155	2845
	3550	2650	1105	1855	1470	3770	3215	1945	2290	380	1625	1480	3155	1555	915	1620	0	2890	2100	2960	1070	1560	365	1130	1700	1940	2575	1435	1400	2655	3045
	1325	1540	2130	1880	1550	1130	1635	1005	2880	2580	1400	3520	1010	1410	3120	2430	2890	0	1870	215	3255	2465	2910	2035	1225	1405	3645	2110	1825	1685	555
	3120	2825	1000	250	950	2995	3200	1130	1015	2010	1795	1920	2735	1035	1755	725	2100	1870	0	2060	1815	2790	1880	990	1550	550	1780	675	2090	2930	2350
	1115	1385	2255	2055	1670	950	1440	1130	3070	2630	1410	3660	805	1525	3240	2595	2960	215	2060	0	3380	2410	3000	2160	1265	1575	3830	2260	1810	1530	345
	4200	3460	1125	1625	1710	4290	3990	2255	1525	1350	2300	415	3785	1860	175	1110	1070	3255	1815	3380	0	2585	715	1220	2250	1955	1580	1220	2240	3495	3560
	2510	1440	2005	2580	1850	2915	1975	1950	3425	1235	1160	3000	2195	1795	2415	2690	1560	2465	2790	2410	2585	0	1880	1945	1430	2350	3920	2330	745	1370	2320
	3695	2860	925	1645	1405	3860	3410	1925	1960	645	1755	1130	3285	1520	555	1325	365	2910	1880	3000	715	1880	0	980	1775	1815	2210	1205	1610	2875	3130
	3015	2395	105	745	490	3080	2885	1035	1490	1025	1215	1520	2600	640	1085	755	1130	2035	990	2160	1220	1945	980	0	1095	835	2055	395	1335	2460	2350
	1950	1330	1195	1400	685	2090	1800	530	2415	1365	275	2590	1535	545	2095	1750	1700	1225	1550	1265	2250	1430	1775	1095	0	1025	3085	1355	695	1415	1360
	2600	2280	900	485	535	2525	2655	580	1525	1765	1280	2165	2205	560	1850	1025	1940	1405	550	1575	1955	2350	1815	835	1025	0	2270	745	1620	2385	1850
	4865	4415	1970	1790	2405	4770	4860	2810	780	2755	3255	1265	4465	2550	1690	1335	2575	3645	1780	3830	1580	3920	2210	2055	3085	2270	0	1730	3380	4490	4115
	3205	2685	355	440	680	3200	3145	1150	1115	1385	1525	1425	2795	830	1130	400	1435	2110	675	2260	1220	2330	1205	395	1355	745	1730	0	1700	2760	2495
	2185	1260	1415	1890	1140	2480	1820	1210	2810	1020	440	2635	1805	1070	2070	2085	1400	1825	2090	1810	2240	745	1610	1335	695	1620	3380	1700	0	1270	1795
	1185	150	2555	2800	2095	1675	610	1810	3830	2280	1245	3875	965	1955	3325	3155	2655	1685	2930	1530	3495	1370	2875	2460	1415	2385	4490	2760	1270	0	1280
	780	1135	2450	2330	1865	735	1110	1350	3360	2700	1440	3865	465	1710	3415	2845	3045	555	2350	345	3560	2320	3130	2350	1360	1850	4115	2495	1795	1280	0

coordXY = Coordinates (x,y): line zero => x line one => y column => customers
 	113	293	224	74	178	0	246	120	28	422	269	299	131	174	337	132	444	12	25	30	332	498	395	221	218	72	61	158	356	321	68
	977	857	364	363	472	958	960	564	158	421	622	91	896	503	201	263	349	733	360	771	167	656	295	384	602	459	6	338	614	865	828

d_pit = Demand of item p at customer i in period t
 	88	89	73	60	27	76	15	78	92	86	70	63
	60	41	58	34	68	61	97	72	77	92	87	67
	39	80	56	32	20	13	94	10	38	67	58	24
	95	38	32	89	80	73	90	43	38	42	40	93
	62	45	81	100	54	28	94	76	24	13	50	52
	94	47	46	66	94	21	92	70	26	70	83	18
	43	55	32	12	36	60	17	50	78	57	81	17
	72	87	77	82	52	44	92	79	66	68	46	40
	15	33	96	74	44	89	96	65	65	96	86	19
	19	37	14	47	31	15	83	10	93	99	48	19
	41	92	23	28	67	66	24	91	56	97	84	80
	18	59	81	25	74	21	69	37	30	97	97	87
	44	34	14	12	30	23	29	65	70	28	69	68
	35	21	67	26	67	46	63	63	100	57	93	29
	46	58	75	67	41	55	93	47	56	62	54	50
	81	72	62	90	92	14	25	63	84	91	14	89
	47	54	46	69	38	83	36	47	52	52	72	83
	20	18	49	61	71	66	81	96	97	39	69	27
	42	44	67	25	77	16	63	48	99	71	92	25
	41	78	28	53	56	64	49	97	98	24	87	34
	80	71	32	13	56	87	99	89	49	58	68	51
	36	74	48	28	38	11	88	15	47	48	66	19
	97	80	22	55	48	71	12	73	84	39	17	70
	15	40	44	13	44	70	96	97	34	79	98	11
	23	38	17	45	88	43	79	29	40	22	42	34
	41	61	13	46	62	37	96	43	82	32	24	43
	20	53	44	57	18	20	45	71	27	82	59	92
	59	51	91	58	75	49	68	100	77	55	55	57
	40	75	81	43	60	25	58	34	43	25	85	26
	17	94	33	19	65	80	87	97	35	20	46	37

	67	64	25	96	69	86	81	53	13	44	79	19
	97	54	42	37	21	66	74	64	99	42	70	44
	72	74	86	56	86	77	13	31	90	65	72	84
	33	93	78	71	58	49	64	93	93	57	10	74
	26	92	53	59	83	36	49	33	80	52	55	59
	99	44	62	90	100	60	82	90	42	57	58	66
	33	42	18	18	44	77	61	48	17	98	53	73
	85	59	61	85	58	87	20	67	87	65	61	15
	64	97	45	52	12	64	74	33	95	99	89	98
	36	49	37	18	34	62	15	70	90	30	15	58
	39	43	71	85	57	82	47	62	33	44	41	57
	57	35	70	53	79	98	52	60	88	43	40	53
	48	56	88	33	97	38	86	29	96	30	59	74
	92	51	69	41	49	30	55	65	55	19	30	12
	68	51	59	20	11	97	57	23	23	18	57	15
	94	57	17	72	67	70	42	78	90	96	59	58
	84	86	92	15	40	56	53	51	87	87	52	30
	19	59	75	35	82	83	41	27	69	51	65	46
	20	47	23	96	62	50	90	22	82	90	33	36
	91	64	98	59	80	23	14	99	96	88	27	86
	74	39	61	42	28	94	79	40	27	52	78	67
	13	11	15	70	27	86	64	63	45	16	15	83
	15	23	64	55	13	96	31	95	55	71	62	22
	52	65	36	32	48	25	58	61	12	23	36	32
	39	92	39	97	62	55	50	42	87	32	30	60
	98	26	28	54	77	76	60	54	94	88	66	16
	11	47	27	40	27	43	40	79	32	13	43	37
	26	86	27	89	53	31	34	68	35	52	67	13
	88	89	38	63	74	91	48	68	16	26	96	89
	47	28	23	54	36	37	70	81	56	22	75	18

	28	54	28	23	38	96	74	93	32	11	42	83
	85	18	34	68	10	39	11	46	42	38	14	73
	78	51	93	61	51	55	35	25	37	42	62	87
	57	75	94	72	69	75	35	14	83	64	72	79
	38	64	21	51	44	97	95	82	11	82	55	69
	64	43	53	69	46	81	40	69	95	89	16	67
	87	78	37	31	46	35	44	24	47	92	58	33
	67	73	99	57	73	29	71	22	70	12	31	56
	17	34	40	57	94	86	37	80	55	76	23	23
	73	78	75	21	97	83	23	40	44	30	36	47
	35	59	22	53	25	36	85	47	67	93	20	74
	18	93	73	93	35	20	18	48	46	81	60	20
	30	42	90	39	69	64	13	68	78	23	65	36
	40	56	44	38	29	92	92	36	62	18	90	18
	36	43	42	88	37	91	19	84	80	12	48	20
	18	75	80	97	76	76	95	28	37	85	39	36
	21	22	10	83	57	12	10	19	71	51	70	96
	29	31	34	73	57	15	98	25	11	94	11	11
	67	51	28	11	54	73	45	63	44	14	24	37
	83	52	85	54	61	61	18	69	87	70	24	66
	85	94	61	23	86	98	95	77	34	32	31	18
	38	56	73	96	59	88	51	53	12	75	36	64
	19	12	24	50	35	25	77	86	99	28	41	75
	70	24	65	32	57	44	38	18	15	74	23	27
	86	94	38	33	73	52	17	12	95	55	23	63
	41	50	95	27	95	46	36	72	15	82	23	77
	51	40	24	83	19	97	98	98	47	44	76	50
	80	83	68	23	86	59	78	74	56	78	86	51
	30	51	19	42	35	90	39	82	54	87	21	42
	35	71	73	95	96	99	89	72	45	66	42	20

	59	27	87	58	93	16	25	25	21	19	41	15
	61	13	49	90	97	35	68	63	62	74	28	99
	55	44	85	79	81	13	91	91	91	98	68	95
	70	46	14	54	26	70	86	18	76	65	36	19
	89	22	100	79	17	45	21	84	57	45	64	100
	63	33	13	76	39	24	97	36	38	50	12	46
	89	23	44	78	17	27	59	25	93	100	32	48
	16	77	50	84	31	75	47	11	34	71	51	70
	41	18	91	88	78	48	34	26	62	48	58	77
	50	32	34	75	75	56	50	62	58	97	49	16
	28	84	35	72	89	17	15	56	60	16	63	79
	29	29	22	14	76	82	90	72	64	17	76	82
	42	80	20	23	76	29	72	72	21	15	72	47
	14	34	35	97	75	24	43	88	56	73	84	23
	38	81	46	16	83	93	55	61	23	91	97	60
	31	55	60	45	94	15	77	56	27	86	86	95
	28	51	16	21	71	47	52	77	60	19	18	34
	80	54	73	44	65	88	87	72	96	16	75	37
	21	49	41	11	99	33	73	34	58	62	66	23
	72	41	38	64	87	95	90	94	67	59	66	97
	80	60	11	14	72	76	21	16	38	67	79	63
	26	16	27	55	41	37	92	95	60	21	31	80
	11	57	87	63	43	88	55	11	73	24	54	22
	76	76	13	18	18	16	48	83	48	62	50	19
	57	62	86	95	62	40	56	51	68	83	57	51
	51	51	63	87	25	71	88	27	81	70	52	24
	14	58	90	64	68	63	24	83	59	74	71	42
	91	24	82	31	93	64	64	63	66	93	52	58
	79	86	34	98	23	77	78	34	24	88	30	95
	52	49	49	32	25	86	72	65	39	27	41	54

	56	76	85	26	14	24	62	98	23	20	57	16
	20	36	54	67	38	83	48	93	95	38	13	82
	36	65	91	31	40	68	60	22	76	68	28	27
	70	37	17	63	53	17	71	25	71	49	61	18
	24	26	34	87	58	86	78	84	18	25	35	82
	45	66	73	57	17	23	33	28	80	90	88	97
	35	98	70	86	48	25	63	59	26	33	37	84
	42	84	25	91	46	41	98	39	55	79	90	68
	88	44	88	53	94	36	92	88	45	65	37	43
	73	58	58	93	11	47	22	44	69	41	57	59
	45	22	12	69	96	25	44	61	27	27	14	43
	12	41	80	59	34	40	54	95	13	23	59	23
	12	15	97	59	59	13	95	19	47	45	18	46
	50	44	13	24	23	60	21	86	64	44	54	27
	49	52	73	15	84	90	21	52	24	74	46	98
	96	69	85	82	22	78	64	90	36	90	14	97
	33	48	25	45	59	36	59	73	39	84	70	26
	30	97	49	17	95	52	43	57	93	89	66	30
	98	94	19	51	12	69	99	55	28	70	65	21
	91	11	32	73	31	63	43	70	40	17	100	88
	92	63	59	88	10	39	67	86	73	19	82	11
	26	11	13	62	76	48	29	15	97	30	34	80
	66	43	31	94	66	97	57	58	21	49	79	59
	16	92	37	99	39	66	51	83	40	78	51	18
	91	60	19	81	68	27	47	10	62	57	66	84
	63	18	12	90	97	63	88	24	32	44	66	93
	31	12	51	53	43	60	42	91	54	53	38	37
	18	14	78	72	69	79	56	38	71	72	28	46
	35	34	71	86	24	14	83	31	64	25	21	37
	16	55	73	16	74	20	39	17	58	22	90	42

	82	100	54	46	49	97	18	15	70	96	41	12
	47	97	29	53	100	77	43	80	89	12	58	33
	27	30	14	50	45	76	56	15	72	45	97	34
	97	63	89	46	16	37	83	40	40	21	61	12
	37	99	52	47	98	99	55	52	21	91	92	26
	66	96	30	81	26	72	67	76	62	50	17	87
	59	34	65	88	94	15	43	32	85	61	26	73
	57	14	60	94	78	40	38	39	41	95	62	42
	21	85	26	84	73	67	88	36	50	59	93	71
	22	66	62	84	74	91	21	51	32	35	10	43
	17	85	34	41	73	36	48	34	42	81	32	79
	14	71	76	85	67	23	83	52	36	16	60	51
	59	54	38	43	30	13	75	41	78	20	36	47
	92	73	50	18	95	62	72	23	15	11	40	96
	22	41	79	60	90	38	32	70	33	77	10	76
	91	15	72	14	42	83	59	16	73	97	96	88
	77	72	98	31	58	81	63	81	93	84	55	22
	56	56	65	99	35	89	85	57	50	86	68	25
	81	30	36	12	87	17	100	95	19	65	96	78
	65	79	22	68	10	14	96	74	21	89	40	37
	93	19	19	68	30	35	30	23	98	45	53	35
	21	73	64	92	92	71	82	77	88	66	88	91
	77	90	64	87	54	71	74	55	99	21	46	59
	68	49	16	59	89	36	73	51	32	83	44	92
	90	22	31	73	80	49	84	13	51	64	93	26
	98	65	89	41	72	85	51	92	24	81	47	84
	65	49	38	48	46	70	41	21	13	56	98	12
	43	43	42	94	27	89	33	55	52	35	28	64
	80	37	25	77	64	54	81	29	95	62	88	21
	79	96	95	55	49	26	54	68	23	75	51	52

	87	38	80	46	65	14	13	48	93	90	12	70
	73	14	15	92	100	80	77	71	42	30	42	83
	32	24	92	99	34	24	44	40	56	98	80	90
	42	17	61	100	42	84	67	48	90	22	66	65
	24	68	14	77	27	62	18	86	10	34	37	17
	95	26	59	17	95	46	31	47	64	67	15	44
	80	83	66	70	40	78	93	17	39	89	80	18
	63	60	81	99	17	45	17	98	22	85	68	49
	56	68	57	14	31	65	36	71	49	18	68	14
	31	59	30	23	40	12	31	53	81	44	33	91
	54	19	78	51	49	82	99	92	29	75	57	98
	41	43	25	44	62	57	83	47	46	52	62	95
	70	53	69	76	86	39	82	60	89	53	92	88
	33	57	26	62	98	35	83	34	72	79	80	12
	17	24	29	48	98	66	17	33	45	83	22	19
	71	45	78	58	81	27	45	42	35	78	94	24
	40	47	35	79	52	53	52	17	36	89	82	38
	59	41	42	37	43	30	79	86	52	36	42	51
	25	85	78	30	16	37	31	38	19	90	85	43
	33	56	37	12	29	45	51	89	46	66	40	63
	74	45	15	21	34	61	75	81	25	55	15	67
	12	98	71	31	62	56	53	53	33	15	83	80
	87	46	42	86	18	73	29	29	52	45	60	12
	84	14	30	83	19	68	75	54	58	89	24	53
	83	76	59	77	81	54	85	41	94	19	57	42
	29	90	77	28	62	16	81	99	72	55	100	93
	76	23	86	63	48	87	68	98	27	67	37	12
	11	75	81	66	69	88	75	77	51	76	72	31
	17	53	45	41	66	63	82	19	84	64	65	18
	62	32	43	49	33	99	65	64	92	74	11	64

	97	30	53	64	92	45	62	67	59	74	58	29
	23	14	14	69	84	99	11	19	91	90	26	83
	83	71	17	71	56	37	60	73	88	14	55	16
	62	26	78	54	83	89	59	60	47	16	18	36
	94	50	85	68	51	39	27	28	27	43	32	17
	45	29	11	47	17	99	28	40	28	54	57	24
	91	48	85	59	41	10	87	34	43	43	86	82
	92	40	62	88	89	45	25	31	45	48	81	27
	93	33	62	51	35	92	79	91	29	63	12	26
	95	39	60	12	85	75	37	19	28	66	82	61
	41	87	26	46	62	71	52	63	50	57	37	43
	45	59	62	88	10	29	47	19	94	76	86	81
	41	72	65	30	47	87	90	24	16	18	91	24
	57	34	60	65	86	21	13	29	73	69	41	34
	17	79	57	74	62	69	15	77	26	46	40	89
	11	89	22	39	90	35	58	16	77	22	44	40
	17	60	14	84	83	59	96	86	77	64	22	59
	86	87	81	23	26	21	47	98	28	28	90	77
	65	38	48	77	53	21	35	87	77	24	13	57
	75	67	38	57	98	52	38	81	74	47	75	91
	33	56	63	13	69	77	79	41	81	11	78	97
	63	63	12	40	33	16	30	29	30	85	13	43
	94	39	91	32	79	89	72	37	22	32	23	87
	43	86	95	90	84	50	70	34	90	21	59	50
	24	50	76	60	41	26	57	81	61	36	23	38
	22	72	93	12	45	84	91	48	89	50	86	81
	33	66	53	60	60	71	85	96	88	93	19	67
	29	72	27	98	72	99	61	47	55	88	73	48
	73	72	44	16	70	68	96	27	45	45	30	25
	89	86	20	67	51	38	27	68	17	51	90	64

	14	100	25	63	56	94	18	97	43	55	36	87
	83	45	99	33	18	58	51	11	35	43	40	43
	89	60	34	96	64	14	79	76	88	72	82	36
	45	19	14	16	16	82	33	38	95	55	31	78
	88	30	33	23	52	100	79	61	37	96	36	49
	47	16	26	14	58	27	85	59	76	69	72	12
	86	79	80	32	45	90	26	91	26	69	54	45
	99	57	13	77	76	64	63	93	88	19	97	34
	53	72	14	33	74	74	91	36	50	40	48	99
	61	12	47	44	13	90	45	45	94	17	30	52
	98	20	66	16	23	77	96	89	54	97	80	85
	40	15	20	13	76	58	40	79	75	77	72	70
	83	17	36	80	93	70	41	46	74	62	21	39
	55	11	75	13	16	20	44	12	19	43	40	85
	59	14	92	42	79	25	43	68	39	80	70	72
	38	11	14	79	90	76	46	36	86	97	58	79
	23	64	80	11	90	70	58	70	66	16	81	11
	58	97	97	42	23	72	48	51	74	61	53	93
	45	54	98	26	55	57	69	47	19	58	52	81
	97	92	24	32	94	43	15	67	20	89	20	21
	28	51	45	64	72	84	60	33	89	63	43	68
	32	68	83	40	87	24	64	74	51	13	92	51
	25	70	74	24	61	45	61	85	62	88	25	14
	81	90	40	41	100	62	31	85	71	67	96	88
	49	69	50	45	87	12	90	20	53	21	46	31
	86	82	73	57	65	34	17	64	74	34	76	35
	72	100	72	67	68	80	31	49	60	24	96	77
	95	45	83	99	57	36	42	20	97	43	13	27
	27	21	54	70	85	93	51	39	89	89	90	29
	22	31	34	20	71	10	81	48	89	87	67	19

	74	19	66	86	44	89	23	86	41	12	40	32
	93	58	22	84	42	47	90	85	36	19	67	29
	21	34	43	39	59	33	40	21	75	32	57	70
	74	43	83	88	18	76	89	19	21	23	87	35
	88	93	75	88	69	82	66	36	64	58	38	52
	24	76	98	31	35	78	44	68	66	16	40	58
	53	69	80	39	27	87	79	78	63	20	77	19
	84	75	31	37	85	92	20	23	20	23	13	15
	20	83	53	69	10	72	26	86	92	49	39	96
	98	95	13	57	71	48	29	29	19	14	44	17
	60	38	98	28	23	80	93	97	37	87	36	49
	46	92	89	65	77	88	96	13	22	25	13	93
	30	87	24	70	70	86	50	99	74	97	17	68
	64	29	85	58	75	91	92	20	71	19	20	78
	21	14	22	81	22	34	80	52	41	87	50	68
	81	56	12	90	89	26	87	57	21	60	80	42
	86	22	82	80	92	36	19	90	99	79	31	21
	53	83	65	38	63	60	20	44	49	39	89	40
	99	44	76	13	50	87	92	99	74	76	77	51
	65	51	30	19	54	24	94	37	27	32	22	78
	64	27	10	73	98	38	29	100	35	43	11	83
	60	79	16	33	33	96	17	27	18	100	89	17
	56	61	71	10	58	23	43	31	95	89	60	80
	40	47	24	44	53	87	99	61	99	52	64	74
	77	53	22	61	23	50	67	43	54	78	55	52
	100	87	34	45	38	55	93	29	27	78	59	75
	35	30	48	96	54	89	48	49	64	97	96	34
	100	51	62	97	57	30	12	10	58	29	35	52
	87	97	37	36	62	42	90	33	99	57	20	67
	87	12	39	99	46	93	38	14	50	21	94	24

