***** PARAMETERS PRP *****

Number of Customers = 30
Number of Products = 10
Number of Vehicles = 5
Number of Periods = 12

B = Production capacity
	49425

b_p = Time required to produce item p
 	1	1	1	1	1	1	1	1	1	1

c_p = Production cost of item p
 	80	30	80	30	80	30	30	80	30	80

s_p = Setup cost of item p
 	800	300	800	300	800	300	300	800	300	800

M = Big number
	197698

U_pi = Maximum inventory upper bound of item p at site i
 	197698	164	87	186	103	251	198	131	150	122	79	226	180	194	131	102	275	115	229	249	270	174	247	204	165	258	174	110	191	187	220
	197698	130	202	203	99	207	246	147	208	353	280	111	146	104	166	243	198	173	215	235	186	235	268	230	110	109	91	318	180	263	171
	197698	304	214	112	238	294	192	163	286	102	166	139	103	136	218	214	133	204	232	114	159	267	241	247	193	183	125	105	212	214	286
	197698	162	90	148	172	99	148	105	161	291	218	280	103	311	265	151	106	149	137	221	324	206	292	151	222	156	253	216	278	105	131
	197698	188	164	145	132	162	161	161	246	234	82	137	242	245	208	150	242	207	265	319	137	207	96	193	125	284	347	193	188	121	111
	197698	140	121	127	232	321	293	330	226	121	136	176	110	354	104	108	290	225	162	285	223	274	142	162	116	242	299	312	290	294	320
	197698	202	177	212	298	263	159	199	183	179	109	209	288	230	105	223	209	186	90	162	118	265	242	251	208	194	268	94	233	245	265
	197698	275	220	239	102	263	193	211	142	120	273	85	115	109	230	235	100	159	202	170	109	265	189	261	146	172	337	168	300	189	233
	197698	292	121	102	277	171	92	243	102	121	175	186	137	193	220	122	95	300	153	262	128	235	169	106	184	142	221	220	217	144	249
	197698	96	298	195	155	213	208	157	214	307	232	170	205	273	262	184	103	315	236	289	177	223	121	223	254	238	110	298	206	189	164

I_pi0 = Initial inventory of item p at site i
 	0	60	20	176	86	69	170	101	132	67	74	117	16	144	96	56	81	65	229	98	116	11	55	97	155	30	99	59	84	144	182
	0	95	89	129	55	139	182	70	73	315	123	67	145	94	96	218	158	13	95	89	164	208	134	69	94	97	39	87	23	45	165
	0	53	106	86	117	193	19	100	78	100	87	23	52	120	91	139	119	145	83	67	117	226	147	45	95	80	75	70	199	112	153
	0	75	83	62	108	62	146	24	125	46	69	209	54	239	230	72	50	106	79	102	180	155	255	131	69	116	229	215	110	39	45
	0	154	136	87	83	82	40	159	96	13	46	93	237	193	74	132	73	75	250	73	135	68	54	124	68	86	192	88	72	78	68
	0	87	60	89	71	113	93	236	140	66	37	71	47	258	95	102	129	14	139	150	87	143	106	63	79	160	209	139	247	228	178
	0	191	86	136	215	66	128	124	144	109	97	94	229	183	57	78	163	142	59	57	13	86	119	25	199	75	239	94	18	74	80
	0	114	181	87	25	100	103	197	109	92	165	69	100	51	74	224	29	103	26	48	84	243	91	185	68	93	60	149	91	62	96
	0	91	69	44	247	92	32	68	83	45	112	141	29	28	154	45	89	83	132	105	81	11	79	44	140	95	35	34	47	138	98
	0	30	110	99	152	88	38	76	119	86	162	168	53	45	10	77	88	301	114	228	82	118	80	94	40	153	47	49	41	98	93

h_pi = Inventory cost of item p at site i
 	8	8	6	3	1	4	1	7	4	1	9	5	6	9	9	3	3	3	5	1	5	8	5	2	5	5	9	8	9	9	1
	3	5	4	7	8	9	5	1	7	1	8	3	1	6	7	7	5	7	1	4	8	8	1	1	6	6	5	9	6	1	2
	8	6	5	4	3	7	3	9	9	4	8	9	4	4	1	7	7	6	2	9	1	3	5	8	3	4	3	2	8	5	9
	3	2	2	6	6	5	5	4	2	7	2	2	5	4	6	1	9	5	4	7	5	2	2	1	5	5	4	6	1	7	3
	8	3	3	7	2	4	7	7	9	2	8	1	6	5	1	4	3	6	9	4	8	3	5	6	6	2	4	4	2	6	2
	3	9	8	5	9	5	5	3	8	5	2	9	4	2	9	4	2	2	7	8	2	6	5	2	3	7	1	8	9	3	9
	3	9	6	3	7	3	6	3	6	9	8	6	3	7	7	3	4	2	4	1	2	8	7	6	6	9	5	6	7	1	2
	8	4	9	1	8	1	8	4	8	2	3	3	1	3	1	3	7	8	9	9	4	1	2	9	4	5	4	4	6	7	9
	3	2	3	3	3	7	4	3	6	2	8	2	7	5	8	4	9	5	6	6	5	3	8	3	8	3	2	9	3	9	3
	8	3	8	1	8	4	5	3	3	4	3	4	2	3	9	2	3	5	8	3	5	1	7	3	6	6	8	4	5	4	3

C = Vehicle capacity
	3540

f = Fixed transportation cost
	141670

a_ik = Transportation cost for traveling from node i to node k
 	0	3680	2030	3485	1955	2065	1050	1800	4570	1655	1070	3950	3380	4155	3335	1600	2810	2825	1170	2295	2810	3570	3255	695	1140	3315	1570	395	3990	3145	1255
	3680	0	1765	870	1825	1625	4095	3555	2240	3925	2775	2495	1115	2275	2525	2445	2535	2655	3570	1565	2525	1040	895	2995	2555	370	2175	3690	1980	555	3405
	2030	1765	0	1455	85	355	2330	1890	2680	2210	1035	2280	1365	2350	1840	705	1475	1570	1815	270	1470	1545	1225	1395	915	1415	460	1970	2125	1215	1660
	3485	870	1455	0	1535	1505	3680	2960	1525	3375	2465	1635	260	1450	1675	2015	1750	1865	3110	1195	1740	190	235	2845	2365	835	1915	3405	1150	740	2930
	1955	1825	85	1535	0	345	2275	1860	2760	2170	965	2345	1445	2425	1895	665	1515	1610	1765	350	1515	1625	1305	1315	835	1470	385	1895	2200	1275	1610
	2065	1625	355	1505	345	0	2515	2190	2860	2475	1180	2545	1470	2575	2155	980	1815	1915	2040	485	1810	1630	1275	1390	935	1260	580	2070	2330	1085	1900
	1050	4095	2330	3680	2275	2515	0	1100	4455	755	1340	3685	3510	3970	3025	1675	2500	2475	595	2550	2505	3710	3470	1455	1680	3740	1940	685	3880	3540	780
	1800	3555	1890	2960	1860	2190	1100	0	3475	455	1270	2655	2745	2970	1990	1210	1495	1440	640	2015	1500	2945	2785	1785	1695	3240	1675	1425	2925	3030	555
	4570	2240	2680	1525	2760	2860	4455	3475	0	3925	3505	910	1430	525	1520	2975	1985	2045	3860	2425	1980	1345	1700	4025	3555	2330	3095	4385	585	2260	3680
	1655	3925	2210	3375	2170	2475	755	455	3925	0	1420	3100	3170	3420	2440	1510	1945	1890	550	2365	1950	3370	3190	1815	1840	3600	1925	1260	3375	3390	610
	1070	2775	1035	2465	965	1180	1340	1270	3505	1420	0	2905	2335	3090	2315	535	1805	1840	910	1280	1805	2530	2240	625	425	2420	605	945	2925	2230	815
	3950	2495	2280	1635	2345	2545	3685	2655	910	3100	2905	0	1420	405	665	2375	1190	1220	3110	2065	1185	1460	1695	3485	3050	2450	2620	3710	590	2310	2930
	3380	1115	1365	260	1445	1470	3510	2745	1430	3170	2335	1420	0	1275	1415	1860	1495	1610	2930	1095	1490	205	290	2760	2280	1035	1820	3270	985	900	2750
	4155	2275	2350	1450	2425	2575	3970	2970	525	3420	3090	405	1275	0	1000	2555	1485	1535	3385	2110	1480	1265	1560	3640	3185	2280	2735	3940	300	2170	3200
	3335	2525	1840	1675	1895	2155	3025	1990	1520	2440	2315	665	1415	1000	0	1795	535	555	2450	1675	535	1540	1640	2915	2510	2385	2110	3075	1025	2205	2275
	1600	2445	705	2015	665	980	1675	1210	2975	1510	535	2375	1860	2555	1795	0	1300	1350	1130	885	1300	2060	1800	1125	745	2105	500	1430	2395	1900	965
	2810	2535	1475	1750	1515	1815	2500	1495	1985	1945	1805	1190	1495	1485	535	1300	0	125	1920	1375	10	1665	1650	2415	2030	2320	1665	2545	1440	2120	1740
	2825	2655	1570	1865	1610	1915	2475	1440	2045	1890	1840	1220	1610	1535	555	1350	125	0	1900	1480	130	1780	1770	2460	2090	2440	1740	2550	1510	2240	1725
	1170	3570	1815	3110	1765	2040	595	640	3860	550	910	3110	2930	3385	2450	1130	1920	1900	0	2010	1925	3130	2905	1265	1315	3225	1470	790	3290	3020	190
	2295	1565	270	1195	350	485	2550	2015	2425	2365	1280	2065	1095	2110	1675	885	1375	1480	2010	0	1370	1280	965	1665	1185	1235	730	2220	1875	1025	1845
	2810	2525	1470	1740	1515	1810	2505	1500	1980	1950	1805	1185	1490	1480	535	1300	10	130	1925	1370	0	1660	1640	2415	2030	2315	1665	2545	1430	2110	1745
	3570	1040	1545	190	1625	1630	3710	2945	1345	3370	2530	1460	205	1265	1540	2060	1665	1780	3130	1280	1660	0	370	2940	2460	1020	2005	3465	965	925	2950
	3255	895	1225	235	1305	1275	3470	2785	1700	3190	2240	1695	290	1560	1640	1800	1650	1770	2905	965	1640	370	0	2610	2135	760	1685	3180	1270	615	2730
	695	2995	1395	2845	1315	1390	1455	1785	4025	1815	625	3485	2760	3640	2915	1125	2415	2460	1265	1665	2415	2940	2610	0	480	2625	945	820	3450	2465	1250
	1140	2555	915	2365	835	935	1680	1695	3555	1840	425	3050	2280	3185	2510	745	2030	2090	1315	1185	2030	2460	2135	480	0	2185	465	1155	2990	2015	1235
	3315	370	1415	835	1470	1260	3740	3240	2330	3600	2420	2450	1035	2280	2385	2105	2320	2440	3225	1235	2315	1020	760	2625	2185	0	1815	3325	1985	220	3070
	1570	2175	460	1915	385	580	1940	1675	3095	1925	605	2620	1820	2735	2110	500	1665	1740	1470	730	1665	2005	1685	945	465	1815	0	1525	2530	1625	1335
	395	3690	1970	3405	1895	2070	685	1425	4385	1260	945	3710	3270	3940	3075	1430	2545	2550	790	2220	2545	3465	3180	820	1155	3325	1525	0	3800	3140	900
	3990	1980	2125	1150	2200	2330	3880	2925	585	3375	2925	590	985	300	1025	2395	1440	1510	3290	1875	1430	965	1270	3450	2990	1985	2530	3800	0	1875	3105
	3145	555	1215	740	1275	1085	3540	3030	2260	3390	2230	2310	900	2170	2205	1900	2120	2240	3020	1025	2110	925	615	2465	2015	220	1625	3140	1875	0	2860
	1255	3405	1660	2930	1610	1900	780	555	3680	610	815	2930	2750	3200	2275	965	1740	1725	190	1845	1745	2950	2730	1250	1235	3070	1335	900	3105	2860	0

coordXY = Coordinates (x,y): line zero => x line one => y column => customers
 	418	498	370	329	376	440	211	91	65	93	340	3	286	44	30	286	79	58	200	353	80	293	341	447	420	492	383	340	103	462	198
	113	844	516	804	501	525	78	262	956	172	312	785	775	854	655	404	560	548	196	567	561	815	759	248	340	771	425	124	846	740	233

d_pit = Demand of item p at customer i in period t
 	25	35	67	12	97	42	52	27	91	80	69	59
	20	97	18	94	40	44	25	23	73	22	41	22
	91	85	53	31	26	20	78	20	10	98	34	13
	86	21	17	37	67	11	59	62	67	49	61	82
	69	67	77	29	64	66	55	66	97	30	36	97
	21	62	72	15	57	68	29	97	20	69	36	49
	13	36	52	59	15	37	39	22	70	64	35	81
	60	72	53	68	32	25	52	83	58	45	33	19
	67	98	68	75	60	27	58	51	35	65	82	43
	74	47	16	38	33	41	60	22	23	46	51	22
	30	60	27	45	20	18	74	24	97	73	24	51
	16	82	43	45	73	99	83	25	49	63	81	60
	26	46	37	35	74	90	23	73	31	67	29	50
	37	37	22	88	43	32	24	50	32	66	60	33
	56	99	42	89	52	67	23	53	17	21	33	57
	58	23	49	98	89	32	34	20	94	36	46	80
	65	84	53	27	28	31	41	100	84	61	90	27
	67	57	15	90	81	44	44	22	44	10	40	36
	65	33	61	50	96	89	52	77	36	69	43	77
	76	40	17	80	93	27	68	75	81	95	66	91
	11	47	48	42	24	58	28	57	70	34	75	27
	55	59	84	73	19	59	60	40	68	76	97	52
	78	19	17	44	49	99	25	29	12	99	76	64
	96	59	21	30	25	65	78	87	28	79	34	56
	30	64	74	25	44	50	23	48	78	98	70	16
	71	28	75	73	84	83	29	94	35	45	65	14
	59	55	57	96	72	70	92	33	13	35	16	63
	84	25	100	51	78	74	79	62	45	78	58	28
	50	25	69	82	51	12	60	37	24	56	32	63
	47	89	46	62	18	67	41	46	54	95	74	21

	39	56	94	78	66	99	12	68	55	82	32	99
	53	36	48	91	25	39	44	30	73	66	49	52
	39	90	91	50	81	17	19	29	35	30	36	92
	35	20	86	35	15	15	41	89	89	56	65	50
	73	66	73	69	100	19	54	22	48	23	20	54
	75	39	68	56	47	95	40	52	12	30	37	40
	70	37	58	89	13	33	32	67	31	41	66	49
	53	20	86	31	67	49	14	35	68	40	82	79
	57	83	84	91	51	57	97	79	75	60	86	26
	65	45	13	89	28	21	85	33	83	90	83	38
	67	100	45	94	53	36	61	11	70	23	16	89
	60	85	57	42	11	46	43	75	39	47	52	27
	94	11	18	85	25	33	31	52	81	79	58	56
	96	87	37	11	74	72	39	70	38	38	90	12
	60	18	95	45	88	95	35	35	77	45	42	93
	62	96	31	39	59	26	14	89	40	42	81	16
	13	38	59	84	69	49	68	47	71	100	33	60
	31	64	19	100	41	34	18	63	49	36	29	31
	26	27	36	80	24	27	54	96	62	75	43	15
	67	35	62	68	39	28	16	74	18	12	48	92
	53	67	88	79	37	94	17	69	74	55	40	32
	48	58	28	33	21	69	35	50	85	96	65	54
	69	48	81	56	63	21	77	29	83	32	31	100
	94	23	82	94	22	23	18	20	94	30	80	82
	77	20	22	81	13	45	92	62	87	27	29	97
	39	74	15	84	15	59	78	58	67	12	16	26
	87	28	78	94	89	99	29	51	69	13	85	41
	23	36	30	13	30	24	62	94	58	35	53	82
	45	89	46	62	73	27	44	53	45	86	48	13
	72	83	10	21	22	15	35	70	43	45	61	36

	53	85	85	85	67	12	29	97	15	97	20	84
	40	66	28	41	37	66	12	92	26	70	66	99
	86	67	68	80	63	97	13	19	41	47	24	64
	94	23	76	77	32	64	67	34	60	82	59	45
	48	95	50	79	89	49	45	14	42	43	83	68
	19	58	97	94	43	98	77	95	61	51	30	43
	38	62	66	30	66	12	70	36	38	90	95	48
	66	12	57	84	85	63	14	77	54	86	35	53
	13	87	86	82	83	21	32	26	14	96	10	63
	54	17	16	99	93	27	85	43	50	88	47	46
	23	27	13	16	80	24	21	56	11	34	14	14
	52	77	71	36	46	52	56	51	68	16	79	16
	62	58	40	22	71	61	31	69	14	71	15	28
	91	71	78	90	83	30	77	57	74	70	93	56
	42	35	62	81	21	55	79	60	24	16	78	90
	34	85	74	84	77	63	52	81	41	44	66	98
	61	73	11	28	96	54	38	44	12	90	46	60
	83	77	83	77	59	25	91	34	48	67	29	23
	67	96	44	25	16	89	78	21	20	99	60	69
	24	93	82	69	18	44	36	97	13	59	46	53
	44	51	74	57	53	68	10	99	39	33	73	39
	68	79	49	54	37	45	11	88	35	81	91	85
	45	86	33	12	34	94	11	60	91	20	25	81
	95	95	91	11	90	47	33	96	77	15	98	25
	66	14	56	17	11	43	90	21	87	22	86	36
	33	42	65	48	34	39	52	80	95	90	98	75
	45	25	40	10	77	96	93	51	99	23	46	22
	79	93	27	57	66	79	32	96	32	10	46	20
	92	20	45	58	77	40	73	29	66	67	43	31
	71	82	45	49	82	36	39	86	92	54	21	30

	48	27	66	20	64	49	83	51	37	39	98	66
	69	14	29	24	24	26	91	26	46	42	70	81
	37	25	50	84	29	98	79	29	30	27	73	32
	56	52	78	56	87	93	49	46	22	43	88	19
	62	51	81	35	99	32	24	87	24	44	12	41
	68	47	31	26	19	66	65	20	20	32	19	31
	24	55	34	69	20	25	18	93	100	79	75	37
	49	76	48	99	32	71	27	70	36	58	12	67
	46	44	99	71	77	70	51	54	49	13	74	50
	69	10	44	64	86	66	87	13	60	76	63	16
	78	37	94	51	64	63	74	37	21	61	36	55
	54	92	23	24	25	93	41	30	77	59	70	31
	86	66	87	23	23	97	99	41	57	66	48	54
	93	40	97	75	57	100	49	25	97	46	51	66
	25	32	15	22	52	34	88	38	36	51	17	42
	50	57	99	57	63	17	56	71	23	48	68	25
	17	89	60	23	47	86	21	53	70	39	22	67
	38	41	67	23	61	38	11	91	76	63	23	16
	10	34	58	35	78	90	33	76	57	80	28	84
	93	67	20	50	84	48	71	45	81	89	56	74
	91	51	13	20	38	47	61	76	96	46	38	41
	12	97	69	77	40	83	63	76	14	48	63	59
	48	83	38	35	38	34	26	64	45	100	45	46
	69	60	59	50	15	90	50	52	55	25	98	44
	35	23	32	26	57	15	25	65	81	15	11	84
	35	94	100	37	32	14	40	42	83	45	45	40
	93	36	86	75	79	58	84	60	46	69	83	93
	43	67	48	90	14	53	37	78	47	29	90	71
	39	100	70	30	18	84	65	14	11	48	55	96
	45	32	69	13	15	92	25	38	27	87	64	15

	56	98	68	89	48	59	40	78	88	24	49	54
	99	37	31	38	72	80	57	27	23	44	60	86
	43	44	77	55	68	74	72	44	47	14	20	21
	83	92	73	73	57	56	88	88	39	12	52	81
	60	22	46	44	59	97	18	87	88	91	23	11
	40	35	62	24	88	11	32	95	99	55	84	17
	68	91	67	46	73	54	58	19	10	56	59	44
	56	40	58	74	38	40	96	58	79	87	64	48
	13	62	35	94	70	67	80	45	78	33	33	93
	23	23	84	25	18	33	15	27	46	64	37	94
	93	65	86	93	74	41	37	90	64	65	51	64
	46	95	96	78	37	33	92	69	13	53	33	81
	61	51	81	45	29	57	63	37	71	87	94	59
	74	84	43	20	53	19	79	56	56	82	46	13
	76	21	35	27	33	25	90	46	30	67	61	89
	19	54	46	54	11	91	40	76	88	52	97	97
	75	55	80	68	23	98	39	94	73	73	88	63
	70	65	84	31	51	59	79	87	15	93	66	95
	73	96	12	69	92	64	23	40	80	30	87	100
	68	67	93	69	64	83	48	87	72	73	35	60
	20	48	15	14	94	74	58	10	94	64	94	36
	54	21	69	12	90	46	56	45	26	45	53	59
	38	86	67	59	38	75	12	33	56	38	52	25
	68	19	54	36	83	97	37	77	72	17	92	98
	86	90	17	64	60	86	65	24	34	58	25	72
	27	72	93	74	88	74	66	69	73	74	81	42
	88	28	30	80	88	59	32	76	88	63	66	74
	42	30	91	53	66	21	79	98	21	79	91	80
	78	59	39	65	86	86	95	56	15	27	57	63
	68	74	45	17	89	94	18	72	37	36	66	51

	87	67	88	21	70	13	98	25	11	27	32	19
	23	12	14	11	82	54	85	87	33	36	35	11
	89	69	73	32	83	57	89	77	54	52	24	63
	18	53	71	97	80	99	15	56	22	82	56	46
	52	61	96	14	16	21	97	95	76	82	65	96
	93	63	86	72	20	32	69	51	58	32	72	56
	85	82	69	47	41	85	96	25	94	30	50	89
	41	99	93	23	13	15	83	61	43	95	45	66
	66	90	92	62	49	17	69	46	25	96	69	47
	13	24	48	63	56	40	46	27	41	84	59	44
	44	27	36	66	90	84	86	39	80	96	45	10
	26	21	44	87	83	45	34	49	22	76	82	91
	17	80	67	94	62	97	87	93	77	88	50	38
	95	44	17	83	94	29	38	70	14	88	21	33
	92	10	30	27	58	35	55	69	52	70	97	53
	43	86	58	77	34	71	72	59	51	24	80	40
	14	53	55	33	41	45	35	96	13	43	20	91
	56	37	46	41	18	81	84	22	66	86	23	89
	21	44	46	39	99	73	15	64	95	73	71	44
	87	90	30	46	81	62	90	34	54	45	14	37
	86	40	17	93	93	45	71	28	79	48	16	42
	16	58	32	41	90	35	91	11	56	43	51	43
	63	46	70	71	11	81	15	83	31	85	23	69
	79	38	29	39	44	77	72	88	85	39	93	10
	31	72	36	21	35	68	95	64	81	71	77	75
	99	27	83	56	80	45	40	28	22	54	100	84
	59	80	47	74	84	37	34	82	60	33	97	62
	42	64	78	63	97	99	88	89	24	80	47	99
	66	18	46	98	37	71	70	66	31	74	52	76
	23	93	62	95	83	35	37	42	62	71	96	70

	57	57	77	54	83	59	86	72	50	79	48	86
	86	69	74	78	98	11	35	40	83	87	22	23
	93	43	42	90	19	61	70	35	54	29	90	11
	84	85	46	15	64	95	91	10	96	61	34	34
	39	27	91	45	39	17	28	45	56	99	66	79
	37	34	57	63	66	25	63	51	84	22	46	87
	53	11	14	46	99	59	19	46	61	87	71	32
	60	42	42	92	93	40	96	68	96	35	30	39
	72	37	26	23	73	24	19	89	25	74	48	28
	34	63	84	15	68	95	20	26	88	91	17	55
	50	44	86	47	70	18	50	76	21	30	66	70
	41	20	90	78	40	88	80	63	17	67	50	56
	43	35	14	91	49	38	57	96	92	32	82	60
	57	97	95	15	76	43	33	19	65	33	73	22
	44	34	20	82	13	97	17	37	88	36	15	51
	87	76	64	85	44	77	23	89	11	87	95	96
	92	50	83	53	64	76	76	13	79	96	12	48
	59	84	94	49	39	17	20	39	13	36	33	57
	24	33	95	44	27	75	76	47	84	12	73	58
	13	63	42	53	77	69	41	92	71	31	65	88
	86	69	51	75	35	79	18	49	20	78	28	49
	22	97	60	80	20	50	61	70	20	16	38	46
	25	52	92	46	25	24	60	26	78	57	81	36
	66	59	18	56	22	28	44	26	59	28	77	15
	64	11	11	24	45	28	22	75	70	85	74	74
	73	85	81	52	96	41	70	85	53	76	78	13
	94	18	16	28	77	28	15	58	54	38	71	69
	18	62	86	81	11	79	26	69	53	48	98	67
	74	16	22	55	54	70	43	60	13	37	97	48
	80	27	40	58	61	93	55	89	58	48	89	96

	80	34	86	61	11	84	66	75	57	21	67	18
	62	57	62	28	12	24	20	36	88	38	42	59
	87	35	31	66	90	87	37	55	31	17	19	19
	25	85	59	73	46	97	27	70	45	34	26	25
	20	80	38	23	18	41	96	53	50	84	33	95
	22	55	26	74	50	64	42	31	48	55	72	41
	31	88	78	49	86	88	30	53	84	70	91	96
	32	77	48	35	55	45	59	69	39	30	39	41
	71	21	42	63	53	75	16	51	62	93	94	79
	98	67	32	97	18	58	71	22	18	83	16	74
	69	89	10	17	15	33	27	23	15	37	79	97
	100	19	14	36	59	37	83	65	19	100	94	61
	51	44	21	80	74	34	25	51	60	22	98	96
	26	48	19	84	50	84	12	19	70	19	84	36
	100	80	25	19	22	42	85	81	65	82	90	14
	29	90	12	47	71	18	12	74	82	77	65	24
	60	43	45	74	53	44	23	95	14	59	88	39
	26	36	53	53	24	68	55	82	68	65	43	34
	48	22	94	93	57	31	37	38	42	88	43	85
	37	47	45	18	76	25	51	55	50	99	68	84
	65	80	35	63	23	71	98	39	50	85	15	13
	91	93	62	60	76	92	30	33	70	41	74	32
	96	89	25	40	34	93	99	68	69	28	68	73
	43	25	60	56	27	79	77	43	27	26	98	21
	41	52	86	47	82	22	66	45	71	20	97	57
	60	77	78	84	73	40	56	70	26	77	84	83
	80	69	30	33	39	34	58	34	76	88	88	41
	91	89	71	85	48	36	15	73	41	56	94	22
	62	72	13	91	57	65	95	76	12	84	59	68
	22	22	52	78	82	96	97	13	75	52	56	55

	91	80	50	55	68	19	54	29	66	65	62	61
	69	79	17	23	82	82	91	72	88	53	24	47
	44	65	52	91	41	46	15	33	12	30	91	91
	63	86	98	82	89	48	90	81	55	58	38	44
	63	29	26	84	88	12	36	13	19	49	28	66
	32	95	17	72	14	14	16	83	77	55	40	35
	68	75	67	15	43	30	79	56	38	96	70	93
	64	19	37	55	64	71	61	23	57	55	90	14
	18	27	94	96	79	47	93	45	29	98	14	86
	86	26	94	98	47	60	24	84	86	49	16	28
	88	53	90	98	58	24	41	43	79	27	45	96
	29	96	88	36	94	44	95	62	97	100	43	38
	28	88	26	11	30	28	86	64	90	40	12	77
	66	67	21	97	26	48	30	68	70	27	63	77
	45	89	93	80	68	12	53	36	43	90	57	63
	89	39	48	24	57	78	24	94	27	40	26	24
	20	63	30	76	19	80	67	73	100	61	82	49
	41	17	74	29	89	99	16	61	56	12	66	51
	68	37	95	99	97	78	56	20	51	59	62	65
	53	28	74	97	74	30	44	74	98	52	90	51
	11	34	78	31	60	67	91	61	60	72	84	57
	64	15	28	22	94	37	60	49	64	24	15	34
	17	27	43	87	18	28	87	41	70	27	91	98
	73	67	40	72	64	43	62	94	46	97	61	15
	17	32	46	58	30	31	92	56	51	45	68	40
	35	53	40	24	100	54	72	28	66	96	84	12
	13	21	33	21	45	90	77	96	40	77	52	96
	47	88	44	30	60	75	69	33	86	53	13	53
	27	40	11	60	92	61	52	93	31	18	28	62
	69	29	46	16	67	89	68	39	22	52	55	46

	30	67	29	14	76	34	17	78	58	73	49	48
	45	29	36	30	98	96	45	66	82	12	75	100
	99	47	99	96	23	91	56	49	44	91	45	39
	75	19	58	22	82	11	54	67	57	56	24	95
	26	47	15	98	85	89	71	26	58	25	71	29
	17	21	52	45	42	81	79	20	78	92	45	53
	76	16	32	51	27	33	98	19	75	86	55	60
	21	98	56	58	67	50	18	14	80	22	100	58
	46	40	92	28	76	99	64	78	98	23	11	82
	66	96	22	89	66	39	30	51	78	54	55	49
	48	87	33	95	96	22	44	16	44	93	16	86
	39	14	55	60	15	49	51	73	73	65	23	98
	45	82	28	37	16	28	93	90	49	40	55	93
	10	98	88	21	88	25	22	68	26	46	44	92
	77	69	81	12	44	84	65	38	73	59	60	75
	46	42	39	99	62	43	41	95	21	84	31	13
	43	95	88	75	45	54	47	45	71	98	43	52
	49	15	50	80	33	90	39	27	27	80	14	62
	43	61	70	54	71	15	62	88	83	79	44	24
	16	66	78	43	17	23	51	79	51	25	29	53
	95	23	63	12	34	31	89	33	39	47	18	50
	80	56	46	19	42	40	82	62	40	94	92	71
	94	89	28	27	16	36	91	17	26	88	84	72
	40	14	27	55	73	35	69	20	27	84	92	74
	45	43	39	26	53	69	41	39	33	56	99	29
	47	81	85	47	66	31	48	41	85	97	13	21
	49	74	73	70	45	28	61	45	79	75	40	77
	41	62	45	66	74	94	93	61	91	67	83	45
	98	86	69	62	96	34	80	12	39	94	14	70
	93	32	90	12	43	72	93	29	14	82	40	56

