***** PARAMETERS PRP *****

Number of Customers = 30
Number of Products = 10
Number of Vehicles = 5
Number of Periods = 12

B = Production capacity
	49458

b_p = Time required to produce item p
 	1	1	1	1	1	1	1	1	1	1

c_p = Production cost of item p
 	80	80	80	80	30	30	30	30	30	80

s_p = Setup cost of item p
 	800	800	800	800	300	300	300	300	300	800

M = Big number
	197832

U_pi = Maximum inventory upper bound of item p at site i
 	197832	121	104	110	286	270	123	126	233	232	121	295	164	216	193	103	184	106	135	162	250	121	202	303	220	121	114	247	186	188	221
	197832	207	94	280	113	220	186	181	181	288	292	94	163	179	255	192	273	249	93	100	79	188	325	173	232	208	229	240	122	186	209
	197832	349	117	263	108	116	256	227	161	302	113	184	126	190	108	207	197	152	208	221	112	204	186	152	170	149	249	113	168	173	158
	197832	173	315	192	121	150	165	239	217	97	267	114	120	118	102	100	214	115	272	147	94	159	269	170	198	233	275	116	236	244	103
	197832	101	120	128	121	136	183	86	116	312	107	203	99	290	218	276	104	121	143	128	252	155	118	124	275	272	221	117	221	165	236
	197832	176	116	233	90	173	233	241	174	156	171	228	331	212	230	123	118	157	171	203	188	156	195	170	194	161	209	121	252	173	133
	197832	210	237	246	169	195	244	161	269	152	78	197	201	278	300	107	256	158	176	285	172	233	118	98	236	125	214	316	207	186	360
	197832	248	101	213	331	295	171	200	171	96	254	183	200	207	118	247	128	135	220	259	268	129	152	110	113	96	119	285	151	135	155
	197832	133	280	283	164	114	291	183	182	334	174	104	256	148	326	331	262	154	314	120	153	262	242	103	166	212	251	102	135	117	115
	197832	115	320	168	125	300	158	121	126	224	150	178	239	288	189	336	128	227	180	315	174	233	182	155	151	179	199	163	190	93	126

I_pi0 = Initial inventory of item p at site i
 	0	97	71	71	59	219	73	51	129	116	108	252	141	25	166	75	139	57	10	19	69	65	156	51	64	44	58	79	169	145	50
	0	59	80	116	60	38	181	168	109	71	215	78	45	152	114	79	272	126	91	49	59	72	127	88	163	200	135	136	76	178	116
	0	57	42	52	41	27	97	133	135	212	62	152	91	22	58	114	113	129	134	45	79	185	139	21	167	60	121	93	105	162	73
	0	92	115	149	91	28	140	167	133	73	166	95	68	21	102	68	60	58	138	112	48	94	140	77	42	209	230	63	36	70	32
	0	26	88	127	40	36	69	55	68	151	102	161	21	98	64	189	87	107	27	42	88	26	49	75	88	55	121	63	189	65	189
	0	112	84	84	0	138	136	23	154	94	52	59	180	27	116	73	72	109	153	93	38	141	157	166	26	41	186	111	61	150	40
	0	95	194	176	159	145	164	93	202	116	29	29	95	144	12	18	111	108	171	108	145	113	46	26	199	16	173	256	172	45	57
	0	214	63	147	21	186	147	48	97	71	228	148	193	16	45	108	105	55	208	142	267	115	58	106	30	34	102	194	110	57	140
	0	126	162	149	160	99	78	94	160	243	23	42	181	32	173	207	12	125	68	84	103	205	44	32	129	163	86	28	81	79	39
	0	94	72	95	100	84	35	75	95	150	113	150	167	198	94	144	77	159	67	146	152	68	73	118	18	63	158	32	141	72	125

h_pi = Inventory cost of item p at site i
 	8	9	6	4	1	5	8	1	3	5	9	1	4	9	2	4	6	9	6	8	9	2	3	6	1	6	1	9	3	7	1
	8	6	4	1	6	8	8	6	5	9	6	5	6	2	2	1	4	8	1	8	7	6	6	7	4	5	9	1	1	3	8
	8	3	1	7	9	8	6	1	1	3	4	7	5	7	6	9	5	9	9	9	1	7	3	4	3	3	8	4	3	5	8
	8	4	9	6	4	1	1	5	7	6	7	9	4	7	5	7	8	1	2	3	7	6	2	4	6	5	5	2	5	3	1
	3	6	2	2	2	1	3	1	7	5	6	5	5	6	7	3	8	4	3	7	6	8	7	7	1	4	8	8	7	3	5
	3	1	5	3	8	5	4	6	1	1	4	7	1	7	2	3	9	5	9	5	8	2	4	4	5	6	3	3	8	2	5
	3	6	1	5	5	1	5	2	7	3	3	8	1	2	1	7	1	5	2	8	4	9	6	4	1	8	1	9	1	7	4
	3	1	1	3	9	6	5	4	8	8	3	9	3	1	5	1	2	2	9	6	8	3	1	7	1	5	3	4	3	4	7
	3	1	5	6	7	4	8	1	5	1	6	9	4	2	8	4	7	2	3	7	9	6	3	2	3	4	4	8	7	1	5
	8	8	3	5	6	6	1	5	3	4	5	2	2	5	4	4	5	3	2	9	9	9	3	3	3	8	9	2	6	7	3

C = Vehicle capacity
	3600

f = Fixed transportation cost
	147405

a_ik = Transportation cost for traveling from node i to node k
 	0	3255	1940	3645	1055	370	4580	1035	2710	565	1820	1680	1475	1095	4000	710	1700	2860	1575	3905	4255	3770	835	1705	760	2580	1155	165	3225	3940	2380
	3255	0	2120	1195	2540	2900	1760	3165	1235	3230	1450	2320	1815	2890	1460	3025	2315	1110	2585	655	1805	2080	3215	1910	2585	1065	2615	3105	805	2015	1825
	1940	2120	0	1935	2015	1730	2865	2545	1030	1585	1380	2360	995	2380	2250	2210	280	1210	2495	2640	2445	1850	2445	1990	1725	2155	820	1790	1665	2035	485
	3645	1195	1935	0	3225	3335	945	3865	945	3430	2095	3200	2210	3615	370	3635	2205	785	3445	1185	685	950	3860	2755	3130	2135	2685	3485	505	835	1470
	1055	2540	2015	3225	0	750	4105	645	2390	1440	1145	630	1105	400	3590	510	1880	2495	585	3190	3895	3610	680	715	390	1670	1520	975	2745	3725	2310
	370	2900	1730	3335	750	0	4260	935	2410	695	1455	1380	1135	900	3695	570	1515	2555	1315	3550	3960	3520	775	1355	410	2210	1015	240	2900	3675	2135
	4580	1760	2865	945	4105	4260	0	4745	1890	4375	2965	4005	3130	4490	620	4535	3135	1730	4265	1355	565	1425	4755	3570	4040	2815	3630	4420	1370	1190	2390
	1035	3165	2545	3865	645	935	4745	0	3015	1570	1785	990	1710	275	4230	365	2370	3125	765	3805	4530	4220	215	1280	820	2235	1920	1055	3385	4340	2885
	2710	1235	1030	945	2390	2410	1890	3015	0	2485	1330	2485	1320	2785	1295	2755	1290	180	2700	1655	1555	1255	2985	2040	2245	1710	1745	2550	635	1340	625
	565	3230	1585	3430	1440	695	4375	1570	2485	0	1875	2055	1425	1580	3775	1220	1315	2655	2005	3860	4000	3430	1385	1970	1065	2720	765	520	3060	3615	2055
	1820	1450	1380	2095	1145	1455	2965	1785	1330	1875	0	1155	505	1530	2460	1595	1410	1400	1375	2105	2775	2585	1805	715	1135	885	1425	1675	1605	2660	1455
	1680	2320	2360	3200	630	1380	4005	990	2485	2055	1155	0	1370	735	3555	1060	2290	2550	270	2935	3885	3740	1135	450	995	1310	2035	1605	2700	3810	2560
	1475	1815	995	2210	1105	1135	3130	1710	1320	1425	505	1370	0	1500	2575	1440	960	1445	1525	2450	2860	2515	1670	1000	930	1385	925	1315	1765	2635	1215
	1095	2890	2380	3615	400	900	4490	275	2785	1580	1530	735	1500	0	3980	390	2225	2890	535	3535	4290	4010	405	1005	670	1965	1820	1070	3130	4120	2695
	4000	1460	2250	370	3590	3695	620	4230	1295	3775	2460	3555	2575	3980	0	4000	2525	1145	3805	1295	345	935	4225	3110	3495	2455	3020	3840	860	745	1775
	710	3025	2210	3635	510	570	4535	365	2755	1220	1595	1060	1440	390	4000	0	2025	2875	900	3675	4290	3935	240	1220	515	2175	1560	705	3165	4065	2575
	1700	2315	280	2205	1880	1515	3135	2370	1290	1315	1410	2290	960	2225	2525	2025	0	1465	2395	2865	2720	2115	2260	1955	1560	2240	560	1555	1915	2305	760
	2860	1110	1210	785	2495	2555	1730	3125	180	2655	1400	2550	1445	2890	1145	2875	1465	0	2775	1490	1420	1215	3105	2100	2370	1690	1915	2700	460	1265	795
	1575	2585	2495	3445	585	1315	4265	765	2700	2005	1375	270	1525	535	3805	900	2395	2775	0	3205	4125	3950	930	695	970	1575	2085	1525	2945	4035	2730
	3905	655	2640	1185	3190	3550	1355	3805	1655	3860	2105	2935	2450	3535	1295	3675	2865	1490	3205	0	1595	2130	3865	2545	3235	1645	3215	3750	1055	1995	2275
	4255	1805	2445	685	3895	3960	565	4530	1555	4000	2775	3885	2860	4290	345	4290	2720	1420	4125	1595	0	865	4515	3435	3785	2795	3240	4100	1185	625	1960
	3770	2080	1850	950	3610	3520	1425	4220	1255	3430	2585	3740	2515	4010	935	3935	2115	1215	3950	2130	865	0	4170	3295	3425	2875	2665	3620	1285	250	1395
	835	3215	2445	3860	680	775	4755	215	2985	1385	1805	1135	1670	405	4225	240	2260	3105	930	3865	4515	4170	0	1370	750	2330	1785	870	3385	4300	2815
	1705	1910	1990	2755	715	1355	3570	1280	2040	1970	715	450	1000	1005	3110	1220	1955	2100	695	2545	3435	3295	1370	0	950	965	1785	1595	2255	3360	2145
	760	2585	1725	3130	390	410	4040	820	2245	1065	1135	995	930	670	3495	515	1560	2370	970	3235	3785	3425	750	950	0	1830	1155	645	2670	3555	2070
	2580	1065	2155	2135	1670	2210	2815	2235	1710	2720	885	1310	1385	1965	2455	2175	2240	1690	1575	1645	2795	2875	2330	965	1830	0	2305	2445	1645	2880	2090
	1155	2615	820	2685	1520	1015	3630	1920	1745	765	1425	2035	925	1820	3020	1560	560	1915	2085	3215	3240	2665	1785	1785	1155	2305	0	1020	2345	2855	1290
	165	3105	1790	3485	975	240	4420	1055	2550	520	1675	1605	1315	1070	3840	705	1555	2700	1525	3750	4100	3620	870	1595	645	2445	1020	0	3065	3785	2225
	3225	805	1665	505	2745	2900	1370	3385	635	3060	1605	2700	1765	3130	860	3165	1915	460	2945	1055	1185	1285	3385	2255	2670	1645	2345	3065	0	1250	1255
	3940	2015	2035	835	3725	3675	1190	4340	1340	3615	2660	3810	2635	4120	745	4065	2305	1265	4035	1995	625	250	4300	3360	3555	2880	2855	3785	1250	0	1565
	2380	1825	485	1470	2310	2135	2390	2885	625	2055	1455	2560	1215	2695	1775	2575	760	795	2730	2275	1960	1395	2815	2145	2070	2090	1290	2225	1255	1565	0

coordXY = Coordinates (x,y): line zero => x line one => y column => customers
 	390	55	441	237	191	340	172	192	300	478	180	68	277	172	238	249	459	276	78	3	275	422	234	100	266	12	454	382	204	386	410
	927	369	543	215	858	873	38	986	393	857	630	832	655	935	142	941	595	367	885	249	84	174	986	748	840	577	706	896	310	140	452

d_pit = Demand of item p at customer i in period t
 	37	43	17	98	44	15	82	65	60	71	92	99
	71	72	83	83	24	10	17	18	83	58	37	70
	71	89	43	93	33	81	41	16	24	71	26	70
	59	34	57	86	91	75	49	38	98	60	24	16
	83	25	99	12	80	32	91	75	46	100	78	90
	73	12	83	90	38	61	21	23	56	96	85	97
	51	65	54	85	99	21	42	64	86	64	93	29
	37	56	36	29	72	74	30	59	79	86	84	57
	58	23	15	20	53	63	85	40	35	26	86	52
	50	58	56	40	54	43	55	42	90	61	79	97
	48	93	35	76	17	60	54	50	45	89	47	94
	91	50	73	49	74	75	23	87	86	11	11	25
	25	69	47	65	26	93	33	79	79	70	34	28
	64	92	10	30	34	91	80	17	59	39	28	34
	75	27	22	60	86	42	53	10	11	70	97	65
	70	69	65	24	18	85	27	48	68	26	25	27
	57	54	18	67	88	51	62	77	44	48	20	49
	10	66	88	19	75	75	81	69	73	92	95	67
	19	22	84	60	28	53	24	47	95	90	98	28
	69	69	57	57	65	84	68	39	65	27	83	67
	65	75	96	24	72	84	43	99	31	39	12	85
	49	52	55	88	53	36	54	99	84	83	60	95
	33	18	58	94	93	93	35	52	99	75	27	50
	64	48	95	97	33	66	41	11	57	23	38	88
	24	20	92	24	62	55	58	42	34	44	14	13
	58	78	48	37	68	90	47	69	73	15	82	20
	29	50	89	29	71	10	85	81	36	57	11	45
	75	94	56	60	35	66	43	86	19	39	76	93
	80	65	60	12	54	88	67	94	57	43	40	92
	50	42	21	98	94	32	43	82	37	24	76	63

	41	18	38	74	29	12	43	83	99	91	57	35
	11	69	43	32	42	38	44	36	31	100	19	100
	62	54	14	97	48	50	12	76	95	29	37	98
	60	32	82	93	68	13	58	50	33	86	16	87
	38	11	31	71	25	12	79	99	19	41	60	41
	48	100	33	78	33	74	62	30	44	86	73	81
	50	53	65	82	95	88	26	44	37	77	57	51
	12	97	74	50	99	25	90	83	23	87	34	48
	71	92	70	62	22	88	12	84	32	99	46	14
	53	73	89	46	68	33	41	99	67	25	89	17
	78	53	14	59	64	18	82	31	62	35	17	52
	45	63	46	90	22	14	21	86	26	64	87	89
	54	98	67	96	42	44	56	19	67	88	65	18
	84	30	94	53	36	38	38	54	12	74	80	20
	79	52	96	55	82	33	25	73	50	55	77	90
	94	66	50	62	62	43	71	79	94	90	58	49
	48	67	11	59	64	88	34	94	94	41	51	96
	28	10	53	71	54	33	34	96	50	39	64	25
	49	90	10	29	59	80	22	91	41	32	57	39
	18	41	34	51	44	23	48	11	45	50	51	59
	15	57	24	99	73	68	74	16	42	16	47	33
	42	85	97	95	92	28	55	90	77	20	87	13
	88	22	90	82	73	27	53	49	52	60	16	81
	74	23	39	27	60	29	51	99	98	67	37	91
	61	43	96	68	36	10	43	99	59	10	44	55
	39	96	59	52	61	21	92	67	57	63	16	64
	33	66	37	27	16	18	94	70	56	61	50	49
	42	34	40	82	53	81	54	39	98	85	56	70
	60	25	76	17	32	20	21	30	87	19	90	82
	73	43	18	22	35	88	57	13	21	33	58	41

	57	99	66	74	97	90	52	12	31	80	81	99
	42	61	100	81	43	73	41	90	95	20	46	10
	52	27	52	78	30	51	48	54	39	99	13	88
	41	91	49	93	35	47	89	87	31	19	54	11
	27	81	67	74	74	79	37	81	80	19	34	42
	97	72	76	90	74	71	21	46	48	51	40	82
	94	39	97	35	94	18	95	13	100	35	50	10
	91	44	53	11	32	99	82	32	74	66	39	20
	33	44	92	43	56	31	22	95	93	35	99	81
	35	27	82	21	95	24	43	71	75	47	79	81
	79	34	39	86	60	56	40	88	18	96	89	52
	91	61	38	73	56	58	94	90	21	77	33	65
	22	34	34	62	41	10	29	58	88	16	27	35
	32	26	59	68	96	30	98	56	15	31	54	82
	99	15	33	36	91	44	38	18	39	39	98	70
	72	41	37	97	75	12	82	34	40	34	11	56
	63	66	90	23	24	58	51	11	30	92	43	57
	48	86	13	88	86	26	25	37	61	46	63	44
	45	42	85	39	68	73	92	26	32	15	60	87
	79	59	33	14	64	13	60	70	91	26	100	65
	86	43	56	87	17	80	57	23	41	28	72	21
	89	50	72	35	59	18	98	22	88	74	71	66
	21	26	14	47	35	15	18	43	71	84	19	63
	24	96	47	51	31	29	31	25	63	57	45	12
	60	38	32	11	15	68	95	92	86	21	39	39
	78	43	53	70	71	96	16	75	48	71	85	42
	93	46	77	75	38	26	42	94	16	11	81	77
	15	24	66	22	53	19	79	46	60	20	87	14
	15	90	57	82	42	68	24	96	71	24	23	98
	11	49	13	95	34	14	92	82	48	62	83	48

	34	58	50	87	13	57	95	72	21	100	72	34
	63	52	39	98	80	71	50	49	75	84	19	76
	51	98	64	18	56	37	62	12	25	99	32	23
	91	46	32	46	74	70	37	40	59	78	96	54
	28	53	53	61	54	42	88	33	28	57	57	47
	79	61	70	62	28	46	26	34	84	80	13	77
	94	38	35	20	35	70	67	92	69	31	86	79
	57	76	90	63	64	22	39	29	23	60	44	85
	19	54	12	35	26	73	63	60	16	69	65	88
	63	52	51	33	90	90	25	53	67	93	85	99
	95	93	20	58	89	70	84	54	30	54	18	18
	20	48	77	66	82	34	56	74	45	60	88	71
	21	99	56	62	90	83	62	30	48	85	38	32
	50	14	38	38	66	21	43	57	87	77	60	59
	68	34	86	47	36	61	76	27	89	31	22	22
	60	32	67	18	37	97	67	58	83	49	14	59
	58	82	89	59	29	64	43	15	72	50	76	53
	52	86	61	69	98	39	49	27	28	30	76	37
	29	39	44	63	90	27	14	57	92	15	28	89
	48	96	12	43	55	50	58	59	77	17	28	19
	78	16	24	14	28	50	73	55	74	63	93	66
	35	63	42	61	45	34	45	74	22	92	43	89
	39	38	90	94	12	34	56	25	69	71	90	62
	42	11	63	66	20	44	63	14	35	45	54	17
	43	68	98	81	80	16	100	25	62	38	30	58
	81	91	58	89	94	44	79	94	84	48	16	46
	63	62	60	98	17	68	14	98	52	45	48	70
	14	22	35	21	56	88	42	89	14	40	75	70
	70	31	48	53	35	82	98	33	53	99	32	97
	32	75	77	33	17	26	64	34	72	80	58	48

	26	90	48	55	44	57	59	65	16	29	28	91
	40	48	35	36	85	33	80	95	53	65	57	93
	38	89	73	68	65	82	67	30	65	35	97	59
	40	91	36	93	95	59	70	67	32	48	22	72
	36	98	80	50	61	56	10	21	23	54	39	15
	21	48	67	17	38	71	51	63	11	65	20	76
	55	38	34	60	77	80	37	28	20	20	47	22
	68	63	28	53	76	41	79	29	53	95	88	24
	91	60	83	79	93	89	40	19	37	32	39	86
	40	62	75	11	60	69	66	50	68	16	48	79
	24	65	72	84	73	65	23	72	21	43	48	18
	21	75	15	30	63	86	32	28	61	53	49	82
	45	53	76	67	14	54	52	79	28	95	88	46
	64	72	31	66	10	28	29	18	57	89	91	99
	81	70	10	28	84	53	69	14	77	56	24	96
	87	37	16	46	61	53	44	35	19	90	70	65
	39	51	17	66	57	94	19	74	29	96	85	100
	27	90	28	63	31	24	50	24	86	68	60	20
	31	11	87	89	75	94	70	25	36	91	60	100
	88	84	85	22	24	52	28	28	64	60	15	55
	26	88	63	25	99	45	82	56	18	56	25	38
	49	48	52	21	59	94	74	36	77	53	76	71
	18	57	13	17	39	44	35	16	35	20	56	22
	36	52	48	31	86	77	23	18	73	99	76	40
	35	20	37	100	24	73	76	98	31	42	23	94
	60	14	21	26	45	53	89	63	69	47	27	16
	23	40	82	30	74	64	44	65	81	92	22	84
	56	49	20	64	32	76	13	79	46	99	45	85
	65	19	18	97	27	23	75	42	95	87	61	50
	99	33	57	89	16	79	81	85	52	20	84	14

	38	74	77	28	10	71	15	13	65	35	66	35
	70	14	48	64	29	45	94	82	26	77	76	71
	84	39	54	77	18	45	10	15	43	82	24	68
	97	17	26	81	28	42	52	21	32	32	69	45
	74	28	36	47	12	88	59	85	71	96	30	64
	23	11	87	15	64	30	49	73	15	43	97	51
	23	94	98	92	51	28	27	51	34	69	99	57
	78	76	29	45	63	58	30	58	77	15	68	97
	32	62	77	83	18	98	27	36	34	28	91	37
	52	49	90	19	12	53	76	78	62	43	70	79
	59	54	57	94	28	38	15	23	62	63	26	27
	18	82	80	36	77	64	63	98	56	69	66	86
	27	28	20	73	52	68	82	38	61	12	96	78
	19	97	74	73	26	33	15	96	78	71	74	34
	73	77	63	63	67	13	53	32	88	87	53	68
	32	40	97	87	88	69	31	22	76	59	10	96
	51	22	36	64	18	23	21	20	14	56	48	98
	75	78	26	18	27	94	12	68	83	54	71	79
	35	11	47	32	64	18	23	30	44	96	26	61
	38	49	73	49	55	55	61	68	69	83	78	75
	75	66	24	82	80	15	72	17	11	83	54	43
	41	60	56	84	57	52	42	31	18	72	34	38
	98	68	78	55	86	15	59	75	22	31	10	81
	26	77	22	96	61	25	40	34	85	58	23	36
	41	52	97	15	87	52	73	47	21	19	59	82
	96	56	34	77	11	90	43	71	60	25	21	43
	95	16	86	79	57	22	63	94	66	26	27	93
	61	54	11	34	24	47	14	47	89	94	60	70
	15	61	74	91	32	22	50	17	20	29	41	66
	14	26	98	61	38	85	91	92	64	64	77	90

	95	90	94	34	96	63	65	99	50	27	62	64
	94	41	59	80	69	95	31	65	16	68	38	55
	53	52	71	22	89	13	63	57	38	35	82	16
	53	38	21	47	54	27	23	25	48	28	83	60
	80	65	91	89	49	39	99	83	67	13	11	93
	42	91	31	80	66	65	66	35	46	84	49	78
	54	23	16	97	73	94	15	64	54	11	87	56
	52	76	74	87	26	79	76	28	65	92	60	91
	68	48	61	42	41	35	15	18	91	81	59	49
	29	98	33	22	14	30	24	51	68	40	49	12
	29	71	81	29	87	44	90	44	59	17	10	30
	83	12	34	21	74	26	77	39	49	64	60	63
	68	61	15	58	42	95	77	72	57	52	24	45
	12	51	77	74	37	49	80	97	70	76	19	78
	18	24	35	35	67	73	57	16	45	94	92	86
	22	43	46	61	88	62	18	57	32	64	65	57
	28	80	79	85	90	66	52	18	33	17	23	62
	95	10	66	13	54	33	37	41	89	45	23	21
	51	57	62	24	51	44	22	88	74	92	68	52
	55	17	73	49	65	80	78	30	67	44	99	32
	74	39	54	74	61	93	76	46	79	54	15	35
	46	43	49	78	62	63	92	40	89	45	20	79
	26	77	37	25	71	51	47	98	16	80	12	47
	17	48	39	95	54	22	42	29	75	52	79	14
	16	23	22	55	26	86	12	39	25	64	40	90
	56	55	62	47	77	43	70	18	35	63	94	23
	85	74	97	81	49	42	45	51	67	46	60	62
	15	13	90	54	92	81	67	25	19	59	62	43
	45	55	58	21	44	34	39	73	15	44	53	77
	57	31	69	89	70	81	82	94	73	43	81	95

	99	62	32	21	33	73	68	31	51	11	58	55
	63	68	13	40	24	80	32	46	98	82	48	10
	66	81	94	29	14	92	15	11	67	28	90	53
	21	86	25	26	96	23	98	94	93	71	72	89
	97	89	50	59	87	58	70	16	39	56	76	11
	28	49	31	39	38	45	52	24	14	45	91	58
	48	89	53	24	38	78	60	53	42	17	32	66
	76	21	40	97	59	68	30	87	35	69	35	68
	71	12	11	98	56	56	57	62	16	48	24	62
	99	66	44	19	82	53	32	23	45	34	53	60
	85	63	50	54	35	92	96	17	72	19	69	81
	61	47	39	46	36	95	99	18	17	63	45	35
	16	59	33	40	76	64	68	29	61	87	55	32
	45	84	62	45	98	98	18	70	34	99	30	22
	37	71	57	26	49	92	71	26	37	89	26	12
	94	11	50	71	39	72	83	86	50	52	89	70
	55	80	14	57	56	73	12	43	23	22	71	35
	80	55	73	80	32	38	40	89	88	13	54	19
	45	97	68	41	68	62	32	24	47	23	30	85
	16	69	93	89	87	66	12	45	14	86	20	46
	81	34	84	76	81	71	54	41	69	45	92	44
	58	26	21	51	33	26	40	76	89	97	30	60
	94	12	17	89	99	26	84	54	72	40	36	36
	30	43	64	65	69	83	28	63	34	39	75	86
	34	66	51	30	66	49	42	61	11	87	13	66
	11	91	38	62	63	15	90	13	25	27	17	25
	89	94	11	46	17	27	93	95	18	45	66	82
	53	38	19	85	87	53	66	39	38	37	27	62
	39	18	55	44	54	44	21	56	45	26	40	96
	97	43	55	62	64	26	70	25	25	56	21	76

	56	70	35	21	32	46	99	33	45	50	26	19
	65	18	14	65	64	86	47	44	77	45	57	90
	20	55	37	37	34	92	73	100	81	39	58	52
	89	28	32	11	75	27	90	96	47	40	62	57
	46	53	76	27	30	62	16	80	71	89	53	78
	78	97	74	94	97	62	72	25	90	17	80	88
	72	22	52	67	46	34	59	26	47	62	44	18
	75	15	19	51	84	33	98	23	82	68	90	88
	72	98	73	82	69	55	37	75	47	16	84	93
	23	67	76	53	67	46	53	91	80	16	78	45
	42	79	28	98	80	49	39	86	33	17	41	31
	67	88	26	88	28	97	47	16	94	59	98	60
	32	27	14	81	24	56	71	45	59	71	40	73
	64	81	28	57	98	22	66	60	93	81	56	76
	43	68	96	53	72	50	60	49	69	57	98	79
	12	80	76	100	56	60	68	94	34	75	82	50
	96	29	45	20	25	51	50	91	29	62	49	68
	24	44	84	77	87	100	40	42	55	79	98	24
	84	80	18	13	64	69	79	45	98	45	36	90
	67	36	75	42	40	96	31	33	36	48	16	90
	100	16	89	69	43	29	83	11	48	29	22	90
	44	59	62	25	76	38	91	19	63	96	55	98
	17	15	70	69	97	54	66	34	27	31	85	51
	100	29	47	21	79	26	89	97	58	32	34	50
	36	94	21	12	88	52	46	39	39	82	73	53
	86	36	35	92	64	49	95	83	71	14	48	80
	28	70	42	58	79	19	55	14	77	62	85	23
	81	67	86	64	57	64	87	61	64	60	87	34
	79	71	75	72	10	31	91	72	61	80	24	37
	39	88	77	39	30	26	84	48	27	76	61	96

	94	49	53	21	37	60	19	35	27	96	99	99
	72	83	54	81	25	49	33	18	100	80	83	90
	14	81	91	99	88	52	51	94	23	26	29	22
	17	83	84	74	22	42	70	77	52	91	87	51
	84	44	20	96	55	91	63	58	28	47	40	93
	18	17	67	36	84	29	69	14	17	21	31	71
	75	55	80	65	45	57	43	83	37	39	99	50
	95	81	12	49	11	94	54	43	58	87	74	95
	77	28	45	67	62	79	63	56	32	25	77	62
	36	65	12	45	96	47	62	20	68	40	46	62
	22	53	75	90	42	76	45	35	15	30	25	27
	51	100	16	82	77	25	93	95	52	42	72	12
	65	10	81	42	28	86	84	53	75	89	61	18
	59	35	33	64	79	20	42	95	85	83	89	73
	86	58	41	59	76	76	50	95	69	58	92	46
	77	53	95	20	90	49	18	47	58	85	85	92
	61	98	75	74	100	90	66	60	84	90	81	30
	67	38	41	29	57	80	91	64	55	81	99	16
	46	100	62	35	15	95	94	96	76	21	37	80
	62	90	96	65	94	18	14	60	89	36	38	35
	32	36	96	99	63	67	99	17	66	25	51	48
	34	15	24	47	57	14	73	21	95	91	48	27
	97	21	48	85	22	84	41	92	43	21	49	17
	18	34	35	67	78	89	45	52	16	48	76	47
	63	85	57	80	93	27	63	97	21	36	60	34
	96	62	93	40	19	80	88	86	33	74	32	94
	32	19	74	86	78	37	61	39	80	74	18	54
	67	26	48	54	12	58	48	52	15	55	74	60
	72	48	42	15	25	44	41	22	53	94	21	82
	84	41	64	77	22	90	46	71	79	76	90	18

