***** PARAMETERS PRP *****

Number of Customers = 30
Number of Products = 10
Number of Vehicles = 5
Number of Periods = 12

B = Production capacity
	48955

b_p = Time required to produce item p
 	1	1	1	1	1	1	1	1	1	1

c_p = Production cost of item p
 	80	30	80	80	30	30	30	30	80	80

s_p = Setup cost of item p
 	800	300	800	800	300	300	300	300	800	800

M = Big number
	195820

U_pi = Maximum inventory upper bound of item p at site i
 	195820	130	177	218	279	166	234	115	238	170	190	284	83	275	207	290	69	298	156	241	127	168	241	175	159	98	119	291	158	262	114
	195820	194	218	211	175	230	242	359	258	305	145	232	173	165	232	348	113	213	231	286	125	163	152	245	182	232	324	193	217	165	204
	195820	183	173	214	208	279	356	196	105	105	232	97	292	279	107	241	121	123	306	82	191	247	295	192	192	204	249	141	241	212	196
	195820	80	171	95	111	311	112	266	117	184	263	171	206	161	89	169	282	126	185	237	128	168	115	360	190	322	304	136	94	124	95
	195820	108	252	136	285	114	112	92	300	232	151	112	273	111	299	300	117	142	204	175	113	108	159	210	158	183	100	283	243	244	198
	195820	112	228	99	247	117	89	193	264	238	184	191	200	116	264	209	250	230	175	173	338	108	93	155	241	215	129	152	100	221	219
	195820	112	266	186	189	126	202	273	269	185	277	252	338	203	231	192	79	240	223	331	98	94	213	156	222	258	169	216	145	237	276
	195820	238	279	103	264	335	167	220	104	163	137	123	222	253	87	182	174	130	217	115	117	115	268	265	160	204	119	269	214	170	310
	195820	281	123	153	146	100	86	275	112	320	86	210	121	200	118	232	204	90	196	330	300	87	95	147	107	198	107	243	219	283	278
	195820	319	361	119	79	96	238	272	92	126	232	151	144	199	286	230	305	182	209	230	313	162	194	118	118	147	278	184	178	250	99

I_pi0 = Initial inventory of item p at site i
 	0	93	64	70	68	145	199	83	103	134	188	167	74	110	86	168	58	52	77	216	73	20	213	106	12	53	94	82	91	82	95
	0	165	159	114	24	151	172	64	223	221	81	17	151	91	149	96	101	80	42	218	91	147	116	213	124	141	167	90	81	110	136
	0	173	72	143	61	65	238	65	29	104	193	52	111	232	72	221	114	108	167	53	158	195	85	155	162	154	141	65	66	157	171
	0	32	157	74	54	221	52	257	23	12	82	166	39	101	18	98	145	108	107	232	72	83	107	293	166	95	148	84	0	110	61
	0	80	191	49	76	86	110	20	159	201	102	98	144	97	229	117	88	140	55	55	16	75	125	16	99	41	82	78	172	162	180
	0	57	122	42	43	61	87	128	237	127	88	78	118	88	75	108	25	77	91	65	251	91	93	15	90	126	80	81	75	125	74
	0	95	152	77	63	108	184	76	46	59	217	105	192	165	60	71	76	62	78	114	93	83	47	129	180	186	131	107	122	151	184
	0	97	77	60	17	161	134	102	45	155	121	110	91	215	80	125	123	92	76	103	96	37	66	22	159	188	53	102	85	147	80
	0	100	121	82	107	87	65	171	69	90	65	193	84	141	84	163	122	33	95	276	224	58	84	87	95	100	91	152	168	215	180
	0	70	165	48	24	84	186	143	64	119	54	112	80	158	122	144	180	60	183	61	105	50	73	109	96	39	169	117	75	103	76

h_pi = Inventory cost of item p at site i
 	8	5	4	8	3	3	4	9	7	9	5	6	9	3	6	8	6	2	6	7	4	8	2	7	4	4	1	6	2	3	3
	3	5	4	8	7	6	1	3	8	7	6	4	9	2	5	2	1	3	5	2	9	8	8	6	2	4	1	2	2	1	8
	8	5	1	3	4	9	7	4	1	4	6	2	7	1	7	4	2	4	8	7	6	5	4	4	2	5	9	6	6	3	6
	8	3	2	1	4	9	2	1	4	3	5	4	4	8	1	6	2	6	7	1	9	2	1	2	9	9	6	5	5	5	1
	3	4	3	9	6	9	9	1	9	2	1	1	5	7	2	2	2	8	2	8	5	5	7	2	5	6	3	3	6	5	4
	3	2	7	1	2	4	6	2	5	2	8	6	6	8	9	3	8	2	8	7	9	6	7	8	2	7	1	1	1	7	6
	3	6	7	1	5	6	8	7	7	1	1	2	9	5	8	6	6	8	7	8	1	9	7	4	9	3	6	6	5	4	6
	3	2	5	2	2	8	2	8	9	7	4	6	2	2	1	9	6	8	3	1	3	5	9	7	7	8	4	3	7	6	4
	8	5	3	8	3	2	8	9	9	3	5	5	4	8	4	4	7	1	2	7	4	7	3	4	2	1	1	2	2	7	9
	8	9	9	3	9	8	4	4	4	7	9	1	4	8	2	7	3	6	1	5	4	4	5	1	3	4	5	6	3	6	5

C = Vehicle capacity
	3610

f = Fixed transportation cost
	151125

a_ik = Transportation cost for traveling from node i to node k
 	0	540	825	835	1165	2720	1560	3205	3030	2270	1055	2530	2245	3945	1955	1770	2680	1590	1580	1540	2735	1895	1880	3395	2070	1465	1880	2695	3565	1870	1595
	540	0	930	1370	1520	2465	1200	3625	3550	2205	530	3065	2780	4365	2490	1960	3175	1560	1500	1925	3120	2425	1615	3830	2280	1975	2390	2455	4045	2385	1230
	825	930	0	1145	730	2020	1115	2825	3015	1460	1365	2685	2370	3550	2095	1035	2545	780	795	1135	2280	2000	1235	3040	1355	1490	1860	1985	3355	1885	1155
	835	1370	1145	0	880	3150	2195	2530	2205	2475	1885	1700	1415	3265	1125	1655	1890	1845	1900	1070	2145	1065	2375	2705	1870	670	1075	3110	2790	1055	2235
	1165	1520	730	880	0	2465	1805	2120	2315	1675	2020	2060	1745	2855	1495	775	1825	1120	1225	415	1605	1385	1805	2330	1000	885	1195	2415	2625	1235	1845
	2720	2465	2020	3150	2465	0	1305	3920	4645	960	2490	4510	4190	4480	3955	1955	4080	1345	1260	2690	3340	3845	855	4135	2090	3345	3625	75	4675	3680	1285
	1560	1200	1115	2195	1805	1305	0	3780	4115	1370	1190	3795	3480	4460	3205	1735	3625	1000	850	2175	3200	3110	515	3995	2030	2600	2970	1305	4390	3000	40
	3205	3625	2825	2530	2120	3920	3780	0	1370	2965	4140	1890	1780	745	1865	2075	960	2835	2985	1710	595	1805	3585	225	1850	1890	1580	3850	835	1645	3810
	3030	3550	3015	2205	2315	4645	4115	1370	0	3725	4080	730	855	1775	1120	2695	585	3360	3485	1985	1620	1150	4090	1345	2615	1585	1175	4585	890	1170	4155
	2270	2205	1460	2475	1675	960	1370	2965	3725	0	2430	3650	3335	3535	3125	1035	3150	680	715	1815	2380	3005	910	3180	1140	2535	2765	895	3720	2825	1380
	1055	530	1365	1885	2020	2490	1190	4140	4080	2430	0	3580	3300	4875	3010	2375	3705	1850	1755	2430	3620	2945	1685	4345	2700	2505	2920	2490	4575	2915	1205
	2530	3065	2685	1700	2060	4510	3795	1890	730	3650	3580	0	320	2430	595	2620	935	3175	3280	1840	1940	690	3860	1930	2635	1200	890	4455	1600	835	3835
	2245	2780	2370	1415	1745	4190	3480	1780	855	3335	3300	320	0	2390	295	2315	835	2855	2965	1525	1740	375	3540	1855	2335	885	575	4140	1640	515	3520
	3945	4365	3550	3265	2855	4480	4460	745	1775	3535	4875	2430	2390	0	2525	2735	1560	3495	3645	2445	1275	2480	4230	570	2470	2620	2280	4410	930	2345	4490
	1955	2490	2095	1125	1495	3955	3205	1865	1120	3125	3010	595	295	2525	0	2115	975	2615	2715	1320	1735	120	3280	1970	2170	620	410	3905	1840	330	3245
	1770	1960	1035	1655	775	1955	1735	2075	2695	1035	2375	2620	2315	2735	2115	0	2130	765	915	795	1485	1995	1515	2295	330	1550	1740	1890	2765	1805	1765
	2680	3175	2545	1890	1825	4080	3625	960	585	3150	3705	935	835	1560	975	2130	0	2820	2950	1460	1070	945	3560	1025	2035	1225	820	4020	905	855	3660
	1590	1560	780	1845	1120	1345	1000	2835	3360	680	1850	3175	2855	3495	2615	765	2820	0	155	1375	2250	2505	760	3060	1040	2005	2295	1300	3510	2345	1020
	1580	1500	795	1900	1225	1260	850	2985	3485	715	1755	3280	2965	3645	2715	915	2950	155	0	1500	2400	2605	615	3205	1190	2100	2405	1220	3650	2455	875
	1540	1925	1135	1070	415	2690	2175	1710	1985	1815	2430	1840	1525	2445	1320	795	1460	1375	1500	0	1200	1205	2110	1920	885	775	950	2630	2230	1015	2210
	2735	3120	2280	2145	1605	3340	3200	595	1620	2380	3620	1940	1740	1275	1735	1485	1070	2250	2400	1200	0	1645	2995	815	1260	1570	1365	3270	1355	1445	3230
	1895	2425	2000	1065	1385	3845	3110	1805	1150	3005	2945	690	375	2480	120	1995	945	2505	2605	1205	1645	0	3175	1920	2050	515	300	3790	1830	215	3150
	1880	1615	1235	2375	1805	855	515	3585	4090	910	1685	3860	3540	4230	3280	1515	3560	760	615	2110	2995	3175	0	3805	1760	2665	2995	840	4265	3035	510
	3395	3830	3040	2705	2330	4135	3995	225	1345	3180	4345	1930	1855	570	1970	2295	1025	3060	3205	1920	815	1920	3805	0	2070	2055	1715	4065	680	1780	4030
	2070	2280	1355	1870	1000	2090	2030	1850	2615	1140	2700	2635	2335	2470	2170	330	2035	1040	1190	885	1260	2050	1760	2070	0	1660	1775	2025	2585	1845	2055
	1465	1975	1490	670	885	3345	2600	1890	1585	2535	2505	1200	885	2620	620	1550	1225	2005	2100	775	1570	515	2665	2055	1660	0	420	3295	2125	420	2640
	1880	2390	1860	1075	1195	3625	2970	1580	1175	2765	2920	890	575	2280	410	1740	820	2295	2405	950	1365	300	2995	1715	1775	420	0	3570	1720	90	3010
	2695	2455	1985	3110	2415	75	1305	3850	4585	895	2490	4455	4140	4410	3905	1890	4020	1300	1220	2630	3270	3790	840	4065	2025	3295	3570	0	4610	3625	1290
	3565	4045	3355	2790	2625	4675	4390	835	890	3720	4575	1600	1640	930	1840	2765	905	3510	3650	2230	1355	1830	4265	680	2585	2125	1720	4610	0	1755	4425
	1870	2385	1885	1055	1235	3680	3000	1645	1170	2825	2915	835	515	2345	330	1805	855	2345	2455	1015	1445	215	3035	1780	1845	420	90	3625	1755	0	3035
	1595	1230	1155	2235	1845	1285	40	3810	4155	1380	1205	3835	3520	4490	3245	1765	3660	1020	875	2210	3230	3150	510	4030	2055	2640	3010	1290	4425	3035	0

coordXY = Coordinates (x,y): line zero => x line one => y column => customers
 	484	474	320	472	298	4	262	112	375	35	499	489	460	23	461	147	303	169	177	264	115	442	163	108	99	404	384	2	208	401	259
	276	169	272	442	416	21	57	797	872	210	66	781	724	916	666	384	780	233	204	491	679	652	82	841	428	557	638	35	933	640	50

d_pit = Demand of item p at customer i in period t
 	25	68	14	21	63	16	78	70	15	65	68	17
	64	20	79	17	20	64	13	72	39	43	66	34
	16	13	41	82	41	83	67	88	98	92	10	24
	68	17	95	63	84	42	87	35	32	76	35	35
	100	45	51	84	18	43	14	22	85	87	45	68
	92	72	35	84	28	31	63	74	81	59	36	47
	83	93	20	59	65	53	61	39	96	33	72	16
	76	27	54	79	53	29	15	87	58	29	14	50
	63	71	100	27	65	49	37	35	63	73	54	41
	92	39	57	65	59	16	44	34	92	22	28	23
	86	22	59	35	73	44	36	57	69	88	51	62
	74	26	49	27	25	36	53	83	24	58	17	27
	96	14	62	71	73	57	59	88	77	64	100	65
	86	88	75	66	69	43	31	94	91	60	83	41
	52	75	41	99	74	35	24	92	67	79	42	16
	58	18	42	23	19	40	49	43	54	39	16	10
	10	42	95	17	74	74	21	82	93	93	71	43
	20	57	96	91	37	53	76	16	30	75	54	18
	18	89	98	11	69	79	88	62	79	54	16	61
	20	53	83	40	43	49	35	74	16	17	48	30
	20	60	84	76	45	40	64	26	74	98	41	42
	61	48	68	36	57	17	72	96	56	92	59	60
	24	38	27	17	82	12	100	85	20	38	32	50
	12	15	33	13	60	20	60	32	62	66	34	70
	53	50	63	30	95	18	86	42	65	47	21	17
	58	36	67	81	95	100	76	10	42	72	28	48
	82	41	87	52	34	22	62	68	75	64	53	59
	66	25	17	49	63	82	95	49	42	60	12	70
	82	19	21	93	96	40	94	54	53	47	98	88
	95	59	33	66	85	21	61	29	62	72	63	35

	47	52	66	80	27	39	20	33	67	86	47	18
	21	41	58	39	98	17	65	87	33	20	94	80
	75	39	36	90	77	23	26	31	98	38	31	69
	24	38	83	59	60	97	31	62	49	59	71	66
	83	68	17	97	24	71	62	70	71	65	42	19
	17	78	77	90	27	37	41	86	15	13	14	85
	64	75	53	78	68	61	99	80	70	89	40	84
	12	92	20	99	73	25	16	92	23	55	35	77
	60	98	63	86	30	74	97	33	69	25	27	70
	81	64	63	18	65	12	25	37	20	86	35	73
	17	83	80	95	81	55	97	12	18	22	59	77
	56	43	52	47	67	73	78	60	56	35	90	36
	66	25	71	91	31	62	82	38	32	27	74	62
	22	53	74	89	49	81	78	26	67	25	90	41
	96	81	34	80	74	90	69	34	43	83	98	53
	67	34	72	49	81	21	11	46	81	64	78	74
	34	46	21	67	71	16	17	76	32	13	28	90
	42	79	42	19	28	74	23	16	26	43	92	70
	85	36	97	11	44	61	67	86	96	36	55	12
	91	68	63	38	33	47	38	98	68	100	68	39
	51	96	55	20	82	22	32	61	62	19	61	91
	31	85	42	44	47	45	55	47	84	35	30	62
	19	82	79	33	36	40	32	45	91	36	10	86
	23	41	46	14	24	86	37	75	45	29	88	39
	29	26	65	21	48	47	74	77	72	77	64	95
	28	41	98	50	59	76	99	96	51	39	48	92
	72	18	23	79	83	72	71	97	14	90	57	95
	81	32	79	91	49	55	39	40	35	93	16	42
	68	42	24	56	85	20	33	69	65	39	86	71
	89	47	88	60	37	98	77	76	87	63	39	54

	26	36	86	25	61	86	73	94	98	49	78	19
	59	13	71	63	31	89	56	50	21	18	29	20
	10	86	47	25	48	95	10	96	49	82	64	29
	61	83	87	51	37	74	18	31	79	44	42	16
	65	13	36	60	27	48	66	63	89	77	44	81
	56	91	91	79	82	100	99	19	89	60	40	48
	27	12	26	16	56	49	37	23	61	47	54	62
	18	11	90	34	84	14	63	37	90	76	59	56
	71	21	12	51	15	34	19	58	10	20	80	29
	75	72	46	41	16	70	80	83	71	41	57	43
	52	68	68	17	84	35	27	46	30	94	28	32
	72	39	82	98	23	77	59	11	80	41	42	77
	78	42	80	32	45	23	13	92	22	76	69	97
	25	13	34	96	56	38	72	42	79	25	67	93
	63	99	59	87	18	14	81	34	80	16	83	88
	25	89	36	91	91	71	39	41	70	58	24	92
	15	93	75	48	37	53	41	36	70	85	97	90
	16	88	63	37	92	86	94	13	82	62	34	68
	16	37	36	43	49	97	27	53	51	40	31	10
	26	70	62	73	13	13	14	93	35	61	62	50
	84	83	28	36	37	90	92	50	76	36	73	56
	85	12	87	73	41	28	82	85	32	51	48	83
	94	23	38	61	88	15	38	68	71	16	30	33
	72	45	45	47	72	93	18	46	51	12	43	31
	66	88	77	56	71	91	28	78	80	92	16	72
	28	23	38	52	97	88	91	94	97	20	53	67
	65	13	50	80	48	35	41	28	90	18	63	34
	66	52	63	94	84	83	17	12	83	60	39	71
	60	97	58	18	41	43	36	62	43	30	61	88
	98	73	85	52	23	13	71	22	98	61	86	100

	32	92	59	20	61	21	10	17	15	37	98	16
	75	82	24	69	75	35	65	85	30	71	62	12
	74	66	16	31	61	23	50	20	41	93	40	52
	18	36	82	58	43	88	38	74	48	68	89	25
	28	94	99	64	28	25	54	73	57	99	77	48
	52	68	85	53	22	61	47	96	45	91	11	39
	53	89	53	62	25	43	17	44	28	81	49	94
	23	19	44	21	50	33	94	20	64	28	56	16
	12	22	63	55	86	18	30	74	66	24	50	53
	40	42	96	96	48	58	40	67	18	96	100	89
	17	64	85	46	69	13	43	64	91	41	54	98
	39	68	93	75	56	79	42	19	46	15	28	59
	54	47	39	24	64	65	32	98	72	51	54	43
	18	21	27	88	41	44	76	40	66	43	37	33
	98	94	26	18	72	34	25	71	83	92	22	41
	87	58	73	58	44	20	94	75	63	25	53	27
	24	35	49	16	20	93	53	45	77	25	43	25
	42	65	37	90	80	78	72	53	95	15	41	73
	58	46	63	65	64	77	60	26	22	53	91	86
	72	77	83	93	62	69	10	74	66	52	86	22
	18	15	50	63	42	15	59	90	60	82	98	81
	31	76	85	77	14	69	66	47	95	42	56	31
	55	95	98	45	34	91	80	40	48	85	95	97
	86	80	42	29	84	67	58	86	41	99	46	42
	95	84	50	82	60	78	61	37	55	81	63	26
	38	13	97	44	38	69	74	95	49	97	95	20
	84	67	84	95	91	36	79	58	68	68	16	70
	95	34	82	16	31	40	35	62	15	62	68	21
	38	72	39	94	75	30	47	47	71	73	94	61
	61	53	13	66	56	12	78	11	34	51	36	99

	26	54	71	19	35	68	15	88	39	82	74	77
	48	68	75	45	82	92	21	68	65	95	18	78
	49	96	38	15	54	44	99	84	92	63	89	95
	76	80	46	96	37	18	85	17	23	68	100	39
	86	83	72	93	96	29	33	27	21	62	33	50
	90	20	60	78	77	33	98	14	87	34	15	67
	20	63	48	40	52	19	10	20	95	93	29	60
	61	98	13	75	66	57	40	65	70	48	58	69
	53	64	84	30	82	74	94	27	68	27	23	69
	28	74	88	33	20	56	86	92	15	27	29	55
	14	54	30	50	91	84	69	72	56	60	17	73
	63	81	33	45	31	87	93	27	97	65	21	13
	97	66	16	78	56	59	24	99	65	20	53	31
	70	81	58	20	27	62	54	84	70	43	49	99
	38	22	57	67	96	30	92	96	73	39	55	55
	69	19	42	35	91	98	79	84	60	31	55	41
	40	55	45	11	64	75	31	76	32	80	43	14
	10	45	58	49	32	34	24	89	23	36	32	57
	43	12	40	96	28	33	76	37	18	74	56	12
	16	25	35	49	56	79	72	86	86	74	21	77
	75	47	77	80	29	98	35	79	20	18	73	15
	40	22	63	93	10	57	98	43	16	82	71	39
	16	56	83	20	73	27	74	31	26	17	44	36
	57	12	30	88	87	76	69	11	89	60	39	14
	41	85	68	18	49	63	99	75	99	34	79	22
	14	19	49	74	56	30	55	21	34	85	75	85
	34	44	49	49	42	21	87	47	73	100	59	74
	59	69	44	94	46	92	24	26	69	15	15	29
	70	92	98	27	55	44	16	34	48	59	32	11
	67	18	95	13	76	13	76	51	40	87	17	40

	57	84	26	59	93	47	73	87	19	25	58	45
	82	40	42	25	63	59	93	29	77	38	61	76
	42	93	36	76	51	57	17	77	24	22	15	83
	43	89	84	20	53	91	47	84	17	53	72	89
	30	31	93	23	22	60	57	97	98	43	61	87
	87	63	11	22	34	30	58	48	49	43	57	29
	63	32	33	11	74	49	82	45	33	21	58	79
	15	94	36	92	19	61	82	12	48	83	46	46
	87	40	84	50	62	21	98	86	67	17	36	66
	88	59	87	86	63	75	41	34	28	68	28	78
	25	53	83	56	12	48	16	62	26	66	61	66
	55	17	30	16	60	77	72	27	24	16	53	34
	88	20	97	78	72	99	78	33	66	20	14	28
	75	85	80	27	12	35	38	67	77	52	23	62
	87	21	34	40	51	64	19	60	54	77	98	21
	25	66	34	65	29	34	90	33	30	76	32	87
	49	18	10	69	51	71	75	16	51	87	41	13
	11	80	54	81	87	65	25	33	35	98	78	51
	65	41	24	21	70	47	36	30	61	13	88	22
	49	48	57	97	96	92	95	31	85	23	65	73
	91	53	98	50	39	16	13	32	27	59	92	75
	61	32	31	14	85	40	55	84	48	11	50	44
	15	40	25	76	31	44	65	48	87	58	31	98
	22	50	18	80	23	33	51	97	14	60	69	62
	34	65	27	16	70	14	77	34	33	32	83	30
	80	75	26	56	30	28	18	23	38	52	75	13
	81	72	64	51	39	69	32	32	27	41	58	43
	75	32	31	89	83	26	44	73	37	65	18	27
	20	29	36	40	64	77	48	31	21	80	33	51
	52	22	15	51	18	66	33	21	49	60	84	54

	95	55	19	11	38	70	13	86	71	97	62	52
	60	92	50	23	72	38	23	21	40	46	94	80
	77	13	39	71	37	60	31	35	35	35	50	76
	63	83	68	85	94	18	50	70	54	66	31	72
	66	42	87	98	85	55	22	38	68	94	33	69
	99	11	13	61	60	32	75	34	13	76	85	46
	76	33	19	22	66	77	11	74	99	89	22	67
	46	27	40	38	63	89	75	47	21	81	85	34
	59	16	97	26	81	59	40	12	14	40	70	42
	54	91	72	17	41	70	45	78	74	26	81	16
	64	41	48	90	40	95	86	57	38	92	24	81
	63	74	55	86	53	67	69	55	68	27	94	99
	64	48	53	38	72	76	78	12	14	68	21	66
	60	19	60	75	64	25	60	16	41	34	48	52
	12	59	72	13	60	23	63	56	12	30	77	100
	76	53	26	28	14	28	12	13	63	13	82	65
	62	55	46	69	13	24	25	96	16	44	50	75
	78	12	33	53	69	23	36	12	25	46	70	79
	18	96	43	98	85	64	96	83	78	17	80	36
	82	11	43	17	72	45	92	71	39	35	30	51
	83	19	54	13	12	28	64	97	94	18	30	54
	47	80	50	52	30	23	83	42	35	98	15	84
	20	25	84	91	52	34	55	22	94	19	82	44
	97	83	67	29	77	10	69	89	46	16	56	28
	16	80	12	78	33	99	71	22	57	29	41	82
	57	37	37	89	71	57	78	58	63	32	41	54
	53	54	99	96	46	19	28	36	17	88	14	99
	52	22	48	96	15	77	23	32	17	82	61	56
	30	87	34	87	84	63	27	100	56	28	51	65
	41	57	64	22	74	50	51	57	77	39	82	49

	16	81	53	65	45	88	90	48	86	59	23	61
	77	40	70	99	59	46	11	64	55	15	39	95
	36	24	99	44	43	34	48	52	68	58	77	32
	17	10	67	89	79	22	89	97	53	94	81	94
	76	85	47	59	82	95	37	71	49	16	90	98
	69	65	17	50	41	90	25	22	14	14	34	60
	28	74	69	89	54	63	72	88	17	12	63	31
	45	52	78	29	79	69	66	33	86	44	14	31
	34	40	81	80	63	52	14	47	70	54	70	47
	14	38	69	17	14	71	30	28	45	91	47	84
	90	20	73	99	23	69	67	52	31	99	66	47
	91	86	86	73	67	76	63	94	95	30	32	93
	55	48	61	51	95	62	15	85	61	85	94	48
	26	54	10	12	46	96	27	40	73	65	35	40
	33	92	46	32	54	20	77	99	79	76	62	58
	59	31	33	67	23	29	77	16	56	18	32	82
	92	90	29	68	22	10	18	48	58	19	46	21
	76	30	87	51	20	25	29	81	60	73	39	79
	37	66	87	88	59	33	68	72	11	88	60	20
	96	42	80	19	60	61	53	10	96	38	65	80
	37	82	15	96	11	71	68	51	97	77	30	54
	66	13	37	89	31	48	51	40	98	59	49	63
	22	79	71	95	47	96	63	53	57	98	23	90
	67	92	17	34	59	14	22	97	43	70	89	37
	96	92	12	27	73	78	91	56	65	44	92	91
	33	20	40	42	57	28	14	65	26	57	81	13
	40	62	69	56	40	78	72	50	24	15	90	50
	32	53	23	54	95	82	12	21	86	89	11	83
	100	47	30	67	95	69	25	17	33	96	33	66
	80	72	12	37	45	87	30	75	56	73	85	92

	100	75	19	95	27	64	47	57	30	45	65	50
	59	37	25	68	80	70	76	51	89	39	72	71
	21	61	95	62	67	51	34	13	23	14	95	77
	70	22	15	37	95	55	51	40	12	49	72	64
	24	63	42	46	97	92	82	70	25	23	24	13
	65	57	52	36	20	15	89	23	11	48	71	27
	56	66	49	46	16	46	51	40	85	77	32	95
	34	35	89	46	54	75	92	20	31	49	57	89
	11	79	79	55	64	34	92	93	33	46	94	88
	65	53	90	11	26	39	19	76	67	31	23	16
	31	57	21	84	32	71	37	57	72	65	38	65
	84	46	29	52	25	67	73	61	64	79	50	98
	46	95	99	98	75	34	16	26	95	91	85	39
	84	35	28	64	36	38	60	76	95	84	11	97
	77	15	71	83	14	40	16	51	82	30	66	11
	41	53	28	13	18	71	65	37	22	47	45	49
	20	13	70	77	97	33	30	86	22	34	14	41
	38	57	93	55	25	54	69	24	15	74	27	56
	87	78	43	68	43	54	17	86	67	80	99	71
	95	15	86	28	59	90	65	70	70	65	52	26
	58	83	48	82	11	15	24	17	22	92	28	42
	84	43	29	10	90	12	37	45	48	27	97	46
	87	22	45	61	17	68	63	12	15	38	79	81
	17	52	26	10	79	91	76	74	43	85	38	53
	100	67	38	61	28	61	92	100	57	45	48	94
	30	61	29	73	35	68	32	98	29	71	27	90
	18	80	54	70	21	39	65	59	12	10	58	97
	35	62	71	87	73	35	91	75	87	63	97	100
	59	79	58	19	13	51	94	51	73	56	67	60
	39	97	44	78	12	48	28	85	18	94	67	56

	70	83	54	39	35	82	30	96	77	99	14	87
	71	94	43	53	49	80	97	95	58	79	67	81
	48	80	66	71	13	68	49	84	45	86	91	13
	24	11	37	44	26	31	85	37	96	42	25	18
	68	16	20	84	15	23	94	52	55	45	71	30
	23	46	31	86	55	85	80	90	63	90	14	51
	87	56	83	45	68	98	59	36	78	99	97	11
	64	65	58	21	39	28	65	66	19	16	18	93
	44	75	76	70	45	40	53	79	89	79	15	88
	22	32	41	71	95	90	52	83	28	84	78	20
	75	23	14	96	52	58	71	24	57	28	78	28
	64	16	87	50	25	88	59	38	34	29	36	50
	30	72	56	97	43	82	63	71	71	82	33	95
	23	73	26	94	33	24	74	89	38	55	92	65
	47	85	12	60	51	32	63	71	71	92	29	77
	59	44	66	11	90	37	77	93	24	86	57	89
	60	44	36	53	75	87	38	16	32	48	23	33
	14	92	77	84	95	18	37	46	77	11	17	59
	61	51	95	14	60	23	82	96	28	56	99	24
	46	59	51	35	78	87	92	73	89	27	63	51
	15	35	92	85	54	74	32	57	60	25	39	80
	73	54	92	87	26	32	60	79	87	77	51	56
	20	89	36	98	29	89	63	33	44	94	57	54
	96	37	20	87	65	15	62	69	79	55	60	63
	39	83	54	45	37	37	41	37	60	98	24	34
	81	36	52	40	92	98	24	56	47	92	26	24
	12	45	34	26	45	89	44	50	24	71	95	18
	75	84	67	23	64	94	44	51	25	22	93	70
	79	24	86	25	91	74	66	13	44	25	54	18
	76	95	49	14	19	53	82	100	26	14	13	52

