***** PARAMETERS PRP *****

Number of Customers = 30
Number of Products = 10
Number of Vehicles = 5
Number of Periods = 12

B = Production capacity
	49956

b_p = Time required to produce item p
 	1	1	1	1	1	1	1	1	1	1

c_p = Production cost of item p
 	30	30	30	30	80	80	30	80	80	30

s_p = Setup cost of item p
 	300	300	300	300	800	800	300	800	800	300

M = Big number
	199824

U_pi = Maximum inventory upper bound of item p at site i
 	199824	292	165	205	179	140	285	263	146	349	134	142	304	195	293	198	179	172	226	289	113	203	120	105	313	175	286	180	120	186	273
	199824	205	221	183	149	118	132	256	135	158	148	265	144	150	231	147	232	123	253	104	234	112	108	138	167	219	218	96	172	236	158
	199824	161	101	89	133	172	154	212	323	100	135	139	167	247	227	319	125	240	198	295	280	146	188	109	257	278	178	248	91	163	242
	199824	196	254	115	134	284	200	156	82	181	111	198	305	329	98	273	212	224	271	187	284	285	151	159	294	177	276	306	137	243	182
	199824	201	90	166	95	300	289	283	204	142	102	270	134	128	265	299	287	230	305	179	288	197	211	110	227	95	121	269	181	136	115
	199824	92	150	172	225	229	194	282	301	120	208	145	100	273	104	239	171	234	160	97	260	157	162	248	243	141	282	322	213	194	120
	199824	196	325	128	204	133	259	238	259	196	236	274	235	197	147	212	210	86	232	129	97	169	214	146	160	208	299	337	251	93	116
	199824	238	248	298	133	267	102	120	291	273	193	237	243	107	171	166	169	169	150	228	148	180	202	271	204	183	342	261	236	141	219
	199824	108	354	115	203	252	295	270	95	127	117	155	222	93	185	119	114	115	165	234	139	187	111	102	124	140	188	248	228	182	123
	199824	183	337	158	186	109	220	198	113	246	215	153	167	99	239	148	127	301	100	226	245	90	176	112	147	182	146	178	186	267	180

I_pi0 = Initial inventory of item p at site i
 	0	13	165	44	104	124	198	174	20	174	66	139	245	131	235	115	104	149	200	242	11	95	91	95	209	106	95	152	66	63	40
	0	186	22	22	90	56	96	174	88	91	45	59	90	104	94	65	44	43	166	98	121	56	75	71	84	214	122	17	59	174	125
	0	135	70	78	61	139	100	208	119	60	17	96	64	20	156	87	105	40	116	32	80	114	160	70	86	240	147	141	80	86	180
	0	127	124	36	131	223	156	104	76	53	40	88	184	49	70	95	15	120	187	139	96	85	85	75	119	113	233	115	66	163	113
	0	171	22	94	69	222	36	37	120	51	97	107	84	72	167	99	236	176	192	173	89	148	61	12	210	15	111	189	91	72	80
	0	28	57	22	127	40	154	39	251	74	21	113	76	186	51	220	149	104	69	67	202	124	95	83	198	115	170	304	182	24	61
	0	99	283	124	166	74	154	93	208	144	65	125	89	46	122	152	124	80	106	123	65	113	101	81	130	74	70	71	94	74	89
	0	99	52	192	73	144	96	81	116	177	152	45	145	70	37	137	140	168	131	112	147	167	158	67	133	163	270	107	74	110	106
	0	60	227	87	121	162	71	105	20	85	97	146	167	92	167	96	81	66	92	229	94	43	51	98	97	126	71	187	52	67	78
	0	110	127	96	106	93	55	78	24	199	84	123	80	51	114	74	20	138	79	174	57	21	162	93	99	158	60	74	65	249	177

h_pi = Inventory cost of item p at site i
 	3	1	2	6	5	3	2	9	4	9	1	9	9	5	2	8	8	1	8	1	1	3	7	8	5	1	9	4	3	5	8
	3	6	2	9	1	6	1	8	6	9	9	8	7	1	8	9	6	4	3	3	1	4	4	8	3	8	3	2	1	7	8
	3	4	8	3	8	3	2	6	2	6	1	1	5	1	6	1	5	3	3	3	2	4	5	1	5	2	9	8	5	5	3
	3	4	5	9	7	8	9	9	8	8	8	4	4	3	7	8	4	4	6	7	4	6	8	6	8	6	1	1	9	3	5
	8	9	1	7	3	7	3	7	1	3	2	9	8	2	7	6	4	1	7	3	5	2	8	2	6	7	1	1	5	8	5
	8	4	3	8	8	9	8	4	4	8	1	5	7	9	4	3	8	5	3	9	3	6	4	7	3	8	3	5	9	6	9
	3	2	9	8	4	3	5	3	6	9	2	3	4	9	3	7	2	9	5	7	2	8	3	3	2	6	8	8	2	9	1
	8	8	5	1	9	3	5	3	9	3	1	8	8	3	8	6	8	4	2	7	2	4	2	6	4	8	5	1	5	2	3
	8	2	8	5	5	9	1	2	1	9	4	3	9	2	6	8	2	6	6	8	2	8	2	8	7	8	9	6	5	1	5
	3	2	4	7	2	8	1	8	3	4	9	5	9	6	4	7	8	6	9	9	2	1	2	9	9	5	6	7	7	4	7

C = Vehicle capacity
	3540

f = Fixed transportation cost
	145855

a_ik = Transportation cost for traveling from node i to node k
 	0	4380	4140	980	2255	1340	4350	4705	2840	1540	3050	2920	3820	2185	1045	1245	4255	1385	1285	2625	2610	3860	4385	1750	3480	4015	1515	4505	1760	2715	3040
	4380	0	1805	3870	2520	4155	590	1420	1645	2855	2090	1685	590	2385	4470	3705	1760	3325	4070	1875	2245	775	350	2835	1390	575	4190	995	3465	2010	1585
	4140	1805	0	3315	1890	3380	1235	770	1580	2735	1100	1390	1535	1995	3805	3075	130	2790	3330	1690	1540	2235	1480	2395	880	2135	3335	940	2635	1465	1300
	980	3870	3315	0	1465	520	3725	3945	2235	1135	2225	2255	3285	1505	620	270	3435	560	430	2005	1820	3485	3805	1040	2765	3610	685	3805	790	1985	2370
	2255	2520	1890	1465	0	1655	2295	2490	900	955	800	840	1935	305	2020	1250	2005	915	1580	685	360	2315	2400	515	1310	2380	1675	2350	945	535	950
	1340	4155	3380	520	1655	0	3945	4065	2515	1580	2330	2490	3570	1775	455	490	3505	880	100	2280	1980	3845	4050	1345	2945	3950	185	3980	750	2185	2600
	4350	590	1235	3725	2295	3945	0	850	1515	2815	1715	1475	645	2225	4300	3530	1180	3170	3870	1735	1970	1220	250	2690	1020	1060	3955	415	3220	1760	1360
	4705	1420	770	3945	2490	4065	850	0	1935	3220	1740	1805	1415	2520	4470	3720	650	3400	4010	2115	2130	2055	1075	2965	1235	1900	4035	435	3315	1990	1690
	2840	1645	1580	2235	900	2515	1515	1935	0	1310	855	225	1060	740	2835	2065	1655	1685	2430	235	715	1425	1575	1200	725	1485	2555	1680	1840	475	285
	1540	2855	2735	1135	955	1580	2815	3220	1310	0	1690	1415	2290	750	1750	1095	2835	740	1485	1110	1245	2390	2845	525	1985	2530	1695	2985	1225	1275	1530
	3050	2090	1100	2225	800	2330	1715	1740	855	1690	0	640	1560	940	2735	1990	1215	1695	2270	820	455	2130	1885	1305	710	2130	2310	1670	1580	475	650
	2920	1685	1390	2255	840	2490	1475	1805	225	1415	640	0	1105	755	2835	2065	1470	1700	2410	315	580	1560	1565	1220	575	1595	2515	1585	1785	335	120
	3820	590	1535	3285	1935	3570	645	1415	1060	2290	1560	1105	0	1795	3885	3120	1530	2740	3485	1290	1675	705	580	2250	895	620	3605	1005	2880	1435	1010
	2185	2385	1995	1505	305	1775	2225	2520	740	750	940	755	1795	0	2095	1330	2095	950	1695	510	500	2100	2305	470	1300	2185	1825	2330	1130	535	875
	1045	4470	3805	620	2020	455	4300	4470	2835	1750	2735	2835	3885	2095	0	775	3925	1150	480	2600	2360	4105	4395	1640	3325	4225	585	4360	1175	2550	2950
	1245	3705	3075	270	1250	490	3530	3720	2065	1095	1990	2065	3120	1330	775	0	3195	395	395	1835	1600	3370	3625	880	2555	3480	610	3595	525	1780	2175
	4255	1760	130	3435	2005	3505	1180	650	1655	2835	1215	1470	1530	2095	3925	3195	0	2905	3455	1775	1650	2230	1425	2505	940	2120	3460	855	2755	1565	1375
	1385	3325	2790	560	915	880	3170	3400	1685	740	1695	1700	2740	950	1150	395	2905	0	785	1455	1275	2975	3250	490	2210	3090	975	3255	545	1430	1815
	1285	4070	3330	430	1580	100	3870	4010	2430	1485	2270	2410	3485	1695	480	395	3455	785	0	2200	1915	3755	3975	1255	2880	3860	260	3915	700	2110	2520
	2625	1875	1690	2005	685	2280	1735	2115	235	1110	820	315	1290	510	2600	1835	1775	1455	2200	0	560	1630	1805	965	885	1700	2325	1880	1615	365	425
	2610	2245	1540	1820	360	1980	1970	2130	715	1245	455	580	1675	500	2360	1600	1650	1275	1915	560	0	2130	2100	860	970	2170	1985	2005	1250	250	665
	3860	775	2235	3485	2315	3845	1220	2055	1425	2390	2130	1560	705	2100	4105	3370	2230	2975	3755	1630	2130	0	1040	2505	1540	205	3910	1630	3230	1885	1505
	4385	350	1480	3805	2400	4050	250	1075	1575	2845	1885	1565	580	2305	4395	3625	1425	3250	3975	1805	2100	1040	0	2765	1175	860	4070	650	3340	1875	1455
	1750	2835	2395	1040	515	1345	2690	2965	1200	525	1305	1220	2250	470	1640	880	2505	490	1255	965	860	2505	2765	0	1755	2610	1415	2790	795	975	1335
	3480	1390	880	2765	1310	2945	1020	1235	725	1985	710	575	895	1300	3325	2555	940	2210	2880	885	970	1540	1175	1755	0	1500	2950	1045	2210	785	465
	4015	575	2135	3610	2380	3950	1060	1900	1485	2530	2130	1595	620	2185	4225	3480	2120	3090	3860	1700	2170	205	860	2610	1500	0	4010	1470	3310	1925	1525
	1515	4190	3335	685	1675	185	3955	4035	2555	1695	2310	2515	3605	1825	585	610	3460	975	260	2325	1985	3910	4070	1415	2950	4010	0	3970	740	2200	2620
	4505	995	940	3805	2350	3980	415	435	1680	2985	1670	1585	1005	2330	4360	3595	855	3255	3915	1880	2005	1630	650	2790	1045	1470	3970	0	3235	1825	1470
	1760	3465	2635	790	945	750	3220	3315	1840	1225	1580	1785	2880	1130	1175	525	2755	545	700	1615	1250	3230	3340	795	2210	3310	740	3235	0	1465	1890
	2715	2010	1465	1985	535	2185	1760	1990	475	1275	475	335	1435	535	2550	1780	1565	1430	2110	365	250	1885	1875	975	785	1925	2200	1825	1465	0	425
	3040	1585	1300	2370	950	2600	1360	1690	285	1530	650	120	1010	875	2950	2175	1375	1815	2520	425	665	1505	1455	1335	465	1525	2620	1470	1890	425	0

coordXY = Coordinates (x,y): line zero => x line one => y column => customers
 	416	365	33	254	204	158	249	82	292	370	123	248	338	263	208	217	33	249	173	284	181	478	296	266	191	454	122	167	141	212	243
	22	896	756	131	419	92	875	901	576	326	556	581	782	431	16	170	781	242	105	530	487	791	890	338	680	824	95	887	241	525	604

d_pit = Demand of item p at customer i in period t
 	13	47	60	83	81	96	86	26	16	97	13	83
	27	85	53	73	17	53	96	83	76	24	29	43
	44	36	44	60	91	27	75	14	21	71	43	88
	35	69	27	76	50	48	88	57	56	71	88	49
	71	53	60	20	82	63	22	42	29	49	46	21
	86	38	74	93	65	83	79	49	94	74	50	70
	33	63	78	98	36	11	88	39	32	27	98	29
	20	30	57	34	69	14	78	67	87	29	54	45
	46	54	74	63	69	84	91	98	99	43	23	94
	14	16	36	27	25	88	62	60	26	60	87	34
	38	42	59	57	41	52	42	42	72	28	36	59
	65	83	97	88	48	87	21	15	57	74	31	63
	53	78	61	92	58	19	37	90	97	82	44	69
	52	11	73	99	91	43	47	87	22	23	60	94
	84	31	59	91	99	72	95	73	29	84	40	33
	46	58	77	86	48	67	25	20	10	21	42	38
	69	80	90	93	13	81	88	52	35	15	40	31
	80	42	78	61	27	85	26	83	57	18	23	97
	52	79	13	98	58	67	29	97	28	29	74	69
	11	31	31	25	41	67	21	60	19	50	40	56
	95	60	25	51	35	39	12	55	24	88	59	65
	91	54	19	43	91	40	59	57	52	78	41	96
	95	79	14	89	14	31	27	82	90	40	34	37
	12	93	40	64	39	68	27	97	82	46	91	93
	20	86	60	75	44	15	71	23	57	78	88	83
	95	92	49	70	85	85	83	54	75	99	54	16
	41	54	17	40	79	91	94	71	28	89	44	72
	66	99	25	81	44	56	35	80	85	24	78	48
	63	16	20	46	79	47	73	44	22	31	92	26
	40	60	61	19	98	68	51	79	49	66	24	41

	44	19	60	63	38	13	70	94	12	70	42	91
	22	59	55	94	50	39	30	42	47	51	19	22
	22	39	58	33	18	62	63	58	79	46	41	30
	59	18	13	38	26	45	79	98	73	24	62	61
	39	17	82	53	100	96	89	60	27	30	50	62
	96	61	48	53	42	18	77	89	62	76	78	89
	80	94	15	65	87	62	84	34	94	39	48	67
	18	70	69	55	54	24	21	79	72	25	38	15
	91	84	74	30	90	87	88	38	89	91	98	85
	45	23	70	31	59	26	84	30	84	72	31	37
	59	17	93	27	74	91	61	63	75	75	63	96
	23	67	70	20	88	18	40	19	58	91	63	18
	78	26	94	28	93	20	40	61	69	13	19	59
	94	56	39	68	67	16	98	65	38	77	36	38
	65	13	14	91	46	52	97	48	18	62	37	46
	44	76	73	52	69	31	66	15	82	61	97	31
	11	32	83	59	87	67	51	44	97	79	66	59
	58	32	22	54	70	98	84	36	39	19	55	40
	16	55	27	96	48	28	86	25	33	100	74	34
	44	28	49	50	49	82	79	43	79	90	71	37
	37	19	78	82	32	69	91	51	41	91	53	28
	22	28	25	69	45	83	62	94	42	65	35	76
	21	50	38	97	42	91	100	80	73	91	85	58
	44	40	11	24	60	66	78	51	28	36	31	32
	94	74	46	27	28	51	44	32	94	40	40	88
	38	64	20	41	99	93	86	25	44	29	94	20
	17	23	59	40	82	72	82	91	16	22	47	23
	59	17	26	73	14	24	66	44	13	40	76	65
	56	84	34	17	33	59	25	90	82	66	78	85
	31	94	88	47	14	26	40	75	83	30	24	79

	64	71	31	68	23	84	61	50	82	35	34	40
	58	12	32	85	42	59	91	18	52	90	54	11
	78	19	18	20	97	86	19	50	67	14	57	11
	61	92	89	25	88	100	94	78	67	27	62	15
	76	63	67	40	80	19	16	33	71	94	57	70
	64	36	62	82	37	38	24	68	98	50	36	19
	70	20	71	47	67	33	64	82	19	84	59	20
	84	35	75	24	99	56	61	84	28	67	73	90
	38	22	68	43	36	55	86	36	95	74	13	31
	17	14	20	100	91	16	26	80	81	25	10	60
	96	70	62	52	74	33	23	97	67	91	92	76
	64	77	40	60	26	75	59	94	31	32	93	16
	20	59	39	30	94	62	84	81	63	70	90	50
	37	79	40	92	50	91	28	50	34	25	84	71
	87	96	16	26	51	92	76	12	92	79	57	82
	38	67	65	55	56	95	71	41	49	19	100	93
	40	92	37	86	34	97	53	98	10	50	22	100
	90	26	32	78	49	74	86	65	74	49	82	86
	17	15	14	59	24	87	91	52	79	95	87	89
	80	81	69	11	95	13	77	49	43	34	55	64
	87	27	95	93	94	76	52	81	85	87	46	53
	67	93	83	53	76	35	17	20	17	15	24	64
	38	32	39	50	63	74	63	26	77	54	40	95
	33	17	36	83	14	11	96	28	95	43	81	80
	80	74	67	19	66	77	83	18	35	36	91	20
	57	90	46	50	68	37	88	79	23	17	75	80
	74	67	72	22	23	58	69	81	19	16	83	12
	48	32	38	88	23	51	65	10	20	72	89	12
	86	83	62	63	36	97	49	10	62	40	38	24
	57	44	79	52	21	12	89	53	65	62	32	15

	10	72	45	86	23	61	36	78	54	25	72	27
	79	45	100	73	66	40	74	86	26	23	97	54
	17	19	83	66	42	79	44	64	86	45	94	49
	54	77	89	57	95	16	87	70	62	51	83	63
	68	100	55	11	83	25	90	74	14	89	19	54
	92	64	36	52	79	57	96	85	48	73	78	39
	35	69	77	47	42	16	36	80	25	55	84	57
	76	12	47	86	18	67	12	66	12	52	20	26
	53	98	65	74	44	96	12	61	26	74	80	39
	40	49	38	88	60	80	57	40	29	89	47	47
	78	10	92	88	54	65	66	57	20	16	31	18
	85	99	20	70	97	12	26	33	64	92	90	43
	49	81	47	73	99	21	81	94	77	14	94	60
	15	55	59	68	27	52	35	26	53	59	48	89
	95	11	33	82	63	11	19	38	37	91	91	85
	15	30	72	42	88	58	93	79	56	57	20	27
	92	28	60	61	68	17	29	35	99	67	89	28
	77	76	34	23	49	70	84	64	75	82	99	79
	32	50	57	98	10	94	89	91	69	15	75	68
	96	56	71	26	41	62	42	67	66	21	49	85
	10	75	60	61	93	16	16	40	79	74	68	91
	75	10	78	40	78	19	93	35	33	30	45	68
	75	63	42	65	98	14	100	33	54	14	38	39
	75	44	84	54	80	38	17	61	71	51	42	88
	53	60	86	68	81	35	86	41	62	23	33	81
	44	33	70	86	37	43	78	99	23	23	85	42
	15	53	47	75	90	25	60	94	41	89	89	56
	66	93	45	60	80	43	69	88	86	73	69	52
	69	94	89	12	26	91	98	53	96	32	27	41
	68	12	33	63	63	14	62	57	34	41	39	59

	41	23	21	86	89	14	18	55	79	46	100	30
	22	72	17	77	93	27	35	61	27	28	54	27
	94	30	48	95	69	66	33	21	58	57	35	56
	69	58	75	37	22	18	29	14	19	73	95	62
	25	55	64	78	59	54	73	52	67	56	76	61
	36	99	78	49	31	45	12	21	62	96	86	79
	37	50	91	21	84	19	65	42	63	30	94	84
	65	14	41	74	73	19	93	85	69	38	29	13
	51	37	17	49	91	14	55	32	68	73	65	16
	74	23	86	25	13	78	23	89	61	34	66	41
	49	58	95	34	90	87	95	32	27	75	82	87
	84	95	88	68	61	90	23	54	19	61	89	71
	72	70	62	15	45	12	68	67	26	43	11	22
	72	31	64	69	56	39	25	99	66	16	11	87
	87	12	88	37	87	28	48	44	83	72	69	63
	83	11	68	74	39	94	62	42	57	71	77	11
	88	72	16	38	31	19	78	38	42	59	41	29
	22	80	90	10	71	97	87	27	43	57	63	84
	65	51	57	71	100	55	80	29	67	29	84	27
	89	42	92	94	82	13	24	62	49	23	91	31
	79	69	84	68	77	34	99	85	65	45	67	14
	61	88	100	71	12	27	99	13	22	37	71	32
	12	30	98	46	89	58	15	66	31	63	80	69
	49	67	94	99	52	10	40	39	47	78	13	93
	15	36	44	86	18	41	44	73	34	19	98	64
	80	31	91	83	63	44	25	95	58	17	47	93
	96	26	67	23	70	30	47	38	98	21	39	90
	91	91	38	47	90	53	38	63	46	49	25	94
	72	68	62	62	92	84	89	90	75	58	41	21
	80	89	52	27	80	27	27	74	53	72	13	93

	28	66	14	11	14	39	40	43	86	59	89	63
	57	76	15	36	81	76	60	31	28	64	51	25
	10	12	28	38	52	39	75	48	67	32	31	85
	38	54	35	65	46	62	69	87	100	61	11	47
	40	18	40	52	38	61	93	75	91	60	49	70
	53	13	88	17	20	74	29	63	70	56	41	58
	39	58	83	20	62	40	48	53	74	44	75	81
	64	53	38	96	72	81	20	47	65	82	33	71
	74	52	32	93	29	85	62	80	28	85	55	46
	21	12	27	85	69	94	91	32	16	13	89	74
	22	70	21	86	21	63	18	56	56	82	40	45
	76	88	27	52	50	11	35	63	60	56	29	53
	90	96	73	46	87	74	78	90	45	33	83	23
	51	96	54	57	78	78	38	55	13	41	41	24
	77	53	57	33	45	73	51	87	82	21	39	100
	34	72	43	98	18	19	97	84	51	83	19	66
	33	43	28	95	46	100	22	98	76	64	15	82
	69	13	34	84	55	50	32	88	86	23	13	93
	67	91	25	53	86	54	19	47	10	18	81	30
	52	39	85	26	98	89	15	77	96	17	95	90
	17	34	56	17	83	76	87	22	81	45	32	76
	95	16	40	97	14	58	52	42	34	80	45	74
	23	60	31	46	88	56	55	79	19	72	24	43
	79	35	84	88	55	54	21	57	74	87	81	15
	69	46	40	95	48	20	25	32	55	40	27	68
	54	36	80	18	45	19	92	81	62	86	28	76
	99	73	80	52	91	36	31	50	74	76	57	53
	85	97	98	37	58	47	22	17	41	13	75	50
	13	11	29	68	61	92	20	61	14	76	63	73
	61	90	26	63	40	38	81	86	42	80	35	78

	99	79	74	40	54	78	98	64	67	25	43	64
	91	88	54	50	67	50	81	81	84	66	17	52
	77	47	46	20	91	87	72	56	100	68	30	73
	85	81	69	13	87	87	16	22	38	82	19	13
	74	94	40	94	83	50	76	75	51	76	22	62
	74	80	79	45	63	43	10	95	81	91	46	71
	21	56	16	29	96	47	10	25	34	97	84	56
	92	18	98	16	65	66	74	17	92	97	96	46
	42	38	13	51	16	82	76	92	75	55	25	22
	65	40	20	66	74	67	90	77	30	21	67	90
	68	57	39	53	39	64	88	23	43	30	94	59
	89	76	62	85	99	34	50	80	22	60	18	31
	46	29	69	71	41	32	72	21	27	73	57	52
	51	71	78	55	53	73	13	15	26	54	18	79
	85	67	71	96	14	26	54	26	53	39	56	50
	37	87	75	47	25	26	33	67	87	48	36	63
	69	11	83	32	43	57	72	11	59	45	17	16
	56	50	18	59	95	41	27	70	83	84	63	51
	28	95	34	75	64	89	58	95	79	14	59	85
	19	46	47	85	80	19	37	15	55	93	59	27
	100	13	99	35	76	63	44	70	35	51	68	23
	22	79	26	96	53	68	30	46	44	54	48	77
	81	31	64	60	28	12	31	76	64	49	43	45
	84	46	61	11	62	34	71	85	37	67	18	65
	55	19	71	95	97	86	89	98	99	51	37	33
	70	77	46	96	37	12	68	63	75	95	51	28
	71	15	95	27	67	24	99	41	99	92	100	79
	94	49	93	36	73	34	62	68	80	68	58	37
	38	18	18	47	24	15	91	11	90	82	69	53
	89	85	56	39	36	86	28	56	59	58	15	91

	22	77	40	85	44	17	95	76	84	48	26	100
	52	88	25	95	93	33	32	31	84	81	46	85
	86	24	18	64	43	46	69	82	74	74	53	82
	73	75	74	82	64	24	20	23	36	13	27	19
	77	67	28	26	39	89	14	98	50	23	51	78
	65	31	81	33	57	12	43	75	15	33	75	92
	81	93	65	54	59	38	97	39	79	62	25	25
	64	22	30	69	66	92	52	91	78	39	39	56
	21	27	57	72	73	47	19	96	12	37	94	99
	76	43	33	59	28	45	36	55	80	36	15	73
	45	44	37	28	44	52	23	86	56	23	64	66
	17	24	84	20	71	45	24	68	38	84	57	51
	70	51	81	51	73	73	39	43	28	61	16	53
	37	72	83	82	49	45	64	44	26	31	61	89
	60	77	75	54	55	61	16	40	23	96	85	20
	94	46	89	10	19	20	96	79	90	21	35	76
	90	37	41	30	31	89	85	49	63	58	26	78
	35	36	60	32	18	86	61	39	19	60	53	100
	31	13	68	27	75	28	12	53	87	75	28	49
	67	80	42	25	11	89	30	51	57	35	64	42
	79	16	58	14	45	99	76	96	53	78	95	10
	47	20	40	51	41	79	99	35	18	45	72	58
	67	62	12	99	62	56	81	64	98	96	27	88
	45	19	42	27	52	45	75	12	75	48	88	85
	67	96	36	21	15	39	17	18	50	93	70	28
	97	92	81	60	89	12	83	81	19	96	70	40
	77	30	11	25	91	15	49	21	82	55	84	87
	47	27	65	83	47	91	10	59	40	94	85	61
	24	86	58	33	32	69	42	43	30	57	52	39
	38	50	18	86	53	93	31	60	41	54	60	74

	60	62	68	65	77	40	45	20	45	38	75	51
	82	96	49	78	90	60	98	49	38	95	51	64
	87	86	10	45	60	96	11	63	39	74	33	84
	18	32	19	52	74	17	59	87	80	22	59	91
	78	84	65	90	37	58	31	37	98	21	73	84
	71	93	79	21	18	72	15	44	88	52	95	61
	70	35	84	97	40	18	45	88	14	67	76	14
	20	76	15	71	29	22	50	94	93	28	46	28
	14	71	69	58	25	14	74	19	45	49	23	46
	97	74	60	33	71	83	45	24	66	81	57	11
	12	45	62	27	99	94	74	55	32	95	10	16
	87	12	68	97	97	78	23	25	23	56	49	52
	92	81	13	48	63	17	56	27	12	44	74	33
	36	95	36	31	93	63	77	95	21	58	47	86
	17	56	23	24	15	53	56	21	43	82	42	42
	81	83	77	92	25	63	87	30	38	23	44	39
	18	48	71	42	24	19	32	17	87	80	11	10
	68	24	88	75	24	53	55	45	40	94	66	29
	41	93	95	100	36	40	16	66	42	15	63	94
	23	23	48	86	18	45	26	15	96	16	92	67
	43	59	46	72	38	40	30	31	17	30	59	96
	26	25	63	58	97	43	34	25	57	86	95	54
	60	25	13	72	66	37	42	33	81	93	54	35
	65	32	70	28	59	20	79	88	79	43	98	83
	29	19	78	29	49	25	50	26	72	39	58	87
	71	42	57	51	82	93	61	46	14	92	69	72
	91	19	62	15	19	32	94	68	90	80	92	82
	52	24	44	80	48	31	97	86	66	37	81	38
	67	83	98	19	77	60	35	22	72	91	25	80
	28	50	95	96	32	87	25	52	68	53	53	98

	47	41	22	40	73	18	42	99	79	61	11	16
	70	57	15	61	72	11	76	95	91	92	71	97
	96	17	59	18	67	34	48	71	38	49	66	69
	48	29	29	98	72	90	57	75	61	76	38	71
	93	61	47	98	20	23	59	12	56	27	99	56
	33	22	79	66	57	99	47	44	46	59	51	56
	78	56	89	66	12	38	69	97	86	44	57	100
	24	70	69	71	77	80	85	64	28	52	24	32
	100	99	79	13	43	51	75	34	57	70	18	99
	84	62	85	42	95	40	99	31	53	81	88	98
	75	48	66	48	11	14	73	87	47	87	30	27
	52	28	94	38	14	90	31	64	61	24	81	89
	51	91	20	71	61	63	28	15	77	20	18	77
	38	76	77	98	60	64	14	78	83	52	42	36
	74	14	15	90	58	53	96	73	43	13	52	11
	20	23	49	95	75	90	55	76	36	68	75	100
	96	42	76	51	35	42	81	89	20	61	95	34
	79	45	86	45	76	28	28	74	49	12	11	65
	75	76	23	96	51	43	44	12	82	13	91	71
	57	43	16	50	33	100	13	77	51	20	82	45
	21	79	48	60	21	14	22	40	85	72	19	61
	60	60	29	13	11	38	42	51	39	86	85	14
	14	79	65	78	55	47	20	84	49	56	97	28
	99	32	21	29	26	39	36	85	90	72	23	34
	72	86	49	82	16	62	57	60	95	29	83	37
	48	12	40	49	89	59	40	21	31	20	18	12
	38	36	78	83	75	27	50	84	76	70	66	30
	65	68	66	24	95	82	51	33	49	42	79	90
	33	39	94	83	87	18	76	34	74	37	26	40
	14	68	95	61	74	98	43	55	33	59	21	100

