***** PARAMETERS PRP *****

Number of Customers = 30
Number of Products = 10
Number of Vehicles = 5
Number of Periods = 12

B = Production capacity
	49283

b_p = Time required to produce item p
 	1	1	1	1	1	1	1	1	1	1

c_p = Production cost of item p
 	30	30	80	30	80	80	30	30	80	30

s_p = Setup cost of item p
 	300	300	800	300	800	800	300	300	800	300

M = Big number
	197132

U_pi = Maximum inventory upper bound of item p at site i
 	197132	224	101	165	164	116	217	169	121	258	218	157	243	205	128	161	153	238	173	203	167	200	130	311	203	186	119	186	130	98	120
	197132	216	124	102	193	253	118	138	226	77	96	229	219	147	189	119	141	347	143	102	106	304	188	278	175	256	152	113	137	290	131
	197132	291	117	129	107	185	232	192	99	118	207	281	167	163	126	108	94	196	98	179	177	190	149	89	125	151	100	202	89	187	156
	197132	191	239	223	313	238	238	119	217	230	289	193	273	291	260	290	271	273	107	165	313	262	101	117	115	134	285	105	95	100	192
	197132	335	98	99	176	201	109	171	237	249	124	187	266	169	195	255	152	133	210	241	270	235	150	119	181	191	147	140	283	123	212
	197132	194	104	118	184	210	127	266	174	316	175	195	145	337	308	98	269	213	168	107	124	222	316	106	104	192	172	267	132	226	98
	197132	148	135	239	178	253	272	261	81	151	197	253	89	220	235	202	266	206	240	106	129	101	98	164	337	126	125	91	97	185	170
	197132	177	107	96	201	169	180	136	273	102	145	107	122	102	89	113	271	115	316	168	156	269	172	219	115	194	294	127	198	223	95
	197132	191	94	172	260	242	98	155	168	182	134	259	296	84	170	281	211	178	110	107	96	170	253	106	255	156	243	99	254	188	269
	197132	264	102	165	131	141	214	207	112	118	114	158	225	150	252	118	153	245	247	119	104	179	114	120	198	233	95	198	175	142	101

I_pi0 = Initial inventory of item p at site i
 	0	69	93	86	161	67	87	156	79	140	208	137	222	29	95	98	144	61	144	120	133	71	49	121	175	37	75	30	85	84	94
	0	120	99	98	86	234	69	114	196	56	92	195	117	129	186	83	52	112	94	79	18	235	125	129	107	153	78	81	76	106	118
	0	41	53	67	83	102	163	192	53	98	87	79	134	70	119	61	58	120	36	126	33	32	64	81	54	137	48	173	77	118	22
	0	133	83	62	275	191	83	100	30	174	96	106	241	80	37	75	166	253	75	13	147	218	48	70	79	45	268	83	70	94	24
	0	246	84	72	144	131	90	139	178	150	35	155	230	158	22	130	127	83	92	72	93	100	34	95	142	37	89	27	266	45	127
	0	76	66	30	126	199	87	217	25	230	108	145	68	182	171	27	33	163	76	88	58	168	134	94	100	13	93	142	111	47	66
	0	110	90	207	93	183	165	165	31	89	87	34	22	162	232	21	85	191	180	95	86	54	74	126	51	59	85	82	97	20	125
	0	160	70	36	31	97	117	129	112	53	75	50	97	98	46	79	50	74	136	89	144	203	157	180	91	54	111	48	155	84	27
	0	162	24	120	72	150	33	14	68	104	98	213	203	13	101	37	140	178	101	83	52	97	203	104	198	55	159	73	210	61	121
	0	260	100	129	82	19	158	53	84	97	76	93	15	29	142	34	139	42	116	34	78	136	71	102	128	153	0	158	173	139	65

h_pi = Inventory cost of item p at site i
 	3	8	9	2	5	6	5	9	6	6	9	5	3	4	5	4	9	5	5	6	7	7	1	2	8	4	3	6	1	9	7
	3	8	8	5	4	2	9	5	7	1	8	7	2	5	3	1	1	8	7	2	7	9	3	3	8	7	1	7	8	1	7
	8	6	5	6	5	5	3	6	2	1	7	2	4	1	3	5	8	8	5	4	7	8	3	8	3	4	5	6	9	5	9
	3	3	4	8	4	8	2	7	7	6	1	8	5	3	5	4	5	2	1	1	7	8	6	4	4	8	7	4	3	3	7
	8	8	3	9	5	9	4	6	7	7	2	1	9	5	2	4	4	6	9	3	7	6	6	5	2	5	4	2	7	1	2
	8	2	4	8	8	5	4	2	6	4	2	9	1	6	1	5	4	4	6	5	3	8	7	9	5	3	9	4	5	5	1
	3	8	2	2	5	7	2	3	8	7	4	9	6	7	3	8	4	2	4	8	2	1	2	5	6	8	6	5	3	8	2
	3	8	5	7	9	1	5	3	9	4	6	7	1	9	1	3	9	9	1	2	5	1	7	6	4	2	7	4	2	2	1
	8	8	8	8	4	4	6	8	3	9	6	3	2	1	6	7	4	8	7	2	7	1	5	7	5	8	3	2	3	8	7
	3	8	7	1	1	8	3	3	4	9	9	9	7	6	5	2	5	6	8	8	4	6	6	6	8	6	8	1	3	9	8

C = Vehicle capacity
	3470

f = Fixed transportation cost
	161510

a_ik = Transportation cost for traveling from node i to node k
 	0	1635	1495	3735	2345	3605	625	765	1730	2480	385	870	1615	1080	450	1510	1820	1455	2355	2835	435	660	2790	2655	770	1770	1920	900	2915	545	1850
	1635	0	455	3825	2075	3060	1080	1765	1465	2415	2000	1225	975	640	1445	1510	1630	340	1035	2160	1615	980	1705	2935	1790	835	1895	1485	2790	1665	1570
	1495	455	0	4175	2445	3490	1065	1820	1800	2765	1825	1350	525	425	1200	1785	1180	675	1485	2590	1360	900	2155	3230	1465	445	2210	1610	3155	1670	1120
	3735	3825	4175	0	1760	1465	3465	2980	2380	1415	3925	3050	4660	3960	4080	2430	5210	3515	3225	1970	4150	3655	2715	1095	4495	4615	1980	2885	1055	3195	5185
	2345	2075	2445	1760	0	1265	1900	1705	680	395	2645	1510	2945	2275	2580	840	3535	1775	1525	675	2690	2060	1215	1045	3025	2880	455	1450	715	1860	3500
	3605	3060	3490	1465	1265	0	3125	2960	1895	1260	3905	2755	4010	3410	3815	2095	4640	2825	2190	900	3935	3270	1530	1645	4265	3895	1710	2715	950	3120	4595
	625	1080	1065	3465	1900	3125	0	765	1235	2105	1005	415	1365	665	690	1070	1785	850	1735	2305	825	210	2185	2420	1145	1440	1520	620	2540	610	1785
	765	1765	1820	2980	1705	2960	765	0	1195	1770	970	560	2115	1425	1155	930	2470	1475	2150	2275	1190	955	2405	1895	1530	2200	1250	355	2200	225	2480
	1730	1465	1800	2380	680	1895	1235	1195	0	970	2060	870	2290	1605	1920	275	2860	1145	1210	1105	2045	1390	1250	1480	2375	2235	440	880	1370	1300	2830
	2480	2415	2765	1415	395	1260	2105	1770	970	0	2735	1700	3250	2560	2765	1045	3815	2105	1920	950	2855	2285	1580	660	3200	3200	590	1585	440	1955	3785
	385	2000	1825	3925	2645	3905	1005	970	2060	2735	0	1215	1870	1420	660	1820	1960	1835	2740	3165	540	1030	3155	2835	755	2055	2200	1200	3165	785	2005
	870	1225	1350	3050	1510	2755	415	560	870	1700	1215	0	1725	1000	1075	675	2190	920	1620	1965	1185	610	1955	2010	1520	1760	1115	265	2135	535	2180
	1615	975	525	4660	2945	4010	1365	2115	2290	3250	1870	1725	0	730	1215	2245	665	1195	1990	3115	1345	1165	2675	3685	1320	255	2685	1970	3655	1930	600
	1080	640	425	3960	2275	3410	665	1425	1605	2560	1420	1000	730	0	820	1535	1260	645	1600	2530	990	485	2210	2965	1155	775	1980	1250	2970	1265	1230
	450	1445	1200	4080	2580	3815	690	1155	1920	2765	660	1075	1215	820	0	1745	1375	1350	2315	2990	175	585	2835	3010	455	1400	2185	1195	3200	935	1405
	1510	1510	1785	2430	840	2095	1070	930	275	1045	1820	675	2245	1535	1745	0	2780	1175	1425	1355	1850	1245	1520	1450	2190	2225	455	630	1470	1050	2760
	1820	1630	1180	5210	3535	4640	1785	2470	2860	3815	1960	2190	665	1260	1375	2780	0	1820	2650	3750	1435	1585	3330	4195	1250	865	3235	2400	4230	2260	100
	1455	340	675	3515	1775	2825	850	1475	1145	2105	1835	920	1195	645	1350	1175	1820	0	975	1930	1520	810	1570	2605	1750	1105	1570	1175	2485	1395	1775
	2355	1035	1485	3225	1525	2190	1735	2150	1210	1920	2740	1620	1990	1600	2315	1425	2650	975	0	1325	2480	1750	705	2555	2720	1820	1590	1800	2180	2150	2585
	2835	2160	2590	1970	675	900	2305	2275	1105	950	3165	1965	3115	2530	2990	1355	3750	1930	1325	0	3125	2430	750	1585	3445	2995	1090	1975	990	2400	3700
	435	1615	1360	4150	2690	3935	825	1190	2045	2855	540	1185	1345	990	175	1850	1435	1520	2480	3125	0	740	2990	3070	350	1540	2285	1280	3290	970	1475
	660	980	900	3655	2060	3270	210	955	1390	2285	1030	610	1165	485	585	1245	1585	810	1750	2430	740	0	2255	2620	1025	1250	1700	825	2715	785	1580
	2790	1705	2155	2715	1215	1530	2185	2405	1250	1580	3155	1955	2675	2210	2835	1520	3330	1570	705	750	2990	2255	0	2240	3270	2510	1470	2060	1720	2465	3270
	2655	2935	3230	1095	1045	1645	2420	1895	1480	660	2835	2010	3685	2965	3010	1450	4195	2605	2555	1585	3070	2620	2240	0	3415	3670	1045	1820	705	2110	4180
	770	1790	1465	4495	3025	4265	1145	1530	2375	3200	755	1520	1320	1155	455	2190	1250	1750	2720	3445	350	1025	3270	3415	0	1545	2625	1625	3635	1310	1305
	1770	835	445	4615	2880	3895	1440	2200	2235	3200	2055	1760	255	775	1400	2225	865	1105	1820	2995	1540	1250	2510	3670	1545	0	2650	2015	3590	2030	790
	1920	1895	2210	1980	455	1710	1520	1250	440	590	2200	1115	2685	1980	2185	455	3235	1570	1590	1090	2285	1700	1470	1045	2625	2650	0	1020	1020	1415	3210
	900	1485	1610	2885	1450	2715	620	355	880	1585	1200	265	1970	1250	1195	630	2400	1175	1800	1975	1280	825	2060	1820	1625	2015	1020	0	2020	425	2400
	2915	2790	3155	1055	715	950	2540	2200	1370	440	3165	2135	3655	2970	3200	1470	4230	2485	2180	990	3290	2715	1720	705	3635	3590	1020	2020	0	2390	4200
	545	1665	1670	3195	1860	3120	610	225	1300	1955	785	535	1930	1265	935	1050	2260	1395	2150	2400	970	785	2465	2110	1310	2030	1415	425	2390	0	2275
	1850	1570	1120	5185	3500	4595	1785	2480	2830	3785	2005	2180	600	1230	1405	2760	100	1775	2585	3700	1475	1580	3270	4180	1305	790	3210	2400	4200	2275	0

coordXY = Coordinates (x,y): line zero => x line one => y column => customers
 	148	455	446	10	232	301	242	104	258	161	88	215	460	362	219	215	443	398	499	347	192	269	474	31	204	498	189	166	156	123	458
	750	638	728	16	289	46	668	604	422	255	797	590	832	725	804	456	963	602	436	220	825	699	298	233	893	799	369	571	168	644	951

d_pit = Demand of item p at customer i in period t
 	16	53	91	34	53	96	86	71	44	85	21	23
	79	14	52	63	81	46	96	47	48	13	52	13
	86	51	31	53	63	29	37	47	37	77	67	81
	60	76	25	40	76	85	17	63	42	91	59	20
	67	71	31	91	47	44	64	43	44	83	77	32
	35	52	42	86	84	65	64	11	90	38	70	13
	61	49	46	48	87	74	61	28	16	66	68	70
	79	92	68	83	25	71	43	52	63	53	29	66
	64	15	61	25	48	36	76	81	75	52	42	44
	40	19	73	76	55	63	73	42	28	32	69	84
	37	61	39	89	47	53	53	88	33	66	13	47
	21	98	80	23	25	90	53	58	43	14	32	47
	29	17	36	18	26	10	28	15	87	64	95	66
	59	36	64	54	82	49	85	84	88	85	53	31
	98	66	58	28	29	27	41	51	71	42	97	34
	54	90	29	96	52	10	29	78	59	29	21	65
	61	49	20	83	58	23	41	12	64	67	73	21
	28	34	82	82	21	50	51	51	93	100	32	67
	37	83	69	12	74	22	23	33	47	94	45	70
	40	93	60	84	45	32	18	84	50	92	31	38
	46	25	51	68	36	40	87	11	18	83	44	92
	49	91	22	37	24	44	15	52	52	23	100	12
	42	79	47	39	76	62	47	46	99	62	70	77
	67	68	40	29	63	78	50	95	73	93	86	68
	37	44	94	21	92	18	62	20	25	34	98	12
	75	85	93	85	46	66	16	35	71	52	64	24
	30	85	51	28	92	12	67	72	98	95	33	79
	66	19	82	93	49	73	91	89	38	84	11	83
	70	14	46	43	67	48	48	52	93	41	46	20
	94	63	94	100	22	13	80	38	82	53	57	24

	28	32	60	82	43	99	74	34	34	52	14	95
	21	78	83	65	36	72	75	54	40	91	97	34
	98	41	29	40	57	67	19	21	77	85	36	40
	65	21	29	49	19	88	95	33	49	25	76	31
	99	64	71	82	10	80	81	54	76	33	84	25
	69	60	64	77	57	14	48	57	79	57	55	72
	89	25	95	60	97	86	15	86	44	56	95	78
	91	47	58	47	55	29	47	31	88	50	52	82
	56	24	49	22	13	61	27	61	73	24	37	17
	13	79	73	69	47	42	47	12	20	55	88	30
	58	23	46	68	15	73	30	53	69	53	47	14
	74	43	75	23	85	65	52	35	81	33	18	74
	75	54	39	38	23	66	79	56	69	36	35	17
	95	12	64	15	70	96	84	87	23	84	66	60
	83	77	21	39	50	80	85	39	19	90	62	69
	52	82	59	48	96	27	29	85	90	92	85	98
	14	98	49	91	90	87	33	86	80	79	48	78
	83	11	71	65	15	67	43	93	36	50	13	23
	79	10	10	30	15	35	29	15	36	53	57	37
	18	87	61	10	14	88	63	57	98	20	69	52
	76	63	96	67	69	44	20	61	85	97	29	22
	76	49	90	12	52	32	46	51	29	51	39	38
	92	37	65	27	40	38	61	67	15	44	85	96
	71	36	52	32	79	28	59	91	94	30	96	31
	96	57	15	71	94	56	44	89	77	83	41	44
	78	70	65	19	19	62	100	15	20	34	63	61
	81	77	59	46	35	50	75	75	50	89	24	16
	36	40	44	56	38	35	76	60	21	25	42	76
	77	29	64	60	24	75	99	30	64	79	51	45
	19	61	38	46	29	27	35	77	22	30	65	73

	41	62	43	94	13	100	94	23	58	47	78	45
	53	54	74	91	71	25	47	21	79	69	51	66
	67	17	40	28	80	20	16	13	44	81	35	76
	83	19	48	87	87	47	66	82	56	23	19	27
	66	36	85	25	39	53	58	91	95	50	41	99
	94	69	93	71	83	57	92	71	71	98	63	66
	38	74	80	66	11	73	79	81	97	94	14	59
	40	13	92	94	31	36	39	68	85	47	16	32
	32	66	52	70	38	78	82	22	38	65	79	86
	87	47	88	11	12	72	29	15	99	22	55	84
	79	84	62	81	76	42	11	88	14	12	45	81
	56	51	27	83	15	85	100	44	14	90	60	42
	25	45	56	89	52	47	57	67	46	83	21	65
	54	65	11	50	25	93	23	57	31	61	21	12
	61	58	80	18	13	55	81	60	29	93	53	46
	58	49	68	18	52	20	46	56	59	48	52	39
	33	23	34	30	78	88	88	45	24	55	72	19
	36	97	35	76	27	31	74	43	46	26	30	68
	69	57	35	97	15	48	51	11	95	83	68	86
	33	50	56	51	13	64	24	38	14	28	76	84
	32	65	78	27	84	69	91	69	45	93	28	77
	42	22	74	37	48	33	12	90	49	99	26	62
	26	55	39	30	42	51	48	37	85	26	32	60
	54	90	44	98	34	56	78	36	61	67	72	60
	37	20	80	72	62	44	51	11	55	64	17	90
	48	73	84	17	29	72	40	34	63	16	57	69
	88	50	35	45	61	67	94	40	68	77	99	83
	77	52	15	39	30	35	54	37	17	26	72	78
	19	61	38	42	71	98	69	93	73	72	91	19
	22	69	74	20	39	93	70	85	36	22	80	12

	57	40	36	86	69	39	37	12	70	19	60	48
	83	69	18	58	61	14	75	89	45	62	92	50
	62	68	38	35	58	63	71	50	46	71	83	25
	96	86	93	42	71	16	68	31	86	42	97	24
	99	56	36	100	47	36	21	32	86	41	71	89
	83	92	55	85	86	38	12	21	65	21	59	96
	100	46	79	63	20	74	39	32	99	91	40	33
	30	80	11	38	85	33	83	11	67	89	43	80
	28	58	88	21	60	79	95	98	35	37	45	45
	31	22	43	94	23	65	72	83	93	37	99	31
	88	18	40	49	33	97	76	85	82	43	90	69
	92	61	88	94	89	49	24	11	30	58	15	44
	80	77	58	47	21	91	13	44	47	90	94	36
	37	77	58	43	90	39	14	15	93	55	59	44
	19	56	12	89	88	29	94	30	61	49	90	78
	61	21	84	32	95	27	28	35	88	38	67	75
	73	37	83	60	41	27	52	91	67	12	72	41
	39	15	21	40	28	48	35	27	22	13	21	12
	13	48	65	24	67	26	58	61	93	87	55	63
	95	52	41	34	30	32	32	80	96	97	73	88
	53	92	73	63	94	52	47	49	66	61	84	53
	48	38	34	62	34	65	90	36	37	33	41	90
	70	61	15	90	53	58	31	51	55	65	92	60
	79	52	74	79	68	13	28	58	93	45	66	32
	45	96	13	36	86	70	70	55	99	96	94	42
	34	94	62	78	34	21	81	81	78	14	80	26
	83	81	65	64	68	47	58	16	12	15	42	81
	24	46	27	21	89	78	56	70	13	24	94	28
	42	52	22	78	40	30	47	40	76	82	46	45
	24	51	85	92	42	12	10	80	55	36	58	31

	48	72	97	29	63	46	27	98	97	95	64	68
	40	26	18	24	29	68	76	83	62	78	18	65
	72	45	48	68	68	35	35	30	12	25	85	68
	14	78	52	38	30	32	92	53	49	83	89	93
	84	47	19	92	39	99	90	90	39	81	31	91
	90	46	54	17	67	78	29	51	18	21	89	96
	65	74	37	56	88	51	56	60	75	87	16	18
	13	84	28	53	68	97	34	32	41	32	48	39
	26	98	26	86	70	47	72	95	82	10	37	98
	35	86	80	32	80	81	42	66	89	79	20	53
	63	92	95	88	54	60	60	31	34	41	45	83
	77	95	58	64	68	88	66	90	95	45	24	28
	85	73	15	39	97	22	75	10	31	47	86	96
	10	12	83	33	20	63	14	56	58	24	12	84
	48	31	51	36	24	70	69	79	37	75	31	62
	22	49	40	16	73	70	63	52	75	56	19	73
	83	30	98	86	76	54	57	57	43	64	85	64
	92	20	98	76	12	72	68	56	90	87	93	74
	35	37	89	30	10	38	99	73	72	36	22	37
	30	63	34	50	48	57	51	40	84	16	87	87
	37	63	81	56	70	21	80	43	85	60	87	23
	34	86	81	44	19	44	23	16	87	78	65	21
	36	59	63	97	35	98	73	76	30	28	25	92
	36	55	51	54	48	79	74	82	77	53	74	39
	37	92	36	44	66	61	64	25	65	29	35	19
	89	90	49	88	34	96	89	99	75	21	99	53
	27	14	54	28	60	67	50	32	72	69	65	20
	95	86	85	78	61	48	88	92	20	31	70	94
	22	23	35	25	13	60	34	76	58	30	30	85
	13	27	87	95	32	53	43	67	40	83	50	47

	63	13	69	81	31	76	12	46	78	33	23	58
	66	60	78	20	50	21	32	96	25	17	100	56
	30	48	66	90	31	60	51	96	47	70	90	29
	52	74	83	38	74	69	86	56	77	24	49	55
	25	95	79	18	56	21	42	75	23	90	26	81
	19	68	42	84	35	82	98	97	50	59	83	44
	75	50	92	87	27	96	97	75	18	13	79	89
	25	27	41	81	92	32	79	77	82	18	85	55
	54	20	98	58	83	49	57	36	57	71	85	90
	34	74	22	71	90	81	14	15	17	58	16	34
	42	59	44	63	28	60	95	43	27	14	33	78
	27	41	45	33	95	69	14	94	18	14	60	71
	91	91	59	78	64	49	37	32	88	58	97	65
	99	72	39	67	38	68	56	73	42	37	61	87
	27	71	33	19	100	65	60	22	79	83	10	19
	33	11	75	82	44	100	42	94	87	93	83	63
	94	69	96	93	66	85	71	20	51	86	92	29
	40	36	46	45	38	45	77	89	85	45	52	74
	61	27	42	23	79	35	30	25	71	85	82	79
	58	77	99	79	77	36	13	12	43	85	76	89
	74	94	81	70	66	14	82	41	33	69	26	15
	67	67	47	68	62	61	96	20	81	18	83	89
	94	53	31	75	64	64	30	54	84	41	26	20
	100	47	26	92	28	32	22	93	23	21	65	72
	13	68	12	30	45	44	13	69	20	95	96	70
	26	67	58	28	91	65	63	47	28	77	50	87
	97	45	52	70	89	80	97	61	17	47	50	96
	16	24	19	52	20	23	15	38	72	97	55	97
	47	54	25	24	44	33	43	62	24	63	61	62
	66	56	41	73	93	14	17	22	97	68	12	30

	48	62	58	50	17	25	58	86	29	53	65	40
	90	51	42	44	88	29	39	19	15	33	47	43
	70	24	83	30	58	82	88	90	25	31	64	73
	93	23	42	42	94	12	55	67	84	80	53	65
	42	58	83	96	58	46	91	78	42	68	61	35
	75	54	36	43	55	30	94	31	92	28	91	24
	65	100	93	97	86	50	75	28	13	94	28	54
	31	52	31	27	32	78	59	12	45	15	48	54
	23	66	28	75	58	37	55	89	60	42	35	35
	25	62	48	33	70	57	88	34	56	14	35	68
	34	48	67	41	96	10	14	44	30	74	88	62
	22	72	41	34	58	22	45	58	91	59	20	14
	79	83	87	92	51	96	50	54	85	86	26	91
	41	99	92	11	42	35	27	49	17	68	20	62
	21	70	86	15	63	66	48	28	43	82	52	31
	85	72	96	56	86	40	91	16	24	18	42	13
	95	39	57	86	33	57	98	27	40	10	62	15
	98	82	45	24	92	29	31	60	22	17	50	25
	95	43	23	15	16	34	31	85	82	94	84	36
	86	20	76	55	61	68	75	44	18	95	94	83
	54	12	99	37	92	29	76	16	12	96	42	43
	54	20	97	85	91	49	51	42	30	20	33	13
	70	56	72	63	53	23	64	57	35	32	43	87
	51	68	94	78	99	30	78	49	58	87	99	18
	59	79	26	35	34	11	27	86	43	20	54	29
	85	37	62	32	33	94	42	72	64	80	74	72
	82	27	38	57	23	61	35	17	65	25	54	62
	81	16	89	22	91	14	45	37	73	13	91	11
	20	52	36	70	85	61	87	58	73	94	11	94
	55	70	40	82	25	12	16	21	39	71	58	21

	90	70	70	29	63	79	11	64	53	14	95	71
	70	52	20	66	76	88	32	41	78	73	28	16
	36	16	66	33	11	89	71	28	55	18	81	70
	31	21	51	56	45	54	96	49	33	61	31	76
	57	40	62	60	87	31	93	17	21	73	92	43
	94	23	87	37	83	43	71	98	22	53	89	19
	96	33	54	68	28	12	35	19	35	50	75	37
	83	29	18	33	30	75	97	60	59	56	58	56
	53	94	40	68	43	91	39	18	40	71	20	37
	75	78	24	68	14	25	72	57	13	40	80	34
	24	26	73	65	46	80	37	98	61	42	73	19
	67	30	70	28	92	57	99	38	98	43	54	56
	30	68	41	71	15	89	67	46	32	54	65	34
	23	23	37	12	79	33	72	81	58	45	47	25
	79	77	32	39	69	41	66	83	42	81	12	54
	50	69	33	18	77	90	87	65	78	95	92	58
	74	59	64	45	19	20	68	85	43	58	68	85
	89	47	95	63	19	20	64	79	93	32	82	76
	17	15	57	91	11	78	71	60	68	87	69	47
	68	76	40	70	55	55	51	61	35	36	53	23
	56	81	66	68	88	54	88	81	52	99	24	50
	31	69	57	32	39	34	87	97	76	35	79	50
	58	39	72	11	42	62	66	55	60	14	83	96
	91	31	69	16	77	26	56	91	32	84	22	94
	21	33	18	80	60	91	40	26	82	47	45	39
	16	95	37	24	90	71	81	92	87	38	35	39
	48	98	67	73	66	33	74	58	51	93	48	55
	45	51	59	35	37	99	43	46	75	59	28	17
	84	93	11	98	95	84	46	12	12	36	17	80
	27	95	84	25	43	46	80	31	51	43	29	16

	74	39	19	30	18	73	41	10	67	58	12	17
	24	58	22	54	68	46	55	62	73	15	71	13
	54	66	70	38	94	74	12	47	57	35	85	54
	72	87	95	92	15	18	89	99	93	74	23	23
	82	26	42	31	91	59	53	60	18	33	44	42
	33	71	28	73	59	16	13	47	53	72	46	78
	14	66	91	98	17	16	12	20	53	50	11	18
	68	96	25	80	61	91	33	57	71	15	64	11
	58	36	10	88	69	65	69	59	81	49	65	77
	98	98	91	14	55	67	98	44	56	51	38	93
	97	58	39	19	13	28	89	61	31	27	86	73
	83	44	76	54	97	22	99	63	95	13	41	24
	13	69	50	30	47	25	41	43	100	35	18	32
	82	19	12	48	54	23	57	43	29	18	60	65
	37	14	88	81	95	74	51	63	54	19	14	85
	70	70	95	72	15	37	72	12	45	77	19	48
	79	56	43	75	55	35	99	49	32	78	76	36
	53	48	32	93	59	61	92	13	25	86	77	20
	71	12	26	74	73	77	30	42	81	62	68	28
	52	48	25	11	15	91	67	62	80	73	35	14
	54	43	96	93	92	91	35	19	25	66	23	41
	90	27	86	51	61	88	55	17	30	60	15	27
	15	42	47	91	28	76	56	26	83	42	42	90
	71	74	23	30	52	74	60	51	51	81	32	14
	55	69	20	24	56	32	32	15	20	53	25	66
	94	15	50	30	98	24	44	83	18	38	49	39
	37	36	85	25	52	28	30	54	92	76	19	57
	39	76	13	82	46	72	99	93	87	64	52	40
	61	53	45	60	77	77	52	89	63	97	29	49
	28	68	25	45	75	47	22	75	80	44	73	64

	53	46	89	72	80	90	55	70	62	85	21	70
	80	20	68	68	14	46	37	65	84	83	33	14
	43	86	92	17	29	39	20	98	51	98	14	71
	82	57	90	61	96	45	31	44	61	86	75	55
	19	14	96	30	59	95	99	20	14	54	30	35
	56	49	53	32	62	25	33	94	11	97	50	79
	53	18	15	83	71	35	25	66	99	16	42	99
	84	25	90	62	22	93	51	32	78	52	51	33
	97	64	72	49	47	52	92	13	85	20	67	50
	25	51	90	84	28	60	41	23	98	28	60	93
	93	84	22	28	17	55	50	51	67	75	78	13
	15	41	59	95	88	54	11	89	11	25	24	29
	18	11	13	94	93	20	86	64	56	34	94	18
	76	66	24	18	75	80	51	63	56	55	96	97
	34	99	76	77	85	32	83	16	77	14	65	48
	34	55	50	71	17	34	78	17	53	84	44	76
	15	27	74	45	53	17	37	80	36	33	71	99
	93	23	68	95	23	38	53	60	60	86	58	85
	34	53	25	52	27	29	18	14	89	24	28	84
	78	58	62	87	92	32	11	37	50	77	22	20
	60	76	58	44	88	21	89	57	93	35	14	81
	71	48	79	80	88	51	32	33	44	84	40	31
	17	85	58	88	94	41	42	20	23	98	84	67
	60	68	99	46	15	12	52	22	88	34	89	10
	48	59	14	32	14	91	50	66	44	74	25	41
	98	13	26	70	90	20	41	57	40	28	69	16
	98	60	89	78	15	76	80	68	21	89	25	91
	81	54	38	75	79	62	76	14	35	28	71	86
	72	67	23	77	60	50	74	94	85	98	57	94
	65	19	74	30	60	56	31	61	93	12	27	77

