***** PARAMETERS PRP *****

Number of Customers = 30
Number of Products = 10
Number of Vehicles = 5
Number of Periods = 12

B = Production capacity
	50063

b_p = Time required to produce item p
 	1	1	1	1	1	1	1	1	1	1

c_p = Production cost of item p
 	30	80	80	30	30	30	30	30	80	30

s_p = Setup cost of item p
 	300	800	800	300	300	300	300	300	800	300

M = Big number
	200253

U_pi = Maximum inventory upper bound of item p at site i
 	200253	251	287	202	192	153	206	248	125	220	256	303	163	193	236	143	83	85	140	174	240	124	166	165	274	217	295	113	231	301	122
	200253	118	86	255	161	200	261	107	222	143	124	232	112	224	113	150	258	219	240	162	210	283	232	234	276	270	106	180	202	194	151
	200253	103	207	146	90	280	163	318	110	245	173	112	175	122	301	123	120	226	305	94	117	190	322	240	145	239	95	87	274	152	208
	200253	139	139	146	234	169	120	156	119	162	182	284	168	268	267	267	345	142	248	116	85	183	116	328	196	203	191	122	164	121	147
	200253	144	270	111	120	279	89	201	136	315	293	129	160	257	269	221	339	255	233	217	157	110	325	102	151	272	250	75	233	230	192
	200253	236	108	259	168	331	203	217	114	102	98	323	111	130	235	266	255	238	97	170	99	256	195	243	262	102	278	157	273	166	282
	200253	186	190	104	234	188	256	161	200	252	110	199	244	141	245	82	141	244	137	123	269	208	251	91	112	116	90	110	189	160	97
	200253	210	121	193	337	224	183	182	115	220	256	253	119	84	120	195	283	227	215	194	125	83	261	132	120	238	176	223	208	196	160
	200253	231	210	178	261	103	183	249	200	149	241	131	213	253	175	168	157	113	93	289	113	181	206	199	114	135	153	227	180	119	223
	200253	310	119	370	343	280	200	175	230	281	134	169	303	251	176	100	209	171	184	281	298	113	185	95	139	208	189	249	168	194	87

I_pi0 = Initial inventory of item p at site i
 	0	190	129	54	165	43	110	182	51	113	133	196	162	115	160	60	49	42	101	98	69	15	161	99	71	161	143	77	38	163	55
	0	82	55	99	29	150	212	38	104	90	47	41	79	124	16	89	152	13	239	147	168	228	173	214	180	238	35	164	76	179	104
	0	102	158	13	78	87	93	255	92	62	168	94	136	91	216	106	51	203	49	31	48	83	130	182	18	206	22	64	161	94	142
	0	83	134	87	43	80	83	97	31	88	123	219	156	121	190	174	217	83	93	89	52	116	104	275	196	167	190	95	14	38	85
	0	23	133	51	90	227	44	36	92	187	203	108	126	168	163	90	162	39	112	154	120	106	96	98	133	228	85	69	175	188	65
	0	97	91	248	134	264	186	34	39	48	68	56	80	37	230	30	205	217	87	80	78	126	99	223	182	81	47	104	82	93	259
	0	167	150	72	96	73	139	143	44	208	100	132	54	25	200	53	105	155	71	49	79	146	47	69	55	91	85	104	122	125	76
	0	57	53	137	46	38	89	113	74	147	178	189	98	52	96	126	145	47	171	140	96	70	101	72	69	176	131	25	122	163	100
	0	182	44	133	83	20	167	162	184	107	152	85	116	144	88	160	93	31	48	217	101	79	127	133	41	95	33	19	137	39	182
	0	144	96	186	252	19	193	169	208	137	93	38	22	193	92	99	51	129	178	84	225	66	98	70	92	106	115	225	143	44	61

h_pi = Inventory cost of item p at site i
 	3	9	3	3	8	9	9	2	5	4	5	5	5	3	2	6	6	4	1	8	1	4	2	5	5	2	8	6	3	1	2
	8	7	5	9	7	6	3	7	4	2	2	4	5	3	6	5	2	1	3	6	1	2	3	5	6	9	7	5	7	9	2
	8	6	3	8	1	8	7	1	7	1	2	1	9	3	9	7	6	5	9	5	4	7	9	2	6	6	4	2	2	2	6
	3	6	1	5	8	6	7	2	7	6	3	8	6	8	6	3	5	1	8	5	6	4	8	9	1	5	7	3	5	1	8
	3	6	8	7	3	6	7	8	3	4	3	5	3	5	7	2	7	9	5	4	5	1	7	7	2	4	7	4	4	2	5
	3	6	5	6	9	3	5	3	7	2	6	1	8	9	1	2	8	2	3	6	1	2	9	5	1	5	4	5	6	3	6
	3	6	2	7	3	9	7	5	5	4	9	3	1	9	3	6	3	9	7	7	7	4	5	7	9	5	9	6	3	4	8
	3	5	9	9	7	3	6	3	8	1	8	8	5	3	7	8	1	9	1	8	2	7	6	7	1	2	4	7	1	6	3
	8	4	7	4	5	4	4	9	8	7	9	3	3	1	3	4	7	8	7	4	4	8	2	4	9	2	9	4	1	4	1
	3	4	6	3	1	2	8	3	9	8	9	6	6	8	3	9	2	6	7	3	2	7	4	9	9	6	4	1	6	3	8

C = Vehicle capacity
	3700

f = Fixed transportation cost
	162285

a_ik = Transportation cost for traveling from node i to node k
 	0	985	1250	1065	1800	2300	2065	3350	2715	965	600	3160	300	2530	3780	2575	2050	3380	4765	450	2615	1150	1135	3355	1955	2665	2550	4060	2085	885	4640
	985	0	420	2035	1185	1815	1755	3185	2745	1230	1100	2605	1115	2610	3275	2340	1265	3175	4295	1430	2405	490	505	2810	1320	2645	1960	3945	1640	1100	4360
	1250	420	0	2235	775	1415	1395	2825	2455	1160	1160	2195	1290	2335	2865	1985	860	2810	3885	1685	2050	855	230	2395	905	2340	1545	3590	1250	1040	3970
	1065	2035	2235	0	2610	2950	2610	3600	2835	1415	1150	3785	945	2625	4330	2975	2935	3665	5235	655	2990	2205	2070	3960	2760	2850	3255	4205	2735	1440	4925
	1800	1185	775	2610	0	650	740	2125	1895	1250	1465	1430	1730	1825	2100	1295	410	2090	3115	2190	1370	1625	725	1630	160	1750	790	2890	515	1190	3215
	2300	1815	1415	2950	650	0	415	1515	1450	1535	1850	860	2165	1450	1495	740	840	1470	2500	2640	815	2270	1335	1055	555	1290	345	2275	220	1530	2565
	2065	1755	1395	2610	740	415	0	1435	1160	1210	1555	1180	1890	1115	1740	590	1070	1425	2705	2360	660	2230	1250	1355	730	1015	755	2200	290	1230	2630
	3350	3185	2825	3600	2125	1515	1435	0	815	2400	2775	1345	3120	1020	1265	845	2355	125	1785	3550	780	3665	2680	1325	2060	760	1630	770	1610	2470	1325
	2715	2745	2455	2835	1895	1450	1160	815	0	1755	2120	1730	2455	215	1920	755	2230	905	2585	2850	690	3230	2270	1800	1890	170	1710	1380	1430	1850	2110
	965	1230	1160	1415	1250	1535	1210	2400	1755	0	380	2375	725	1575	2945	1650	1620	2430	3890	1170	1685	1660	935	2560	1385	1705	1845	3100	1320	135	3700
	600	1100	1160	1150	1465	1850	1555	2775	2120	380	0	2700	350	1935	3290	2020	1795	2805	4250	805	2055	1460	965	2890	1615	2075	2140	3475	1630	330	4075
	3160	2605	2195	3785	1430	860	1180	1345	1730	2375	2700	0	3020	1830	680	1035	1430	1240	1700	3495	1075	3030	2150	205	1290	1570	650	1960	1080	2380	1965
	300	1115	1290	945	1730	2165	1890	3120	2455	725	350	3020	0	2265	3625	2365	2020	3150	4590	475	2405	1370	1130	3215	1880	2415	2440	3815	1945	670	4420
	2530	2610	2335	2625	1825	1450	1115	1020	215	1575	1935	1830	2265	0	2075	810	2180	1105	2775	2650	760	3090	2140	1915	1840	290	1735	1590	1395	1675	2320
	3780	3275	2865	4330	2100	1495	1740	1265	1920	2945	3290	680	3625	2075	0	1395	2105	1145	1025	4095	1405	3705	2810	485	1965	1790	1325	1635	1705	2965	1395
	2575	2340	1985	2975	1295	740	590	845	755	1650	2020	1035	2365	810	1395	0	1570	835	2265	2820	80	2820	1840	1145	1250	585	965	1610	785	1700	2075
	2050	1265	860	2935	410	840	1070	2355	2230	1620	1795	1430	2020	2180	2105	1570	0	2305	3120	2465	1645	1630	920	1625	345	2075	805	3105	800	1545	3335
	3380	3175	2810	3665	2090	1470	1425	125	905	2430	2805	1240	3150	1105	1145	835	2305	0	1680	3590	780	3650	2670	1210	2020	835	1560	805	1580	2500	1275
	4765	4295	3885	5235	3115	2500	2705	1785	2585	3890	4250	1700	4590	2775	1025	2265	3120	1680	0	5055	2250	4725	3825	1500	2985	2495	2345	1690	2705	3925	945
	450	1430	1685	655	2190	2640	2360	3550	2850	1170	805	3495	475	2650	4095	2820	2465	3590	5055	0	2850	1555	1560	3685	2345	2830	2915	4225	2420	1135	4860
	2615	2405	2050	2990	1370	815	660	780	690	1685	2055	1075	2405	760	1405	80	1645	780	2250	2850	0	2885	1900	1175	1325	525	1035	1545	860	1740	2030
	1150	490	855	2205	1625	2270	2230	3665	3230	1660	1460	3030	1370	3090	3705	2820	1630	3650	4725	1555	2885	0	985	3230	1745	3130	2385	4425	2100	1530	4825
	1135	505	230	2070	725	1335	1250	2680	2270	935	965	2150	1130	2140	2810	1840	920	2670	3825	1560	1900	985	0	2350	875	2160	1510	3445	1145	820	3865
	3355	2810	2395	3960	1630	1055	1355	1325	1800	2560	2890	205	3215	1915	485	1145	1625	1210	1500	3685	1175	3230	2350	0	1495	1645	850	1875	1270	2565	1810
	1955	1320	905	2760	160	555	730	2060	1890	1385	1615	1290	1880	1840	1965	1250	345	2020	2985	2345	1325	1745	875	1495	0	1740	645	2820	470	1330	3110
	2665	2645	2340	2850	1750	1290	1015	760	170	1705	2075	1570	2415	290	1790	585	2075	835	2495	2830	525	3130	2160	1645	1740	0	1545	1400	1280	1795	2075
	2550	1960	1545	3255	790	345	755	1630	1710	1845	2140	650	2440	1735	1325	965	805	1560	2345	2915	1035	2385	1510	850	645	1545	0	2355	535	1825	2530
	4060	3945	3590	4205	2890	2275	2200	770	1380	3100	3475	1960	3815	1590	1635	1610	3105	805	1690	4225	1545	4425	3445	1875	2820	1400	2355	0	2375	3185	880
	2085	1640	1250	2735	515	220	290	1610	1430	1320	1630	1080	1945	1395	1705	785	800	1580	2705	2420	860	2100	1145	1270	470	1280	535	2375	0	1310	2725
	885	1100	1040	1440	1190	1530	1230	2470	1850	135	330	2380	670	1675	2965	1700	1545	2500	3925	1135	1740	1530	820	2565	1330	1795	1825	3185	1310	0	3765
	4640	4360	3970	4925	3215	2565	2630	1325	2110	3700	4075	1965	4420	2320	1395	2075	3335	1275	945	4860	2030	4825	3865	1810	3110	2075	2530	880	2725	3765	0

coordXY = Coordinates (x,y): line zero => x line one => y column => customers
 	273	89	75	484	82	113	191	300	385	303	304	44	310	396	53	236	1	276	54	354	248	44	118	39	65	352	51	369	135	281	242
	958	889	807	985	653	527	554	289	427	768	843	370	912	468	235	445	652	283	31	996	436	975	793	330	627	431	499	152	565	782	31

d_pit = Demand of item p at customer i in period t
 	74	49	67	34	58	46	62	93	66	44	93	66
	74	55	18	95	55	93	74	44	28	66	24	62
	54	28	71	83	25	86	97	42	65	63	99	93
	51	32	34	48	97	63	67	14	58	77	22	13
	43	64	73	62	60	52	27	20	12	58	98	42
	69	41	20	94	25	10	36	58	99	31	81	54
	37	74	52	19	94	98	48	28	67	29	13	36
	51	83	31	94	87	25	76	52	71	41	86	55
	43	70	69	50	13	12	38	28	62	53	71	18
	73	60	44	12	82	13	27	86	12	89	69	47
	15	74	61	46	19	77	50	97	64	65	84	75
	15	79	68	49	28	85	33	23	37	69	96	70
	29	31	25	30	93	10	28	58	32	84	99	60
	25	74	61	19	89	48	35	85	53	17	20	41
	60	40	50	73	59	14	76	30	89	11	34	37
	49	21	53	16	78	17	46	59	77	16	13	53
	30	12	67	48	30	27	60	21	78	69	50	20
	55	11	35	34	59	12	20	37	68	67	69	91
	11	31	56	48	90	92	85	67	51	73	40	52
	69	46	69	12	72	56	42	59	70	70	81	75
	15	100	94	57	93	47	43	73	23	72	89	37
	68	53	40	63	15	43	56	63	64	77	58	65
	29	70	47	29	47	45	96	85	89	68	16	38
	71	19	89	82	90	26	80	16	18	31	85	51
	49	15	27	70	78	91	56	31	76	36	49	73
	62	63	18	62	95	82	81	36	38	75	62	35
	77	75	35	50	66	34	33	49	41	79	67	71
	38	46	28	84	94	60	62	74	54	73	55	25
	78	85	37	85	52	48	67	46	41	85	62	37
	55	91	25	97	63	44	13	83	76	12	81	89

	82	51	32	90	15	43	17	92	71	34	99	79
	55	58	91	29	17	11	66	23	67	57	14	30
	99	12	46	83	96	53	65	74	87	91	43	16
	29	13	31	33	55	70	13	45	31	91	23	48
	11	46	93	95	69	77	77	79	59	59	75	60
	71	44	97	98	77	12	83	63	63	61	96	18
	38	87	19	69	91	45	53	61	11	80	66	21
	26	78	31	54	93	35	43	95	98	40	27	46
	90	82	20	14	48	41	31	44	59	29	46	68
	47	78	10	39	21	80	92	91	43	91	69	84
	23	18	77	94	29	51	92	83	65	86	52	25
	79	48	67	89	35	44	10	39	83	67	80	28
	29	36	59	81	75	63	55	26	57	67	26	98
	16	98	69	42	38	59	93	95	83	18	28	38
	89	24	38	55	13	86	11	46	87	30	75	46
	20	45	22	65	91	88	19	59	95	31	69	14
	13	39	86	19	71	58	63	64	79	66	88	11
	87	99	53	94	54	50	24	51	17	45	62	84
	14	84	49	10	61	80	90	55	28	35	68	73
	32	91	45	53	54	58	44	35	25	31	26	10
	80	100	48	18	46	84	49	36	45	70	30	73
	85	88	47	94	66	10	75	19	42	53	83	35
	18	98	98	96	45	37	41	69	34	58	62	47
	86	94	28	76	98	92	63	41	93	18	89	49
	80	68	74	16	31	30	55	15	69	35	82	93
	35	90	59	68	34	14	96	31	32	16	76	85
	68	96	87	61	67	40	47	51	42	34	94	31
	22	54	73	84	25	23	72	58	87	21	26	60
	97	82	35	25	81	15	99	21	55	88	94	83
	12	92	64	59	93	49	19	77	37	10	64	27

	55	10	37	15	70	44	21	28	88	63	100	86
	58	87	13	28	62	47	99	43	32	15	87	49
	13	100	37	24	17	20	97	23	87	77	39	50
	33	45	73	31	44	24	89	58	31	41	38	30
	87	37	45	81	68	59	94	26	51	32	28	63
	46	36	11	21	34	59	13	32	89	52	85	12
	77	90	88	86	46	54	19	56	44	73	79	52
	25	67	80	79	70	28	56	26	45	87	58	41
	50	12	15	89	56	19	53	85	21	83	22	84
	58	75	35	59	79	15	56	51	88	32	61	81
	68	26	76	73	39	96	31	42	84	70	49	16
	16	79	41	21	15	80	52	30	75	53	40	23
	91	15	42	64	90	47	99	57	87	71	16	54
	82	85	49	88	95	51	87	66	90	95	81	33
	12	94	82	11	46	25	62	94	87	93	40	89
	51	91	90	20	59	47	70	67	22	36	87	82
	98	77	28	40	52	51	14	39	45	48	22	28
	49	26	71	97	20	96	91	99	37	28	97	22
	31	73	21	39	12	51	80	67	63	50	41	34
	48	99	63	37	57	39	61	86	42	41	46	80
	11	33	39	29	33	69	93	36	51	96	22	59
	55	75	47	95	99	44	24	27	77	91	91	47
	24	92	66	43	99	53	61	50	52	81	44	54
	18	92	76	55	84	67	53	12	18	14	60	31
	31	96	79	40	34	35	41	80	17	14	92	15
	22	35	42	23	88	67	31	83	68	63	30	16
	34	30	34	38	27	47	44	99	88	16	23	39
	47	34	45	35	98	95	93	89	76	49	80	81
	39	55	61	80	24	29	85	31	57	66	45	36
	83	59	67	12	72	26	85	49	25	61	11	73

	64	19	19	53	17	98	45	98	20	57	14	51
	91	43	78	92	93	76	29	77	47	95	99	12
	87	85	99	16	35	35	46	20	20	54	30	58
	43	94	42	25	41	32	91	55	12	25	26	75
	48	32	61	39	23	19	67	43	29	26	70	50
	83	92	90	53	82	15	99	30	58	21	68	26
	97	95	89	50	67	91	88	28	83	78	96	72
	31	99	27	27	84	95	41	66	82	79	22	58
	88	46	84	13	33	41	60	82	93	16	45	45
	28	95	97	40	35	20	12	94	69	81	83	74
	87	60	72	69	35	43	59	98	70	77	100	83
	36	72	48	84	63	20	89	80	24	98	18	40
	24	97	32	30	13	94	59	83	66	57	66	22
	56	45	11	78	99	23	99	14	95	27	71	23
	59	57	58	55	71	45	64	62	91	66	97	76
	86	32	99	82	92	20	59	90	49	65	77	78
	83	92	10	44	95	69	13	37	50	18	21	36
	93	97	25	95	48	20	58	81	85	59	22	60
	60	29	92	93	49	36	63	73	17	43	91	48
	52	82	14	16	34	43	30	35	32	80	62	32
	58	58	81	37	67	37	52	81	36	54	98	74
	37	67	39	30	93	82	30	80	43	64	79	52
	75	53	59	88	94	48	86	13	77	68	84	43
	79	69	48	66	79	82	88	64	52	73	50	33
	99	68	61	39	84	94	87	95	12	25	68	81
	95	45	50	60	34	71	89	36	75	69	93	48
	95	85	81	61	56	43	17	74	22	95	24	78
	14	46	76	82	79	12	83	56	20	81	90	18
	38	47	66	65	51	79	34	87	65	96	66	29
	85	70	21	38	32	16	72	45	43	53	22	91

	23	12	28	83	51	30	64	41	56	59	61	68
	10	60	36	27	33	51	71	94	73	42	76	76
	51	70	50	22	56	88	84	62	49	36	34	63
	79	11	91	37	81	34	85	13	48	78	73	92
	20	84	73	50	49	69	98	100	50	92	64	89
	25	19	64	89	70	24	46	14	56	63	40	26
	36	14	16	76	98	48	74	54	54	53	27	52
	92	46	82	17	24	89	85	94	79	48	61	98
	62	42	83	94	93	30	33	73	73	79	72	21
	56	55	92	51	40	69	91	76	35	31	24	83
	68	40	25	88	55	89	64	88	83	66	77	31
	39	87	65	61	76	15	39	52	24	56	47	78
	20	56	66	26	97	31	54	100	29	67	14	57
	70	74	19	38	43	47	84	99	81	45	12	34
	90	84	61	58	31	60	25	33	82	60	30	50
	90	72	48	81	82	98	71	40	25	96	99	11
	39	94	73	42	96	12	16	13	52	23	94	58
	51	61	67	67	35	36	93	62	95	24	69	39
	68	86	69	83	40	38	98	19	77	49	13	11
	23	97	88	24	86	39	12	32	35	81	67	44
	90	16	81	11	76	78	24	66	24	71	79	44
	96	32	15	81	94	75	58	75	75	46	89	45
	98	30	17	52	68	55	55	24	30	38	62	84
	58	75	66	71	12	90	18	44	62	43	28	38
	85	90	53	29	75	62	95	83	25	86	64	70
	85	14	44	41	33	86	74	22	60	29	24	88
	69	14	40	42	14	13	49	24	77	45	33	29
	70	37	68	80	17	25	46	89	72	11	96	87
	67	60	61	91	49	41	26	62	79	39	49	67
	35	30	12	51	38	37	43	89	71	65	82	24

	97	31	79	88	100	82	30	33	32	37	11	88
	91	58	68	16	39	29	46	14	42	69	99	74
	68	82	57	41	87	70	41	89	33	55	95	60
	28	36	70	98	18	15	28	79	83	100	49	66
	66	54	45	99	81	22	90	77	86	98	13	63
	91	95	38	72	32	42	86	70	32	87	68	98
	34	37	60	85	44	64	19	92	75	48	16	78
	14	25	77	87	71	88	57	56	92	72	28	19
	22	14	12	69	85	65	94	59	49	68	18	55
	68	87	76	68	14	29	26	10	44	87	42	37
	56	70	80	38	57	60	58	73	38	70	89	86
	80	92	73	39	30	79	92	43	28	37	28	47
	37	75	46	61	86	97	78	95	56	37	93	17
	36	60	66	68	86	61	23	87	73	16	61	68
	30	58	12	51	27	97	60	87	64	47	49	56
	64	42	99	33	22	24	84	65	32	30	71	47
	30	92	61	34	96	39	97	21	93	45	38	68
	56	31	75	13	87	62	41	46	53	55	16	49
	80	25	76	60	81	12	17	80	49	53	92	55
	78	22	83	50	20	11	88	49	40	88	50	12
	45	81	22	86	76	49	34	93	79	99	28	77
	80	19	97	20	22	80	23	12	70	69	42	52
	49	30	54	90	82	38	50	88	89	63	64	32
	19	86	62	15	58	65	31	80	92	20	12	88
	35	46	95	76	29	49	36	53	32	19	54	86
	13	34	90	65	49	53	50	92	22	47	53	99
	17	17	70	90	34	53	60	40	77	60	41	67
	82	49	21	83	64	46	70	51	41	52	15	80
	12	19	62	34	71	50	95	94	68	56	89	14
	33	78	81	67	54	94	79	75	95	35	85	71

	71	27	69	85	74	76	33	93	19	74	75	48
	73	77	68	64	75	45	65	33	69	43	49	100
	72	80	29	26	64	75	73	26	38	77	45	16
	61	35	15	61	52	89	34	97	43	74	57	84
	26	18	29	32	98	52	55	33	40	30	74	78
	92	47	50	68	83	73	94	50	71	35	70	36
	53	50	40	10	34	75	49	62	80	64	96	31
	19	25	42	64	94	88	18	49	17	85	66	32
	13	50	53	92	53	67	71	21	41	76	23	45
	100	75	32	24	85	64	77	17	21	96	11	60
	64	68	88	45	60	66	28	76	76	78	65	82
	54	17	94	27	85	13	64	42	97	19	12	62
	25	74	12	63	49	41	73	37	30	87	56	16
	50	98	52	61	20	75	91	84	18	46	79	62
	21	32	21	30	46	84	59	37	39	10	91	24
	19	86	75	21	15	55	92	71	26	50	22	30
	70	85	63	33	49	18	48	52	97	91	75	50
	71	79	14	26	12	80	59	62	52	17	49	25
	49	94	17	80	52	89	74	74	33	51	74	50
	79	16	74	53	15	41	44	95	87	42	31	68
	84	62	88	26	13	35	64	54	83	65	18	32
	47	75	23	53	46	47	37	57	86	77	10	45
	69	27	66	65	51	45	55	21	21	54	50	22
	55	91	97	34	11	30	43	48	96	52	70	45
	91	90	95	43	72	43	41	93	57	12	42	15
	55	30	50	80	39	65	63	18	29	63	11	38
	77	10	17	56	60	45	93	20	67	65	63	86
	62	60	96	93	12	45	95	77	86	16	66	48
	36	89	86	10	71	43	17	85	43	41	89	31
	17	59	43	68	66	29	56	35	32	13	87	74

	57	96	62	25	72	67	57	71	15	13	62	32
	53	99	66	50	92	62	90	80	11	11	87	23
	47	90	69	26	46	82	85	79	99	11	87	51
	46	10	84	56	81	96	92	93	44	74	84	49
	38	20	90	93	85	46	56	100	61	36	21	25
	48	41	68	58	98	25	65	24	54	75	92	83
	94	19	88	58	67	25	42	30	95	76	83	51
	74	58	91	22	60	70	95	36	43	29	47	65
	68	35	13	31	100	25	62	49	77	42	80	79
	68	58	52	23	46	28	47	87	48	55	39	64
	83	35	25	46	29	86	39	18	31	73	98	44
	98	26	18	39	92	11	94	63	84	99	35	54
	52	16	35	26	54	87	57	42	13	11	14	97
	35	61	61	31	69	75	60	59	38	92	41	99
	59	14	53	70	66	43	40	71	46	79	14	30
	69	22	54	44	83	37	68	98	14	97	58	36
	47	34	10	78	77	95	52	26	46	65	61	90
	99	21	51	85	52	97	83	96	56	61	65	95
	45	33	62	26	14	45	29	70	73	88	78	18
	26	70	52	87	33	90	82	33	91	50	78	57
	70	22	93	25	46	17	14	31	82	17	16	63
	25	76	92	41	84	89	81	100	31	88	36	41
	72	10	83	95	33	77	96	76	79	41	90	42
	69	58	40	17	22	72	26	25	18	62	25	46
	85	91	29	87	11	64	14	83	100	45	31	75
	96	35	96	24	60	49	66	95	94	31	36	22
	25	66	44	85	15	43	96	99	46	59	17	73
	26	39	57	93	43	32	84	51	37	21	69	71
	43	31	89	68	96	65	20	19	23	27	38	70
	82	18	18	49	95	39	60	41	30	31	92	83

	44	38	87	13	59	40	99	23	85	34	11	21
	44	36	75	40	90	87	83	43	85	97	96	65
	15	91	27	60	10	91	84	36	70	96	84	49
	83	42	31	43	90	53	93	95	98	33	51	71
	20	90	29	13	90	63	45	60	20	61	55	72
	62	21	54	30	91	40	34	16	23	74	63	42
	16	43	32	71	17	45	89	54	96	35	86	14
	70	24	90	45	23	89	88	49	30	15	41	37
	95	12	99	47	90	95	99	85	97	41	88	44
	30	28	94	100	90	86	85	46	83	17	17	47
	12	73	65	86	74	58	73	94	42	74	50	82
	37	79	23	13	15	33	63	27	17	82	37	85
	75	69	19	18	25	78	41	54	83	41	36	67
	88	78	78	48	14	32	43	61	46	56	87	67
	69	33	24	34	62	22	14	89	96	70	71	88
	28	65	80	72	48	16	39	74	45	16	90	54
	31	93	74	45	18	82	60	15	29	88	45	98
	48	56	48	37	42	66	29	29	83	48	45	26
	52	79	86	97	88	23	16	89	72	97	78	89
	51	50	26	97	85	42	75	32	69	37	20	94
	79	28	79	63	31	88	56	36	50	95	80	38
	15	39	73	39	22	40	61	47	53	71	23	11
	100	33	92	34	69	96	53	78	30	44	82	86
	41	37	56	100	20	90	25	95	51	28	60	81
	95	76	66	35	79	58	77	86	66	32	95	46
	33	29	32	79	30	23	55	100	16	88	73	52
	19	27	80	93	20	60	13	86	24	88	72	98
	79	58	64	43	36	29	39	41	27	66	43	14
	39	40	36	28	25	75	58	95	84	43	95	93
	65	46	71	46	63	99	13	86	15	67	63	34

	81	63	54	56	77	34	25	16	100	80	64	94
	28	68	12	96	65	91	69	35	48	42	91	66
	40	68	78	90	98	43	85	72	85	94	59	75
	72	78	69	33	69	77	91	56	78	83	52	64
	19	46	89	34	48	39	99	24	54	73	56	91
	54	39	100	41	21	80	32	20	51	50	27	84
	12	58	99	81	95	86	40	29	88	16	26	70
	71	35	43	59	12	67	44	82	34	78	91	73
	64	73	27	35	58	97	43	82	70	46	56	23
	19	22	52	34	37	49	60	56	56	46	13	92
	16	11	11	31	16	62	38	55	92	67	34	73
	22	92	19	48	86	73	76	73	81	45	59	53
	81	34	56	22	81	53	47	95	37	38	14	45
	39	53	96	57	30	53	48	47	24	91	100	66
	64	35	61	79	14	48	76	26	15	84	46	53
	51	53	32	14	71	91	78	26	11	46	91	62
	32	97	64	89	36	75	12	89	15	19	89	67
	84	29	65	98	82	34	14	65	40	49	92	83
	44	40	96	54	79	26	16	79	49	69	94	29
	56	92	40	37	98	25	99	54	77	26	45	65
	66	47	58	56	25	59	88	70	10	87	25	86
	30	53	15	11	58	40	33	57	69	50	46	92
	70	70	50	68	19	81	40	18	23	71	42	19
	92	59	51	90	13	27	10	32	64	11	29	78
	43	63	81	66	49	74	47	33	95	41	18	14
	14	38	48	15	44	36	74	59	36	39	87	76
	54	57	83	31	66	89	91	11	84	68	19	93
	59	84	86	25	60	27	35	95	20	91	39	52
	44	72	19	81	63	82	40	90	96	84	66	37
	61	40	21	64	19	46	42	62	18	12	46	89

