***** PARAMETERS PRP *****

Number of Customers = 30
Number of Products = 10
Number of Vehicles = 5
Number of Periods = 12

B = Production capacity
	49676

b_p = Time required to produce item p
 	1	1	1	1	1	1	1	1	1	1

c_p = Production cost of item p
 	80	80	80	80	30	80	80	30	30	30

s_p = Setup cost of item p
 	800	800	800	800	300	800	800	300	300	300

M = Big number
	198704

U_pi = Maximum inventory upper bound of item p at site i
 	198704	158	225	249	204	225	307	249	156	189	321	217	188	98	188	287	238	355	248	110	205	268	187	194	126	238	236	171	277	109	292
	198704	122	226	273	234	222	243	291	111	179	303	104	116	264	113	133	98	173	111	153	270	266	94	106	128	156	180	267	193	239	167
	198704	166	219	111	153	135	82	196	311	218	124	197	127	296	235	118	170	83	241	113	112	147	160	203	100	211	273	186	86	124	134
	198704	256	295	229	139	261	251	121	110	232	105	250	216	150	253	105	116	290	165	106	107	207	151	121	181	272	164	247	172	237	161
	198704	253	293	239	220	224	113	166	100	118	222	156	208	286	145	114	109	160	125	241	223	126	220	139	101	237	278	133	157	152	298
	198704	269	259	103	320	270	101	255	128	298	109	292	178	165	306	309	175	273	91	106	115	228	91	192	222	206	200	281	156	268	228
	198704	246	168	158	322	302	260	214	142	134	133	151	253	96	160	184	348	343	88	115	257	128	202	216	196	267	162	235	169	238	213
	198704	245	250	170	105	269	181	284	175	136	202	103	158	98	191	106	97	186	304	194	172	125	161	119	249	314	122	187	299	103	153
	198704	224	181	100	101	107	236	93	182	295	199	290	226	103	169	332	321	193	338	297	298	120	103	179	256	228	160	193	138	267	140
	198704	182	258	259	117	102	177	78	141	110	197	165	189	228	290	90	317	343	158	135	104	197	112	152	135	141	250	210	137	214	155

I_pi0 = Initial inventory of item p at site i
 	0	110	163	105	149	43	93	11	84	120	150	114	180	72	165	45	34	158	222	18	62	75	59	155	17	235	60	133	121	63	188
	0	97	157	162	11	150	58	226	98	92	186	44	51	171	100	103	83	118	31	82	115	209	60	45	95	94	112	18	36	87	82
	0	144	12	29	124	102	41	115	247	26	71	178	71	174	154	65	135	13	67	86	112	113	142	40	66	150	72	17	44	72	97
	0	169	137	146	76	122	194	109	89	200	80	16	132	12	87	59	97	164	153	61	100	115	134	75	144	214	129	77	55	55	107
	0	67	230	233	130	162	61	136	28	106	172	148	105	237	126	53	72	72	85	137	18	98	95	95	88	50	220	30	139	29	168
	0	154	218	92	204	215	82	56	123	235	75	117	135	146	141	201	124	65	54	72	113	33	70	50	201	68	173	139	90	221	50
	0	221	89	56	76	62	97	173	102	69	92	100	236	13	104	95	302	255	80	91	61	21	156	189	91	148	42	170	137	35	88
	0	233	231	68	92	85	177	262	131	68	131	59	60	82	123	91	85	51	170	170	27	98	92	72	92	236	87	87	133	54	124
	0	102	108	37	71	81	164	33	151	138	194	156	192	60	56	211	184	98	281	154	149	92	76	120	169	192	111	131	76	122	86
	0	119	145	59	64	36	44	55	133	78	160	100	107	113	97	78	243	215	122	51	77	192	93	57	77	78	106	127	102	169	81

h_pi = Inventory cost of item p at site i
 	8	1	8	4	7	9	1	4	1	4	7	4	6	3	1	7	2	8	3	2	2	7	6	9	7	6	1	7	8	6	2
	8	3	2	6	8	6	7	8	8	8	7	4	5	7	8	3	3	1	6	8	9	7	6	3	3	6	7	7	3	3	2
	8	8	3	2	2	4	6	6	5	2	8	5	2	5	1	7	6	2	4	4	8	2	1	9	2	1	1	4	1	2	5
	8	6	7	6	4	8	5	7	8	6	5	4	6	5	9	2	9	1	4	7	2	1	7	8	2	6	6	4	9	4	4
	3	5	6	2	4	6	5	3	3	4	4	1	5	2	4	6	5	7	5	2	6	1	9	5	4	6	5	5	3	9	8
	8	3	8	5	7	9	1	4	1	1	2	3	4	1	8	6	1	7	6	3	4	2	9	2	2	7	6	5	4	7	3
	8	3	2	1	4	5	6	3	4	8	4	6	4	3	8	5	5	7	9	4	5	8	4	6	5	7	5	6	6	5	7
	3	6	3	5	1	7	6	7	4	1	5	6	3	6	6	9	9	5	5	8	8	7	9	7	3	2	4	8	5	1	2
	3	3	1	2	9	1	3	3	9	4	5	7	5	2	3	2	5	7	2	9	4	7	2	8	5	8	9	9	6	4	2
	3	3	3	8	2	8	7	9	4	3	9	4	3	4	2	1	9	7	5	2	5	6	6	7	9	1	9	5	3	1	9

C = Vehicle capacity
	3550

f = Fixed transportation cost
	154845

a_ik = Transportation cost for traveling from node i to node k
 	0	4225	1070	3795	3055	475	4385	1455	650	3965	4075	1400	325	1585	4545	3620	2655	370	1500	3190	1475	560	1135	4620	1755	1930	1730	2075	4185	1015	2695
	4225	0	3510	455	1180	4385	240	3270	4515	580	895	4060	4515	3750	425	635	1840	3865	4420	1140	3095	4205	3735	840	2600	2785	2515	2800	480	4565	2000
	1070	3510	0	3125	2345	1495	3705	390	1050	3370	3200	2100	1215	2115	3880	2960	1760	910	2330	2630	460	755	295	4050	1515	1935	1070	2120	3575	1985	2430
	3795	455	3125	0	785	3940	595	2905	4110	390	1020	3610	4090	3295	760	185	1530	3435	3970	685	2725	3800	3360	990	2150	2330	2100	2355	500	4115	1565
	3055	1180	2345	785	0	3240	1365	2125	3340	1075	1195	3035	3340	2755	1535	625	815	2700	3395	540	1945	3030	2580	1745	1510	1815	1340	1890	1255	3465	1255
	475	4385	1495	3940	3240	0	4525	1870	1060	4065	4320	1035	630	1290	4670	3760	2935	620	1065	3300	1860	1030	1595	4700	1815	1860	1965	1975	4290	540	2690
	4385	240	3705	595	1365	4525	0	3475	4700	555	1115	4160	4680	3835	190	770	2060	4025	4515	1245	3295	4390	3935	620	2725	2875	2690	2880	380	4690	2065
	1455	3270	390	2905	2125	1870	3475	0	1395	3185	2885	2400	1600	2375	3655	2750	1465	1270	2655	2475	205	1115	485	3860	1570	2040	985	2230	3375	2350	2410
	650	4515	1050	4110	3340	1060	4700	1395	0	4325	4245	2045	445	2230	4865	3940	2805	915	2120	3560	1505	310	940	4995	2225	2485	2015	2645	4535	1585	3185
	3965	580	3370	390	1075	4065	555	3185	4325	0	1365	3640	4270	3310	640	470	1865	3595	3995	775	2995	4020	3620	680	2255	2355	2320	2345	230	4195	1525
	4075	895	3200	1020	1195	4320	1115	2885	4245	1365	0	4215	4330	3945	1275	1085	1445	3745	4575	1515	2750	3940	3370	1730	2680	3010	2365	3080	1350	4605	2390
	1400	4060	2100	3610	3035	1035	4160	2400	2045	3640	4215	0	1645	360	4275	3430	3000	1260	365	2925	2305	1930	2305	4200	1535	1285	2030	1310	3865	725	2135
	325	4515	1215	4090	3340	630	4680	1600	445	4270	4330	1645	0	1865	4840	3910	2895	690	1690	3495	1655	530	1205	4925	2075	2250	2005	2395	4485	1140	3020
	1585	3750	2115	3295	2755	1290	3835	2375	2230	3310	3945	360	1865	0	3945	3125	2800	1370	695	2610	2255	2070	2355	3860	1290	970	1860	970	3530	1065	1795
	4545	425	3880	760	1535	4670	190	3655	4865	640	1275	4275	4840	3945	0	930	2245	4180	4630	1375	3475	4560	4110	485	2865	2990	2855	2985	425	4820	2165
	3620	635	2960	185	625	3760	770	2750	3940	470	1085	3430	3910	3125	930	0	1400	3255	3795	515	2565	3630	3200	1125	1970	2160	1930	2185	630	3935	1405
	2655	1840	1760	1530	815	2935	2060	1465	2805	1865	1445	3000	2895	2800	2245	1400	0	2340	3345	1315	1315	2500	1945	2520	1525	1985	1000	2125	2025	3275	1760
	370	3865	910	3435	2700	620	4025	1270	915	3595	3745	1260	690	1370	4180	3255	2340	0	1445	2825	1245	710	1070	4250	1385	1585	1390	1735	3815	1080	2330
	1500	4420	2330	3970	3395	1065	4515	2655	2120	3995	4575	365	1690	695	4630	3795	3345	1445	0	3285	2580	2050	2510	4550	1895	1645	2365	1660	4220	595	2485
	3190	1140	2630	685	540	3300	1245	2475	3560	775	1515	2925	3495	2610	1375	515	1315	2825	3285	0	2280	3255	2890	1435	1490	1645	1565	1670	995	3450	900
	1475	3095	460	2725	1945	1860	3295	205	1505	2995	2750	2305	1655	2255	3475	2565	1315	1245	2580	2280	0	1210	640	3670	1385	1865	780	2050	3190	2315	2210
	560	4205	755	3800	3030	1030	4390	1115	310	4020	3940	1930	530	2070	4560	3630	2500	710	2050	3255	1210	0	690	4690	1940	2230	1705	2400	4230	1565	2900
	1135	3735	295	3360	2580	1595	3935	485	940	3620	3370	2305	1205	2355	4110	3200	1945	1070	2510	2890	640	690	0	4300	1805	2220	1345	2405	3820	2115	2720
	4620	840	4050	990	1745	4700	620	3860	4995	680	1730	4200	4925	3860	485	1125	2520	4250	4550	1435	3670	4690	4300	0	2890	2930	2995	2895	500	4790	2070
	1755	2600	1515	2150	1510	1815	2725	1570	2225	2255	2680	1535	2075	1290	2865	1970	1525	1385	1895	1490	1385	1940	1805	2890	0	515	700	690	2480	1970	965
	1930	2785	1935	2330	1815	1860	2875	2040	2485	2355	3010	1285	2250	970	2990	2160	1985	1585	1645	1645	1865	2230	2220	2930	515	0	1215	190	2580	1870	865
	1730	2515	1070	2100	1340	1965	2690	985	2015	2320	2365	2030	2005	1860	2855	1930	1000	1390	2365	1565	780	1705	1345	2995	700	1215	0	1390	2530	2280	1430
	2075	2800	2120	2355	1890	1975	2880	2230	2645	2345	3080	1310	2395	970	2985	2185	2125	1735	1660	1670	2050	2400	2405	2895	690	190	1390	0	2570	1940	830
	4185	480	3575	500	1255	4290	380	3375	4535	230	1350	3865	4485	3530	425	630	2025	3815	4220	995	3190	4230	3820	500	2480	2580	2530	2570	0	4420	1745
	1015	4565	1985	4115	3465	540	4690	2350	1585	4195	4605	725	1140	1065	4820	3935	3275	1080	595	3450	2315	1565	2115	4790	1970	1870	2280	1940	4420	0	2735
	2695	2000	2430	1565	1255	2690	2065	2410	3185	1525	2390	2135	3020	1795	2165	1405	1760	2330	2485	900	2210	2900	2720	2070	965	865	1430	830	1745	2735	0

coordXY = Coordinates (x,y): line zero => x line one => y column => customers
 	328	182	442	170	245	243	142	477	454	94	360	50	368	27	115	172	387	299	31	138	443	435	494	19	170	71	306	34	91	142	43
	920	88	740	178	315	962	63	671	949	163	106	889	971	821	37	214	393	852	959	311	649	890	766	50	607	633	575	628	118	1000	463

d_pit = Demand of item p at customer i in period t
 	79	31	85	59	12	37	27	15	32	88	75	90
	77	86	97	78	93	88	54	77	63	83	51	52
	77	28	56	65	82	33	59	98	72	60	70	47
	80	69	14	69	84	60	90	95	30	60	67	96
	12	11	20	94	30	45	28	91	77	33	68	32
	18	32	43	72	85	30	86	99	44	96	40	91
	11	10	66	75	89	69	64	97	68	91	95	12
	23	61	22	11	100	28	70	11	95	96	95	12
	86	34	22	70	84	34	31	16	47	67	60	15
	51	99	63	16	93	32	87	68	71	78	84	28
	19	95	78	63	35	71	49	17	55	90	27	51
	83	97	86	30	68	61	28	80	40	42	90	48
	25	47	25	64	62	86	23	19	44	50	76	65
	93	72	17	77	26	31	99	77	46	91	29	94
	20	25	75	44	50	51	71	71	98	83	70	31
	24	10	90	99	37	93	38	91	27	92	25	89
	59	45	54	57	83	86	67	38	99	90	84	91
	50	21	72	79	62	58	94	27	83	77	79	42
	18	43	79	12	71	76	40	75	55	70	55	67
	62	21	33	29	55	46	12	21	20	84	15	95
	42	33	85	47	80	30	59	85	63	26	75	18
	36	23	100	70	45	22	89	44	86	63	86	84
	50	85	20	98	14	48	50	26	74	44	36	38
	17	81	55	38	54	23	35	77	57	20	25	21
	52	44	90	49	15	82	87	41	94	51	84	26
	60	22	48	68	24	49	42	39	76	80	20	39
	63	70	40	55	16	23	44	77	59	58	92	88
	75	46	77	12	48	48	87	24	89	78	18	62
	63	74	48	58	38	63	96	68	59	30	26	32
	57	32	99	89	11	58	36	61	66	85	60	47

	97	94	16	29	57	30	94	40	91	25	84	74
	63	94	96	30	73	15	41	16	57	93	70	29
	96	66	55	77	15	34	69	88	75	55	93	95
	11	34	98	75	80	60	61	58	62	52	77	34
	30	20	70	30	94	67	21	81	74	26	63	90
	58	77	91	37	75	63	32	90	78	50	20	58
	84	87	43	12	78	56	48	69	57	37	72	55
	55	43	20	22	51	72	79	79	63	69	86	28
	92	46	23	48	32	45	78	47	84	89	94	39
	55	25	49	57	87	92	25	71	62	55	70	78
	31	13	43	88	93	43	42	88	42	10	33	97
	51	34	75	88	43	28	54	66	89	60	78	29
	33	41	97	46	25	94	67	79	23	99	98	90
	73	27	47	92	83	65	29	42	57	59	38	66
	69	34	62	46	63	50	44	39	66	15	25	20
	33	50	46	89	77	12	84	73	30	55	26	14
	47	30	41	57	69	95	75	27	60	84	15	92
	31	98	96	24	21	79	40	50	40	36	88	64
	82	40	51	44	76	31	33	15	82	47	68	44
	38	77	67	69	98	58	44	89	76	80	75	38
	88	94	27	71	27	18	75	68	32	13	66	60
	60	57	41	17	33	48	99	12	66	27	22	81
	45	93	22	54	23	30	75	61	78	49	46	59
	95	95	95	68	39	82	52	12	49	68	94	17
	38	56	65	20	14	38	79	39	72	49	85	67
	60	10	30	12	64	60	72	37	43	79	58	16
	18	56	88	66	22	23	50	65	51	59	84	59
	36	84	98	58	34	94	93	40	45	93	43	52
	62	25	25	98	48	94	54	52	17	43	23	33
	40	42	59	88	26	80	93	44	54	52	71	17

	38	34	16	56	85	97	27	12	84	29	94	92
	12	22	22	86	35	20	96	40	72	97	66	89
	29	99	56	94	66	48	23	10	46	28	71	94
	64	60	72	11	36	44	91	60	20	53	55	47
	40	62	46	37	29	15	73	13	16	82	88	37
	26	15	24	24	39	61	72	50	92	26	44	18
	96	19	92	57	96	88	25	55	97	48	55	57
	87	26	47	87	80	31	73	92	17	96	41	69
	26	65	64	49	72	19	91	67	26	76	15	83
	71	65	30	79	72	27	82	42	48	87	45	97
	91	64	23	56	85	23	81	81	69	76	74	64
	18	53	95	41	38	13	35	48	12	36	54	64
	81	58	35	58	63	29	75	46	83	57	91	35
	97	57	97	10	68	34	75	86	29	70	56	26
	65	85	27	18	53	88	18	89	50	83	55	77
	42	93	89	13	29	38	80	33	74	72	81	37
	13	74	50	62	15	74	35	49	44	15	27	41
	53	14	19	85	37	78	14	50	62	46	72	48
	86	55	43	12	90	90	12	76	84	20	88	22
	83	29	37	21	42	86	84	79	12	92	66	39
	13	64	22	14	86	26	70	77	63	78	12	63
	18	32	92	36	47	69	48	58	35	40	96	69
	40	19	38	62	48	78	11	29	45	33	58	25
	66	66	65	16	67	89	15	60	19	33	13	92
	28	66	56	48	66	21	21	70	17	22	48	44
	42	30	41	18	44	91	75	36	60	89	40	89
	17	26	32	56	62	59	48	83	44	58	35	39
	44	19	67	24	47	69	64	27	26	70	28	29
	72	74	38	64	18	99	84	82	65	16	55	78
	97	85	96	17	16	53	71	21	69	96	92	90

	70	99	32	78	51	76	69	72	45	91	66	18
	42	43	52	69	63	87	88	22	67	28	95	53
	60	86	73	75	66	75	96	12	35	51	39	19
	76	37	55	95	94	97	72	87	33	51	69	68
	33	89	75	32	41	59	14	53	96	24	92	19
	31	11	55	97	72	29	33	32	67	54	79	42
	36	32	41	81	83	69	61	92	36	80	32	84
	89	41	43	67	100	32	34	54	31	59	52	57
	54	16	92	38	19	21	53	35	49	71	68	41
	80	55	35	34	58	23	23	49	99	69	84	22
	16	66	19	87	43	12	64	34	81	83	14	80
	97	35	66	25	13	81	59	69	55	19	99	29
	12	36	63	43	59	39	80	61	65	27	48	65
	87	22	54	27	89	63	86	12	78	28	45	15
	48	11	76	94	14	80	70	26	34	45	52	81
	97	52	93	16	67	12	50	67	25	87	70	59
	17	69	78	20	73	42	76	30	79	24	88	99
	55	16	82	15	75	78	86	24	89	34	43	62
	61	67	42	47	95	11	18	11	95	38	65	83
	14	86	15	26	57	32	94	24	66	82	52	91
	62	53	68	89	14	93	14	50	40	34	41	64
	34	17	83	16	60	19	94	92	65	12	28	82
	24	51	92	39	74	65	71	99	80	29	69	34
	57	87	38	28	72	68	90	72	24	32	92	63
	34	40	62	78	62	37	77	84	17	52	69	40
	69	60	91	15	34	35	74	65	20	36	84	71
	77	77	36	11	32	73	74	80	56	73	54	99
	55	40	54	54	87	92	18	59	41	16	89	81
	55	12	27	72	98	90	72	38	87	17	48	95
	82	25	23	34	96	36	91	66	67	40	23	59

	67	29	60	74	31	24	73	64	30	39	74	42
	65	85	80	71	71	96	81	44	97	78	56	54
	92	80	61	42	53	76	49	44	89	58	58	16
	32	80	18	65	52	58	21	52	96	99	46	41
	50	31	81	51	28	98	43	40	97	93	49	12
	61	98	30	55	37	20	54	70	86	61	10	95
	86	50	70	18	88	49	25	94	67	24	34	60
	14	14	77	99	87	28	51	52	55	75	19	28
	14	77	15	99	46	73	43	24	100	76	55	85
	81	29	16	46	73	57	30	54	18	49	59	21
	65	83	70	58	32	21	20	57	24	61	48	83
	80	25	32	18	49	51	44	63	64	36	93	70
	28	15	95	99	31	72	31	30	94	91	58	42
	71	55	75	51	37	17	99	33	31	18	12	81
	53	93	68	44	88	80	94	45	22	17	29	49
	19	53	83	30	88	98	61	91	46	26	18	42
	72	46	36	28	54	53	16	84	64	80	48	60
	30	55	62	14	52	47	84	83	85	89	97	49
	68	69	21	78	76	66	60	67	33	83	21	82
	18	21	56	77	87	40	18	28	12	69	78	32
	98	53	47	97	16	95	56	64	87	62	59	24
	16	79	47	76	24	56	96	48	14	81	34	88
	72	23	10	81	39	85	21	37	44	78	53	12
	19	53	16	41	84	69	49	36	44	70	86	38
	50	66	64	72	66	64	45	33	96	85	51	18
	97	32	77	14	59	42	65	27	54	22	100	78
	30	57	38	82	10	42	32	67	12	56	19	86
	57	82	66	10	24	27	89	40	15	33	95	90
	29	99	16	68	68	72	66	36	11	29	48	66
	76	92	71	40	87	33	88	39	26	63	27	74

	97	57	42	66	65	15	50	24	70	16	59	84
	94	61	63	90	58	24	84	96	15	90	64	39
	44	48	20	70	47	40	89	34	99	26	35	66
	56	72	76	67	95	18	27	87	84	74	68	45
	93	44	78	64	77	93	93	98	33	23	55	59
	31	12	39	84	80	51	41	47	64	38	71	48
	16	40	89	38	49	61	53	18	73	94	28	54
	66	57	28	64	37	38	12	25	11	92	64	17
	20	64	80	71	26	66	45	94	70	74	79	25
	27	48	97	72	78	68	74	50	63	34	23	18
	69	22	26	85	80	51	100	80	52	32	80	24
	65	70	44	36	81	94	15	13	90	94	64	46
	43	13	60	30	98	25	45	91	36	93	43	83
	87	54	20	49	83	88	31	30	37	79	91	86
	99	90	12	64	88	97	24	39	72	59	12	86
	13	27	52	32	70	17	60	48	76	67	21	43
	65	77	75	89	83	83	62	100	65	39	34	47
	54	65	64	17	40	11	100	15	78	31	16	55
	72	44	24	46	20	13	44	99	19	96	72	87
	38	75	35	36	50	72	38	82	94	55	43	71
	33	42	86	26	93	27	56	93	93	55	27	54
	41	29	28	29	79	75	91	15	32	25	32	72
	50	40	37	20	20	42	72	71	95	58	52	20
	41	35	61	64	13	81	74	34	98	34	93	37
	24	13	31	28	31	66	51	28	91	86	17	28
	92	81	40	59	77	78	68	68	55	76	39	68
	55	35	49	37	66	41	32	84	86	51	61	77
	34	56	33	66	74	78	51	23	74	42	59	33
	57	94	70	94	31	65	62	62	59	97	67	47
	17	33	77	94	75	27	10	15	18	82	28	71

	98	47	76	29	16	88	28	33	62	48	20	45
	89	92	29	21	40	37	39	42	72	48	75	86
	56	50	45	82	92	69	31	35	82	18	54	17
	76	92	34	55	77	93	99	65	54	99	14	14
	50	12	69	67	94	17	29	67	57	100	98	64
	35	52	10	21	47	49	64	40	90	74	53	89
	81	78	14	75	49	18	76	50	62	18	58	62
	33	69	43	25	67	14	48	97	38	18	57	57
	49	20	54	25	61	19	33	88	16	32	45	92
	22	35	17	18	50	15	63	75	34	56	95	52
	66	34	97	52	14	39	10	50	55	67	77	43
	53	91	92	41	43	55	35	30	25	58	57	28
	13	54	33	48	98	80	26	18	66	23	96	18
	23	68	13	83	18	63	80	56	90	46	18	81
	20	39	36	57	58	18	88	42	15	83	30	66
	55	68	80	99	92	65	54	96	83	30	89	23
	58	100	97	55	94	32	49	65	72	48	62	91
	26	19	35	70	64	36	17	15	88	72	35	52
	91	81	50	30	96	23	26	36	47	94	85	28
	16	45	55	82	21	92	57	20	85	50	59	34
	21	38	28	58	21	63	65	48	49	24	69	28
	67	89	79	60	19	53	69	56	81	53	100	83
	94	95	59	46	11	89	63	95	65	93	95	59
	74	17	87	89	33	86	47	85	69	16	82	97
	64	84	27	55	68	42	27	72	37	77	29	58
	42	47	25	22	18	60	98	21	16	17	42	78
	85	29	21	35	63	51	24	93	65	70	75	94
	47	90	62	49	50	82	59	18	20	89	92	19
	35	18	11	95	53	23	11	83	37	72	41	92
	88	27	12	90	87	89	40	97	68	100	85	69

	33	32	70	98	99	84	59	42	58	20	70	70
	27	24	84	96	80	88	97	45	29	34	82	64
	68	45	52	24	43	98	100	50	28	73	63	34
	26	66	48	43	17	49	64	57	76	29	76	77
	85	83	68	24	40	34	28	34	75	39	67	69
	16	14	92	55	47	20	40	22	67	86	29	56
	51	86	99	26	64	85	67	19	38	72	62	12
	85	46	67	30	40	48	58	70	92	21	89	54
	24	12	32	35	67	88	95	32	28	26	17	86
	12	43	76	44	34	57	51	22	42	70	84	70
	59	68	31	30	31	93	67	74	46	10	66	40
	60	74	34	62	82	57	25	65	21	74	19	59
	38	44	66	18	15	47	70	82	84	20	81	20
	36	31	56	98	74	45	59	75	97	28	90	75
	91	82	77	12	34	26	49	77	13	62	67	46
	28	12	45	20	88	30	95	21	29	50	89	74
	51	28	93	72	86	38	43	17	79	54	86	97
	70	74	26	13	87	47	90	20	22	96	89	95
	69	14	30	57	31	46	84	40	17	45	90	60
	27	79	18	44	95	71	80	79	31	36	82	45
	98	86	68	75	49	93	41	38	84	11	26	78
	30	46	16	94	86	34	45	37	80	92	58	27
	34	38	97	55	70	67	42	95	70	73	29	41
	42	50	24	98	25	76	90	49	40	60	27	17
	71	31	98	36	29	87	77	59	100	77	21	67
	87	19	37	57	80	95	50	22	50	58	99	79
	59	28	84	63	16	36	15	11	36	73	96	43
	32	80	21	95	39	52	71	86	51	90	58	42
	54	34	46	95	55	74	26	20	91	27	79	17
	49	24	51	100	62	41	71	19	34	64	43	55

	12	24	45	21	75	49	78	23	42	94	46	29
	76	32	42	93	64	86	27	44	54	92	18	96
	37	60	26	43	24	83	76	46	50	96	35	24
	71	21	96	33	56	88	22	23	28	68	38	64
	11	70	73	55	14	80	76	40	91	20	96	15
	36	65	63	63	73	96	80	87	47	27	38	33
	33	96	28	22	48	45	22	43	40	59	90	33
	66	14	71	34	71	25	23	28	87	33	18	76
	19	99	20	37	74	90	22	71	78	70	84	44
	43	91	60	89	71	34	36	74	78	84	45	92
	26	51	79	27	44	69	27	44	87	70	97	76
	95	97	36	98	18	89	79	88	62	83	63	96
	42	18	75	94	44	22	54	20	85	77	46	42
	56	37	94	50	15	66	47	100	18	35	72	87
	55	92	64	52	64	52	46	76	55	68	80	92
	68	25	91	36	84	60	97	75	21	37	90	87
	84	14	11	17	25	79	22	74	92	95	23	43
	69	66	50	96	88	19	67	86	87	90	36	56
	33	17	88	16	57	82	97	57	82	50	36	98
	85	64	42	47	71	59	25	77	62	49	81	54
	92	62	12	61	72	82	80	95	55	49	32	26
	16	60	41	57	87	70	38	83	27	66	37	38
	66	54	46	70	93	78	81	30	21	77	62	37
	75	10	84	49	90	21	72	50	94	86	78	60
	99	27	66	23	94	12	79	52	36	90	74	32
	52	59	95	18	63	75	40	64	21	55	53	46
	58	73	99	61	22	59	99	65	62	64	47	63
	76	34	23	28	48	55	61	16	84	72	11	45
	85	37	52	66	70	77	77	99	58	78	31	70
	86	56	64	93	82	48	92	73	78	33	54	83

	81	38	82	85	43	92	44	41	88	29	45	61
	93	52	38	47	39	21	27	57	95	26	97	26
	41	18	12	99	64	79	87	63	24	42	57	36
	47	17	71	95	58	90	11	43	81	71	53	64
	36	41	90	21	82	50	53	95	42	29	32	41
	44	24	84	17	58	87	41	44	68	69	73	99
	18	37	28	78	25	12	40	17	76	41	47	51
	38	79	16	41	69	24	84	64	15	30	41	62
	78	51	89	67	78	50	50	50	12	21	71	45
	98	35	27	20	92	50	15	60	30	59	94	12
	24	76	24	46	16	50	80	91	23	92	47	90
	46	61	62	95	19	18	95	46	47	28	34	15
	57	56	66	77	65	74	61	42	63	37	50	35
	27	43	27	42	67	87	93	23	40	78	98	70
	78	73	65	17	43	61	67	10	33	50	13	31
	80	66	97	84	50	98	63	10	68	38	94	13
	94	90	31	75	87	79	68	44	63	18	91	84
	26	52	44	70	77	93	23	87	27	24	27	82
	26	25	42	29	48	35	51	37	19	94	57	75
	51	26	84	77	34	23	52	51	70	86	17	54
	70	33	89	21	85	16	11	48	68	43	78	29
	93	21	43	58	36	83	13	69	78	40	44	93
	57	96	44	61	37	40	49	16	23	74	57	55
	77	67	100	80	84	24	76	21	82	99	74	26
	78	17	11	41	69	68	44	41	59	47	46	43
	71	35	32	75	44	90	43	98	84	53	75	49
	76	51	13	27	17	11	61	95	22	16	96	20
	79	11	12	83	57	20	61	62	39	13	61	48
	60	54	55	84	82	76	36	10	73	18	46	47
	54	27	86	39	93	37	18	26	18	63	75	82

