***** PARAMETERS PRP *****

Number of Customers = 30
Number of Products = 10
Number of Vehicles = 5
Number of Periods = 12

B = Production capacity
	50100

b_p = Time required to produce item p
 	1	1	1	1	1	1	1	1	1	1

c_p = Production cost of item p
 	80	30	80	30	30	80	80	30	30	80

s_p = Setup cost of item p
 	800	300	800	300	300	800	800	300	300	800

M = Big number
	200399

U_pi = Maximum inventory upper bound of item p at site i
 	200399	336	168	146	123	214	125	190	143	106	109	104	180	226	281	107	189	96	187	106	109	117	235	120	280	152	101	334	162	179	245
	200399	155	219	97	333	114	234	225	208	157	227	359	301	214	236	175	235	270	175	162	292	97	164	144	85	209	222	125	119	97	184
	200399	109	207	111	103	230	190	119	173	293	197	245	194	158	89	280	256	189	217	170	211	123	122	338	276	101	287	149	96	199	197
	200399	129	153	279	108	320	216	92	243	264	93	206	351	220	117	286	126	320	265	161	114	117	339	195	175	158	178	336	131	92	163
	200399	263	233	107	126	295	138	111	165	226	231	101	106	197	240	254	209	283	160	127	207	264	224	234	131	308	159	207	280	323	124
	200399	200	194	337	165	221	169	189	266	118	157	236	110	107	188	207	264	308	298	302	150	261	108	211	223	203	174	278	143	239	178
	200399	297	194	197	165	197	310	110	354	241	170	281	330	307	216	229	125	101	235	112	321	126	338	161	273	153	118	126	205	235	170
	200399	392	124	224	227	235	102	290	167	235	139	207	223	230	260	172	115	221	183	170	251	168	127	203	183	275	93	224	245	229	169
	200399	155	167	166	307	252	192	166	318	322	180	245	118	138	184	209	167	148	230	149	219	169	194	88	217	280	138	181	168	262	274
	200399	312	92	95	162	253	320	97	198	116	178	170	108	104	95	305	217	304	180	240	278	267	108	229	240	122	125	290	313	217	218

I_pi0 = Initial inventory of item p at site i
 	0	197	48	130	93	87	41	98	79	57	80	88	121	175	202	102	83	0	123	43	33	66	48	85	65	75	51	271	76	87	187
	0	43	134	50	130	65	217	48	92	112	111	201	239	202	85	83	151	255	85	119	83	37	15	115	72	125	77	78	78	88	128
	0	28	170	60	26	131	60	98	139	194	165	192	170	128	53	86	176	36	164	50	93	98	102	250	228	45	140	102	78	165	107
	0	63	130	144	60	275	192	36	167	162	25	186	277	217	112	156	50	71	18	25	80	37	96	114	79	122	69	31	60	21	96
	0	245	142	62	49	156	75	51	69	135	52	100	87	167	173	66	48	98	144	97	150	262	88	164	99	223	46	168	145	203	116
	0	123	121	158	85	108	152	174	103	36	127	176	94	104	47	59	208	175	226	258	119	136	65	157	99	140	76	91	58	59	74
	0	254	22	148	32	139	89	97	162	94	141	174	159	70	162	69	45	47	97	53	113	89	288	115	179	97	38	12	11	71	127
	0	130	101	29	161	219	59	233	144	103	65	102	130	89	41	115	65	202	176	108	193	134	88	141	134	19	45	113	119	129	167
	0	80	36	112	70	165	157	159	165	233	93	109	25	136	89	105	109	93	207	55	187	154	149	80	180	28	51	137	13	78	98
	0	301	83	86	153	202	285	42	173	81	147	152	56	30	83	255	193	247	138	88	94	38	58	188	75	39	123	166	42	138	212

h_pi = Inventory cost of item p at site i
 	8	7	2	4	2	8	2	6	7	7	7	2	7	3	8	2	1	8	9	6	9	2	8	4	7	9	6	3	5	5	8
	3	3	7	3	4	3	1	3	7	3	9	2	6	2	9	4	1	6	4	4	7	7	3	1	8	6	2	1	7	6	8
	8	2	3	8	5	3	9	6	8	9	3	6	6	4	8	7	2	5	8	8	5	8	7	2	3	2	5	3	7	7	1
	3	9	1	2	6	2	4	4	9	2	2	6	8	9	1	4	3	2	7	1	2	5	3	7	9	7	5	3	3	2	4
	3	3	3	9	5	8	9	7	9	7	6	6	9	1	1	4	2	1	6	3	5	9	9	6	5	3	2	3	8	5	7
	8	9	2	5	1	5	7	6	6	3	3	2	9	3	3	4	5	3	8	6	9	4	4	5	8	9	3	5	3	9	2
	8	7	8	5	1	6	2	3	8	1	6	5	3	8	1	3	3	4	7	3	4	9	2	7	8	5	9	8	5	3	3
	3	2	5	5	7	4	7	4	6	3	3	1	4	1	6	6	2	7	3	4	5	6	6	1	6	5	6	2	3	7	4
	3	6	2	7	7	2	5	7	8	2	3	2	7	4	8	5	5	5	7	8	9	3	3	3	1	8	2	5	8	8	3
	8	3	5	3	4	6	2	6	7	3	2	9	7	2	2	7	4	6	1	6	2	7	5	5	9	2	7	4	3	2	3

C = Vehicle capacity
	3920

f = Fixed transportation cost
	29264

a_ik = Transportation cost for traveling from node i to node k
 	0	292	453	475	542	444	215	392	418	409	315	80	582	471	369	120	344	177	321	187	354	467	487	438	236	440	430	35	446	172	283
	292	0	286	329	270	187	183	340	446	579	26	230	601	617	572	307	490	406	283	312	280	352	403	257	383	172	155	272	192	148	121
	453	286	0	602	447	414	454	625	284	511	292	435	387	516	542	383	426	458	174	333	132	631	151	524	372	186	205	420	152	291	190
	475	329	602	0	258	208	261	137	768	860	315	396	927	911	833	557	779	644	608	593	608	49	730	80	664	437	414	479	471	432	449
	542	270	447	258	0	101	357	369	685	845	245	468	823	879	841	575	756	674	524	581	506	306	594	196	652	261	243	530	295	417	368
	444	187	414	208	101	0	256	291	624	764	163	368	771	803	755	484	676	582	461	496	449	249	554	131	569	237	214	433	272	329	298
	215	183	454	261	357	256	0	200	543	604	192	136	709	658	574	300	526	384	397	342	411	258	547	225	411	354	335	219	375	200	267
	392	340	625	137	369	291	200	0	742	796	336	320	908	853	760	493	722	568	593	540	602	99	735	174	607	486	464	405	516	398	449
	418	446	284	768	685	624	543	742	0	247	465	451	168	237	299	300	181	312	164	232	181	782	170	700	205	440	452	386	414	344	327
	409	579	511	860	845	764	604	796	247	0	603	476	312	72	76	305	91	236	348	271	385	861	416	807	198	633	639	392	615	438	481
	315	26	292	315	245	163	192	336	465	603	0	251	619	641	597	332	514	431	303	337	296	340	415	241	408	162	143	296	186	173	139
	80	230	435	396	468	368	136	320	451	476	251	0	618	535	441	174	404	250	329	229	355	390	493	359	291	391	378	86	402	144	251
	582	601	387	927	823	771	709	908	168	312	619	618	0	262	383	463	289	458	319	396	323	944	239	857	357	566	582	551	535	510	480
	471	617	516	911	879	803	658	853	237	72	641	535	262	0	145	361	133	302	366	319	398	914	405	854	248	654	663	451	633	483	512
	369	572	542	833	841	755	574	760	299	76	597	441	383	145	0	278	120	193	371	261	412	830	463	786	191	646	649	356	631	426	485
	120	307	383	557	575	484	300	493	300	305	332	174	463	361	278	0	231	100	226	70	265	557	387	508	118	418	414	93	414	160	249
	344	490	426	779	756	676	526	722	181	91	514	404	289	133	120	231	0	184	260	187	298	782	344	723	116	543	548	322	525	353	391
	177	406	458	644	674	582	384	568	312	236	431	250	458	302	193	100	184	0	289	126	331	639	435	600	108	513	511	165	507	259	344
	321	283	174	608	524	461	397	593	164	348	303	329	319	366	371	226	260	289	0	167	44	625	166	539	198	289	298	286	268	199	164
	187	312	333	593	581	496	342	540	232	271	337	229	396	319	261	70	187	126	167	0	208	597	322	537	73	396	396	156	386	168	229
	354	280	132	608	506	449	411	602	181	385	296	355	323	398	412	265	298	331	44	208	0	628	139	536	241	261	272	320	237	218	159
	467	352	631	49	306	249	258	99	782	861	340	390	944	914	830	557	782	639	625	597	628	0	754	119	667	472	449	475	505	442	470
	487	403	151	730	594	554	547	735	170	416	415	493	239	405	463	387	344	435	166	322	139	754	0	654	331	334	352	452	302	356	287
	438	257	524	80	196	131	225	174	700	807	241	359	857	854	786	508	723	600	539	537	536	119	654	0	609	358	334	438	391	372	377
	236	383	372	664	652	569	411	607	205	198	408	291	357	248	191	118	116	108	198	73	241	667	331	609	0	457	459	211	444	241	294
	440	172	186	437	261	237	354	486	440	633	162	391	566	654	646	418	543	513	289	396	261	472	334	358	457	0	24	414	35	271	170
	430	155	205	414	243	214	335	464	452	639	143	378	582	663	649	414	548	511	298	396	272	449	352	334	459	24	0	405	58	263	168
	35	272	420	479	530	433	219	405	386	392	296	86	551	451	356	93	322	165	286	156	320	475	452	438	211	414	405	0	417	144	253
	446	192	152	471	295	272	375	516	414	615	186	402	535	633	631	414	525	507	268	386	237	505	302	391	444	35	58	417	0	274	167
	172	148	291	432	417	329	200	398	344	438	173	144	510	483	426	160	353	259	199	168	218	442	356	372	241	271	263	144	274	0	112
	283	121	190	449	368	298	267	449	327	481	139	251	480	512	485	249	391	344	164	229	159	470	287	377	294	170	168	253	167	112	0

coordXY = Coordinates (x,y): line zero => x line one => y column => customers
 	21	272	470	155	403	319	97	35	316	94	286	55	403	142	27	90	138	28	313	147	354	107	461	208	131	442	426	53	456	191	302
	545	397	602	90	161	217	344	154	840	947	376	473	983	1000	913	643	868	721	677	682	664	87	752	149	753	419	402	558	451	520	514

d_pit = Demand of item p at customer i in period t
 	69	89	39	94	81	84	65	72	99	22	40	52
	48	44	50	64	23	73	39	80	91	29	70	62
	95	22	13	47	43	32	70	75	28	27	93	39
	93	46	41	16	93	68	91	85	57	58	76	11
	87	28	88	93	87	98	85	27	99	62	42	61
	41	94	61	73	65	54	76	90	58	52	35	50
	98	25	88	25	64	81	83	97	83	57	31	27
	79	39	30	16	30	21	84	37	77	59	78	22
	57	65	44	25	67	66	55	82	35	29	72	37
	80	42	93	68	58	56	22	61	59	12	28	75
	88	64	70	48	17	11	10	45	97	28	85	62
	49	47	25	66	71	64	66	32	71	95	55	80
	89	30	21	35	81	87	51	53	54	41	58	78
	58	74	70	24	60	31	71	96	73	29	43	45
	28	74	29	66	25	50	34	99	85	11	43	99
	83	19	53	68	15	28	59	22	41	82	52	44
	97	80	44	50	40	49	24	38	87	21	10	37
	28	95	68	42	68	94	66	39	86	44	28	88
	43	72	70	72	34	90	47	52	62	14	17	60
	33	92	86	45	69	49	56	40	14	99	42	29
	21	45	61	59	57	73	97	81	72	54	34	49
	48	83	22	73	56	66	44	60	56	68	64	65
	85	38	48	20	71	14	34	29	27	15	37	61
	65	77	73	88	66	21	96	98	38	86	37	96
	75	14	61	14	63	68	30	52	46	88	17	78
	51	32	61	72	76	100	23	23	12	50	42	64
	34	94	76	67	22	99	48	66	58	55	99	83
	18	28	30	79	90	32	26	82	14	44	18	24
	73	14	68	43	97	77	62	83	64	35	32	67
	36	66	85	86	40	90	75	94	57	28	20	59

	43	45	77	18	61	23	96	28	43	55	87	44
	60	74	69	41	18	10	51	76	32	44	94	89
	50	20	51	20	51	93	10	46	72	29	42	97
	14	64	52	54	95	97	91	41	46	79	73	92
	65	23	48	96	55	27	71	89	49	59	68	35
	86	88	43	95	15	87	64	69	14	95	26	20
	48	58	73	72	72	37	16	31	64	90	48	66
	92	79	39	80	54	85	96	51	70	99	22	63
	72	40	79	92	65	54	38	23	66	27	13	59
	45	49	17	46	44	77	36	71	34	18	52	55
	20	93	88	86	76	19	97	60	95	39	90	98
	52	92	44	51	56	45	83	56	75	18	91	60
	87	16	99	27	14	43	31	46	24	39	63	25
	85	59	89	18	56	33	86	73	41	73	11	84
	83	13	64	63	89	35	82	73	44	76	54	23
	49	19	83	95	92	63	30	35	19	24	96	100
	93	69	93	97	77	95	21	25	81	63	46	50
	13	72	55	90	90	15	85	56	73	51	27	73
	67	25	27	100	60	45	55	47	44	77	56	44
	83	39	35	27	42	52	71	86	63	47	94	61
	37	19	50	52	71	90	22	51	30	42	84	31
	15	81	36	78	70	30	11	20	56	35	35	25
	45	70	68	47	62	18	21	30	23	10	82	99
	61	11	53	75	25	63	39	37	38	68	24	15
	56	47	22	22	15	65	18	11	36	72	78	60
	55	22	47	33	50	83	28	67	100	72	63	46
	78	99	90	60	37	90	83	43	14	58	39	61
	59	19	94	64	84	73	60	80	30	41	88	21
	88	42	90	58	36	48	21	76	55	16	22	28
	87	41	86	66	61	39	49	46	94	63	67	38

	28	87	67	13	32	68	96	71	19	53	44	75
	14	94	10	52	89	85	73	48	56	20	19	60
	60	88	82	42	24	27	36	92	44	13	96	60
	26	28	59	88	55	57	15	70	91	17	74	40
	32	99	32	75	68	28	30	100	98	71	41	16
	60	78	21	57	71	71	41	80	52	69	99	60
	98	99	14	14	63	92	76	78	15	55	54	57
	79	60	49	44	74	100	20	56	63	68	64	14
	60	95	39	60	45	78	68	69	22	58	30	79
	32	17	42	74	39	40	75	99	30	24	65	53
	46	50	96	66	72	73	82	69	75	22	16	69
	36	17	57	60	66	25	69	35	92	48	66	11
	33	53	42	25	97	51	67	47	47	80	55	33
	53	53	14	66	49	34	77	54	10	23	28	72
	86	74	20	20	43	87	63	73	39	35	93	39
	71	18	87	94	22	13	45	36	24	78	79	48
	20	16	10	15	71	69	15	54	80	53	95	68
	25	52	87	77	40	86	24	55	26	78	10	90
	50	85	75	20	26	35	67	12	20	13	80	27
	71	22	70	47	25	35	27	22	94	88	33	99
	98	93	50	50	97	51	28	10	55	97	79	28
	29	73	93	51	86	90	38	13	88	67	56	48
	87	63	86	14	88	87	91	42	52	87	49	66
	21	87	33	87	80	30	95	19	32	90	23	66
	17	28	47	76	15	87	91	62	52	15	59	57
	65	29	46	35	57	90	98	65	44	99	34	26
	34	55	13	58	13	43	91	46	58	32	100	53
	78	48	23	90	35	23	40	32	30	90	46	43
	59	71	35	75	57	27	44	40	14	18	68	88
	80	16	11	91	70	29	91	66	24	48	11	53

	42	21	84	47	55	37	33	46	19	12	36	82
	95	35	91	14	11	37	94	73	13	40	91	19
	81	63	85	34	40	30	47	97	93	37	50	12
	60	11	19	54	62	97	39	39	59	95	61	51
	93	35	59	88	89	20	29	64	46	78	76	90
	80	59	36	17	16	49	21	53	58	58	14	57
	26	10	13	82	82	53	20	42	66	18	88	54
	39	58	70	78	72	94	33	47	16	75	90	57
	57	53	16	36	77	53	74	88	18	65	58	39
	25	70	19	71	60	15	52	55	11	59	29	93
	51	38	58	39	91	35	19	23	92	57	90	26
	90	92	95	35	96	12	79	49	68	97	96	34
	63	40	85	29	19	98	42	17	20	51	34	31
	37	75	29	37	16	99	93	38	66	99	87	24
	61	36	29	30	67	96	36	88	94	76	38	35
	50	77	85	67	13	93	93	60	20	64	82	50
	71	20	85	87	42	78	11	92	81	51	77	72
	18	98	51	47	53	86	39	86	14	42	51	50
	25	26	41	55	72	83	95	19	28	68	50	81
	39	41	97	76	83	28	86	37	84	19	42	54
	37	39	88	96	69	67	28	30	82	77	51	36
	96	21	67	89	99	82	86	91	83	36	12	51
	59	55	93	90	22	33	56	21	42	54	28	31
	79	74	70	13	69	64	42	64	62	11	54	96
	69	53	73	18	79	23	26	85	44	74	14	73
	69	76	42	80	63	26	83	77	74	36	64	21
	31	80	59	43	50	72	70	66	78	75	90	92
	60	43	49	90	17	84	81	82	55	78	82	62
	21	82	69	29	23	20	87	11	43	42	52	71
	48	48	12	32	67	45	35	41	12	45	31	73

	99	98	48	66	59	55	15	87	83	73	61	45
	71	71	49	81	17	54	39	13	41	17	67	39
	62	25	89	86	80	15	34	34	59	31	38	86
	18	31	70	92	98	72	16	79	82	34	93	72
	65	91	13	82	28	93	43	92	29	78	26	67
	75	25	48	78	92	65	58	54	75	75	88	95
	51	95	30	47	15	28	17	90	79	53	62	98
	69	70	92	30	21	37	70	29	92	44	14	92
	94	41	85	33	44	95	16	48	84	13	96	28
	52	32	75	67	55	24	55	22	81	80	91	59
	78	22	79	24	54	37	49	78	43	44	77	20
	76	11	77	52	92	37	49	26	26	50	86	54
	77	20	70	65	13	13	45	40	60	76	88	24
	17	90	66	58	40	28	10	25	82	38	49	73
	66	45	85	34	45	16	98	92	52	21	40	15
	48	38	55	64	41	92	70	39	35	12	39	93
	98	82	26	80	80	98	18	29	87	22	37	22
	61	83	85	21	99	30	46	19	20	69	45	60
	97	35	82	72	53	44	27	49	50	98	66	87
	26	59	65	82	88	65	24	44	79	44	24	21
	63	64	94	41	14	61	46	55	24	94	67	10
	88	62	42	22	20	86	61	55	23	87	70	57
	71	52	41	92	47	23	88	14	38	76	96	64
	99	60	58	92	74	54	46	81	81	55	20	63
	96	63	64	86	21	37	77	45	94	57	28	70
	22	24	48	72	14	82	53	41	77	97	20	87
	86	28	54	64	30	96	97	14	41	59	30	21
	66	25	54	48	88	65	43	54	95	46	47	41
	85	38	80	48	65	98	75	65	88	51	19	64
	64	52	86	90	92	45	87	15	49	44	29	91

	59	64	11	34	76	36	54	91	54	12	92	17
	24	97	44	59	12	53	12	35	89	53	67	37
	84	74	91	51	90	44	76	83	48	84	40	44
	85	42	49	18	43	15	56	21	25	10	97	34
	69	39	79	59	81	69	89	31	26	81	29	11
	58	41	53	72	19	62	31	42	11	36	61	22
	53	39	82	50	89	73	98	96	64	10	90	13
	46	57	83	65	75	60	74	53	93	61	71	59
	36	99	40	78	64	25	42	55	82	21	89	74
	53	31	43	14	81	13	63	59	94	38	63	75
	82	94	38	96	83	25	15	27	23	21	20	43
	94	94	35	10	87	20	32	43	85	68	78	16
	28	18	58	94	78	19	81	98	62	38	13	55
	47	13	60	72	76	33	51	65	12	21	95	19
	59	45	62	82	51	48	93	81	94	98	98	18
	75	25	26	82	50	42	54	100	19	95	47	19
	80	56	39	25	50	90	55	53	28	91	81	92
	76	35	48	67	66	85	17	32	73	62	70	85
	79	98	49	32	25	13	54	61	76	71	73	94
	60	30	29	89	94	20	32	77	51	27	59	30
	17	64	55	53	43	20	64	45	81	69	77	38
	13	52	83	54	99	35	90	24	88	48	41	19
	27	88	42	57	53	76	57	42	24	76	32	59
	33	37	29	24	88	91	58	19	56	42	45	14
	48	92	90	86	76	89	38	48	62	61	37	83
	76	65	91	16	95	21	78	91	12	87	46	19
	91	19	62	32	54	96	35	97	23	85	24	50
	35	12	11	17	100	61	18	17	55	52	38	13
	17	42	32	97	13	33	77	72	16	51	97	27
	74	15	89	60	56	84	60	78	59	62	53	21

	88	79	87	39	83	92	39	28	49	22	36	70
	22	64	73	39	75	39	96	57	96	71	55	89
	43	27	64	14	95	15	75	54	79	63	40	22
	32	89	72	71	99	10	71	33	72	77	21	13
	66	73	30	64	41	12	26	41	64	27	89	57
	89	55	91	36	33	14	72	85	89	19	76	86
	97	37	56	38	92	68	13	49	44	98	26	44
	97	65	74	47	91	59	82	97	75	50	67	46
	94	26	54	13	58	100	17	76	32	42	55	12
	41	100	61	90	25	13	67	54	77	75	12	65
	74	39	61	67	93	28	70	37	80	75	15	35
	32	68	59	72	97	99	63	78	73	18	37	96
	70	45	79	70	56	18	67	80	63	99	40	49
	52	36	74	16	74	94	93	17	99	23	41	28
	46	23	84	84	93	90	67	19	31	87	29	34
	45	81	60	66	64	78	78	39	59	33	65	81
	47	83	70	19	73	22	59	16	26	94	44	54
	46	51	70	67	46	28	51	22	47	53	38	44
	29	24	68	99	49	61	70	15	48	48	92	71
	50	63	73	79	60	80	94	40	66	58	16	91
	59	30	61	76	39	76	32	92	28	88	96	77
	75	95	36	82	51	66	62	52	96	91	86	19
	23	92	35	73	88	45	50	74	88	12	11	51
	77	83	19	93	97	86	11	72	71	78	86	45
	97	89	54	55	39	24	66	13	80	13	21	60
	38	98	76	14	57	55	87	33	56	59	83	50
	12	61	94	21	95	87	83	91	98	51	17	43
	11	73	77	88	64	41	28	51	37	34	12	99
	26	21	24	52	34	53	59	66	81	73	46	30
	52	54	21	77	26	83	48	70	16	95	74	63

	58	72	65	90	91	88	56	95	66	100	67	92
	40	44	17	74	61	91	62	94	67	64	84	47
	29	30	63	81	65	45	71	58	86	13	47	83
	71	90	80	13	78	16	58	33	82	86	34	39
	84	90	45	21	74	32	88	63	35	74	15	85
	59	96	72	31	17	27	52	44	80	16	31	85
	79	71	83	67	91	32	93	96	74	81	91	12
	56	47	41	52	95	23	65	90	63	58	17	60
	26	77	56	14	25	20	95	38	67	42	57	47
	65	92	88	73	83	75	19	87	38	97	79	39
	31	71	33	50	51	78	27	18	87	37	56	82
	30	41	59	97	79	79	55	46	57	62	27	36
	24	65	86	81	12	88	76	35	95	42	64	23
	41	18	37	79	36	90	34	76	55	57	61	41
	97	18	29	19	91	11	89	41	54	38	16	13
	65	75	82	51	29	15	36	81	74	20	80	80
	94	78	30	84	81	99	86	72	71	48	98	42
	18	98	60	88	81	91	32	40	79	53	61	29
	43	65	89	54	27	16	60	66	73	29	62	97
	45	15	43	90	43	69	37	30	20	47	65	99
	100	34	23	59	83	47	19	77	96	25	79	30
	88	71	80	62	41	95	66	31	73	59	26	71
	34	46	61	10	54	85	52	11	18	98	76	65
	90	44	56	95	21	91	60	55	80	26	79	35
	19	46	39	51	97	75	72	16	40	40	96	68
	45	12	21	66	36	37	51	72	41	40	89	45
	25	88	56	40	60	67	27	63	62	57	28	99
	38	45	22	14	45	72	59	38	98	96	13	48
	64	65	67	63	51	100	38	73	41	24	46	56
	57	54	56	79	86	77	41	77	21	29	42	57

	69	11	79	34	11	99	17	71	59	93	32	45
	36	93	41	20	99	35	53	12	84	42	68	85
	92	20	85	52	52	46	80	57	45	28	14	93
	70	34	95	36	31	74	86	47	92	71	64	37
	79	86	80	83	99	17	92	27	35	85	35	38
	99	58	67	66	87	80	70	30	74	47	68	22
	61	15	83	37	81	43	63	46	40	47	70	76
	63	14	32	56	89	94	71	61	91	70	57	65
	57	46	97	33	83	51	42	52	79	93	82	58
	51	42	91	46	19	71	61	81	36	74	61	86
	27	27	55	78	36	75	18	57	56	66	77	16
	25	99	51	77	25	78	49	99	50	34	55	66
	40	84	12	64	13	48	58	14	67	49	15	89
	71	18	16	75	39	95	90	77	41	65	85	64
	28	38	39	92	49	30	50	64	54	30	10	18
	58	51	48	43	28	92	13	97	80	53	56	48
	77	16	35	85	44	65	52	22	68	81	31	16
	75	38	70	24	76	36	43	59	11	40	41	40
	43	12	45	86	62	16	37	41	18	47	97	90
	25	91	29	42	25	15	62	22	82	42	23	68
	88	66	70	77	25	44	71	92	26	39	48	30
	66	83	86	69	64	87	59	38	15	21	90	99
	18	42	20	44	43	90	35	64	37	49	31	56
	50	53	77	86	73	70	19	93	58	20	25	28
	28	86	86	54	69	28	59	53	42	13	93	61
	51	45	53	56	49	25	41	43	51	26	76	37
	66	71	71	48	85	71	15	90	47	61	79	19
	13	89	17	29	88	74	68	22	84	81	15	91
	30	48	87	61	78	98	93	80	23	57	57	73
	98	63	66	48	62	58	59	79	99	80	98	13

	93	59	89	60	73	27	42	67	98	13	92	36
	83	88	15	27	21	80	26	28	68	73	14	31
	36	38	12	86	74	52	49	13	11	85	98	17
	65	88	22	55	56	61	13	19	31	21	19	35
	50	72	80	22	37	34	57	70	18	61	46	59
	64	96	69	56	87	90	98	58	66	53	20	12
	42	89	38	74	33	44	20	29	72	66	59	15
	95	78	62	49	50	40	20	38	47	41	42	32
	64	17	81	66	75	67	97	57	49	14	13	93
	53	94	52	56	100	79	75	65	29	14	57	37
	93	59	95	45	61	76	69	11	47	22	73	29
	56	56	40	50	85	57	45	88	83	36	33	21
	30	18	62	62	68	72	27	12	69	78	56	68
	83	51	18	37	27	83	18	15	18	98	33	91
	90	56	57	52	80	93	11	87	37	60	84	25
	30	65	98	59	12	29	85	77	11	50	91	43
	60	70	44	73	34	75	80	58	59	66	84	27
	92	46	67	98	91	62	24	59	24	92	14	51
	66	22	36	48	40	97	69	51	27	21	33	67
	94	82	85	59	87	78	50	96	60	68	57	19
	38	75	19	66	97	14	88	69	53	23	76	22
	58	52	100	40	36	90	20	73	80	44	40	12
	88	35	15	50	81	52	19	37	62	70	21	19
	75	20	92	38	50	26	94	88	63	86	78	10
	39	48	84	79	25	70	63	55	74	44	94	56
	74	49	48	57	89	49	97	76	67	58	73	14
	95	43	28	35	61	83	30	76	20	90	68	68
	42	32	88	83	88	77	26	93	90	84	22	26
	26	81	31	92	86	88	12	44	94	46	40	11
	76	63	73	41	99	22	52	28	88	51	41	19

