***** PARAMETERS PRP *****

Number of Customers = 30
Number of Products = 10
Number of Vehicles = 5
Number of Periods = 12

B = Production capacity
	49686

b_p = Time required to produce item p
 	1	1	1	1	1	1	1	1	1	1

c_p = Production cost of item p
 	800	300	800	800	300	800	300	800	800	800

s_p = Setup cost of item p
 	800	300	800	800	300	800	300	800	800	800

M = Big number
	198743

U_pi = Maximum inventory upper bound of item p at site i
 	198743	263	154	280	100	200	321	230	265	300	230	108	205	254	264	177	216	181	85	145	112	241	247	218	115	194	267	95	102	220	249
	198743	95	243	143	102	124	257	232	270	189	305	234	284	164	320	124	255	201	223	209	325	270	122	250	126	147	94	113	149	98	90
	198743	249	218	285	316	165	215	248	320	111	255	217	280	174	245	162	204	146	205	202	122	123	117	193	100	240	206	314	264	100	146
	198743	238	119	101	109	110	141	190	192	274	209	171	159	213	111	156	183	157	122	198	171	89	116	135	288	193	75	269	174	108	125
	198743	229	291	222	156	340	181	221	327	166	173	184	267	208	199	177	233	101	142	236	122	327	219	269	140	270	190	99	206	167	198
	198743	292	185	201	146	119	237	282	154	119	262	114	226	190	338	79	304	123	249	308	275	217	268	132	173	112	227	146	155	221	197
	198743	98	180	195	239	99	91	260	217	302	233	349	284	112	287	217	253	130	135	227	169	255	111	174	126	151	225	152	185	233	282
	198743	268	262	159	127	233	156	129	255	141	131	292	273	219	146	228	279	267	274	286	233	88	240	114	347	97	234	147	232	278	250
	198743	113	167	118	75	278	144	210	129	190	165	254	202	296	132	311	134	208	238	160	211	236	89	214	318	135	221	266	119	96	316
	198743	212	124	107	238	197	258	184	138	308	218	144	157	103	211	112	264	135	326	264	296	195	181	165	155	99	280	155	118	246	128

I_pi0 = Initial inventory of item p at site i
 	0	214	93	85	14	95	54	166	243	59	142	84	70	90	147	19	208	148	85	30	109	160	147	119	58	145	18	84	58	165	167
	0	64	64	95	56	110	238	31	58	33	56	109	140	64	192	72	128	111	200	49	274	215	104	46	56	106	82	27	93	44	74
	0	40	100	177	120	64	85	75	173	54	155	181	130	95	31	95	114	114	111	10	69	73	91	118	86	206	21	130	112	12	141
	0	187	50	91	93	90	25	50	154	193	136	128	100	164	83	78	43	144	76	27	128	87	81	118	156	77	46	134	159	94	74
	0	150	216	78	80	217	145	113	65	54	139	32	103	138	100	54	53	82	130	81	80	250	87	91	100	142	147	35	133	84	137
	0	140	167	126	87	34	66	158	70	103	163	112	80	150	167	29	216	71	22	178	121	191	208	90	47	27	223	96	93	206	79
	0	72	68	112	13	91	65	129	195	252	132	136	175	40	195	12	201	119	36	183	78	214	94	60	47	97	95	67	119	161	45
	0	83	183	117	81	93	119	115	238	110	68	70	66	209	134	138	220	95	85	110	68	62	120	113	188	55	81	94	227	159	75
	0	90	72	90	23	50	126	138	99	174	21	79	121	45	75	57	71	166	66	117	77	188	78	189	112	63	103	185	82	94	133
	0	158	71	57	214	63	212	140	136	184	176	98	28	37	88	68	134	66	74	42	86	174	150	155	86	82	103	71	85	96	67

h_pi = Inventory cost of item p at site i
 	8	8	7	1	9	5	8	3	6	6	8	8	5	6	2	1	5	2	7	9	1	1	3	1	2	7	2	2	2	1	6
	3	2	4	4	1	8	8	9	4	8	5	8	4	1	4	8	1	8	7	3	2	8	9	4	7	3	5	5	6	1	5
	8	4	4	1	6	4	7	8	9	2	7	4	3	6	4	4	7	8	4	5	3	1	6	9	2	6	6	3	3	8	8
	8	5	1	1	8	3	6	9	9	7	9	2	7	4	7	6	5	9	6	2	3	7	2	5	7	8	6	1	3	1	3
	3	5	2	8	3	8	6	4	2	2	6	3	7	2	2	5	2	4	5	9	6	9	9	8	3	5	4	3	4	5	5
	8	9	5	8	7	4	2	2	1	1	9	2	3	4	9	9	2	5	7	8	2	3	3	9	6	6	9	3	2	9	1
	3	4	6	2	8	3	4	4	8	7	9	6	5	8	1	7	7	9	3	2	3	2	5	8	1	3	7	1	4	5	6
	8	5	5	7	4	1	9	3	3	6	9	4	7	8	8	6	1	2	2	5	5	9	3	8	8	9	7	6	4	3	7
	8	1	1	9	1	3	5	4	3	5	3	5	2	8	1	9	6	7	1	5	2	3	2	3	2	5	4	2	1	6	8
	8	5	6	1	1	1	9	4	2	5	5	2	2	4	1	9	1	3	6	4	4	8	6	6	4	4	5	1	5	3	2

C = Vehicle capacity
	3490

f = Fixed transportation cost
	30411

a_ik = Transportation cost for traveling from node i to node k
 	0	451	214	130	211	452	218	123	344	245	292	443	323	682	699	398	481	295	677	704	245	560	357	202	312	522	764	602	234	397	123
	451	0	279	373	660	175	661	467	215	390	573	245	169	422	426	226	40	199	261	280	517	342	278	632	612	153	347	151	277	209	329
	214	279	0	216	419	240	396	290	280	132	302	380	120	620	632	334	299	215	534	556	243	507	331	363	339	395	622	425	25	184	126
	130	373	216	0	304	422	340	95	224	306	405	319	287	554	572	275	408	188	571	600	351	431	229	329	431	414	657	519	240	381	91
	211	660	419	304	0	659	107	227	528	413	363	618	533	841	860	576	691	491	874	903	347	720	523	143	360	718	961	810	437	602	331
	452	175	240	422	659	0	632	510	348	297	476	407	135	597	600	378	157	304	408	419	428	514	415	595	516	327	485	256	223	67	346
	218	661	396	340	107	632	0	284	560	358	270	658	516	892	910	613	687	513	894	920	266	769	568	46	262	739	981	811	410	569	338
	123	467	290	95	227	510	284	0	307	355	413	392	376	616	635	352	502	279	658	688	367	494	297	285	432	501	742	612	314	466	167
	344	215	280	224	528	348	560	307	0	411	566	105	250	349	363	57	255	66	353	384	507	230	67	545	600	197	436	334	295	344	237
	245	390	132	306	413	297	358	355	411	0	185	511	221	751	762	465	401	345	649	669	132	638	459	316	224	518	736	525	121	231	219
	292	573	302	405	363	476	270	413	566	185	0	670	405	914	927	623	585	503	831	852	60	796	603	226	40	696	919	709	298	410	340
	443	245	380	319	618	407	658	392	105	511	670	0	332	245	260	48	281	168	291	323	611	128	97	644	704	154	366	320	393	417	340
	323	169	120	287	533	135	516	376	250	221	405	332	0	555	563	292	182	192	429	449	349	454	313	483	444	304	515	308	112	102	213
	682	422	620	554	841	597	892	616	349	751	914	245	555	0	24	292	444	411	278	301	855	123	325	882	948	272	295	410	631	625	584
	699	426	632	572	860	600	910	635	363	762	927	260	563	24	0	307	446	425	268	288	868	142	343	900	962	274	279	405	642	630	599
	398	226	334	275	576	378	613	352	57	465	623	48	292	292	307	0	264	121	316	348	564	174	67	599	656	167	396	322	348	382	293
	481	40	299	408	691	157	687	502	255	401	585	281	182	444	446	264	0	237	258	273	530	372	317	657	624	173	340	127	293	201	360
	295	199	215	188	491	304	513	279	66	345	503	168	192	411	425	121	237	0	384	413	444	295	123	494	537	228	471	336	230	291	181
	677	261	534	571	874	408	894	658	353	649	831	291	429	278	268	316	258	384	0	32	774	283	382	871	870	157	89	163	534	458	557
	704	280	556	600	903	419	920	688	384	669	852	323	449	301	288	348	273	413	32	0	796	313	413	897	891	187	68	167	556	472	583
	245	517	243	351	347	428	266	367	507	132	60	611	349	855	868	564	530	444	774	796	0	737	545	221	96	637	862	655	241	362	283
	560	342	507	431	720	514	769	494	230	638	796	128	454	123	142	174	372	295	283	313	737	0	203	760	830	207	333	372	520	533	463
	357	278	331	229	523	415	568	297	67	459	603	97	313	325	343	67	317	123	382	413	545	203	0	558	635	233	460	386	348	410	265
	202	632	363	329	143	595	46	285	545	316	226	644	483	882	900	599	657	494	871	897	221	760	558	0	219	718	959	782	375	532	315
	312	612	339	431	360	516	262	432	600	224	40	704	444	948	962	656	624	537	870	891	96	830	635	219	0	733	957	749	337	449	371
	522	153	395	414	718	327	739	501	197	518	696	154	304	272	274	167	173	228	157	187	637	207	233	718	733	0	243	171	399	360	403
	764	347	622	657	961	485	981	742	436	736	919	366	515	295	279	396	340	471	89	68	862	333	460	959	957	243	0	232	622	539	645
	602	151	425	519	810	256	811	612	334	525	709	320	308	410	405	322	127	336	163	167	655	372	386	782	749	171	232	0	420	313	480
	234	277	25	240	437	223	410	314	295	121	298	393	112	631	642	348	293	230	534	556	241	520	348	375	337	399	622	420	0	165	150
	397	209	184	381	602	67	569	466	344	231	410	417	102	625	630	382	201	291	458	472	362	533	410	532	449	360	539	313	165	0	300
	123	329	126	91	331	346	338	167	237	219	340	340	213	584	599	293	360	181	557	583	283	463	265	315	371	403	645	480	150	300	0

coordXY = Coordinates (x,y): line zero => x line one => y column => customers
 	138	353	314	99	8	488	103	31	145	382	370	113	366	36	49	128	391	185	313	336	351	49	79	146	364	251	323	420	338	467	189
	745	349	625	621	911	460	960	686	402	737	921	303	517	71	52	348	337	454	92	70	865	193	393	946	960	236	4	214	625	523	634

d_pit = Demand of item p at customer i in period t
 	72	73	69	21	40	65	53	25	57	77	29	51
	93	95	85	72	95	16	94	81	66	58	78	93
	38	47	57	81	58	74	93	16	63	33	72	41
	14	27	93	22	86	27	64	57	67	56	46	42
	95	15	53	36	75	44	24	62	53	78	33	32
	21	33	55	43	96	81	26	70	97	81	78	89
	99	67	81	45	38	19	64	59	20	67	80	52
	63	94	65	21	24	16	60	59	81	29	40	84
	59	57	52	52	96	50	66	49	87	71	29	53
	39	20	15	68	62	30	67	16	38	98	79	21
	84	54	22	42	20	88	11	88	50	97	37	56
	70	49	21	97	88	86	51	65	20	91	88	94
	59	31	45	99	19	90	41	94	88	69	33	94
	73	74	87	87	86	19	55	32	59	82	40	98
	19	58	45	17	50	21	46	55	78	80	45	17
	95	86	27	52	46	33	52	74	25	52	34	71
	26	73	17	32	15	25	49	62	70	25	54	96
	13	40	32	53	22	77	67	37	48	28	61	32
	30	87	62	30	29	33	43	58	44	16	54	92
	25	84	72	29	45	77	49	61	33	90	56	48
	79	14	67	11	85	29	76	62	19	12	87	37
	24	26	84	13	55	86	22	54	18	97	63	51
	67	52	96	39	30	13	33	16	21	20	67	68
	58	94	82	21	38	64	55	53	55	97	14	56
	57	30	25	33	33	36	37	32	53	76	92	78
	18	33	37	31	54	75	96	51	62	45	71	67
	42	42	43	63	94	14	55	61	49	38	56	13
	58	80	43	23	21	43	66	81	64	97	25	12
	67	98	73	75	58	13	54	95	99	78	91	78
	50	75	42	93	60	79	24	87	75	80	66	15

	52	12	54	35	85	32	44	34	83	63	64	11
	64	48	19	32	56	18	47	58	76	73	41	50
	21	74	66	10	36	32	44	18	14	94	83	81
	38	18	92	30	94	44	30	87	11	17	90	60
	31	79	52	34	95	82	90	56	18	91	87	26
	40	41	89	68	24	87	91	70	34	70	100	56
	14	17	40	56	60	78	86	58	35	94	71	86
	58	98	55	58	31	14	22	11	85	34	95	86
	33	36	44	34	24	11	14	36	97	40	62	22
	56	83	91	49	62	37	66	56	50	58	40	83
	51	58	48	78	22	30	97	24	60	90	84	59
	56	84	96	78	40	10	43	20	74	91	48	42
	21	28	15	19	57	66	22	59	43	36	89	37
	69	79	13	31	97	34	60	83	95	67	63	77
	72	65	12	65	93	90	17	84	55	95	46	48
	30	98	38	32	19	94	65	41	89	45	45	17
	26	85	81	80	50	22	55	79	13	27	31	55
	46	16	89	49	68	46	53	92	52	91	40	28
	49	23	77	93	64	34	21	49	21	19	92	86
	94	83	97	23	51	34	66	44	86	56	52	95
	85	83	47	60	88	58	40	43	13	42	72	17
	46	39	19	44	58	19	19	67	16	82	28	51
	23	23	77	11	44	84	74	54	11	92	91	15
	20	36	10	44	20	65	66	89	40	60	23	30
	89	17	28	78	31	11	91	33	57	45	23	83
	13	13	56	18	29	29	70	31	69	69	72	94
	27	76	43	65	11	61	52	68	53	53	76	92
	93	52	93	98	76	69	86	83	33	80	85	48
	44	68	24	71	67	21	81	37	28	72	36	36
	74	44	44	16	92	23	38	17	28	97	40	27

	40	72	96	71	84	73	12	84	44	41	59	72
	100	52	43	23	85	36	72	38	96	51	25	34
	68	80	29	23	57	90	69	96	35	59	62	16
	92	28	46	54	33	76	90	46	99	30	99	66
	16	13	35	58	27	16	42	37	92	67	26	66
	85	42	40	63	13	28	97	34	52	33	11	18
	75	90	70	31	79	49	93	73	12	34	95	44
	80	77	16	63	87	55	61	74	78	61	55	62
	22	32	94	13	87	73	78	46	96	19	50	56
	42	65	48	71	12	63	86	48	32	28	78	39
	93	88	69	66	29	47	97	79	82	94	54	68
	66	64	66	48	62	75	86	47	82	11	49	15
	95	54	63	11	77	33	23	16	56	51	30	13
	31	44	54	83	93	53	79	36	72	91	40	58
	95	30	81	19	60	20	44	61	78	33	86	40
	81	33	42	71	83	87	48	95	92	65	32	87
	34	56	24	71	71	49	15	17	70	60	94	24
	29	39	43	57	43	18	19	61	31	59	47	45
	10	54	88	71	80	39	62	55	92	93	76	87
	56	13	61	16	39	73	47	30	45	12	55	41
	73	59	69	46	58	37	88	33	64	90	95	27
	39	41	11	98	96	84	88	38	32	98	51	27
	58	60	79	95	90	80	57	47	12	23	95	75
	25	61	82	72	22	15	49	62	81	16	54	63
	52	88	25	41	32	70	81	20	25	96	29	17
	21	82	72	23	54	34	14	66	49	62	92	50
	96	34	38	90	27	56	86	47	71	74	67	68
	53	59	84	93	92	15	16	96	83	78	91	33
	12	39	50	65	45	37	15	70	54	95	92	23
	68	73	66	29	49	87	12	23	24	37	23	93

	97	90	51	20	87	71	13	44	41	22	19	17
	19	31	88	38	57	93	26	67	90	33	99	72
	91	65	59	21	60	33	93	67	22	27	38	30
	59	34	66	89	36	60	73	12	20	52	72	78
	90	89	40	48	19	38	12	88	57	43	75	60
	25	17	54	11	12	55	64	31	94	40	72	89
	50	49	26	13	25	95	83	72	43	15	70	29
	93	61	30	85	28	26	64	72	12	71	24	11
	62	56	75	82	60	62	88	66	91	71	55	55
	32	18	86	33	79	30	69	35	78	73	29	66
	78	50	20	94	39	46	36	38	87	65	36	94
	40	60	81	12	45	74	74	19	76	60	49	46
	43	86	35	86	37	96	81	52	68	99	75	92
	33	50	60	36	11	76	17	92	73	92	74	53
	60	18	28	58	92	34	28	58	60	64	67	58
	43	11	22	28	87	41	41	89	24	62	60	40
	64	51	29	50	19	90	43	94	62	46	30	51
	76	78	92	45	70	14	80	32	92	19	37	98
	27	27	58	29	83	10	62	38	15	37	71	18
	63	15	19	31	95	48	71	75	78	74	92	23
	24	63	81	20	40	44	13	26	68	31	83	43
	21	60	75	41	51	42	100	92	79	37	32	66
	64	54	24	91	46	78	85	87	99	71	23	85
	99	57	69	70	22	22	44	93	91	25	20	80
	59	18	31	43	98	16	75	67	26	26	27	92
	46	56	54	11	34	38	33	29	14	65	47	23
	50	84	100	94	10	53	60	54	12	47	24	58
	73	86	96	20	70	25	83	17	64	91	20	52
	22	72	46	91	53	31	92	93	51	12	24	59
	74	85	37	41	98	15	79	48	30	90	94	59

	26	46	38	40	87	74	75	59	88	27	75	53
	42	84	90	84	57	11	51	82	36	46	18	98
	78	19	97	75	60	33	68	68	13	54	33	68
	38	42	88	51	40	62	66	74	49	42	29	43
	34	67	34	82	90	66	54	81	89	89	59	72
	67	11	67	20	18	40	82	82	90	99	59	87
	60	53	39	20	92	20	20	33	51	61	69	12
	65	93	53	28	44	99	44	36	71	74	95	82
	41	13	28	43	98	77	43	82	70	17	76	74
	53	86	73	11	31	89	54	91	92	60	25	26
	32	70	94	64	93	25	28	92	73	14	62	88
	52	40	11	85	100	15	59	18	65	25	73	97
	60	78	92	72	23	88	97	96	32	41	93	58
	54	46	96	71	18	60	97	39	93	84	91	45
	54	83	57	69	22	20	49	47	91	59	92	63
	53	70	82	13	92	58	42	71	63	94	43	18
	82	23	61	93	22	72	22	45	38	96	23	31
	100	12	18	18	32	12	37	15	99	93	76	56
	81	84	68	53	92	29	15	13	10	69	38	14
	80	22	72	25	82	95	50	80	38	69	31	85
	29	92	83	46	97	72	79	52	99	38	25	72
	39	48	27	59	68	43	65	49	51	64	85	60
	55	20	16	52	70	63	55	59	59	67	59	71
	64	36	87	85	92	19	95	97	78	46	90	50
	52	44	46	72	89	67	85	37	71	84	66	96
	68	79	69	44	83	45	63	76	80	75	36	40
	35	27	63	85	48	94	88	17	42	35	46	11
	45	88	85	69	85	97	36	92	68	48	82	27
	43	41	96	65	29	42	26	76	45	59	59	85
	25	29	31	52	91	98	71	23	69	45	23	38

	71	69	69	83	93	24	89	28	57	30	70	17
	81	86	38	46	67	46	62	92	28	63	73	58
	33	93	45	67	73	31	60	52	32	25	82	11
	87	38	49	98	12	12	34	59	27	40	28	100
	34	89	46	18	98	62	91	80	27	51	82	34
	16	29	21	33	32	24	67	97	57	64	64	64
	75	19	44	20	76	85	46	57	46	83	78	47
	45	13	12	99	45	52	67	82	44	99	13	43
	79	24	53	82	53	95	39	20	61	43	68	95
	53	95	15	59	36	83	59	14	24	77	71	43
	18	37	57	96	98	39	84	90	20	30	95	19
	80	66	93	29	77	88	90	88	65	77	73	77
	83	67	39	77	58	14	13	86	84	89	82	66
	12	71	84	54	94	92	99	94	40	64	80	27
	29	55	55	30	11	13	41	65	36	75	14	52
	27	94	27	68	64	20	63	43	63	100	81	80
	71	58	32	25	46	24	39	23	38	20	19	95
	22	69	79	56	48	16	96	41	46	29	79	16
	21	58	99	17	35	77	91	92	25	58	71	94
	44	77	43	45	79	70	50	93	18	34	17	90
	65	36	90	79	53	11	84	67	49	31	71	14
	85	31	92	55	55	35	41	57	90	23	54	25
	90	87	61	64	14	30	58	82	51	96	72	88
	47	61	96	37	74	96	70	17	30	24	63	77
	27	95	59	37	12	79	90	63	11	86	26	84
	82	79	62	71	55	25	92	21	82	22	70	20
	42	54	36	17	81	45	45	82	63	80	20	18
	93	36	35	85	25	33	43	93	67	49	26	36
	34	48	87	37	12	37	98	99	38	43	61	70
	79	17	48	44	51	56	15	70	61	58	30	61

	20	52	48	20	48	79	44	14	56	69	72	67
	68	47	41	80	67	75	68	33	14	89	65	72
	91	21	43	58	81	64	62	69	47	24	14	11
	13	28	16	52	75	62	99	26	21	41	76	64
	40	51	67	27	18	61	20	59	55	76	21	100
	65	24	33	19	12	12	79	61	87	35	20	98
	92	37	48	57	71	57	10	45	48	62	65	33
	28	81	14	72	73	88	83	45	79	23	32	32
	89	86	58	19	75	14	65	89	64	20	75	70
	53	19	60	76	35	93	90	47	100	24	45	58
	48	88	97	72	54	61	83	27	91	76	69	72
	98	77	53	62	19	64	89	30	18	52	24	95
	27	13	61	77	24	58	27	93	99	69	95	31
	61	68	12	54	29	69	98	77	88	76	31	26
	12	98	70	81	19	11	20	39	26	33	38	73
	43	62	96	41	31	67	16	80	66	27	56	22
	58	29	32	88	19	70	17	23	13	70	36	66
	16	20	66	82	19	25	43	61	65	59	48	35
	91	92	93	82	71	25	47	72	92	68	78	95
	78	95	29	43	86	18	45	58	70	38	42	75
	96	33	85	26	61	43	44	84	34	81	11	14
	94	66	72	80	71	20	36	57	40	40	43	45
	60	85	31	20	23	91	47	90	50	77	29	91
	47	92	96	64	17	51	56	32	85	78	62	76
	67	30	34	41	27	95	68	92	15	91	31	13
	95	64	42	93	85	82	25	88	81	61	99	85
	67	90	49	30	38	36	41	63	58	81	20	34
	14	46	59	62	90	42	62	85	68	59	69	82
	10	91	60	47	11	12	76	82	25	25	96	23
	45	18	36	31	74	87	95	40	92	30	37	92

	27	21	35	75	23	60	33	72	81	52	76	87
	61	41	81	46	59	86	96	19	95	15	99	89
	21	96	50	19	27	61	50	70	100	16	42	82
	16	65	54	10	57	80	12	47	84	32	37	15
	20	73	92	84	77	26	82	73	52	69	17	33
	99	20	63	32	77	41	33	51	46	61	26	75
	92	23	61	52	15	70	43	87	84	69	100	77
	79	95	64	89	72	40	46	54	81	34	55	55
	11	99	71	14	54	28	99	96	15	30	38	10
	68	60	78	94	68	13	43	41	75	95	79	72
	70	22	80	58	32	59	46	76	60	74	47	77
	21	45	20	80	84	77	33	44	60	95	82	15
	28	99	82	63	87	77	54	10	22	38	36	62
	38	36	60	94	64	13	70	81	10	67	14	36
	46	44	16	32	18	30	66	61	68	30	55	82
	99	97	24	96	93	76	87	85	66	63	14	36
	34	61	50	84	46	81	83	91	19	87	81	84
	85	74	60	51	83	94	30	66	84	72	30	92
	45	65	67	43	15	50	87	97	48	69	38	63
	18	16	34	95	54	47	89	38	95	50	82	82
	62	12	65	45	53	15	21	66	19	63	75	30
	67	28	25	18	68	22	44	87	52	33	77	54
	70	43	56	73	62	33	47	39	59	61	77	61
	35	20	60	73	84	94	100	80	64	30	94	98
	55	53	49	57	13	27	94	43	85	19	17	68
	68	13	47	40	90	56	14	64	81	96	96	37
	72	22	38	39	79	85	68	74	16	20	57	19
	12	61	97	57	26	23	99	80	80	36	39	87
	54	68	37	97	22	19	35	16	71	65	91	93
	24	51	52	84	69	98	60	37	41	86	85	64

	90	61	73	20	63	10	78	94	44	82	16	45
	60	12	97	38	34	80	100	53	85	19	53	38
	90	46	40	11	75	58	11	72	54	70	97	82
	23	64	46	43	37	36	29	48	21	22	27	53
	50	35	79	24	12	97	34	96	89	23	80	49
	22	71	33	54	50	86	46	22	68	39	27	56
	69	69	81	33	91	83	44	81	88	58	50	91
	51	48	75	78	86	77	41	53	56	64	85	59
	98	76	30	73	55	75	77	51	66	63	20	74
	21	81	95	34	38	56	80	39	98	27	19	73
	79	19	80	49	61	88	83	86	20	66	39	92
	53	54	14	41	58	25	18	57	85	80	35	86
	45	74	64	82	48	75	42	82	53	40	15	90
	17	58	74	68	12	16	56	73	30	59	45	18
	57	37	83	92	64	39	10	87	55	54	83	85
	71	93	70	37	91	83	66	91	29	70	44	58
	67	84	15	55	99	32	58	26	48	47	51	43
	66	94	52	75	11	58	55	64	18	14	33	30
	59	58	85	44	33	13	20	78	45	98	50	55
	64	13	27	86	88	51	33	67	10	48	56	89
	76	70	42	89	14	89	51	19	36	71	75	77
	54	24	12	76	43	39	52	14	75	26	68	49
	75	17	97	16	33	56	47	99	64	86	36	15
	84	28	12	99	45	53	88	90	46	52	70	96
	63	14	48	48	35	87	77	12	73	17	44	20
	26	77	29	42	67	48	44	61	75	46	71	76
	77	33	75	35	16	87	90	99	67	61	73	86
	34	48	16	39	33	24	26	21	82	62	22	68
	21	73	11	47	45	52	94	50	45	80	10	47
	85	48	99	85	44	78	56	63	68	11	39	82

	75	83	14	45	79	73	43	84	18	71	35	16
	51	20	24	34	36	88	49	49	32	46	17	51
	24	33	99	63	70	37	17	14	73	63	99	47
	83	75	18	38	11	18	65	60	41	30	86	46
	39	24	73	19	29	52	70	66	15	26	44	15
	32	60	72	48	69	59	94	51	66	100	69	54
	74	66	76	81	51	59	32	40	62	34	72	90
	46	26	64	98	53	97	67	55	83	96	52	92
	91	93	63	40	81	76	22	42	67	58	79	27
	51	64	19	42	84	17	94	49	97	76	21	41
	98	61	25	95	26	25	21	36	67	21	53	48
	28	44	15	51	29	39	71	57	91	86	77	38
	37	40	38	27	44	97	34	37	40	84	89	49
	88	16	49	54	44	94	42	99	56	29	44	19
	68	82	88	98	20	21	47	64	76	51	16	42
	71	63	56	10	88	19	49	71	57	90	30	29
	66	96	76	72	98	30	80	80	82	42	23	62
	32	42	80	51	62	69	96	100	88	70	63	30
	15	27	83	19	71	50	53	83	71	41	78	42
	54	32	21	91	48	54	86	74	74	48	81	48
	60	33	81	53	58	41	70	73	36	51	14	14
	74	76	88	51	87	76	36	15	88	33	27	72
	65	60	30	10	73	44	74	19	45	34	17	23
	86	89	71	74	12	33	35	29	22	73	41	53
	82	51	33	43	45	15	76	45	53	80	22	49
	18	85	50	29	86	29	13	28	69	84	97	85
	13	58	15	48	99	41	21	10	27	10	30	93
	64	21	70	75	21	61	93	70	61	73	17	80
	96	32	81	88	98	62	25	19	13	78	83	62
	67	95	89	86	62	77	30	25	42	73	63	61

