***** PARAMETERS PRP *****

Number of Customers = 30
Number of Products = 10
Number of Vehicles = 5
Number of Periods = 12

B = Production capacity
	49492

b_p = Time required to produce item p
 	1	1	1	1	1	1	1	1	1	1

c_p = Production cost of item p
 	30	80	80	30	80	80	30	80	30	30

s_p = Setup cost of item p
 	300	800	800	300	800	800	300	800	300	300

M = Big number
	197968

U_pi = Maximum inventory upper bound of item p at site i
 	197968	72	100	93	98	210	107	111	189	108	205	196	262	233	137	310	325	105	150	309	167	152	180	198	213	124	102	118	235	234	196
	197968	262	279	121	227	167	135	147	126	99	156	155	231	164	188	271	166	193	192	179	159	225	162	199	99	103	116	198	225	165	118
	197968	146	315	107	166	88	134	125	243	130	141	231	156	93	292	105	290	240	277	232	115	241	332	128	161	242	116	214	222	251	300
	197968	134	192	335	177	119	126	169	171	190	196	119	308	119	162	171	169	114	238	123	106	205	218	319	116	125	265	159	204	294	210
	197968	252	267	212	248	283	89	261	127	165	97	267	149	291	99	201	139	221	310	250	337	271	128	170	90	118	304	149	150	188	235
	197968	224	118	211	220	172	143	243	203	177	203	116	223	137	247	258	165	132	143	207	192	259	125	146	179	160	205	230	159	110	121
	197968	272	188	93	198	125	269	254	212	80	160	140	92	193	194	151	114	246	154	185	151	124	191	229	136	205	255	119	138	194	140
	197968	307	303	112	304	269	177	134	103	92	218	143	157	137	114	276	212	251	154	298	261	120	128	183	177	200	130	122	225	172	87
	197968	238	209	230	105	226	269	251	227	207	145	207	80	111	89	127	200	242	125	82	242	222	120	131	124	123	107	280	197	188	176
	197968	244	297	95	215	229	86	209	307	253	218	100	254	330	242	145	134	179	244	160	183	305	216	232	214	223	116	266	217	269	91

I_pi0 = Initial inventory of item p at site i
 	0	65	41	89	41	25	70	51	46	40	187	25	121	100	130	243	196	94	134	30	111	121	46	134	188	16	31	88	159	82	165
	0	65	161	75	185	147	95	74	82	26	148	82	76	100	79	193	161	48	162	179	84	162	142	67	67	51	32	156	79	12	82
	0	36	175	102	34	66	95	49	203	115	81	147	141	27	184	98	86	85	191	180	71	142	219	96	147	121	38	110	92	37	292
	0	114	127	217	48	83	110	105	145	106	155	80	180	26	21	142	129	99	35	81	72	66	133	301	48	116	87	74	170	23	151
	0	55	233	94	185	237	24	61	77	130	79	195	30	236	82	161	129	136	97	178	80	32	128	75	87	66	89	66	105	166	178
	0	94	65	35	141	156	96	82	179	163	134	31	161	136	184	151	109	124	111	154	132	160	98	138	84	115	114	68	147	60	120
	0	146	58	0	147	108	54	237	160	60	113	114	58	89	181	70	51	87	100	153	38	74	156	156	63	153	143	76	56	183	70
	0	87	264	63	64	28	98	127	51	33	56	70	84	85	100	236	166	142	38	41	82	117	54	182	155	165	71	120	166	170	75
	0	205	96	122	74	74	18	58	35	140	135	36	11	25	42	98	60	35	96	18	137	107	113	128	43	79	74	231	71	170	93
	0	203	70	79	162	122	13	158	260	70	144	35	187	56	125	28	129	45	66	152	124	169	161	183	202	204	57	129	164	68	45

h_pi = Inventory cost of item p at site i
 	3	8	1	8	4	1	9	2	6	9	5	8	9	7	3	9	2	2	6	9	4	6	5	8	6	8	7	7	2	2	6
	8	4	7	3	4	9	2	6	7	8	9	1	6	6	6	3	6	3	8	2	9	1	1	4	6	6	3	1	5	1	1
	8	6	9	9	6	8	8	1	5	5	9	4	5	8	7	6	2	1	4	5	4	1	2	8	3	9	2	5	4	4	6
	3	3	6	2	2	6	9	1	9	6	7	8	4	9	1	1	9	5	8	5	2	8	1	9	2	9	9	9	2	4	4
	8	8	3	8	8	7	5	7	2	9	8	4	7	3	1	1	2	8	3	6	4	4	1	4	9	3	8	3	4	9	6
	8	4	6	1	9	3	3	3	6	3	3	8	8	2	6	2	9	4	5	8	4	9	2	5	1	9	4	8	4	7	5
	3	9	7	9	8	8	8	7	3	5	9	8	4	5	4	3	6	8	4	8	2	6	3	9	8	2	8	3	5	8	1
	8	2	4	9	7	9	9	8	9	5	2	9	7	8	3	2	5	1	8	2	4	4	7	8	3	3	6	9	8	9	8
	3	9	8	7	8	1	6	7	7	3	2	6	2	9	2	1	1	2	4	8	6	4	6	2	8	6	7	6	4	1	2
	3	8	3	7	7	8	4	8	8	8	9	3	1	1	1	3	6	2	4	1	8	8	3	3	9	8	1	7	1	7	2

C = Vehicle capacity
	3370

f = Fixed transportation cost
	152210

a_ik = Transportation cost for traveling from node i to node k
 	0	725	2415	3955	2290	3630	3920	1270	2205	1965	4290	1825	2085	2095	3485	1870	1975	1415	3210	1210	4600	2850	835	745	2600	3395	4280	3065	1895	1195	1895
	725	0	2360	3935	2400	3360	3590	1500	1490	1620	4075	2055	1760	1380	3270	1330	1255	1465	2945	650	4525	2550	130	80	2320	3395	4230	2800	1650	525	1540
	2415	2360	0	1580	555	1415	1810	1260	3035	1055	1935	970	955	2970	1185	1650	2760	1010	1050	1885	2195	940	2425	2285	780	1040	1880	960	830	2150	1110
	3955	3935	1580	0	1710	1360	1695	2725	4465	2500	1115	2245	2360	4415	1145	3075	4210	2550	1465	3435	700	1795	3995	3860	1885	565	345	1550	2340	3700	2570
	2290	2400	555	1710	0	1905	2315	1030	3315	1430	2325	545	1370	3240	1650	1985	3030	940	1575	2055	2390	1490	2485	2330	1320	1150	2045	1500	1160	2310	1465
	3630	3360	1415	1360	1905	0	430	2625	3470	1745	755	2380	1605	3450	285	2190	3255	2315	425	2750	1525	820	3385	3285	1045	1295	1420	570	1745	2985	1830
	3920	3590	1810	1695	2315	430	0	2985	3530	1980	805	2780	1850	3520	710	2345	3340	2660	770	2960	1710	1075	3605	3515	1325	1700	1685	885	2030	3175	2060
	1270	1500	1260	2725	1030	2625	2985	0	2710	1335	3195	570	1380	2615	2430	1650	2420	365	2225	1370	3390	1955	1605	1445	1715	2160	3055	2100	1105	1580	1310
	2205	1490	3035	4465	3315	3470	3530	2710	0	1995	4220	3165	2115	115	3500	1400	295	2505	3130	1340	4910	2725	1370	1485	2590	4010	4690	3000	2210	1150	1930
	1965	1620	1055	2500	1430	1745	1980	1335	1995	0	2470	1500	150	1935	1675	595	1725	980	1335	1010	3010	930	1640	1540	710	2025	2750	1190	285	1255	85
	4290	4075	1935	1115	2325	755	805	3195	4220	2470	0	2855	2325	4200	810	2940	4010	2920	1140	3475	930	1555	4105	3995	1765	1370	980	1285	2435	3715	2550
	1825	2055	970	2245	545	2380	2780	570	3165	1500	2855	0	1490	3075	2145	1955	2875	660	2020	1840	2930	1845	2155	1995	1635	1690	2585	1920	1225	2075	1505
	2085	1760	955	2360	1370	1605	1850	1380	2115	150	2325	1490	0	2065	1525	720	1855	1020	1190	1155	2865	790	1785	1685	565	1900	2610	1045	280	1400	230
	2095	1380	2970	4415	3240	3450	3520	2615	115	1935	4200	3075	2065	0	3470	1350	215	2420	3100	1250	4875	2695	1260	1375	2550	3960	4645	2970	2145	1045	1870
	3485	3270	1185	1145	1650	285	710	2430	3500	1675	810	2145	1525	3470	0	2170	3270	2135	370	2680	1425	780	3305	3190	965	1020	1260	505	1625	2920	1755
	1870	1330	1650	3075	1985	2190	2345	1650	1400	595	2940	1955	720	1350	2170	0	1140	1340	1810	690	3550	1395	1310	1260	1220	2615	3310	1670	840	850	540
	1975	1255	2760	4210	3030	3255	3340	2420	295	1725	4010	2875	1855	215	3270	1140	0	2215	2900	1055	4670	2490	1145	1240	2345	3745	4440	2770	1935	870	1660
	1415	1465	1010	2550	940	2315	2660	365	2505	980	2920	660	1020	2420	2135	1340	2215	0	1905	1180	3190	1615	1555	1400	1365	1995	2870	1775	745	1425	960
	3210	2945	1050	1465	1575	425	770	2225	3130	1335	1140	2020	1190	3100	370	1810	2900	1905	0	2340	1790	420	2975	2870	630	1225	1610	150	1320	2580	1415
	1210	650	1885	3435	2055	2750	2960	1370	1340	1010	3475	1840	1155	1250	2680	690	1055	1180	2340	0	3990	1935	645	580	1715	2920	3710	2195	1100	265	930
	4600	4525	2195	700	2390	1525	1710	3390	4910	3010	930	2930	2865	4875	1425	3550	4670	3190	1790	3990	0	2185	4575	4450	2335	1245	355	1915	2895	4245	3085
	2850	2550	940	1795	1490	820	1075	1955	2725	930	1555	1845	790	2695	780	1395	2490	1615	420	1935	2185	0	2570	2470	255	1460	1980	280	960	2170	1015
	835	130	2425	3995	2485	3385	3605	1605	1370	1640	4105	2155	1785	1260	3305	1310	1145	1555	2975	645	4575	2570	0	165	2345	3460	4290	2825	1695	475	1560
	745	80	2285	3860	2330	3285	3515	1445	1485	1540	3995	1995	1685	1375	3190	1260	1240	1400	2870	580	4450	2470	165	0	2240	3320	4155	2720	1575	475	1460
	2600	2320	780	1885	1320	1045	1325	1715	2590	710	1765	1635	565	2550	965	1220	2345	1365	630	1715	2335	255	2345	2240	0	1485	2100	485	710	1960	790
	3395	3395	1040	565	1150	1295	1700	2160	4010	2025	1370	1690	1900	3960	1020	2615	3745	1995	1225	2920	1245	1460	3460	3320	1485	0	900	1265	1840	3185	2095
	4280	4230	1880	345	2045	1420	1685	3055	4690	2750	980	2585	2610	4645	1260	3310	4440	2870	1610	3710	355	1980	4290	4155	2100	900	0	1720	2615	3970	2825
	3065	2800	960	1550	1500	570	885	2100	3000	1190	1285	1920	1045	2970	505	1670	2770	1775	150	2195	1915	280	2825	2720	485	1265	1720	0	1180	2435	1270
	1895	1650	830	2340	1160	1745	2030	1105	2210	285	2435	1225	280	2145	1625	840	1935	745	1320	1100	2895	960	1695	1575	710	1840	2615	1180	0	1360	310
	1195	525	2150	3700	2310	2985	3175	1580	1150	1255	3715	2075	1400	1045	2920	850	870	1425	2580	265	4245	2170	475	475	1960	3185	3970	2435	1360	0	1170
	1895	1540	1110	2570	1465	1830	2060	1310	1930	85	2550	1505	230	1870	1755	540	1660	960	1415	930	3085	1015	1560	1460	790	2095	2825	1270	310	1170	0

coordXY = Coordinates (x,y): line zero => x line one => y column => customers
 	460	316	330	329	440	102	18	466	23	203	107	495	200	45	158	142	66	397	141	240	252	143	294	312	177	357	294	149	255	226	206
	73	67	538	853	530	704	720	326	15	370	854	436	399	17	701	268	54	348	629	172	969	546	55	82	509	744	912	601	391	121	354

d_pit = Demand of item p at customer i in period t
 	18	14	33	78	28	35	91	10	35	18	13	56
	41	66	16	17	25	16	96	64	80	50	92	35
	89	75	41	20	23	16	38	15	52	89	11	91
	41	60	76	62	35	58	75	50	26	26	49	29
	25	96	45	43	22	41	43	26	64	63	74	89
	25	45	57	53	98	69	44	31	17	89	35	77
	51	85	97	20	87	35	67	44	35	55	46	46
	20	26	68	47	39	33	44	79	44	52	36	79
	40	91	26	19	20	14	69	90	29	91	90	67
	53	13	27	94	15	18	80	44	27	67	38	17
	25	35	54	20	38	90	76	50	90	70	22	19
	55	34	32	86	26	68	77	39	21	67	82	41
	35	25	40	83	48	11	21	31	82	69	67	46
	46	49	35	17	26	46	48	15	41	52	92	80
	27	80	84	52	99	46	91	86	26	75	12	67
	76	32	88	46	96	32	36	76	68	86	80	63
	75	19	45	32	85	84	43	36	41	74	52	42
	65	29	40	49	89	19	41	17	65	98	46	43
	30	40	60	48	58	81	86	86	27	73	66	86
	48	63	95	83	50	79	55	63	51	18	46	15
	21	100	15	74	87	16	98	22	11	49	19	96
	28	18	57	50	66	75	31	71	39	21	50	34
	63	71	77	62	73	15	20	12	26	77	10	88
	80	29	79	31	86	44	42	23	86	34	21	85
	16	28	43	29	33	29	44	89	19	32	90	43
	31	36	65	72	18	83	38	24	55	92	76	23
	88	71	14	57	47	29	43	62	47	77	99	74
	48	65	46	44	68	39	63	68	13	47	12	52
	17	65	81	47	65	66	66	24	65	19	86	100
	57	31	77	94	48	14	90	80	75	85	95	38

	65	13	82	15	69	28	43	95	34	52	61	71
	96	27	38	36	100	53	44	83	65	33	23	71
	16	47	12	16	34	31	30	77	80	28	42	72
	11	43	88	43	69	96	11	71	83	59	44	62
	65	82	47	68	42	38	75	27	22	79	96	28
	16	35	44	17	24	16	85	94	52	75	46	37
	34	40	89	36	28	63	89	62	28	61	42	16
	43	39	12	77	11	74	75	17	15	21	89	29
	26	34	67	50	19	56	35	65	66	47	72	56
	54	47	47	22	52	41	92	25	16	13	43	17
	82	96	81	35	36	44	37	92	14	12	36	54
	32	15	29	68	52	54	50	52	38	72	51	41
	12	66	22	54	92	36	49	32	65	99	43	84
	49	30	25	51	45	64	22	48	37	63	63	67
	72	70	51	83	62	44	91	89	75	88	60	27
	78	56	27	65	23	92	95	24	58	66	26	54
	22	11	15	59	80	46	97	51	56	44	61	37
	93	69	89	47	21	89	73	49	61	49	96	33
	58	69	14	38	94	96	69	26	71	100	67	15
	59	25	82	55	98	20	55	70	31	12	82	47
	35	44	83	16	37	18	84	52	47	37	34	52
	61	81	27	61	30	28	53	49	52	64	49	93
	67	53	59	70	62	87	72	27	76	84	79	58
	21	15	31	66	27	80	59	63	44	92	65	32
	51	70	85	88	18	35	46	17	51	52	50	55
	32	96	74	15	81	54	40	11	78	97	90	28
	76	80	76	53	19	70	23	25	50	55	43	23
	79	81	87	25	18	96	59	42	23	61	11	92
	12	84	68	89	32	29	88	23	19	84	36	95
	31	51	87	87	75	88	39	66	93	17	43	31

	36	54	31	35	48	55	79	96	14	11	89	36
	80	95	97	44	67	75	47	35	33	66	43	73
	75	27	82	56	62	16	90	39	64	38	59	34
	34	63	54	76	57	83	31	25	92	38	42	70
	38	28	30	11	20	47	75	70	46	62	48	52
	26	57	12	95	38	65	18	65	14	42	63	39
	49	67	25	39	99	96	48	72	39	83	42	88
	95	40	68	21	21	62	18	38	65	24	54	77
	72	14	29	57	71	93	27	92	60	90	86	88
	81	79	95	39	87	13	73	99	18	72	93	99
	82	21	23	21	58	99	93	51	45	60	44	95
	30	30	25	56	34	62	85	91	50	86	45	29
	27	75	53	46	36	46	20	21	36	74	69	52
	89	11	84	21	25	39	86	70	76	46	55	98
	61	16	21	43	68	75	64	64	15	76	50	77
	24	10	52	94	10	90	15	99	68	98	83	53
	85	16	59	71	41	55	79	31	36	32	36	36
	99	92	67	48	24	81	55	34	98	11	22	33
	85	95	97	26	10	60	24	72	51	62	33	80
	71	45	13	84	67	84	10	21	77	65	89	62
	13	72	46	11	66	51	62	58	34	91	32	43
	56	74	54	35	83	55	99	44	49	94	85	69
	96	92	72	48	72	71	50	55	20	67	85	38
	80	67	33	20	79	70	46	19	73	34	82	40
	16	35	70	69	27	46	59	97	79	86	60	83
	38	91	81	11	15	94	70	55	54	31	63	95
	50	60	22	61	90	85	75	92	78	56	99	89
	63	29	91	65	98	38	79	15	30	51	63	43
	37	86	55	93	85	64	19	50	89	93	28	53
	25	88	99	80	97	49	66	99	69	80	85	63

	47	67	94	57	85	71	84	60	95	79	47	19
	92	35	88	64	42	29	54	14	76	16	27	39
	79	74	64	52	46	75	56	77	65	44	83	88
	36	12	27	92	77	64	12	34	20	85	30	43
	24	17	42	38	49	97	81	76	98	46	95	51
	72	38	68	82	82	25	34	90	62	42	74	89
	56	49	78	11	60	90	70	39	33	91	31	68
	60	85	41	55	13	38	63	14	40	21	17	67
	23	83	56	75	12	41	65	20	68	45	41	42
	86	51	18	53	27	53	54	58	87	76	11	14
	31	49	60	95	51	97	61	75	40	63	59	30
	93	37	50	82	95	82	71	90	13	49	21	56
	26	96	50	69	89	94	38	72	27	81	37	33
	21	15	86	98	33	85	90	73	48	21	49	29
	78	64	76	36	88	52	94	13	61	19	81	21
	52	57	20	86	57	45	49	69	22	51	96	70
	16	83	60	75	80	57	21	57	29	96	94	13
	35	96	16	38	45	70	24	13	64	31	87	53
	81	58	62	71	29	78	80	77	49	78	31	42
	72	59	34	88	88	28	70	43	18	46	73	18
	38	28	94	35	45	63	19	77	76	42	58	39
	36	97	87	37	15	30	81	60	13	35	90	73
	53	93	99	56	11	91	10	78	77	94	44	59
	48	33	30	99	71	58	71	94	24	77	50	41
	46	70	96	85	74	88	76	38	22	47	79	29
	87	99	91	71	32	11	95	64	33	69	50	94
	33	41	67	35	36	79	86	81	79	38	39	21
	91	79	83	69	55	35	88	42	16	72	96	90
	23	96	91	89	32	88	16	15	43	97	25	91
	99	52	95	76	54	22	58	10	46	24	40	53

	55	41	74	11	44	81	62	95	49	41	22	29
	64	71	98	44	44	93	39	74	74	90	13	96
	55	39	77	18	43	80	82	57	14	84	17	69
	88	48	49	10	92	85	34	90	65	98	45	40
	57	94	86	85	71	96	84	68	16	80	44	69
	24	86	44	29	24	70	20	65	21	86	25	37
	61	35	10	94	35	45	85	99	72	88	84	76
	77	81	87	50	83	96	14	67	62	41	57	44
	36	33	61	81	80	58	37	74	28	34	70	69
	13	20	46	54	36	16	65	57	55	53	95	71
	96	99	81	69	32	53	88	44	89	33	47	70
	30	46	48	66	43	81	22	49	87	13	35	76
	55	84	97	64	65	96	18	88	88	97	58	62
	35	47	37	47	29	81	60	56	62	49	70	22
	49	28	84	75	54	21	50	40	76	27	49	51
	51	29	49	55	82	61	85	15	28	37	46	16
	52	84	88	86	92	52	40	42	13	50	20	45
	14	11	72	82	33	98	14	85	96	69	71	98
	92	86	79	57	23	53	11	21	14	85	53	25
	80	27	87	18	69	54	91	28	78	87	90	100
	32	10	27	99	72	88	60	97	55	42	32	36
	32	96	21	71	24	68	40	95	89	58	100	72
	62	13	49	67	16	54	50	82	92	71	79	44
	33	54	73	83	64	52	46	12	35	30	10	46
	66	68	92	84	19	23	33	27	97	56	49	93
	89	78	17	17	97	73	65	52	88	46	68	39
	66	95	42	40	70	23	61	22	99	23	36	17
	74	31	60	74	36	31	45	39	20	21	82	88
	42	22	21	81	30	22	29	83	54	80	23	77
	61	32	10	75	84	11	49	45	88	64	30	14

	94	90	29	69	56	61	26	82	25	69	26	46
	65	62	99	38	81	35	97	85	37	30	66	14
	35	63	71	80	37	96	19	62	21	32	100	18
	72	69	84	86	85	15	37	42	31	93	29	17
	43	46	67	67	15	68	12	41	97	85	60	85
	44	52	13	46	11	19	27	27	45	97	22	25
	67	15	14	68	89	78	78	42	17	41	37	36
	83	96	46	83	98	75	83	29	31	59	59	71
	19	54	90	27	17	66	36	49	39	36	67	32
	73	61	56	46	77	41	45	11	51	73	31	45
	31	89	68	39	41	93	78	36	89	23	49	59
	72	31	58	21	22	63	91	56	45	46	90	74
	52	84	87	27	32	16	22	84	15	52	37	40
	28	93	63	75	74	29	32	71	73	96	64	42
	96	55	48	74	54	80	69	59	23	66	67	84
	50	59	94	13	12	41	81	42	37	15	25	27
	96	28	94	17	49	91	59	73	80	16	93	96
	13	88	10	67	28	74	42	27	37	99	21	64
	99	55	96	97	46	79	60	100	42	27	68	58
	60	72	71	55	48	83	94	29	43	93	84	35
	67	93	38	75	22	81	47	70	50	64	76	93
	98	59	68	27	73	37	65	73	94	46	84	27
	50	17	71	75	35	98	38	56	30	15	68	30
	84	50	66	96	18	99	72	17	97	24	42	50
	72	43	14	87	65	63	87	17	44	53	32	61
	40	74	77	67	21	32	89	32	50	29	86	17
	68	78	81	72	78	36	19	24	18	94	25	98
	25	77	45	34	25	74	99	56	57	73	58	12
	60	56	61	76	27	24	77	22	94	28	48	84
	43	32	45	87	18	53	66	99	29	84	84	83

	88	58	25	22	17	81	61	12	87	65	37	99
	58	44	31	57	30	47	74	22	11	17	87	85
	98	81	10	39	28	24	60	28	62	19	88	20
	64	83	78	38	76	17	91	79	72	54	41	100
	81	27	100	80	79	89	45	11	12	78	76	72
	54	62	55	13	71	49	24	93	45	52	85	42
	79	67	91	76	29	41	38	99	74	29	68	72
	63	35	62	17	60	38	22	21	62	76	84	96
	33	27	51	63	19	59	48	24	27	74	34	22
	97	16	98	25	100	47	16	13	56	37	47	87
	51	63	79	35	77	79	96	89	84	75	30	84
	58	39	40	35	89	36	39	68	36	33	46	34
	89	65	99	94	24	46	25	96	73	49	16	94
	77	21	83	45	29	39	86	45	83	33	23	17
	70	99	12	65	46	54	78	24	46	49	11	49
	51	80	71	68	36	20	20	83	92	72	39	50
	87	75	83	72	71	91	10	32	80	49	43	44
	16	15	46	23	29	50	41	75	67	88	70	95
	46	29	78	63	49	24	23	42	28	92	18	62
	21	17	71	58	68	80	25	13	57	96	36	61
	74	59	88	68	48	32	58	16	76	94	99	29
	90	66	71	94	44	21	79	57	34	39	89	78
	93	63	95	33	70	21	64	61	36	65	44	42
	63	63	26	11	27	51	52	46	17	54	40	95
	29	20	11	93	49	60	83	15	75	91	32	56
	49	94	61	30	97	47	26	42	65	12	36	52
	76	78	48	51	11	58	99	83	43	72	24	70
	56	98	97	48	22	58	99	51	54	92	69	81
	27	77	79	73	71	68	76	90	57	49	73	35
	32	38	77	59	84	51	25	16	60	38	32	48

	11	76	34	60	25	80	90	40	92	82	96	51
	95	44	29	96	41	13	21	73	47	76	96	97
	63	90	32	90	71	25	25	29	96	95	38	18
	64	66	54	55	91	86	17	48	99	96	33	21
	28	52	18	94	11	96	50	18	67	59	78	75
	20	78	58	82	62	94	66	30	25	49	76	67
	44	22	61	21	60	35	41	61	28	70	44	50
	51	54	10	88	17	64	44	63	63	79	24	59
	15	18	61	51	22	87	22	14	77	98	72	14
	56	93	47	34	76	67	37	97	43	62	23	20
	70	68	54	80	96	67	98	92	86	15	96	36
	65	19	75	62	77	31	65	16	20	97	53	49
	85	63	99	76	21	78	20	74	50	71	88	95
	100	88	39	52	72	54	21	21	73	35	76	55
	77	88	71	28	54	16	62	17	84	49	100	17
	67	81	18	11	77	46	58	52	62	81	56	26
	95	30	17	47	91	84	51	51	38	93	91	64
	38	72	11	95	26	53	23	29	49	77	78	63
	41	73	95	16	97	50	68	85	13	58	99	20
	82	34	42	91	15	65	79	75	88	75	72	65
	73	44	68	30	91	42	98	21	95	51	45	62
	54	79	69	91	29	80	91	35	99	28	52	61
	73	75	34	87	29	34	90	88	89	45	43	46
	87	68	84	68	87	60	66	23	39	11	67	48
	66	26	73	15	30	61	98	42	45	36	25	83
	71	71	24	45	60	77	54	76	41	82	85	93
	97	23	82	55	69	51	44	44	56	94	39	78
	86	15	22	43	35	52	60	92	69	87	55	60
	80	48	42	78	72	33	55	30	93	24	65	66
	11	36	28	19	80	60	31	41	51	95	40	30

	44	70	61	30	52	85	83	65	97	20	53	55
	77	19	98	25	62	19	71	55	90	82	11	19
	73	49	21	15	85	12	59	67	61	98	53	98
	74	57	61	14	35	45	97	89	54	68	25	11
	74	15	32	40	62	84	63	10	98	72	92	37
	18	87	88	32	100	81	95	43	70	84	78	30
	34	24	17	22	82	39	88	13	96	95	11	81
	35	45	25	89	99	30	93	89	21	35	51	68
	65	75	59	54	15	91	17	34	78	47	17	70
	53	82	40	31	13	19	43	71	53	72	33	71
	36	19	41	38	31	20	63	77	100	76	60	59
	11	77	41	25	99	25	36	17	63	38	11	37
	25	97	77	76	58	27	70	12	45	17	100	63
	18	24	22	36	50	55	97	41	42	94	26	26
	98	70	54	50	95	36	58	80	82	23	34	79
	60	20	85	30	78	53	33	10	90	52	13	75
	35	23	80	12	99	76	99	51	29	84	52	85
	96	34	96	56	58	72	72	98	53	19	44	54
	18	34	35	43	77	83	38	31	50	13	58	11
	74	46	17	92	54	97	87	23	67	94	32	42
	41	66	57	62	49	22	95	52	83	43	52	44
	47	45	21	17	38	99	17	32	25	72	24	43
	15	79	34	16	92	57	15	19	13	69	51	65
	43	75	28	11	88	32	28	40	21	89	20	21
	79	70	63	71	16	73	96	93	13	51	62	50
	26	48	76	70	91	34	98	19	90	37	28	22
	73	79	79	100	87	65	18	73	58	25	87	96
	71	90	30	65	11	37	60	79	15	16	56	61
	75	95	40	41	44	94	92	37	57	33	66	79
	71	22	88	70	77	11	86	50	62	48	88	29

	97	33	73	96	53	11	15	60	96	76	65	58
	39	31	14	96	86	86	84	21	49	87	46	73
	79	27	46	46	62	69	47	51	44	11	37	49
	97	38	27	66	23	97	29	66	95	61	20	27
	31	13	78	29	73	22	22	88	35	66	42	51
	13	11	70	44	67	21	85	41	24	24	91	24
	72	36	50	46	16	47	73	87	37	59	18	87
	91	49	67	53	64	82	78	46	33	10	70	93
	70	54	54	26	66	72	61	44	76	99	53	85
	29	18	19	78	11	46	12	67	77	90	55	20
	35	67	46	15	35	55	89	88	84	18	15	54
	91	26	55	15	45	49	51	74	93	73	14	23
	22	34	74	40	94	97	47	96	87	69	69	63
	86	39	63	91	12	92	10	96	82	39	66	50
	28	91	94	48	47	32	83	56	16	10	11	64
	11	57	61	44	13	46	47	95	66	13	67	16
	21	24	83	71	93	93	59	52	84	60	55	21
	48	18	57	63	84	58	49	86	62	99	35	74
	92	11	49	61	70	10	39	39	62	75	62	70
	53	71	77	23	98	81	72	14	37	70	73	61
	35	91	43	48	76	91	84	42	68	26	85	43
	29	70	62	54	41	91	85	73	39	45	20	40
	69	68	25	21	42	40	17	67	72	66	57	12
	70	66	66	18	26	37	90	98	62	20	51	39
	95	39	70	37	32	30	70	66	62	69	17	81
	57	65	69	76	55	34	70	40	67	39	59	66
	47	82	16	28	51	91	77	95	94	27	14	16
	57	48	59	60	89	86	77	22	21	62	11	60
	35	33	66	97	22	32	63	49	51	88	33	76
	45	15	97	46	57	73	44	24	74	18	37	13

