***** PARAMETERS PRP *****

Number of Customers = 30
Number of Products = 10
Number of Vehicles = 5
Number of Periods = 12

B = Production capacity
	50255

b_p = Time required to produce item p
 	1	1	1	1	1	1	1	1	1	1

c_p = Production cost of item p
 	30	30	30	80	80	80	30	30	80	80

s_p = Setup cost of item p
 	300	300	300	800	800	800	300	300	800	800

M = Big number
	201021

U_pi = Maximum inventory upper bound of item p at site i
 	201021	119	222	123	163	293	172	152	185	270	281	185	193	114	104	115	233	190	118	124	314	240	211	132	306	136	67	265	249	102	126
	201021	164	257	106	188	163	246	230	186	94	180	203	123	234	294	114	166	224	90	272	209	241	351	117	202	166	294	124	161	215	157
	201021	232	121	132	233	266	187	150	95	314	141	94	312	302	293	118	109	118	210	103	132	241	282	132	305	144	151	294	290	211	206
	201021	308	191	157	271	119	194	135	314	172	114	161	105	122	105	106	290	176	165	277	111	287	270	170	176	255	266	219	107	104	299
	201021	235	227	280	78	116	170	122	288	106	290	110	115	104	160	101	283	104	257	148	255	298	108	168	215	165	128	201	123	228	93
	201021	180	287	213	244	178	111	95	112	198	211	115	232	283	204	331	198	240	358	192	121	122	265	201	120	125	199	96	223	187	266
	201021	235	101	345	231	113	141	195	87	198	336	245	132	254	133	237	240	177	224	165	385	179	93	174	172	313	112	231	310	166	258
	201021	191	223	304	93	191	156	127	221	280	233	144	190	210	203	162	171	231	105	139	307	108	266	279	177	90	229	304	186	213	188
	201021	335	346	322	244	89	202	166	182	114	143	317	106	240	92	176	103	169	210	123	249	251	211	97	138	170	187	151	112	283	279
	201021	201	257	199	115	92	206	190	263	197	130	223	134	249	203	100	131	276	201	159	260	305	349	264	106	243	276	234	253	103	297

I_pi0 = Initial inventory of item p at site i
 	0	100	58	98	137	208	162	59	184	229	59	107	185	70	34	45	148	175	39	97	222	181	21	92	66	112	32	152	97	95	65
	0	85	103	76	166	88	185	110	92	50	102	132	95	93	157	111	148	85	90	178	124	85	76	91	177	135	100	83	10	166	21
	0	199	28	92	181	76	147	104	78	285	138	26	100	233	156	23	95	62	58	53	69	96	245	62	295	60	142	39	26	127	169
	0	168	184	52	224	99	120	65	176	156	109	150	64	50	81	105	196	64	116	149	32	97	105	130	50	78	185	69	49	87	263
	0	230	45	176	68	90	161	109	129	68	196	90	30	93	158	58	155	69	207	145	252	213	80	162	102	157	65	173	106	47	51
	0	180	28	154	30	155	37	45	79	198	174	94	217	95	62	279	89	37	37	186	60	34	192	115	56	31	194	69	30	21	89
	0	61	83	178	90	96	122	93	26	178	202	163	76	79	90	185	189	140	121	98	183	135	0	164	72	129	91	98	142	90	62
	0	182	29	88	69	181	137	112	101	163	110	33	137	140	77	65	163	57	101	137	289	96	90	77	105	48	43	111	142	125	188
	0	237	175	252	97	87	116	105	31	110	23	228	60	88	92	98	97	169	26	26	103	172	193	85	54	104	185	77	82	58	61
	0	159	173	164	58	67	180	94	102	171	117	160	11	91	154	100	112	191	182	54	97	108	154	139	59	161	196	191	33	16	107

h_pi = Inventory cost of item p at site i
 	3	2	8	7	8	2	5	5	7	9	9	8	4	3	2	5	4	6	1	6	6	6	8	8	6	2	8	4	5	9	7
	3	2	5	2	8	7	4	3	7	4	1	8	6	3	3	9	4	6	5	4	5	8	3	2	9	9	7	5	4	5	9
	3	3	6	3	8	5	7	2	5	8	5	1	6	3	4	3	3	1	5	9	1	6	5	4	9	6	2	7	5	2	8
	8	5	4	6	6	6	7	7	1	6	7	9	9	7	1	9	8	5	8	2	4	1	8	7	5	4	6	1	4	1	7
	8	9	4	2	1	9	2	6	8	4	3	8	3	7	5	9	6	2	9	2	2	1	6	2	7	3	5	1	3	1	6
	8	3	8	8	7	3	6	6	6	8	2	9	4	2	1	4	3	6	9	9	8	6	5	7	7	4	5	1	2	7	1
	3	6	8	1	1	9	4	1	1	1	2	9	3	6	1	9	4	8	9	8	1	5	9	7	9	1	2	3	8	3	4
	3	8	5	5	2	8	6	3	4	4	7	3	7	6	4	1	7	4	7	2	7	1	1	6	8	9	7	8	1	7	8
	8	9	2	1	4	5	9	5	9	1	5	6	6	9	9	3	4	3	9	8	2	5	6	9	7	9	5	5	2	2	8
	8	7	8	8	4	7	8	2	5	1	2	5	2	6	9	3	4	3	3	4	7	2	7	3	9	9	8	6	4	8	1

C = Vehicle capacity
	3850

f = Fixed transportation cost
	158410

a_ik = Transportation cost for traveling from node i to node k
 	0	2125	1925	640	2695	1875	3145	1265	1955	2785	3900	1700	1335	3690	940	2445	1705	410	3185	2230	1120	2200	3270	655	3525	1940	1525	2515	2800	1305	2345
	2125	0	2465	1715	1960	975	1280	2925	1915	2065	2190	435	1955	2535	1350	1415	2380	1780	2780	2275	1855	290	1990	1710	2120	1665	1670	395	2460	2780	1175
	1925	2465	0	2295	4035	1535	3745	1310	3525	4140	4650	2265	3055	4865	1485	3590	225	1670	4730	530	2830	2720	4345	2310	4520	895	3080	2730	1110	1050	1675
	640	1715	2295	0	2060	1765	2585	1875	1340	2145	3295	1285	770	3050	930	1815	2090	645	2580	2485	545	1725	2640	20	2900	2055	900	2100	2990	1885	2245
	2695	1960	4035	2060	0	2805	1525	3920	845	110	1665	1885	1490	1020	2570	550	3880	2620	830	4020	1640	1690	780	2045	1065	3435	1190	2060	4330	3895	3120
	1875	975	1535	1765	2805	0	2235	2255	2540	2915	3150	925	2320	3485	940	2290	1485	1470	3590	1305	2145	1255	2945	1770	3085	695	2165	1200	1530	2060	485
	3145	1280	3745	2585	1525	2235	0	4125	2030	1585	920	1565	2440	1550	2550	1120	3660	2880	2270	3530	2460	1045	1055	2580	1030	2925	2070	1065	3635	4005	2315
	1265	2925	1310	1875	3920	2255	4125	0	3210	4010	4965	2570	2595	4885	1585	3610	1125	1315	4445	1815	2380	3095	4435	1890	4670	1900	2770	3285	2410	265	2610
	1955	1915	3525	1340	845	2540	2030	3210	0	900	2420	1665	665	1860	2045	930	3340	1960	1245	3605	845	1720	1585	1325	1875	3065	450	2160	4005	3220	2940
	2785	2065	4140	2145	110	2915	1585	4010	900	0	1670	1990	1555	960	2675	655	3985	2715	735	4125	1715	1790	775	2130	1055	3540	1270	2155	4440	3990	3220
	3900	2190	4650	3295	1665	3150	920	4965	2420	1670	0	2435	2975	1080	3405	1545	4560	3680	2155	4445	3055	1940	895	3285	640	3840	2610	1975	4545	4860	3225
	1700	435	2265	1285	1885	925	1565	2570	1665	1990	2435	0	1590	2610	985	1375	2150	1370	2670	2165	1465	530	2085	1285	2255	1565	1350	820	2450	2445	1285
	1335	1955	3055	770	1490	2320	2440	2595	665	1555	2975	1590	0	2510	1630	1435	2855	1415	1865	3215	230	1845	2190	755	2475	2735	375	2280	3680	2625	2780
	3690	2535	4865	3050	1020	3485	1550	4885	1860	960	1080	2610	2510	0	3450	1295	4730	3575	1155	4770	2660	2245	550	3035	535	4160	2200	2480	4990	4840	3700
	940	1350	1485	930	2570	940	2550	1585	2045	2675	3405	985	1630	3450	0	2160	1315	535	3245	1585	1420	1515	2950	940	3160	1130	1605	1725	2065	1465	1415
	2445	1415	3590	1815	550	2290	1120	3610	930	655	1545	1375	1435	1295	2160	0	3450	2295	1380	3535	1515	1140	830	1800	1085	2935	1070	1515	3815	3555	2580
	1705	2380	225	2090	3880	1485	3660	1125	3340	3985	4560	2150	2855	4730	1315	3450	0	1460	4555	695	2630	2625	4215	2105	4405	910	2895	2670	1290	865	1695
	410	1780	1670	645	2620	1470	2880	1315	1960	2715	3680	1370	1415	3575	535	2295	1460	0	3200	1910	1185	1890	3120	660	3360	1565	1510	2170	2450	1275	1940
	3185	2780	4730	2580	830	3590	2270	4445	1245	735	2155	2670	1865	1155	3245	1380	4555	3200	0	4760	2070	2515	1305	2565	1520	4190	1690	2890	5110	4460	3925
	2230	2275	530	2485	4020	1305	3530	1815	3605	4125	4445	2165	3215	4770	1585	3535	695	1910	4760	0	2995	2555	4235	2495	4385	615	3175	2480	610	1555	1305
	1120	1855	2830	545	1640	2145	2460	2380	845	1715	3055	1465	230	2660	1420	1515	2630	1185	2070	2995	0	1775	2305	530	2585	2530	460	2205	3475	2405	2610
	2200	290	2720	1725	1690	1255	1045	3095	1720	1790	1940	530	1845	2245	1515	1140	2625	1890	2515	2555	1775	0	1705	1720	1835	1945	1530	450	2745	2965	1465
	3270	1990	4345	2640	780	2945	1055	4435	1585	775	895	2085	2190	550	2950	830	4215	3120	1305	4235	2305	1705	0	2625	290	3625	1850	1940	4450	4370	3150
	655	1710	2310	20	2045	1770	2580	1890	1325	2130	3285	1285	755	3035	940	1800	2105	660	2565	2495	530	1720	2625	0	2885	2065	885	2095	3000	1900	2250
	3525	2120	4520	2900	1065	3085	1030	4670	1875	1055	640	2255	2475	535	3160	1085	4405	3360	1520	4385	2585	1835	290	2885	0	3775	2125	2015	4565	4595	3255
	1940	1665	895	2055	3435	695	2925	1900	3065	3540	3840	1565	2735	4160	1130	2935	910	1565	4190	615	2530	1945	3625	2065	3775	0	2655	1880	950	1660	790
	1525	1670	3080	900	1190	2165	2070	2770	450	1270	2610	1350	375	2200	1605	1070	2895	1510	1690	3175	460	1530	1850	885	2125	2655	0	1975	3600	2775	2595
	2515	395	2730	2100	2060	1200	1065	3285	2160	2155	1975	820	2280	2480	1725	1515	2670	2170	2890	2480	2205	450	1940	2095	2015	1880	1975	0	2575	3125	1255
	2800	2460	1110	2990	4330	1530	3635	2410	4005	4440	4545	2450	3680	4990	2065	3815	1290	2450	5110	610	3475	2745	4450	3000	4565	950	3600	2575	0	2150	1325
	1305	2780	1050	1885	3895	2060	4005	265	3220	3990	4860	2445	2625	4840	1465	3555	865	1275	4460	1555	2405	2965	4370	1900	4595	1660	2775	3125	2150	0	2390
	2345	1175	1675	2245	3120	485	2315	2610	2940	3220	3225	1285	2780	3700	1415	2580	1695	1940	3925	1305	2610	1465	3150	2250	3255	790	2595	1255	1325	2390	0

coordXY = Coordinates (x,y): line zero => x line one => y column => customers
 	6	385	263	50	165	380	459	4	56	158	481	303	2	276	193	236	228	87	51	366	16	370	306	50	354	367	69	456	484	56	474
	708	517	994	588	193	711	272	960	321	173	90	543	442	22	706	277	966	711	73	971	485	461	127	585	95	849	410	484	998	964	734

d_pit = Demand of item p at customer i in period t
 	54	46	73	76	99	79	62	24	25	68	77	30
	58	76	76	54	86	61	13	79	17	88	38	20
	59	39	74	31	33	44	78	15	92	79	98	96
	14	31	92	41	65	87	48	47	26	85	59	56
	97	73	38	95	23	59	11	72	68	62	41	65
	60	11	91	70	85	44	23	64	78	50	73	39
	25	34	59	49	80	28	18	98	45	64	61	48
	92	37	55	93	51	40	47	72	74	90	73	16
	71	51	22	85	14	65	90	37	93	37	60	24
	59	54	45	27	22	56	82	88	58	77	87	20
	72	35	45	88	53	67	84	84	35	13	77	85
	36	41	86	22	29	68	79	79	15	44	51	29
	70	93	56	45	32	14	94	65	11	79	42	84
	34	98	55	21	33	69	22	58	92	86	40	15
	45	90	18	54	29	60	75	49	97	96	67	12
	68	80	13	34	48	16	37	80	73	44	54	11
	80	52	43	79	33	38	90	72	82	38	99	53
	39	98	66	45	89	16	87	55	21	97	83	13
	97	77	76	18	49	91	46	80	54	47	45	65
	74	70	42	36	20	97	75	96	65	40	55	83
	69	89	23	25	66	45	54	87	58	49	56	99
	21	37	18	72	73	85	22	11	12	50	73	32
	78	14	81	69	82	82	74	99	79	41	59	31
	66	20	35	80	15	79	95	65	85	48	53	93
	87	25	98	60	96	96	14	89	77	50	68	53
	20	12	100	35	14	25	24	30	42	40	16	42
	87	65	22	40	51	81	60	77	30	11	42	70
	19	78	11	43	67	62	70	44	43	43	20	97
	95	46	50	78	37	44	42	34	39	52	60	33
	65	52	60	97	86	46	69	88	99	36	35	20

	85	55	45	61	51	47	72	39	22	46	81	50
	91	12	50	27	78	33	91	12	67	29	58	68
	76	34	46	49	53	84	44	20	20	29	95	87
	98	68	43	91	42	94	30	27	61	19	85	94
	60	28	25	84	87	80	15	98	40	36	69	31
	40	69	76	84	39	30	80	47	25	56	24	21
	49	61	53	62	90	27	98	85	60	18	10	76
	29	63	32	61	31	88	68	83	19	52	11	22
	50	51	68	63	16	65	16	20	70	40	34	72
	22	80	25	44	73	74	38	28	96	60	97	84
	16	45	71	75	27	19	72	62	87	33	81	21
	95	30	99	74	42	66	81	11	96	56	74	15
	93	61	15	85	80	31	45	66	79	80	40	27
	33	44	80	91	84	77	49	57	97	100	81	89
	71	40	60	70	46	75	45	58	33	84	46	55
	14	23	72	39	99	31	81	90	80	43	11	80
	35	50	55	81	18	99	73	23	71	31	43	93
	19	37	24	10	35	57	99	56	43	49	16	93
	83	37	58	17	94	79	12	84	83	15	58	32
	35	89	96	60	74	71	67	89	85	71	14	83
	71	14	64	32	46	71	10	52	72	16	34	96
	76	63	12	86	96	61	98	76	89	51	68	66
	91	46	86	50	23	24	40	43	29	84	94	91
	88	15	74	83	71	76	11	31	39	17	57	43
	74	61	62	15	39	44	83	77	14	79	49	65
	47	53	13	33	82	35	77	57	87	73	94	54
	83	47	60	99	64	91	48	44	33	88	25	63
	10	20	90	71	70	18	75	86	16	64	60	63
	91	15	24	36	46	35	93	98	92	14	21	81
	21	61	42	38	12	36	61	30	55	34	33	49

	38	39	33	89	13	79	64	73	29	49	33	18
	28	89	71	17	49	82	28	11	22	21	26	40
	92	83	86	55	95	97	23	37	25	93	37	67
	55	79	47	96	53	21	95	33	78	24	51	67
	76	54	79	50	100	12	87	83	85	82	77	14
	76	71	80	27	88	13	67	55	90	61	25	95
	72	20	12	66	62	66	54	54	54	46	69	26
	78	46	50	20	49	74	52	32	48	26	73	23
	61	86	61	77	17	12	69	81	50	98	58	83
	81	42	15	70	47	37	32	67	10	45	53	63
	26	83	58	19	89	78	46	33	33	31	32	38
	90	10	34	87	64	32	39	79	90	79	65	80
	27	71	38	97	98	89	52	82	57	43	20	50
	78	78	32	66	43	75	23	74	85	68	19	63
	23	28	97	60	84	80	47	80	72	38	29	67
	95	47	76	18	56	89	47	39	18	34	57	79
	62	58	86	38	17	93	52	66	39	78	77	44
	32	26	24	88	46	12	36	33	80	42	52	33
	53	77	46	69	36	24	88	21	89	15	20	80
	69	51	57	28	15	74	16	88	16	29	15	70
	25	71	58	76	83	41	15	68	17	14	84	27
	33	36	87	89	93	52	21	82	10	61	32	81
	62	29	14	67	36	52	14	76	16	52	50	61
	99	94	64	38	62	67	42	63	83	10	91	18
	60	66	11	19	68	58	63	96	37	47	37	12
	10	99	33	25	75	49	31	51	26	59	79	65
	39	53	20	91	46	89	41	93	75	28	69	62
	26	29	94	56	97	55	20	28	73	66	87	65
	66	34	27	24	80	68	83	91	59	33	40	28
	96	73	87	35	50	19	71	89	59	81	78	87

	10	85	73	44	83	69	93	47	93	34	43	64
	64	26	94	60	38	25	45	55	19	73	14	61
	31	21	80	13	50	87	62	70	30	51	87	45
	55	70	82	17	43	68	52	29	97	27	79	31
	89	10	96	91	61	17	40	83	63	81	27	55
	24	73	23	73	71	81	78	54	77	67	57	98
	50	15	97	56	14	85	34	44	20	58	54	14
	88	73	15	96	89	61	57	42	46	86	89	11
	79	60	17	40	60	38	64	34	92	41	64	98
	55	54	76	95	38	12	96	73	26	20	90	48
	46	27	77	78	74	90	56	33	71	14	40	39
	64	85	99	16	48	64	93	23	35	30	19	52
	29	21	81	78	61	78	46	92	72	46	55	71
	81	58	17	42	10	56	49	19	93	64	43	96
	60	45	33	95	83	48	58	33	29	92	22	40
	42	55	99	58	21	75	64	92	39	88	17	46
	64	96	61	43	14	43	65	67	93	36	87	36
	35	81	29	92	95	32	32	29	84	40	96	14
	73	76	85	31	92	95	90	74	79	11	35	90
	32	65	59	84	74	69	37	97	33	51	47	19
	97	41	33	52	22	44	90	53	27	42	95	93
	41	64	54	37	67	25	81	82	17	24	96	59
	39	71	20	72	65	48	80	61	87	66	24	48
	50	22	40	93	43	60	10	53	14	51	43	49
	78	35	67	23	29	14	82	55	38	62	76	52
	57	34	94	41	46	79	96	82	47	96	61	66
	69	32	84	62	84	32	75	59	14	29	49	69
	49	66	79	80	71	30	63	28	92	14	32	38
	25	17	27	18	82	80	83	32	94	45	85	38
	86	45	88	44	89	85	15	80	95	94	95	82

	28	82	62	58	100	52	94	90	28	13	65	33
	45	24	61	55	63	49	14	68	88	77	96	40
	57	28	91	98	94	39	89	57	29	92	69	96
	28	40	37	20	19	23	28	69	30	49	31	96
	90	94	42	25	76	75	90	20	75	15	58	33
	42	37	82	86	57	82	83	22	29	29	45	85
	34	13	38	24	93	37	99	14	54	53	17	13
	16	58	55	63	66	53	56	97	97	67	21	42
	68	91	20	57	42	40	73	32	44	79	27	61
	51	53	92	51	41	80	73	30	38	78	12	97
	90	90	51	82	67	78	25	29	27	62	31	30
	30	85	40	67	27	47	72	38	97	78	40	70
	73	20	96	97	92	23	74	23	22	33	47	21
	87	42	29	46	67	27	12	16	55	21	31	47
	58	93	29	40	11	26	56	76	51	97	14	57
	83	72	86	38	54	56	49	55	63	31	71	21
	31	38	49	96	16	62	80	37	64	25	92	32
	96	62	49	49	79	91	29	20	26	91	89	91
	59	37	49	52	34	48	70	55	29	36	71	53
	44	53	63	92	48	36	30	78	66	36	11	55
	83	76	54	23	47	43	86	66	52	94	33	59
	18	62	74	60	31	100	66	78	17	26	62	53
	67	39	56	39	32	25	43	33	92	91	77	76
	41	61	21	95	46	62	14	64	64	59	76	41
	19	87	51	60	83	58	35	85	57	95	16	15
	65	82	58	43	86	21	97	43	76	91	36	70
	16	75	82	37	51	32	40	51	73	20	63	63
	44	62	45	71	33	65	40	90	54	97	38	100
	47	37	78	90	10	10	42	80	73	90	33	95
	51	84	34	68	29	41	80	24	16	49	62	20

	47	93	40	10	37	53	42	12	33	69	23	80
	28	37	25	69	25	64	93	54	88	95	26	85
	58	33	63	99	34	56	59	43	76	20	48	51
	14	16	60	71	97	21	66	59	33	83	20	45
	42	60	53	87	96	53	66	34	11	72	97	41
	37	96	42	83	24	97	33	21	51	68	72	41
	45	99	43	56	49	25	14	49	82	23	42	45
	79	36	39	97	44	87	32	41	61	33	96	27
	13	89	96	86	48	87	34	64	27	82	86	78
	20	99	55	53	61	17	56	79	29	50	66	48
	94	94	28	62	90	31	13	26	73	24	68	85
	68	77	72	62	71	58	57	40	73	40	16	63
	48	47	66	94	37	52	34	59	13	79	54	95
	20	28	14	16	28	68	20	40	65	78	59	54
	92	94	93	81	94	65	21	61	28	76	43	47
	75	14	45	83	79	93	41	81	95	42	56	86
	37	58	81	62	71	11	38	54	100	27	95	85
	37	57	78	66	50	66	99	89	68	88	79	81
	91	95	48	28	20	58	66	44	81	50	100	86
	60	79	27	73	71	86	36	41	82	51	94	26
	34	39	29	91	77	72	38	78	18	91	97	68
	68	15	10	99	92	81	43	11	98	26	32	60
	22	93	42	62	95	99	98	19	58	80	34	100
	56	79	83	71	40	21	32	81	59	94	83	22
	31	37	62	16	60	31	75	41	18	38	25	67
	94	73	27	99	32	79	35	93	78	49	93	45
	69	31	23	66	66	39	11	53	63	92	39	23
	13	17	79	14	22	51	77	31	28	30	86	87
	21	44	84	27	52	99	50	13	18	50	23	80
	64	25	96	18	40	84	57	65	67	47	29	47

	34	27	58	64	19	58	39	99	60	78	80	90
	83	78	82	80	85	12	47	27	52	23	27	11
	92	86	82	56	79	39	76	32	78	94	35	79
	90	57	64	17	74	11	49	71	47	58	79	76
	75	21	32	86	16	82	56	96	61	96	26	28
	96	26	29	11	27	16	99	12	11	83	89	66
	93	51	81	19	96	21	54	22	96	79	72	97
	12	14	35	39	44	24	14	37	97	96	45	63
	85	62	31	65	54	78	60	56	41	15	27	20
	94	32	76	84	98	22	51	41	77	81	97	53
	58	58	47	82	33	70	72	49	25	95	71	75
	76	80	45	96	83	21	23	89	71	70	45	91
	79	14	21	92	88	88	99	34	84	68	39	57
	69	21	42	83	76	37	86	76	56	92	96	63
	100	37	48	80	74	54	26	72	29	81	49	62
	83	30	76	73	45	12	63	79	32	93	89	46
	29	85	26	71	22	67	37	86	83	78	45	77
	33	88	72	95	86	20	16	45	71	39	92	14
	82	16	80	28	60	72	55	19	74	48	34	93
	97	86	93	64	99	67	65	77	99	79	65	33
	81	54	50	85	38	89	17	12	30	20	46	14
	99	61	30	21	48	55	50	28	27	33	90	15
	14	81	69	63	26	26	32	77	96	68	95	50
	72	74	51	39	12	77	45	52	50	95	85	34
	42	35	52	83	75	89	41	88	43	73	33	98
	91	47	30	15	54	38	35	67	54	98	100	45
	51	47	84	34	38	51	37	58	51	15	70	18
	56	86	22	53	64	76	61	80	63	75	56	53
	53	37	24	86	11	60	73	45	76	31	89	78
	62	29	49	92	95	93	20	22	94	52	81	86

	40	58	84	59	91	29	73	51	93	73	26	85
	29	79	23	53	33	18	12	96	34	39	71	48
	88	67	29	81	68	58	69	30	92	82	23	42
	69	91	48	30	88	51	11	38	21	34	41	38
	23	98	60	96	19	61	40	57	93	76	53	87
	50	87	46	41	67	28	68	79	30	20	27	81
	93	19	77	81	46	29	77	83	98	59	31	68
	50	51	86	62	60	12	58	59	61	19	65	81
	23	64	76	26	99	17	38	20	95	83	63	69
	32	78	63	21	84	98	38	61	49	47	52	75
	33	20	46	34	25	80	82	67	11	56	81	39
	28	82	27	57	97	67	81	60	48	68	52	94
	55	13	72	18	51	39	22	94	25	44	13	59
	12	65	61	35	70	82	90	17	12	29	83	52
	49	16	74	95	75	27	16	94	18	49	50	85
	76	29	58	40	87	19	19	33	58	13	13	67
	57	68	11	54	78	50	52	45	63	78	39	98
	53	48	41	62	72	43	55	40	38	34	62	80
	52	85	11	19	97	14	54	53	45	76	36	13
	51	59	81	98	33	62	81	65	53	59	75	20
	50	46	66	95	29	17	93	66	98	17	26	42
	90	30	46	15	14	79	68	29	75	36	95	61
	77	89	46	91	13	61	75	82	82	57	65	98
	85	20	91	86	82	24	60	81	96	11	60	13
	29	19	67	35	71	34	27	87	13	11	76	70
	43	37	76	50	99	52	79	23	67	53	65	42
	66	45	50	95	87	39	51	60	65	78	55	39
	40	39	63	84	33	17	13	37	29	51	19	22
	86	39	67	30	14	90	39	58	50	49	52	64
	61	38	20	69	48	65	61	57	18	19	11	97

	46	100	91	86	68	22	47	34	79	43	95	94
	68	91	16	15	96	99	89	50	83	49	86	89
	87	85	80	71	61	96	45	72	29	74	24	48
	30	50	17	79	13	21	85	21	63	47	59	100
	16	71	20	20	82	74	62	28	18	67	61	14
	64	14	26	12	53	80	99	76	38	55	20	68
	32	73	38	26	32	49	28	19	76	24	56	44
	31	42	29	16	45	27	96	38	62	71	26	62
	44	18	48	98	76	57	31	73	25	45	97	70
	23	11	66	42	17	60	47	68	53	55	41	90
	53	87	88	92	98	97	50	74	34	91	92	94
	60	41	22	59	71	56	98	36	22	56	27	88
	70	18	41	66	21	37	25	60	30	70	77	61
	22	70	63	98	61	21	31	36	36	12	16	87
	16	50	32	99	83	20	89	85	18	98	70	45
	69	28	71	48	51	97	42	16	36	37	36	86
	12	83	74	33	23	80	68	93	57	11	96	46
	26	57	50	94	84	63	31	57	50	56	20	43
	26	49	93	37	93	56	97	65	19	98	59	48
	76	27	90	39	93	13	28	54	59	97	81	90
	34	82	56	66	12	27	66	26	91	33	51	59
	35	71	87	62	74	61	56	86	86	68	60	97
	85	28	12	53	77	52	58	31	18	73	83	12
	54	94	30	30	37	64	39	11	19	82	31	59
	25	79	85	44	64	94	73	46	80	17	62	11
	57	34	94	48	81	49	84	81	39	47	94	38
	19	39	19	65	80	63	88	52	44	53	43	37
	82	33	52	28	74	58	69	57	27	67	100	23
	58	46	45	90	36	89	35	80	30	91	70	10
	61	86	84	45	34	24	98	27	57	44	23	86

	87	33	39	98	62	81	87	90	30	61	62	74
	77	96	94	96	25	73	59	90	23	15	50	73
	59	77	28	94	98	14	57	68	69	63	95	72
	28	30	42	76	84	29	90	81	14	71	69	73
	67	42	55	58	50	36	63	52	63	14	25	25
	68	67	45	11	14	70	45	61	66	19	99	52
	94	77	85	76	40	81	53	43	50	58	43	60
	68	34	22	31	70	22	74	83	61	25	44	98
	99	72	52	52	30	15	97	86	65	91	73	56
	55	38	24	88	67	90	22	97	53	80	74	91
	47	30	83	97	11	43	12	95	31	59	72	89
	11	24	63	30	53	18	61	88	46	41	83	17
	91	31	38	52	84	31	75	95	55	66	32	98
	39	28	14	73	36	64	29	84	88	25	92	38
	100	18	65	18	44	20	94	55	25	13	54	96
	48	64	62	86	61	12	51	83	100	53	97	67
	78	85	14	14	96	11	62	34	16	93	65	95
	95	32	55	16	59	20	28	41	99	52	27	80
	54	15	78	66	16	83	87	37	80	23	55	43
	41	56	96	14	88	97	76	96	81	43	51	40
	47	61	12	62	50	47	76	63	79	99	71	65
	73	81	48	19	83	93	99	48	98	48	56	92
	91	48	61	82	11	90	41	88	85	14	90	92
	59	66	64	94	32	84	70	25	14	44	39	42
	71	90	88	54	83	64	48	35	41	90	44	21
	63	13	38	82	27	23	71	53	61	79	75	78
	16	55	98	22	41	68	75	59	83	30	79	77
	33	60	51	81	64	37	72	47	22	26	32	81
	16	24	18	14	51	22	99	98	89	53	82	54
	38	69	17	80	76	83	98	61	84	23	17	66

