***** PARAMETERS PRP *****

Number of Customers = 30
Number of Products = 10
Number of Vehicles = 5
Number of Periods = 12

B = Production capacity
	50007

b_p = Time required to produce item p
 	1	1	1	1	1	1	1	1	1	1

c_p = Production cost of item p
 	30	30	30	80	80	30	80	80	30	80

s_p = Setup cost of item p
 	300	300	300	800	800	300	800	800	300	800

M = Big number
	200026

U_pi = Maximum inventory upper bound of item p at site i
 	200026	107	122	97	269	182	149	122	180	208	97	152	122	219	175	101	119	271	147	188	141	358	223	213	288	131	101	183	258	97	122
	200026	99	235	253	217	300	219	309	165	220	290	303	202	101	205	150	164	127	200	213	228	139	125	320	264	199	115	274	106	196	162
	200026	101	229	168	156	334	157	123	137	191	252	205	207	138	216	100	101	244	178	128	149	208	227	175	225	181	186	174	183	286	175
	200026	240	123	168	322	198	132	130	232	269	97	157	136	190	98	273	243	120	269	108	102	98	163	243	277	255	178	340	92	139	261
	200026	265	195	136	277	110	199	170	164	294	242	198	209	95	175	196	263	116	218	191	327	100	298	142	179	235	256	194	110	179	219
	200026	190	107	331	298	279	192	166	221	129	123	227	260	306	310	199	240	180	238	117	251	218	168	141	131	270	210	203	191	258	173
	200026	288	173	100	215	186	192	188	88	280	246	150	248	120	123	207	116	253	112	281	213	263	253	112	153	158	111	284	354	242	229
	200026	111	116	113	119	255	175	147	209	160	241	325	301	173	226	308	117	303	197	115	320	101	85	259	356	206	224	218	228	312	142
	200026	180	255	199	296	250	238	217	170	262	211	165	262	130	279	183	119	146	166	142	280	108	244	248	130	318	178	174	327	106	117
	200026	270	145	128	247	138	206	166	134	265	80	261	280	330	183	197	306	109	94	333	162	140	242	170	158	112	195	102	185	305	230

I_pi0 = Initial inventory of item p at site i
 	0	97	99	51	129	138	131	116	71	165	38	68	48	165	164	90	40	43	124	94	91	71	170	167	182	60	86	77	182	86	93
	0	17	188	90	119	96	173	176	12	83	252	169	155	72	150	31	142	95	169	176	106	100	81	256	237	131	63	245	100	121	86
	0	58	35	136	42	88	116	88	134	120	80	182	146	49	104	44	90	83	164	97	113	48	188	32	186	111	148	114	35	111	157
	0	101	92	168	202	22	118	78	122	139	96	54	88	91	72	196	153	79	209	56	56	46	138	147	177	209	104	68	85	57	35
	0	158	153	36	193	98	113	98	80	52	132	112	159	31	135	186	60	53	134	44	63	98	190	125	76	179	81	62	90	169	208
	0	175	100	214	38	199	159	135	103	71	56	48	224	259	207	72	51	131	60	95	95	27	112	135	93	187	150	99	117	174	121
	0	113	150	22	92	102	29	98	88	218	192	55	145	116	48	181	74	47	74	127	152	212	203	71	76	143	60	164	141	215	36
	0	69	79	87	43	115	131	91	179	116	44	135	253	97	153	20	21	163	63	93	218	41	66	68	105	73	49	33	140	61	16
	0	150	83	174	84	109	180	102	120	54	55	107	139	85	230	94	70	94	162	107	52	85	68	134	85	227	121	161	109	58	91
	0	79	145	84	99	137	201	156	91	166	37	216	147	42	129	145	244	102	49	264	148	132	107	90	122	65	115	81	81	80	216

h_pi = Inventory cost of item p at site i
 	3	8	7	8	1	2	8	1	7	5	9	1	8	4	8	6	8	8	7	3	7	2	5	1	7	3	6	7	4	6	5
	3	5	6	4	2	2	6	6	2	7	5	7	5	3	4	9	9	5	5	7	7	3	5	3	8	8	2	5	7	8	5
	3	1	3	2	1	6	3	1	7	3	2	6	8	4	5	2	4	5	3	1	7	5	2	2	4	9	1	7	4	3	2
	8	7	8	2	9	2	7	5	1	6	5	3	1	7	6	6	7	7	5	4	4	2	7	5	9	7	4	7	7	6	8
	8	7	8	2	9	4	1	8	3	3	9	7	7	5	3	4	5	2	6	1	9	8	9	5	7	1	8	3	6	8	4
	3	7	4	2	4	6	5	3	6	4	6	5	9	4	5	9	8	9	4	8	3	2	1	8	1	8	8	8	1	4	4
	8	7	7	5	5	7	6	2	2	6	5	1	1	3	6	1	2	1	7	4	3	9	2	4	1	4	1	1	1	4	5
	8	8	1	3	2	1	4	8	6	9	6	1	9	9	5	3	2	5	3	5	9	7	3	6	3	7	9	8	8	5	4
	3	5	8	5	4	7	7	3	3	4	3	4	3	5	1	3	2	7	5	6	3	4	3	5	9	6	8	9	4	4	2
	8	1	9	7	9	2	6	1	9	8	9	9	8	2	5	3	9	9	7	3	2	5	7	3	2	3	7	5	8	8	2

C = Vehicle capacity
	3580

f = Fixed transportation cost
	152830

a_ik = Transportation cost for traveling from node i to node k
 	0	1565	1360	3535	1435	1235	670	1020	3120	3665	1780	3140	2965	2330	1870	1815	1500	1840	1775	1390	585	2125	3425	3500	890	3300	735	1610	1605	435	1600
	1565	0	2660	4855	1960	400	2170	2585	4445	4930	2945	3965	4370	3200	3365	3160	940	3075	2460	1210	990	3305	4725	4725	700	4605	2245	505	2920	1220	740
	1360	2660	0	2215	1170	2265	770	990	1800	2320	470	1925	1720	1190	885	505	2115	485	1050	1820	1750	780	2095	2150	1985	1970	1380	2475	265	1780	2335
	3535	4855	2215	0	3080	4460	2880	2775	420	275	1930	1825	690	2015	1805	1730	4200	1785	2655	3880	3965	1580	170	455	4190	255	3300	4620	1955	3965	4440
	1435	1960	1170	3080	0	1585	1355	1845	2690	3100	1190	2010	2735	1245	2050	1590	1145	1370	505	820	1395	1505	2925	2865	1455	2825	1955	1605	1365	1655	1395
	1235	400	2265	4460	1585	0	1805	2240	4050	4535	2545	3590	3980	2815	2985	2765	680	2675	2085	885	650	2905	4325	4325	345	4205	1940	445	2525	950	575
	670	2170	770	2880	1355	1805	0	520	2470	3020	1230	2665	2300	1890	1210	1170	1885	1245	1505	1670	1190	1545	2780	2870	1475	2650	665	2120	985	1100	2045
	1020	2585	990	2775	1845	2240	520	0	2380	2955	1445	2895	2135	2175	985	1205	2385	1390	1930	2180	1595	1680	2700	2845	1900	2565	530	2590	1100	1415	2535
	3120	4445	1800	420	2690	4050	2470	2380	0	580	1525	1645	425	1690	1425	1315	3800	1375	2285	3485	3550	1190	320	545	3780	190	2905	4215	1540	3550	4040
	3665	4930	2320	275	3100	4535	3020	2955	580	0	1990	1675	930	1975	2000	1855	4235	1870	2655	3910	4065	1630	265	275	4280	395	3475	4670	2065	4090	4480
	1780	2945	470	1930	1190	2545	1230	1445	1525	1990	0	1460	1550	755	1065	485	2280	195	875	1960	2105	365	1790	1785	2300	1675	1850	2690	380	2180	2520
	3140	3965	1925	1825	2010	3590	2665	2895	1645	1675	1460	0	1985	815	2295	1765	3105	1515	1510	2790	3320	1245	1660	1410	3435	1645	3300	3585	1800	3490	3355
	2965	4370	1720	690	2735	3980	2300	2135	425	930	1550	1985	0	1885	1155	1215	3800	1370	2385	3490	3435	1265	680	960	3690	570	2660	4185	1460	3395	4030
	2330	3200	1190	2015	1245	2815	1890	2175	1690	1975	755	815	1885	0	1765	1180	2380	880	750	2055	2515	720	1850	1715	2640	1775	2540	2845	1130	2680	2630
	1870	3365	885	1805	2050	2985	1210	985	1425	2000	1065	2295	1155	1765	0	590	2940	895	1880	2665	2390	1080	1740	1920	2665	1610	1510	3255	725	2300	3145
	1815	3160	505	1730	1590	2765	1170	1205	1315	1855	485	1765	1215	1180	590	0	2600	310	1340	2300	2245	520	1615	1700	2480	1490	1690	2975	245	2245	2825
	1500	940	2115	4200	1145	680	1885	2385	3800	4235	2280	3105	3800	2380	2940	2600	0	2440	1635	330	1025	2620	4050	4005	820	3945	2225	485	2360	1395	255
	1840	3075	485	1785	1370	2675	1245	1390	1375	1870	195	1515	1370	880	895	310	2440	0	1065	2125	2205	300	1655	1680	2415	1535	1830	2840	290	2255	2675
	1775	2460	1050	2655	505	2085	1505	1930	2285	2655	875	1510	2385	750	1880	1340	1635	1065	0	1310	1845	1120	2495	2410	1935	2400	2160	2100	1160	2065	1885
	1390	1210	1820	3880	820	885	1670	2180	3485	3910	1960	2790	3490	2055	2665	2300	330	2125	1310	0	1020	2300	3730	3680	905	3625	2090	800	2060	1380	580
	585	990	1750	3965	1395	650	1190	1595	3550	4065	2105	3320	3435	2515	2390	2245	1025	2205	1845	1020	0	2465	3840	3880	305	3720	1300	1045	2010	370	1070
	2125	3305	780	1580	1505	2905	1545	1680	1190	1630	365	1245	1265	720	1080	520	2620	300	1120	2300	2465	0	1435	1425	2660	1325	2130	3045	585	2535	2860
	3425	4725	2095	170	2925	4325	2780	2700	320	265	1790	1660	680	1850	1740	1615	4050	1655	2495	3730	3840	1435	0	325	4065	135	3220	4475	1835	3855	4295
	3500	4725	2150	455	2865	4325	2870	2845	545	275	1785	1410	960	1715	1920	1700	4005	1680	2410	3680	3880	1425	325	0	4085	400	3360	4445	1900	3925	4255
	890	700	1985	4190	1455	345	1475	1900	3780	4280	2300	3435	3690	2640	2665	2480	820	2415	1935	905	305	2660	4065	4085	0	3945	1600	755	2245	625	815
	3300	4605	1970	255	2825	4205	2650	2565	190	395	1675	1645	570	1775	1610	1490	3945	1535	2400	3625	3720	1325	135	400	3945	0	3090	4365	1710	3730	4185
	735	2245	1380	3300	1955	1940	665	530	2905	3475	1850	3300	2660	2540	1510	1690	2225	1830	2160	2090	1300	2130	3220	3360	1600	3090	0	2335	1550	1025	2330
	1610	505	2475	4620	1605	445	2120	2590	4215	4670	2690	3585	4185	2845	3255	2975	485	2840	2100	800	1045	3045	4475	4445	755	4365	2335	0	2730	1375	250
	1605	2920	265	1955	1365	2525	985	1100	1540	2065	380	1800	1460	1130	725	245	2360	290	1160	2060	2010	585	1835	1900	2245	1710	1550	2730	0	2030	2585
	435	1220	1780	3965	1655	950	1100	1415	3550	4090	2180	3490	3395	2680	2300	2245	1395	2255	2065	1380	370	2535	3855	3925	625	3730	1025	1375	2030	0	1425
	1600	740	2335	4440	1395	575	2045	2535	4040	4480	2520	3355	4030	2630	3145	2825	255	2675	1885	580	1070	2860	4295	4255	815	4185	2330	250	2585	1425	0

coordXY = Coordinates (x,y): line zero => x line one => y column => customers
 	352	137	325	412	117	157	385	485	399	365	270	76	472	135	482	365	58	304	116	75	262	278	385	322	213	390	490	69	341	335	51
	766	993	496	62	602	916	637	612	144	34	420	203	186	354	416	404	823	402	502	760	840	348	82	67	876	108	717	919	446	851	873

d_pit = Demand of item p at customer i in period t
 	97	12	46	42	78	82	16	70	39	15	73	73
	99	43	78	62	54	47	88	20	86	34	85	36
	35	16	88	39	66	46	72	35	48	87	22	28
	43	38	48	31	61	92	19	54	45	88	86	41
	83	25	30	44	11	81	38	41	40	13	76	63
	59	72	61	61	85	91	80	76	97	97	67	46
	91	25	70	17	90	76	26	85	38	86	38	90
	71	67	18	30	93	15	29	34	86	42	30	25
	90	75	44	92	10	89	38	40	21	66	29	30
	21	17	72	63	34	45	25	85	90	22	42	68
	68	99	73	43	30	72	42	35	11	31	94	11
	48	10	69	71	98	81	82	34	52	39	93	57
	49	24	92	91	49	35	94	89	45	48	27	13
	99	15	50	98	17	71	14	81	53	69	80	52
	22	68	77	10	23	51	60	76	37	66	22	96
	40	84	23	40	96	12	87	11	90	71	91	70
	43	97	89	78	91	21	38	51	54	79	83	89
	70	54	44	63	74	33	41	17	64	62	16	50
	94	41	92	58	23	83	67	77	76	24	33	85
	28	63	23	60	67	67	70	44	58	30	42	12
	71	67	81	76	25	94	94	84	89	75	70	34
	78	13	79	61	20	30	21	24	39	43	57	69
	69	33	65	73	21	31	99	20	51	89	54	35
	26	71	85	65	69	55	93	69	99	97	65	69
	24	16	20	31	52	34	40	62	22	94	61	68
	86	18	10	91	87	36	53	70	48	17	68	22
	21	56	55	46	35	14	97	18	31	87	59	30
	28	36	76	42	47	48	32	82	63	89	23	52
	86	30	41	49	18	22	26	78	97	75	21	40
	24	69	64	32	65	50	55	62	85	62	86	76

	17	29	68	95	46	92	40	28	41	33	15	92
	78	24	71	15	90	36	55	43	66	58	95	74
	90	30	37	89	11	62	94	94	78	21	79	75
	43	76	16	51	38	62	92	74	63	60	53	22
	96	71	69	82	70	42	25	57	75	19	17	96
	59	49	65	66	23	22	60	56	82	42	99	34
	19	67	90	50	87	93	91	36	34	23	58	93
	12	63	44	57	81	79	77	26	63	74	54	29
	30	53	24	67	70	77	81	56	99	12	19	71
	69	34	55	94	85	54	84	72	37	67	22	23
	93	33	20	23	92	39	92	41	80	98	40	77
	32	61	40	22	11	67	69	28	88	70	52	66
	72	95	14	87	27	24	26	36	68	72	38	49
	62	70	18	69	28	65	30	55	15	24	99	81
	16	15	67	49	47	98	38	59	37	49	96	28
	15	76	51	61	83	34	50	79	78	16	38	76
	53	42	36	49	10	80	39	67	29	28	44	32
	76	93	82	16	32	11	12	18	75	73	41	71
	61	64	51	40	85	54	65	51	50	33	58	26
	84	22	93	45	32	32	99	83	56	46	24	68
	100	61	44	32	56	34	23	26	60	28	42	48
	81	47	56	49	38	81	96	86	78	14	55	69
	59	75	27	95	71	13	52	99	25	82	87	84
	58	91	88	44	47	30	58	28	80	13	18	79
	46	49	36	70	49	54	39	53	19	94	33	54
	63	97	44	45	86	46	37	67	33	90	26	56
	43	59	54	89	11	72	38	19	30	52	95	95
	17	83	82	26	93	65	42	17	61	92	14	42
	31	58	32	77	32	34	72	33	35	98	72	14
	86	60	60	84	68	19	32	26	90	33	41	48

	58	84	16	22	65	49	38	58	58	59	71	29
	35	91	46	40	83	86	79	29	24	58	53	62
	55	81	88	56	79	67	56	56	83	15	22	14
	42	62	21	81	21	89	25	23	62	84	57	57
	88	71	85	78	92	49	100	15	35	83	64	41
	25	46	45	99	20	71	56	68	39	61	31	66
	88	42	26	100	46	94	47	85	37	41	34	95
	15	49	70	98	27	21	34	37	38	82	27	48
	59	61	68	98	47	94	21	80	86	61	72	18
	80	78	87	93	88	28	53	37	66	76	29	41
	43	44	95	41	65	51	20	55	61	99	11	29
	66	80	28	23	26	66	13	45	67	66	57	83
	49	72	24	29	16	54	40	94	49	43	53	30
	35	12	57	37	82	77	88	92	12	40	31	86
	26	18	96	61	11	13	79	83	46	18	68	82
	90	98	79	17	34	55	21	18	40	29	32	95
	21	62	36	55	11	81	11	69	78	28	99	34
	69	32	63	78	50	57	63	96	54	12	66	70
	97	73	62	52	72	13	34	37	97	85	50	98
	77	36	39	67	13	40	14	69	80	23	91	45
	48	34	85	79	32	72	89	44	24	52	23	42
	67	37	58	26	93	39	26	88	95	36	18	98
	32	70	29	27	22	43	10	18	64	28	65	13
	93	29	35	29	51	26	34	71	52	39	24	56
	59	52	71	54	82	17	86	24	89	30	90	70
	37	70	41	82	19	70	89	27	32	22	38	30
	37	77	23	95	47	94	70	15	50	76	66	47
	35	64	45	39	15	99	22	57	29	57	56	32
	64	47	15	43	78	81	61	58	92	45	81	21
	83	74	80	19	64	33	43	25	58	53	77	90

	24	48	29	39	97	99	56	40	34	90	87	78
	92	94	37	64	61	76	28	87	58	54	23	64
	94	74	57	31	71	39	38	52	76	25	50	64
	88	86	28	89	97	83	53	25	53	72	26	73
	22	23	85	83	68	16	59	53	23	54	76	33
	79	39	41	94	68	96	42	89	73	92	18	59
	78	87	99	95	18	76	50	72	82	39	38	47
	37	30	29	26	78	18	72	56	99	99	63	90
	49	90	95	92	39	76	40	10	54	77	12	11
	24	72	20	11	19	19	47	71	97	94	55	52
	54	78	44	70	30	32	35	29	94	87	37	37
	45	43	96	49	89	53	64	31	92	87	66	98
	27	64	34	50	81	90	75	62	84	45	72	74
	72	75	31	97	32	31	50	29	52	58	40	23
	64	88	44	14	83	16	64	29	41	51	84	77
	37	29	38	49	78	68	20	28	96	36	45	60
	79	87	50	50	34	10	100	63	82	37	96	31
	22	95	92	52	75	55	62	51	38	48	21	34
	10	46	83	74	30	91	46	16	70	32	74	74
	32	24	64	55	81	79	66	20	85	34	10	63
	46	58	57	32	18	78	23	50	28	41	91	65
	76	62	67	94	54	11	66	24	42	91	22	43
	96	23	28	85	66	70	50	81	62	51	43	75
	81	61	35	55	60	90	95	98	57	82	38	80
	100	68	41	27	19	77	54	19	11	72	28	96
	44	60	77	24	26	59	11	84	18	20	60	51
	68	40	79	87	48	97	98	61	47	44	94	53
	85	28	22	11	48	83	33	43	72	38	45	44
	57	16	33	56	25	59	49	49	54	32	52	74
	35	34	24	100	74	54	72	31	38	42	26	96

	20	21	78	39	80	72	27	82	46	22	80	69
	82	21	50	49	89	16	73	25	50	72	38	19
	36	70	74	80	52	79	62	84	44	72	78	83
	59	53	81	67	38	77	39	29	84	75	17	45
	98	19	28	99	52	42	11	22	89	81	78	38
	52	61	65	29	26	58	20	23	97	56	59	52
	98	21	28	66	84	62	90	57	18	60	61	35
	23	14	43	76	68	88	41	93	10	85	73	41
	52	49	91	85	71	76	55	14	22	41	97	53
	99	33	89	90	82	13	34	97	71	10	75	33
	63	30	19	95	86	27	42	38	10	94	19	71
	86	73	80	34	52	21	48	51	41	92	20	28
	31	18	98	58	30	11	64	48	29	98	36	47
	64	71	46	52	30	66	48	18	34	31	18	46
	96	90	84	48	21	78	64	91	74	28	13	98
	60	71	88	29	42	76	77	92	83	89	57	24
	53	66	58	74	75	42	60	70	44	25	38	92
	51	83	44	51	53	88	33	15	20	96	23	98
	44	60	90	60	27	34	11	67	53	46	49	33
	63	50	78	91	11	23	71	75	39	92	96	96
	88	10	98	76	26	11	60	86	56	28	19	41
	31	84	75	34	98	79	18	67	74	72	17	67
	74	51	37	91	69	92	88	92	60	67	37	93
	46	30	67	36	56	54	38	67	94	91	41	97
	78	23	44	34	51	76	30	39	21	41	43	85
	81	28	62	38	29	76	68	51	55	56	52	19
	62	21	85	95	91	42	91	92	80	20	27	71
	22	68	14	83	31	93	41	72	22	49	65	98
	32	45	55	37	33	87	27	48	50	60	52	11
	63	91	54	49	72	23	91	47	60	15	66	26

	22	82	71	18	21	56	90	19	93	30	55	13
	76	24	67	29	79	34	84	16	91	72	35	35
	52	67	95	13	93	65	59	68	10	91	82	99
	38	85	45	16	72	99	68	63	81	30	36	82
	83	24	92	42	94	30	79	10	48	27	81	60
	92	67	52	91	43	61	36	90	87	82	10	56
	78	57	89	29	79	20	50	85	36	36	11	95
	15	53	35	69	42	22	14	99	14	13	95	60
	71	87	43	26	23	54	68	70	90	86	85	68
	56	69	71	43	57	90	76	77	25	26	69	81
	12	36	88	31	34	59	54	94	97	23	65	87
	78	77	69	92	57	61	89	71	61	38	55	31
	84	50	42	83	37	58	43	59	88	99	69	22
	88	17	85	17	97	95	94	46	62	39	44	61
	14	58	44	85	71	23	36	74	20	35	51	87
	40	11	69	30	90	40	90	87	56	50	61	97
	38	14	79	98	36	48	17	12	49	79	32	38
	60	27	56	46	89	27	74	15	20	54	15	87
	95	76	40	52	67	36	89	15	16	77	60	81
	95	51	13	98	100	56	74	34	79	97	20	36
	27	48	10	17	73	65	27	30	21	72	49	84
	14	29	69	13	52	58	50	81	99	96	95	16
	58	77	39	33	16	37	31	30	31	89	77	44
	93	46	74	11	53	79	96	63	80	33	79	80
	99	88	35	60	42	91	54	71	65	75	34	95
	84	43	23	54	83	63	56	75	26	23	62	37
	99	92	89	73	30	60	69	71	59	33	83	54
	93	24	32	97	22	95	90	20	77	98	45	71
	41	47	86	97	52	52	57	26	74	95	62	86
	49	34	20	18	14	65	23	27	23	28	85	30

	28	34	51	89	91	25	34	88	92	96	40	23
	75	75	87	79	35	43	30	46	80	76	42	22
	22	87	51	21	11	26	29	47	25	37	25	20
	92	97	55	94	74	87	100	69	36	66	45	43
	64	38	45	52	78	96	41	67	28	71	100	62
	29	16	45	13	94	16	53	34	51	52	24	33
	71	27	87	91	79	15	76	90	78	92	12	35
	23	27	38	52	70	73	33	77	58	29	29	20
	64	90	64	32	99	22	88	58	41	25	77	12
	13	33	83	63	35	75	61	78	41	95	66	96
	55	77	51	29	56	14	60	64	30	57	37	71
	77	38	30	96	100	23	52	93	62	19	57	98
	57	59	41	43	97	24	79	75	93	53	36	60
	48	18	68	90	91	63	91	46	94	18	52	60
	19	81	16	65	97	83	84	14	48	52	32	30
	74	61	77	67	53	26	84	37	45	27	76	67
	22	25	60	25	34	37	51	86	86	59	50	71
	74	76	96	68	49	15	64	50	50	48	60	19
	37	90	79	15	81	99	90	87	43	76	84	63
	66	86	83	76	23	41	32	18	35	55	91	33
	72	98	42	77	64	47	14	56	61	71	93	95
	100	73	30	28	84	37	45	50	21	33	44	63
	71	61	88	34	44	44	27	88	57	71	53	35
	76	87	98	18	40	36	91	32	31	15	25	61
	62	81	24	13	33	52	91	71	41	33	88	41
	60	90	86	31	19	52	63	76	50	19	39	81
	53	93	18	36	78	62	24	89	91	73	51	13
	50	91	95	78	87	60	55	71	91	72	69	30
	48	78	89	73	46	28	81	68	14	41	86	73
	36	16	52	26	81	98	65	42	77	78	19	98

	69	49	65	71	25	68	71	65	52	62	33	33
	79	87	73	28	68	31	11	72	72	37	42	95
	87	27	77	50	83	57	48	10	13	69	74	85
	14	29	97	97	73	45	80	84	79	63	11	39
	42	73	63	83	87	18	50	66	41	94	75	74
	25	88	18	44	59	94	35	99	71	17	64	87
	77	14	33	33	62	26	64	26	64	30	73	84
	90	52	37	55	53	47	57	37	68	63	41	27
	64	52	45	87	55	100	89	35	41	20	26	26
	44	39	90	53	56	66	86	90	59	25	41	75
	15	45	75	99	22	100	73	93	46	63	62	88
	32	92	87	42	57	42	90	67	80	60	63	10
	45	52	39	94	87	48	96	68	31	42	34	55
	63	48	42	63	14	76	87	22	33	39	18	38
	20	57	96	88	43	50	82	42	54	68	98	41
	21	91	89	44	68	85	56	92	30	12	89	22
	93	70	22	82	12	88	68	65	44	44	87	52
	63	12	37	95	99	24	24	90	99	98	79	66
	72	21	56	46	98	88	25	11	44	95	76	58
	99	34	35	50	100	95	85	74	88	50	22	36
	41	33	93	85	94	28	24	75	22	21	57	30
	40	26	63	22	60	61	39	39	62	41	13	46
	34	15	19	22	93	92	43	51	74	76	55	47
	92	13	56	99	93	57	81	95	27	95	51	96
	60	13	91	57	55	51	90	45	60	19	30	47
	49	89	30	89	75	58	13	48	35	87	64	35
	33	25	65	88	25	71	72	87	86	49	30	23
	36	17	87	92	99	15	78	51	84	51	37	37
	61	62	58	27	95	28	27	78	93	77	59	84
	16	55	77	81	87	11	42	42	20	69	22	44

	45	78	27	76	48	17	31	17	25	84	17	74
	83	32	83	16	87	65	11	18	62	47	86	22
	91	83	55	38	79	79	69	92	57	46	14	91
	84	50	46	72	77	66	36	15	50	58	98	59
	98	11	12	69	39	87	40	89	37	69	22	27
	14	49	84	33	54	43	38	66	51	75	16	49
	62	40	15	14	98	98	56	87	36	48	29	67
	10	59	51	92	80	40	38	48	31	80	57	93
	54	24	21	73	49	92	70	54	98	17	54	23
	35	20	22	79	22	31	25	17	96	53	28	78
	17	20	33	37	90	87	40	74	73	78	66	44
	76	63	38	24	64	89	24	67	45	59	48	31
	85	66	88	89	86	32	59	43	88	42	29	73
	95	80	15	40	59	16	20	100	52	79	73	41
	94	100	56	13	27	76	87	77	56	73	60	11
	70	66	90	37	91	63	60	25	94	19	51	46
	17	77	54	83	58	22	17	42	15	53	69	75
	35	98	29	83	22	91	73	11	93	37	72	18
	41	66	18	26	65	44	33	63	78	29	88	16
	52	50	66	86	69	12	34	91	28	64	29	90
	85	69	36	73	29	10	50	87	52	13	70	72
	68	20	43	19	39	87	57	46	60	28	96	22
	37	13	84	74	84	55	43	41	58	34	46	25
	85	78	88	30	56	92	12	92	80	82	47	39
	14	69	99	45	24	62	97	70	94	98	18	73
	14	90	17	88	74	15	92	96	89	51	38	46
	85	76	88	39	11	39	52	86	25	90	56	49
	42	67	90	80	71	96	83	45	69	30	17	94
	58	77	61	63	44	66	50	65	35	72	31	13
	32	59	14	60	63	24	71	87	81	71	64	76

	79	60	72	37	60	54	100	76	21	22	34	33
	86	59	29	73	85	11	13	30	100	30	41	24
	84	70	38	29	78	99	22	94	90	89	62	11
	25	74	31	22	27	98	61	82	97	54	11	10
	56	81	96	99	53	13	80	82	27	78	67	93
	63	75	63	48	71	96	10	68	18	67	19	19
	83	21	52	94	64	36	19	54	53	87	55	45
	91	15	69	19	38	67	73	22	30	21	19	71
	51	32	83	54	10	77	29	24	57	92	52	76
	11	26	40	22	51	14	42	71	100	34	33	33
	77	50	11	78	21	90	26	66	31	60	24	92
	90	57	14	36	70	87	81	40	41	80	13	62
	42	65	100	89	84	54	11	57	97	56	46	91
	38	91	35	81	13	13	79	59	45	92	89	97
	92	53	96	92	43	50	31	97	25	96	53	61
	82	53	15	94	62	87	33	45	79	22	65	97
	41	61	40	71	58	14	87	54	22	55	58	94
	49	83	17	17	17	64	60	91	11	34	93	25
	77	99	88	70	12	84	27	84	93	41	34	90
	65	34	49	56	53	28	28	63	74	63	56	78
	90	42	15	92	78	82	64	85	92	92	19	88
	14	93	21	98	77	71	71	13	42	43	92	92
	70	20	99	59	73	65	31	54	66	83	47	12
	38	84	73	85	74	44	34	26	35	75	30	34
	44	21	59	40	43	12	44	83	61	88	83	92
	93	22	86	37	50	14	58	87	11	93	13	20
	31	50	42	49	17	85	80	28	43	76	31	82
	81	66	80	95	16	44	36	51	95	47	40	90
	80	58	90	34	58	98	38	60	46	30	42	97
	33	41	64	78	19	78	25	96	28	25	40	25

