***** PARAMETERS PRP *****

Number of Customers = 30
Number of Products = 10
Number of Vehicles = 5
Number of Periods = 12

B = Production capacity
	49777

b_p = Time required to produce item p
 	1	1	1	1	1	1	1	1	1	1

c_p = Production cost of item p
 	30	30	30	80	30	80	80	30	30	30

s_p = Setup cost of item p
 	300	300	300	800	300	800	800	300	300	300

M = Big number
	199106

U_pi = Maximum inventory upper bound of item p at site i
 	199106	112	250	245	230	174	100	340	104	313	227	174	119	270	274	81	128	144	140	91	234	149	257	277	110	181	119	314	228	265	300
	199106	229	124	129	111	153	115	115	154	270	293	165	244	89	268	93	240	221	172	263	159	245	260	102	220	338	258	152	79	115	286
	199106	232	128	258	125	186	233	129	253	206	115	155	123	206	193	228	106	252	265	292	271	305	293	181	132	171	134	189	323	262	124
	199106	164	235	228	92	177	133	270	248	173	204	228	213	178	168	268	296	95	95	282	169	95	282	262	350	187	130	296	209	157	179
	199106	164	156	93	169	249	104	258	211	103	79	129	286	315	111	274	164	269	170	98	291	165	271	265	187	251	160	200	279	246	127
	199106	209	244	229	311	183	177	245	245	189	160	165	115	251	237	314	172	289	175	335	128	110	174	83	126	97	112	148	112	277	248
	199106	97	220	100	145	172	214	85	267	197	102	183	203	143	277	90	122	278	110	183	274	154	139	195	116	132	111	171	248	80	276
	199106	223	77	113	117	249	196	141	113	104	115	248	209	117	123	114	274	250	257	166	207	205	102	301	278	295	158	273	226	293	111
	199106	112	117	279	185	288	114	174	151	137	187	122	253	149	232	175	236	159	187	222	352	308	152	98	127	139	223	101	293	159	194
	199106	121	244	251	94	120	260	100	146	122	252	108	293	103	104	156	280	318	116	96	284	223	223	176	148	292	156	102	212	247	216

I_pi0 = Initial inventory of item p at site i
 	0	51	166	195	170	85	89	252	95	176	222	170	117	147	204	55	124	85	84	26	184	135	170	115	72	114	112	110	215	178	155
	0	162	113	98	54	128	61	52	72	110	104	100	124	40	219	70	206	50	54	76	138	144	93	92	154	162	60	119	33	84	235
	0	64	92	140	115	142	99	117	139	127	87	138	17	127	161	168	60	73	146	208	220	66	94	170	24	61	85	35	89	138	83
	0	76	64	84	81	126	48	145	161	160	186	226	147	40	39	203	183	82	44	165	60	78	190	206	131	30	79	19	187	76	132
	0	132	154	42	124	210	11	23	195	98	57	107	83	234	11	51	108	241	154	69	134	77	58	159	172	175	77	44	263	87	122
	0	144	26	165	79	170	118	110	91	60	102	90	79	116	170	12	133	12	133	171	116	54	145	41	98	66	110	64	59	90	90
	0	28	166	100	93	137	131	65	80	21	69	137	193	83	244	0	91	82	81	89	272	137	69	159	16	101	86	171	82	40	259
	0	162	22	73	96	155	43	103	74	63	81	101	108	65	120	53	131	114	180	140	147	89	88	200	79	30	158	236	75	51	110
	0	67	67	22	127	256	80	167	128	96	51	99	112	91	91	168	142	148	137	146	99	241	54	17	86	95	69	12	164	87	108
	0	77	230	193	77	72	44	43	73	45	203	69	211	83	63	67	183	153	21	54	53	80	62	90	44	214	117	95	89	129	29

h_pi = Inventory cost of item p at site i
 	3	9	9	8	2	2	6	4	8	6	2	9	2	2	4	5	8	4	7	5	2	3	9	7	2	3	5	6	5	6	8
	3	7	2	4	3	7	5	3	6	7	6	3	8	2	9	3	8	1	7	9	3	3	3	2	1	2	7	5	3	9	3
	3	6	4	5	7	4	7	1	3	6	4	6	7	2	1	9	2	7	5	1	7	5	2	6	9	2	8	6	7	8	1
	8	2	6	1	3	2	7	6	5	5	7	2	4	7	5	6	3	8	6	7	2	6	4	7	8	2	3	7	9	1	6
	3	5	9	3	5	9	9	2	6	3	9	3	9	3	7	1	3	1	6	1	4	3	8	3	1	6	8	2	7	8	6
	8	8	1	2	3	4	8	5	5	5	7	2	5	8	4	2	8	8	7	5	3	4	1	7	7	1	5	1	3	8	7
	8	9	6	2	9	7	9	1	9	8	5	7	8	6	7	6	4	2	4	9	4	1	7	6	7	5	9	3	5	2	2
	3	8	5	2	4	7	2	4	7	8	2	5	6	9	1	6	6	9	1	3	3	5	2	1	6	5	4	7	6	6	4
	3	5	3	7	7	7	4	8	7	9	3	5	6	8	7	1	7	4	7	7	1	8	5	4	9	2	1	6	8	7	3
	3	6	8	9	1	1	8	2	6	7	3	7	8	3	1	7	6	5	5	6	6	7	4	1	2	8	7	6	3	5	8

C = Vehicle capacity
	3520

f = Fixed transportation cost
	161200

a_ik = Transportation cost for traveling from node i to node k
 	0	3255	3820	930	3715	2175	1245	1160	4010	1180	4090	2635	1725	1785	875	3045	705	1140	4045	2625	350	2135	610	4090	3855	1710	950	1535	3290	3680	1750
	3255	0	1395	3105	1080	1160	4200	3270	1255	2660	1365	805	1600	2535	3860	1010	2645	2520	1385	820	3085	1275	2665	1045	835	1640	2425	1725	150	1075	1715
	3820	1395	0	3330	2390	2215	4965	3390	390	3615	375	2065	2140	2445	4595	2395	3125	2785	300	2075	3550	1730	3220	2105	1995	2140	2875	2475	1245	2400	2075
	930	3105	3330	0	3810	2235	2120	275	3585	1855	3645	2680	1515	985	1770	3190	670	590	3590	2670	605	1845	815	4070	3835	1470	765	1560	3100	3780	1400
	3715	1080	2390	3810	0	1580	4420	4015	2150	2820	2255	1130	2325	3430	4135	680	3235	3255	2295	1140	3635	2125	3195	570	475	2385	3060	2265	1210	45	2515
	2175	1160	2215	2235	1580	0	3050	2455	2235	1505	2340	465	820	2000	2720	960	1660	1700	2330	455	2065	830	1630	1915	1685	885	1485	685	1240	1550	1055
	1245	4200	4965	2120	4420	3050	0	2300	5115	1605	5200	3475	2830	3025	380	3745	1915	2380	5170	3455	1585	3245	1780	4880	4660	2830	2155	2535	4265	4380	2910
	1160	3270	3390	275	4015	2455	2300	0	3670	2125	3720	2890	1700	970	1965	3415	935	765	3660	2880	855	2000	1085	4255	4020	1650	1005	1790	3250	3990	1555
	4010	1255	390	3585	2150	2235	5115	3670	0	3695	115	2005	2295	2745	4750	2255	3325	3025	155	2020	3760	1885	3405	1805	1725	2305	3080	2590	1115	2165	2275
	1180	2660	3615	1855	2820	1505	1605	2125	3695	0	3795	1895	1565	2320	1325	2145	1230	1670	3770	1880	1330	1925	1055	3280	3065	1590	1310	1165	2740	2780	1740
	4090	1365	375	3645	2255	2340	5200	3720	115	3795	0	2115	2380	2785	4835	2365	3400	3090	80	2130	3835	1965	3485	1900	1825	2385	3150	2685	1225	2270	2345
	2635	805	2065	2680	1130	465	3475	2890	2005	1895	2115	0	1210	2355	3155	565	2120	2130	2120	20	2525	1080	2090	1455	1220	1270	1935	1145	920	1100	1420
	1725	1600	2140	1515	2325	820	2830	1700	2295	1565	2380	1210	0	1180	2465	1760	1070	940	2340	1205	1510	415	1120	2560	2325	65	835	420	1605	2300	255
	1785	2535	2445	985	3430	2000	3025	970	2745	2320	2785	2355	1180	0	2655	2915	1180	685	2725	2350	1445	1305	1355	3565	3340	1120	1020	1480	2485	3405	945
	875	3860	4595	1770	4135	2720	380	1965	4750	1325	4835	3155	2465	2655	0	3455	1540	2010	4800	3140	1220	2875	1405	4580	4355	2460	1775	2175	3920	4095	2535
	3045	1010	2395	3190	680	960	3745	3415	2255	2145	2365	565	1760	2915	3455	0	2595	2660	2390	570	2980	1645	2540	1160	965	1820	2435	1635	1155	645	1975
	705	2645	3125	670	3235	1660	1915	935	3325	1230	3400	2120	1070	1180	1540	2595	0	500	3355	2110	445	1465	185	3550	3315	1040	250	975	2665	3205	1055
	1140	2520	2785	590	3255	1700	2380	765	3025	1670	3090	2130	940	685	2010	2660	500	0	3040	2120	815	1260	675	3495	3260	890	365	1050	2510	3225	815
	4045	1385	300	3590	2295	2330	5170	3660	155	3770	80	2120	2340	2725	4800	2390	3355	3040	0	2135	3790	1930	3440	1955	1875	2350	3110	2655	1240	2310	2305
	2625	820	2075	2670	1140	455	3455	2880	2020	1880	2130	20	1205	2350	3140	570	2110	2120	2135	0	2515	1080	2080	1470	1235	1260	1925	1135	935	1110	1410
	350	3085	3550	605	3635	2065	1585	855	3760	1330	3835	2525	1510	1445	1220	2980	445	815	3790	2515	0	1905	440	3970	3735	1485	685	1390	3105	3600	1490
	2135	1275	1730	1845	2125	830	3245	2000	1885	1925	1965	1080	415	1305	2875	1645	1465	1260	1930	1080	1905	0	1530	2280	2055	430	1220	765	1255	2105	450
	610	2665	3220	815	3195	1630	1780	1085	3405	1055	3485	2090	1120	1355	1405	2540	185	675	3440	2080	440	1530	0	3535	3300	1100	375	955	2695	3165	1145
	4090	1045	2105	4070	570	1915	4880	4255	1805	3280	1900	1455	2560	3565	4580	1160	3550	3495	1955	1470	3970	2280	3535	0	240	2610	3350	2585	1125	610	2710
	3855	835	1995	3835	475	1685	4660	4020	1725	3065	1825	1220	2325	3340	4355	965	3315	3260	1875	1235	3735	2055	3300	240	0	2375	3115	2350	930	500	2475
	1710	1640	2140	1470	2385	885	2830	1650	2305	1590	2385	1270	65	1120	2460	1820	1040	890	2350	1260	1485	430	1100	2610	2375	0	805	460	1645	2355	195
	950	2425	2875	765	3060	1485	2155	1005	3080	1310	3150	1935	835	1020	1775	2435	250	365	3110	1925	685	1220	375	3350	3115	805	0	805	2435	3030	810
	1535	1725	2475	1560	2265	685	2535	1790	2590	1165	2685	1145	420	1480	2175	1635	975	1050	2655	1135	1390	765	955	2585	2350	460	805	0	1765	2235	640
	3290	150	1245	3100	1210	1240	4265	3250	1115	2740	1225	920	1605	2485	3920	1155	2665	2510	1240	935	3105	1255	2695	1125	930	1645	2435	1765	0	1210	1700
	3680	1075	2400	3780	45	1550	4380	3990	2165	2780	2270	1100	2300	3405	4095	645	3205	3225	2310	1110	3600	2105	3165	610	500	2355	3030	2235	1210	0	2490
	1750	1715	2075	1400	2515	1055	2910	1555	2275	1740	2345	1420	255	945	2535	1975	1055	815	2305	1410	1490	450	1145	2710	2475	195	810	640	1700	2490	0

coordXY = Coordinates (x,y): line zero => x line one => y column => customers
 	204	213	485	382	8	142	20	433	434	25	454	119	277	483	67	24	269	358	464	118	263	307	233	76	90	288	286	200	242	6	326
	827	177	117	774	111	397	994	792	59	674	49	307	490	605	935	246	703	659	61	310	791	413	709	20	65	496	656	521	171	119	500

d_pit = Demand of item p at customer i in period t
 	51	95	18	79	64	37	46	64	75	28	90	24
	70	36	60	45	55	55	72	18	45	77	45	21
	75	40	67	13	45	16	78	28	30	29	76	90
	93	50	27	89	26	95	80	54	13	33	58	71
	85	98	73	28	25	93	24	86	28	42	18	95
	89	60	39	21	27	54	94	79	54	22	26	36
	63	93	96	65	81	96	49	30	64	61	94	25
	25	70	93	28	93	39	12	86	80	27	45	26
	79	97	96	28	65	25	23	76	98	70	53	41
	60	87	75	27	44	57	66	40	86	63	48	29
	99	16	55	46	53	36	48	64	66	70	84	58
	60	57	100	33	28	98	39	90	53	22	77	56
	51	31	65	95	60	53	22	40	39	92	54	46
	54	80	70	13	83	85	46	24	77	25	47	54
	35	20	74	17	77	37	79	12	54	35	18	29
	48	76	70	57	77	51	89	67	66	50	74	44
	16	69	66	29	34	18	81	34	19	36	77	98
	45	13	26	93	49	64	45	74	51	15	33	50
	26	70	73	19	48	47	44	84	43	15	15	63
	65	70	49	56	36	42	31	64	42	40	12	54
	78	25	32	92	87	40	65	15	28	34	58	43
	81	89	88	26	83	91	70	19	67	22	96	40
	38	77	76	99	80	86	75	97	94	67	21	20
	72	89	97	32	81	30	36	35	96	20	18	51
	68	46	87	11	82	49	12	50	91	74	99	55
	55	57	20	85	18	43	92	52	73	80	44	94
	39	71	23	84	65	73	39	71	64	75	76	74
	70	34	31	80	69	80	48	39	92	49	67	24
	95	83	83	43	47	69	36	36	89	97	79	38
	40	99	16	93	54	90	65	76	62	44	40	42

	100	49	13	32	97	93	87	43	17	91	53	12
	56	57	42	32	74	96	78	84	36	91	26	71
	98	96	88	97	74	19	69	51	30	18	53	79
	54	97	32	23	38	89	53	42	52	100	54	30
	12	71	45	82	19	87	28	44	75	43	88	18
	33	28	78	94	95	39	46	36	73	77	22	68
	52	38	87	12	39	76	24	28	11	19	62	12
	12	14	15	31	72	68	41	42	93	88	47	91
	75	35	14	76	13	62	98	93	32	44	19	86
	88	16	97	90	16	32	19	75	49	92	88	40
	69	31	86	57	69	18	79	62	94	48	14	33
	25	99	86	65	56	41	36	40	96	98	52	37
	40	55	11	12	45	91	19	88	22	71	60	19
	67	21	80	51	95	54	63	41	39	15	25	92
	70	46	53	63	22	31	28	52	53	30	49	61
	68	47	91	83	44	12	39	83	53	43	91	66
	50	70	73	17	81	19	77	77	47	63	43	45
	54	86	11	53	68	62	51	55	78	19	80	69
	76	50	93	37	78	42	12	49	21	17	88	68
	78	50	10	28	67	26	27	57	78	76	67	73
	82	62	47	58	56	38	49	55	31	23	63	23
	74	19	68	47	62	55	86	25	39	68	50	31
	72	20	89	45	70	68	49	36	26	53	34	48
	70	84	89	47	44	56	81	15	30	68	38	38
	44	36	82	73	82	77	50	66	79	82	51	89
	60	40	60	98	16	37	49	67	77	91	86	93
	31	53	35	42	15	85	38	60	59	65	62	61
	33	97	30	22	67	23	73	49	32	10	25	12
	84	73	69	27	37	48	42	89	79	31	41	72
	41	44	64	86	19	88	44	84	41	59	19	98

	64	83	14	47	20	97	15	56	23	15	31	91
	38	54	68	59	47	14	41	13	39	26	99	12
	11	53	56	20	35	85	10	55	71	76	77	70
	53	62	48	88	61	78	60	76	85	17	34	85
	90	52	55	88	35	85	60	30	40	78	62	69
	27	72	25	22	15	91	31	51	26	47	92	59
	30	87	75	56	94	16	47	98	34	71	92	73
	84	55	45	35	59	23	74	61	65	16	29	62
	83	44	85	51	52	71	100	19	88	86	64	79
	87	52	68	34	42	26	86	77	42	88	52	34
	31	74	33	44	42	93	37	31	83	60	67	26
	17	94	52	48	23	77	96	96	49	94	69	23
	26	69	32	94	81	60	85	55	97	81	61	84
	52	34	75	94	98	73	67	58	63	95	34	29
	18	53	97	87	80	50	52	58	89	22	56	22
	60	63	20	60	50	11	17	87	61	62	59	84
	73	74	25	72	17	94	61	82	90	45	97	27
	26	42	78	44	78	44	62	63	82	28	17	73
	86	48	74	99	47	46	75	64	58	21	58	24
	91	97	15	17	90	23	40	66	34	67	54	56
	66	58	19	70	91	96	74	60	56	15	46	80
	67	27	31	97	23	46	94	26	87	68	53	83
	90	80	79	82	50	35	85	68	40	11	17	87
	24	98	36	90	83	57	96	66	83	53	70	36
	61	52	63	34	58	100	56	19	65	10	75	90
	62	23	29	79	68	71	61	96	84	58	86	86
	35	16	26	83	83	26	90	57	59	49	23	20
	89	75	78	25	56	88	24	23	87	89	74	68
	36	25	77	58	35	83	90	31	11	74	25	84
	31	31	21	51	43	71	42	67	21	60	16	43

	76	54	52	86	13	28	75	73	35	66	24	75
	64	12	36	29	37	77	91	82	36	54	23	23
	71	13	98	43	82	98	24	45	48	32	74	55
	81	41	80	11	56	56	35	18	25	68	55	26
	57	46	23	47	83	79	78	61	83	48	91	13
	27	21	40	84	30	10	18	27	47	83	72	72
	60	85	35	98	79	12	98	86	33	87	51	87
	60	35	66	63	21	55	60	46	87	96	64	90
	13	80	67	34	78	47	91	48	80	52	13	88
	77	22	87	70	74	49	64	21	74	26	25	24
	81	81	64	44	61	77	97	48	10	59	28	34
	40	47	25	35	65	86	50	25	57	68	91	51
	40	10	17	62	79	56	89	77	69	87	81	45
	39	70	99	26	86	36	71	17	84	20	41	82
	25	86	92	28	38	33	70	33	74	79	11	73
	53	33	83	14	61	92	22	92	81	80	65	34
	37	45	49	36	71	57	63	38	15	93	25	42
	19	25	99	52	71	25	28	25	30	73	36	89
	70	56	39	45	87	26	27	100	92	24	15	96
	15	45	71	51	51	57	32	67	92	98	63	34
	78	21	57	18	55	19	94	51	31	68	41	38
	56	50	84	81	16	75	38	48	99	46	67	17
	49	73	84	40	30	71	16	25	76	51	49	64
	77	54	94	77	59	94	48	57	96	38	90	55
	30	14	42	57	86	76	67	30	59	14	74	13
	79	97	16	96	66	66	91	62	43	84	52	29
	19	30	24	89	92	61	92	89	49	39	28	98
	91	76	20	56	66	85	67	83	53	80	73	84
	76	72	47	79	15	41	59	76	18	36	90	17
	39	35	58	42	20	56	48	17	43	92	20	68

	88	44	34	75	73	23	33	73	16	53	44	98
	37	25	92	86	18	91	51	75	19	25	91	14
	14	28	25	60	55	31	93	36	27	74	57	59
	76	27	21	92	10	19	73	70	29	27	44	19
	97	16	97	74	38	41	28	98	69	71	36	82
	11	59	97	19	78	52	13	74	54	50	98	17
	23	65	66	76	60	26	33	83	23	65	14	85
	55	25	49	66	56	33	92	30	80	41	92	15
	85	13	11	59	58	48	27	29	53	99	79	56
	13	20	24	10	12	85	30	64	37	54	59	67
	18	89	16	93	75	81	12	99	89	95	27	79
	37	46	60	19	75	40	62	21	85	87	92	63
	69	67	58	40	37	12	69	87	82	94	73	67
	11	89	84	54	84	57	25	25	59	51	28	97
	11	40	83	95	51	96	93	80	79	78	54	61
	21	16	71	63	30	41	87	86	50	11	92	89
	70	80	91	67	20	84	80	38	80	99	50	48
	72	82	62	87	87	33	29	61	84	45	20	17
	69	90	28	30	25	71	24	61	39	60	54	39
	90	44	89	17	88	57	74	20	97	99	11	12
	77	43	80	33	50	49	17	37	84	83	69	37
	58	50	100	66	70	93	29	25	17	53	78	11
	92	67	55	99	90	92	23	70	29	47	98	34
	95	77	72	92	97	67	50	40	39	32	20	65
	90	85	82	63	67	12	30	33	13	94	92	93
	11	66	90	78	97	25	22	38	29	68	57	60
	13	31	33	58	23	83	35	64	11	99	96	53
	100	75	88	38	70	70	18	56	92	98	69	62
	87	39	35	77	55	21	55	41	31	27	76	46
	17	51	54	59	81	12	25	47	21	70	51	21

	75	69	41	20	48	99	20	66	35	37	62	54
	10	16	94	67	80	44	26	49	68	11	39	82
	77	88	71	21	69	22	69	47	97	55	52	19
	33	46	25	84	96	29	97	13	73	70	82	98
	92	78	56	15	93	23	61	97	54	48	84	31
	50	68	92	47	73	17	40	50	78	66	28	99
	82	28	12	87	54	18	41	51	25	57	57	75
	12	79	20	98	38	48	57	30	33	31	74	69
	60	28	77	52	93	81	67	53	25	91	28	99
	57	45	89	20	89	44	37	43	73	85	14	43
	10	66	14	68	81	13	95	24	77	65	55	90
	79	23	62	23	38	32	23	91	83	74	82	77
	94	22	96	16	37	35	13	89	92	22	20	66
	87	17	66	77	41	24	79	18	80	70	90	61
	12	54	47	59	20	75	97	91	81	60	64	93
	95	38	95	32	38	23	17	60	91	38	84	78
	12	37	68	73	81	91	47	49	70	50	39	77
	99	34	29	25	78	49	59	33	93	89	74	38
	94	77	57	17	74	95	85	88	87	78	13	40
	97	19	53	36	38	12	23	81	29	36	25	63
	54	95	79	100	43	44	52	36	82	20	12	41
	48	97	68	30	57	56	73	69	23	62	66	48
	29	12	56	33	39	14	39	56	79	25	71	42
	26	72	93	43	39	92	23	46	76	99	62	87
	66	100	67	70	40	42	64	20	56	22	12	23
	58	52	40	60	52	10	98	77	27	47	98	55
	64	93	79	11	45	31	34	35	47	60	65	27
	59	95	71	14	26	26	28	29	83	93	62	87
	90	26	10	91	62	37	62	58	13	92	62	62
	90	92	81	43	63	25	17	77	83	61	13	99

	28	73	64	59	30	16	99	62	29	67	17	40
	62	17	87	47	17	86	88	43	58	71	25	58
	56	44	29	55	55	49	63	80	16	69	32	51
	61	17	15	71	35	18	38	97	40	45	56	88
	46	30	61	99	63	61	99	13	57	57	34	67
	86	45	98	51	50	54	35	60	28	13	30	91
	65	88	57	17	18	10	48	25	25	78	54	22
	80	90	45	68	68	26	27	80	75	83	79	79
	21	47	87	18	26	66	42	13	73	99	50	48
	69	44	54	27	63	32	91	57	17	70	28	61
	47	90	47	93	79	69	11	84	30	88	35	60
	64	14	66	49	49	53	33	69	11	42	84	76
	83	76	35	22	64	20	48	53	16	19	97	39
	60	89	95	13	69	40	49	61	26	30	55	77
	96	11	28	10	33	23	15	23	95	92	39	74
	91	50	88	100	90	45	86	90	32	11	10	39
	82	43	49	91	25	27	23	93	66	71	69	27
	81	63	99	14	44	77	34	50	48	95	21	32
	89	89	62	71	39	16	17	61	55	84	56	91
	47	83	88	54	36	19	32	58	74	65	51	51
	48	43	46	96	33	33	76	79	65	12	15	71
	69	65	99	34	27	48	27	14	73	69	13	16
	82	77	46	51	53	12	52	21	14	34	84	59
	16	95	66	69	47	53	67	87	82	24	33	57
	47	54	70	82	48	29	16	14	81	60	11	14
	86	50	60	13	11	67	54	67	47	36	81	93
	73	45	53	49	57	77	17	28	55	100	53	76
	44	38	79	73	68	74	47	13	15	62	46	36
	28	12	55	55	21	39	30	20	69	79	24	48
	64	87	64	44	54	82	46	84	92	81	88	41

	82	80	65	94	29	71	75	22	22	31	64	33
	22	26	21	31	19	36	53	50	89	55	46	14
	43	30	65	20	32	49	89	94	32	98	75	50
	96	40	44	37	89	57	99	16	43	63	36	84
	68	26	61	73	60	59	28	15	56	76	17	58
	20	23	18	76	37	87	76	22	47	47	77	58
	13	90	38	67	16	73	88	45	14	50	31	40
	74	46	95	37	44	17	29	97	62	41	95	41
	63	11	47	39	41	37	42	52	22	84	98	90
	26	26	29	99	90	41	57	91	22	86	97	23
	51	50	82	70	27	74	58	12	41	35	60	34
	60	48	78	69	26	22	71	13	24	47	21	22
	48	17	65	28	41	22	59	22	51	14	19	80
	37	14	51	18	92	98	54	60	64	96	65	89
	53	21	21	70	91	25	32	94	77	79	87	36
	89	42	63	96	81	90	38	34	72	53	86	77
	53	61	71	80	69	86	19	77	74	99	22	40
	13	37	81	49	26	66	23	79	87	19	73	64
	33	79	28	96	45	90	74	16	21	46	84	51
	76	11	60	54	34	51	90	32	40	89	50	35
	89	53	54	40	79	33	46	82	98	58	97	91
	88	62	53	32	17	91	98	23	13	86	36	13
	82	68	50	28	53	49	60	65	77	44	87	59
	55	24	63	78	64	69	51	97	36	31	79	19
	30	83	15	93	75	97	76	40	18	37	56	87
	14	60	63	21	63	71	36	89	68	96	39	13
	81	96	59	73	27	12	58	87	86	86	58	97
	75	30	86	90	18	17	56	27	76	69	79	56
	51	23	29	99	16	31	85	84	88	68	78	51
	36	20	36	18	71	49	50	60	99	88	71	67

	31	36	85	29	85	13	15	20	37	49	14	35
	67	85	77	37	82	60	29	69	68	35	76	15
	22	93	60	25	88	21	35	96	17	75	43	95
	99	28	39	73	90	87	13	69	40	100	60	43
	46	77	80	53	97	87	55	22	87	83	88	90
	80	89	83	11	13	85	36	71	22	43	78	73
	92	35	40	63	56	79	49	64	76	25	49	69
	32	96	34	66	48	43	35	22	23	70	94	39
	57	22	17	43	79	41	63	58	43	39	44	42
	51	56	26	49	91	79	98	64	62	83	15	75
	47	52	67	52	60	97	46	62	35	81	80	50
	46	55	11	33	30	90	49	69	23	90	52	60
	91	75	87	75	40	55	78	82	69	70	86	88
	25	66	94	73	90	65	62	76	37	21	40	47
	35	81	52	38	43	89	42	72	88	96	48	15
	51	91	98	89	75	60	50	15	47	64	44	23
	69	20	59	72	55	93	52	27	40	79	29	42
	92	29	16	52	60	93	30	20	18	82	19	49
	75	39	32	26	89	11	15	57	72	93	69	88
	99	92	63	85	59	69	60	38	27	93	93	67
	98	67	76	95	49	44	60	40	34	61	38	77
	54	39	43	42	24	54	20	71	27	41	13	27
	17	89	16	73	12	35	66	57	45	91	32	57
	86	87	49	23	81	50	28	80	97	86	71	25
	95	90	84	37	77	21	62	68	99	19	91	88
	69	84	77	72	54	89	10	39	29	48	32	66
	12	92	47	27	46	53	52	85	49	15	28	98
	49	37	78	35	43	35	84	99	15	82	53	94
	87	86	64	28	60	50	11	53	79	47	18	54
	34	74	69	17	61	18	28	49	51	89	66	25

	77	78	65	44	54	78	68	46	70	27	70	50
	86	84	60	40	93	66	12	70	61	86	32	42
	31	98	64	65	89	88	73	16	71	84	64	10
	33	44	93	20	66	72	77	23	25	79	18	15
	72	62	84	43	28	53	29	91	80	52	55	71
	44	64	17	36	73	42	61	35	83	66	40	62
	26	17	49	84	15	66	100	27	27	100	49	37
	73	35	64	12	86	27	20	26	29	35	93	85
	45	81	80	21	99	17	14	82	96	78	86	30
	16	20	90	77	20	87	82	90	20	93	90	72
	54	15	84	64	54	78	24	76	86	44	42	27
	62	64	35	50	54	84	27	51	72	78	96	30
	83	32	87	28	25	45	70	43	49	96	48	13
	63	65	40	76	31	60	87	54	21	23	69	33
	22	45	75	40	48	57	51	83	57	48	78	18
	76	45	49	13	75	62	70	23	97	49	93	21
	77	76	22	18	96	90	66	82	36	14	89	97
	21	79	65	96	92	26	38	65	48	26	80	61
	54	65	13	49	16	46	66	92	70	29	46	29
	53	66	30	44	86	70	74	64	68	47	63	16
	80	44	74	73	62	51	72	30	14	20	78	72
	62	14	23	26	88	46	62	52	76	38	20	28
	90	46	52	77	70	45	86	58	22	84	57	15
	44	74	34	58	31	25	22	74	94	40	20	74
	38	35	92	49	26	13	77	89	66	99	63	54
	82	35	74	11	51	41	87	41	39	64	57	43
	95	79	11	36	13	97	32	89	16	18	78	50
	77	12	96	16	66	30	80	20	95	33	23	89
	21	19	89	59	86	79	55	25	100	98	62	48
	29	92	79	79	41	38	76	62	20	14	68	50

