***** PARAMETERS PRP *****

Number of Customers = 30
Number of Products = 10
Number of Vehicles = 5
Number of Periods = 12

B = Production capacity
	49609

b_p = Time required to produce item p
 	1	1	1	1	1	1	1	1	1	1

c_p = Production cost of item p
 	80	30	80	30	30	80	80	80	30	30

s_p = Setup cost of item p
 	800	300	800	300	300	800	800	800	300	300

M = Big number
	198434

U_pi = Maximum inventory upper bound of item p at site i
 	198434	127	193	166	242	127	188	93	260	99	295	130	227	150	113	157	116	258	111	250	114	177	252	278	228	154	362	191	212	157	192
	198434	303	98	126	298	187	270	193	230	203	128	96	305	281	138	106	269	305	209	124	264	218	205	92	225	173	385	254	161	269	89
	198434	149	135	227	183	166	267	271	106	235	109	135	246	139	245	267	191	98	151	354	241	262	91	154	151	289	219	237	88	161	185
	198434	335	148	163	106	143	147	248	322	140	226	84	315	158	303	169	138	289	298	199	343	103	327	264	110	230	114	121	199	79	323
	198434	295	261	114	190	165	169	97	116	164	229	209	140	238	129	219	323	265	151	177	296	222	322	171	108	172	199	254	210	150	191
	198434	170	259	255	231	157	112	115	118	213	228	139	212	110	101	266	222	323	212	112	219	111	184	263	273	241	136	125	270	162	277
	198434	157	227	125	127	300	176	222	264	230	187	104	111	138	276	106	98	102	243	89	142	276	208	224	131	171	283	206	108	125	205
	198434	113	306	319	149	178	157	262	243	77	107	213	76	174	130	268	171	227	300	208	101	245	113	96	108	93	100	108	269	265	203
	198434	157	99	226	114	293	282	227	228	223	126	121	147	113	134	257	210	190	286	308	125	233	92	268	226	231	192	355	252	322	182
	198434	147	270	121	148	105	248	251	111	173	269	298	250	134	266	115	169	293	264	114	201	211	288	133	234	157	216	99	112	205	323

I_pi0 = Initial inventory of item p at site i
 	0	38	87	141	40	99	138	50	53	21	131	107	136	82	85	156	107	195	21	178	101	171	23	194	173	144	13	179	132	149	114
	0	20	66	107	127	58	77	143	68	146	32	50	268	220	73	21	74	43	139	14	28	127	99	46	39	84	80	97	11	83	84
	0	127	118	182	93	21	168	79	68	33	61	69	227	77	130	104	64	71	141	236	37	227	91	128	20	75	18	89	81	62	176
	0	238	83	136	76	11	124	213	211	64	76	28	68	70	94	39	100	248	114	114	196	98	111	44	39	205	63	112	78	70	61
	0	81	182	105	150	156	86	67	83	97	105	200	114	167	51	119	257	211	129	110	217	161	108	167	105	112	110	160	205	122	96
	0	140	126	76	17	42	68	90	62	115	27	71	98	78	63	49	162	193	64	81	105	55	143	90	129	225	83	43	149	81	256
	0	81	116	52	95	137	160	167	93	178	168	94	73	89	124	90	81	42	74	60	83	61	178	181	41	131	168	14	60	72	152
	0	94	164	307	96	91	95	56	52	0	72	201	45	19	80	65	159	155	247	189	72	127	41	46	97	74	78	95	219	99	60
	0	33	55	135	49	267	139	126	181	67	37	82	111	31	86	121	60	83	195	28	54	68	51	219	197	89	168	204	64	240	122
	0	117	26	113	59	18	165	240	19	28	246	168	250	42	40	90	114	155	47	113	172	125	140	122	153	53	31	15	69	204	133

h_pi = Inventory cost of item p at site i
 	8	5	9	5	2	1	4	5	8	4	9	2	8	4	3	7	2	4	3	8	4	6	8	6	6	9	9	2	2	6	6
	3	1	1	3	9	6	7	9	4	1	2	4	2	8	5	9	8	5	2	6	7	2	9	1	9	5	8	2	6	3	3
	8	8	5	9	7	9	3	8	3	7	1	5	7	3	9	5	7	2	9	6	8	6	1	3	9	8	5	5	4	9	4
	3	6	8	6	9	2	7	7	7	4	8	9	8	1	7	3	1	8	4	5	8	9	4	5	1	7	9	8	9	4	2
	3	8	7	8	9	8	4	4	4	4	2	7	7	1	2	4	5	5	5	3	2	5	9	3	7	2	4	8	3	8	4
	8	7	6	2	9	8	1	1	1	6	2	9	3	1	2	4	1	8	6	1	7	5	5	2	5	8	4	4	3	6	5
	8	4	2	3	4	1	5	3	5	7	7	4	9	9	4	3	3	2	9	9	9	6	4	2	8	4	2	5	8	5	3
	8	4	2	9	9	8	3	2	3	5	1	9	7	3	8	2	4	2	9	1	3	2	9	9	4	1	5	6	7	5	3
	3	9	1	9	4	2	7	2	3	9	4	3	9	2	4	7	2	6	3	6	4	1	1	2	2	8	3	8	2	8	3
	3	9	6	6	5	8	2	2	5	8	8	7	6	5	8	2	1	9	5	5	4	6	5	5	1	8	4	4	6	2	1

C = Vehicle capacity
	3850

f = Fixed transportation cost
	159030

a_ik = Transportation cost for traveling from node i to node k
 	0	3430	2425	1825	1815	5130	3395	2900	2780	1665	3930	1350	825	2625	3795	1360	2815	3135	2755	3325	3275	3705	4545	4590	545	415	3695	1730	2090	3165	2205
	3430	0	1475	1635	2570	1840	425	700	740	2375	1565	3095	3025	1185	525	2325	630	2025	685	430	2000	1195	2020	1310	2935	3165	2135	1820	1815	290	2710
	2425	1475	0	820	1115	3305	1720	780	1300	970	2795	1705	1790	300	1990	1090	960	2730	965	1155	2785	2430	3355	2780	2060	2310	3090	735	1860	1350	1240
	1825	1635	820	0	1265	3415	1680	1080	1080	980	2520	1595	1415	890	2050	755	1005	2160	950	1505	2245	2195	3130	2870	1370	1615	2610	290	1140	1390	1600
	1815	2570	1115	1265	0	4405	2760	1875	2240	300	3740	665	1005	1410	3070	695	1995	3415	1975	2265	3510	3395	4335	3875	1690	1895	3875	980	2350	2410	430
	5130	1840	3305	3415	4405	0	1750	2530	2365	4210	1610	4930	4825	3010	1370	4140	2445	2690	2485	2165	2575	1595	1395	550	4600	4810	2375	3635	3190	2040	4520
	3395	425	1720	1680	2760	1750	0	975	620	2535	1160	3230	3090	1445	405	2415	770	1625	785	830	1590	790	1660	1205	2875	3090	1710	1910	1585	375	2950
	2900	700	780	1080	1875	2530	975	0	730	1695	2105	2425	2405	490	1215	1690	310	2260	375	430	2280	1730	2630	2005	2445	2690	2520	1205	1675	600	2015
	2780	740	1300	1080	2240	2365	620	730	0	1990	1510	2660	2485	1085	1015	1830	425	1530	375	895	1555	1160	2095	1820	2260	2485	1810	1335	1090	450	2485
	1665	2375	970	980	300	4210	2535	1695	1990	0	3475	740	900	1255	2860	415	1780	3125	1755	2100	3220	3140	4080	3675	1470	1685	3590	695	2050	2195	705
	3930	1565	2795	2520	3740	1610	1160	2105	1510	3475	0	4105	3840	2550	1170	3260	1850	1095	1835	1985	970	380	625	1265	3390	3560	790	2795	1850	1515	3990
	1350	3095	1705	1595	665	4930	3230	2425	2660	740	4105	0	560	1990	3575	845	2490	3620	2455	2835	3730	3790	4715	4390	1415	1550	4125	1330	2505	2900	935
	825	3025	1790	1415	1005	4825	3090	2405	2485	900	3840	560	0	2035	3460	720	2400	3240	2350	2835	3360	3555	4460	4280	865	995	3770	1210	2120	2795	1385
	2625	1185	300	890	1410	3010	1445	490	1085	1255	2550	1990	2035	0	1700	1320	705	2570	725	860	2615	2180	3095	2485	2220	2470	2890	895	1795	1075	1525
	3795	525	1990	2050	3070	1370	405	1215	1015	2860	1170	3575	3460	1700	0	2775	1085	1880	1120	930	1820	845	1540	825	3275	3495	1855	2270	1975	675	3225
	1360	2325	1090	755	695	4140	2415	1690	1830	415	3260	845	720	1320	2775	0	1700	2810	1655	2115	2910	2945	3875	3595	1085	1320	3300	510	1705	2105	1115
	2815	630	960	1005	1995	2445	770	310	425	1780	1850	2490	2400	705	1085	1700	0	1955	80	570	1975	1480	2400	1905	2330	2570	2220	1195	1405	420	2185
	3135	2025	2730	2160	3415	2690	1625	2260	1530	3125	1095	3620	3240	2570	1880	2810	1955	0	1895	2350	150	1145	1585	2285	2615	2735	565	2440	1125	1820	3755
	2755	685	965	950	1975	2485	785	375	375	1755	1835	2455	2350	725	1120	1655	80	1895	0	650	1925	1465	2395	1940	2260	2500	2180	1150	1330	450	2180
	3325	430	1155	1505	2265	2165	830	430	895	2100	1985	2835	2835	860	930	2115	570	2350	650	0	2345	1615	2445	1655	2860	3105	2515	1635	1955	535	2360
	3275	2000	2785	2245	3510	2575	1590	2280	1555	3220	970	3730	3360	2615	1820	2910	1975	150	1925	2345	0	1050	1440	2185	2750	2875	425	2530	1245	1815	3840
	3705	1195	2430	2195	3395	1595	790	1730	1160	3140	380	3790	3555	2180	845	2945	1480	1145	1465	1615	1050	0	940	1150	3165	3345	1015	2470	1655	1140	3635
	4545	2020	3355	3130	4335	1395	1660	2630	2095	4080	625	4715	4460	3095	1540	3875	2400	1585	2395	2445	1440	940	0	1265	4005	4165	1115	3400	2460	2030	4570
	4590	1310	2780	2870	3875	550	1205	2005	1820	3675	1265	4390	4280	2485	825	3595	1905	2285	1940	1655	2185	1150	1265	0	4065	4275	2055	3090	2680	1495	4005
	545	2935	2060	1370	1690	4600	2875	2445	2260	1470	3390	1415	865	2220	3275	1085	2330	2615	2260	2860	2750	3165	4005	4065	0	255	3170	1335	1555	2660	2115
	415	3165	2310	1615	1895	4810	3090	2690	2485	1685	3560	1550	995	2470	3495	1320	2570	2735	2500	3105	2875	3345	4165	4275	255	0	3295	1585	1710	2895	2310
	3695	2135	3090	2610	3875	2375	1710	2520	1810	3590	790	4125	3770	2890	1855	3300	2220	565	2180	2515	425	1015	1115	2055	3170	3295	0	2895	1655	1995	4190
	1730	1820	735	290	980	3635	1910	1205	1335	695	2795	1330	1210	895	2270	510	1195	2440	1150	1635	2530	2470	3400	3090	1335	1585	2895	0	1400	1600	1325
	2090	1815	1860	1140	2350	3190	1585	1675	1090	2050	1850	2505	2120	1795	1975	1705	1405	1125	1330	1955	1245	1655	2460	2680	1555	1710	1655	1400	0	1535	2720
	3165	290	1350	1390	2410	2040	375	600	450	2195	1515	2900	2795	1075	675	2105	420	1820	450	535	1815	1140	2030	1495	2660	2895	1995	1600	1535	0	2585
	2205	2710	1240	1600	430	4520	2950	2015	2485	705	3990	935	1385	1525	3225	1115	2185	3755	2180	2360	3840	3635	4570	4005	2115	2310	4190	1325	2720	2585	0

coordXY = Coordinates (x,y): line zero => x line one => y column => customers
 	43	415	437	274	400	449	338	424	291	358	174	310	207	441	386	280	367	14	352	469	23	223	174	419	65	22	21	300	90	368	482
	52	628	334	334	115	994	663	489	549	157	827	18	60	393	728	184	512	678	507	562	706	770	951	889	158	132	790	283	467	595	91

d_pit = Demand of item p at customer i in period t
 	38	92	74	47	72	76	92	50	47	37	43	96
	87	43	81	89	58	59	57	62	14	70	63	87
	94	47	17	94	57	94	13	21	47	22	83	74
	40	94	64	64	30	88	88	14	76	22	70	76
	99	90	86	18	57	63	15	15	98	97	46	78
	15	77	46	69	56	33	37	93	72	91	99	62
	50	83	37	88	76	22	16	45	15	27	42	54
	53	88	72	26	72	21	15	69	68	60	68	12
	21	15	23	82	38	92	15	50	32	92	72	60
	40	91	62	60	88	72	25	16	73	37	52	91
	56	51	55	24	43	53	81	11	50	11	11	73
	48	88	66	54	62	30	52	77	80	27	12	85
	82	82	16	26	74	46	10	60	83	18	82	21
	85	86	97	21	76	12	60	38	43	39	32	91
	85	52	19	14	90	82	65	21	43	43	54	60
	89	18	19	47	31	79	79	90	64	75	43	63
	86	35	10	64	43	84	46	70	76	77	92	91
	21	76	55	39	53	28	66	98	77	69	59	26
	20	29	54	75	82	66	36	72	18	45	88	16
	53	48	98	67	51	59	23	59	82	56	56	34
	86	85	83	13	71	91	29	76	37	73	11	51
	23	55	64	44	34	82	99	27	85	56	90	97
	14	91	44	45	78	85	24	93	73	56	30	35
	75	60	38	23	27	89	37	45	99	10	32	11
	11	47	86	26	21	87	13	75	99	86	14	50
	13	47	87	87	76	59	80	60	69	99	98	93
	90	89	53	54	86	96	30	54	45	59	16	93
	41	91	55	77	29	25	38	27	98	20	48	87
	39	78	32	67	46	21	19	60	86	66	35	78
	97	17	69	59	72	98	25	33	76	40	99	83

	20	40	23	62	59	36	88	98	96	35	71	98
	66	63	42	28	59	47	77	92	43	11	24	36
	57	50	69	41	17	86	53	98	100	72	72	40
	80	47	41	66	93	61	16	94	58	26	56	77
	58	79	31	38	89	59	52	18	20	29	33	56
	19	32	26	35	74	95	82	53	71	95	47	19
	38	72	33	13	18	56	12	12	70	56	65	17
	68	17	43	60	93	100	49	24	33	73	74	55
	57	89	96	19	29	48	59	28	23	84	15	63
	32	98	82	41	70	19	73	60	79	46	73	93
	50	23	29	97	74	41	61	46	36	33	36	50
	63	88	86	31	90	12	72	60	70	89	37	34
	85	27	14	94	31	67	85	65	35	96	26	50
	60	13	75	14	79	19	96	22	87	43	18	24
	21	36	48	67	54	89	82	58	20	55	82	25
	16	58	32	100	52	45	77	61	34	48	70	53
	43	18	75	78	67	93	94	15	54	79	52	63
	54	74	11	47	36	89	14	24	78	94	47	59
	14	95	74	83	54	32	56	58	93	38	80	66
	28	65	49	84	91	39	23	91	47	12	83	22
	60	67	24	22	96	53	90	15	94	80	13	41
	99	91	52	13	93	28	91	81	80	94	79	19
	11	35	36	61	62	67	47	71	35	21	64	41
	39	67	78	37	92	24	84	58	88	30	55	22
	84	78	74	48	15	45	35	53	87	52	90	30
	80	93	58	79	94	62	83	95	80	96	24	81
	14	12	71	64	18	60	37	94	76	96	39	29
	11	47	69	91	88	52	99	52	37	56	19	24
	54	29	57	24	89	54	30	89	25	99	23	73
	23	13	48	48	38	60	23	34	94	47	56	50

	14	24	89	56	43	27	96	16	82	55	21	74
	52	66	28	13	82	43	61	13	21	23	79	60
	87	95	99	19	76	26	15	23	46	49	50	96
	74	19	95	10	52	84	49	52	69	97	81	51
	21	72	16	47	88	58	32	66	75	49	49	92
	53	56	22	37	70	39	86	97	47	24	33	77
	79	35	69	42	92	72	79	88	47	33	84	93
	53	15	70	93	97	70	43	21	27	12	50	84
	33	24	49	61	12	74	94	62	100	76	64	57
	61	93	92	63	57	16	67	92	14	16	13	68
	29	40	89	29	89	41	18	11	50	22	90	32
	95	56	76	85	91	29	22	77	47	61	15	84
	77	97	69	31	70	98	87	94	83	23	35	72
	86	44	33	47	84	19	66	85	99	87	21	65
	57	47	91	18	67	32	56	37	93	15	53	74
	64	17	93	41	28	15	59	47	32	11	34	17
	12	59	49	60	35	11	71	83	22	66	36	85
	12	60	69	11	72	36	40	85	85	59	27	48
	63	70	83	20	85	94	80	100	66	92	47	50
	37	93	59	42	60	74	71	66	40	59	83	39
	23	50	72	82	76	83	97	65	80	99	34	26
	15	76	39	76	46	14	18	88	39	19	38	75
	68	60	85	89	12	51	46	35	62	27	12	67
	20	12	46	44	43	42	29	75	38	40	13	51
	75	15	87	49	98	85	16	74	16	57	72	49
	18	78	35	26	67	57	81	80	43	94	18	61
	19	70	50	85	57	55	69	14	39	33	62	15
	19	62	71	45	37	46	35	56	37	36	42	44
	62	48	78	74	13	91	14	17	55	86	83	21
	92	84	77	63	23	55	61	38	85	70	44	49

	92	48	98	84	63	86	56	43	91	74	57	11
	54	29	93	72	81	57	16	54	13	74	32	17
	70	66	69	13	13	30	60	59	14	63	94	99
	76	88	69	19	22	32	36	55	95	66	44	32
	11	99	94	29	20	90	24	39	34	38	68	27
	83	41	85	34	29	38	83	31	33	50	24	58
	92	32	89	80	69	25	83	99	44	51	54	26
	58	88	65	21	92	14	97	95	50	55	41	97
	37	27	78	33	67	59	49	53	39	11	13	94
	47	29	33	30	100	51	77	51	70	94	14	81
	28	46	60	12	50	35	42	19	82	21	61	49
	68	56	84	65	53	81	94	52	37	75	66	25
	70	61	52	15	92	27	75	77	52	60	12	37
	94	28	100	71	45	66	32	26	20	81	75	89
	39	91	97	63	66	89	16	19	17	45	35	99
	100	94	56	60	34	17	14	70	31	12	45	19
	64	48	67	69	82	96	97	97	74	24	80	69
	28	86	76	77	24	77	98	58	54	36	87	13
	19	95	14	20	78	17	92	17	92	36	48	68
	59	91	46	29	78	55	57	90	82	81	66	90
	77	21	27	79	66	16	100	77	40	81	15	19
	15	96	80	94	100	20	41	77	75	42	83	62
	44	92	47	42	89	32	88	33	51	45	24	46
	39	87	58	71	47	51	92	20	33	55	86	18
	28	31	69	77	91	66	11	15	23	57	54	29
	63	65	15	71	83	78	83	77	57	47	19	28
	35	77	66	60	63	91	70	85	41	13	86	40
	78	60	33	26	40	14	69	20	98	99	14	45
	70	10	26	15	71	33	49	29	21	48	14	85
	36	25	82	39	72	81	64	95	31	85	80	86

	35	46	95	14	53	29	78	80	82	90	94	12
	63	60	59	67	39	59	80	73	72	81	46	84
	33	72	12	99	98	44	79	47	92	67	16	26
	71	26	53	22	84	90	31	64	48	30	35	17
	63	93	38	86	62	71	98	32	37	32	20	29
	11	27	48	99	67	12	24	26	31	41	31	91
	40	27	82	11	11	36	14	81	56	92	51	78
	83	40	53	88	18	85	50	44	65	31	39	100
	42	55	84	68	23	64	53	95	34	84	39	13
	48	57	79	87	24	48	96	83	25	34	65	41
	92	57	24	27	60	78	18	13	84	38	50	86
	30	34	15	35	62	24	98	60	72	34	30	65
	17	32	49	69	50	71	46	99	39	26	26	47
	51	79	32	89	29	87	70	69	87	46	42	90
	17	67	35	43	94	62	51	44	59	53	54	78
	83	46	96	32	74	81	72	39	53	76	38	86
	94	92	25	87	94	45	79	89	65	71	31	23
	64	65	60	43	90	44	25	34	50	15	64	51
	98	12	82	44	33	63	28	43	74	97	77	56
	19	73	40	85	51	95	63	83	14	25	70	92
	38	40	61	22	43	53	21	89	67	21	61	17
	13	11	84	79	96	89	59	81	34	97	77	53
	90	77	56	12	36	66	29	86	79	24	79	50
	58	47	43	94	99	92	28	25	21	87	11	41
	31	81	65	86	38	35	50	59	23	81	41	96
	17	12	46	35	30	64	96	12	30	50	13	72
	77	28	55	13	59	93	60	75	28	34	67	21
	14	76	24	91	59	18	80	42	27	48	100	52
	11	23	88	35	66	22	75	67	69	38	63	43
	96	96	69	43	67	71	13	80	54	31	51	93

	86	33	21	86	96	59	34	15	69	97	46	36
	73	53	36	73	69	94	90	16	85	86	53	50
	76	87	26	47	40	61	84	21	92	86	96	48
	17	63	34	54	74	33	58	27	35	65	41	53
	12	30	38	48	86	24	18	86	76	98	96	15
	68	68	77	16	64	25	92	32	68	48	40	74
	13	77	57	74	49	70	20	78	95	21	79	55
	62	86	57	60	74	77	59	46	90	22	26	51
	88	27	84	73	52	86	83	21	28	48	29	20
	17	10	51	33	35	92	85	85	50	34	28	28
	71	75	48	32	24	27	32	57	28	78	11	71
	61	37	18	77	28	65	78	26	84	64	30	67
	59	19	76	36	81	46	57	83	87	15	69	32
	63	59	21	71	31	13	93	19	11	71	81	73
	49	30	58	69	17	80	79	78	28	53	62	35
	47	40	75	100	39	36	48	88	28	85	37	42
	67	32	94	73	96	51	38	88	86	34	33	83
	47	17	80	28	23	49	82	21	23	99	15	25
	81	61	83	66	80	15	95	28	30	66	52	16
	92	13	63	87	48	64	43	33	24	52	41	98
	55	61	89	79	84	27	19	24	72	11	84	58
	24	53	66	44	47	64	39	95	39	46	11	24
	90	11	77	20	35	77	32	62	65	56	40	67
	48	81	48	11	57	43	72	90	74	67	32	32
	81	34	33	77	40	95	80	66	68	49	61	38
	51	32	58	30	37	12	90	84	57	31	48	15
	43	91	39	24	13	67	28	32	15	20	85	43
	85	64	37	26	94	55	54	26	52	78	39	38
	45	36	97	55	94	36	54	32	82	58	27	33
	97	74	85	98	20	94	58	26	81	27	100	71

	45	36	12	42	80	70	87	35	53	57	48	64
	65	11	40	73	90	33	35	12	83	13	21	69
	52	17	16	42	75	17	37	28	66	41	27	82
	46	49	85	55	93	86	53	70	89	10	67	57
	59	78	45	94	84	79	65	70	92	92	98	45
	62	98	87	48	32	97	50	29	10	31	94	64
	20	33	96	18	81	90	92	90	21	40	70	15
	93	41	63	54	40	54	52	90	72	20	17	38
	15	77	86	66	34	91	70	96	11	19	76	50
	83	17	68	41	30	12	45	37	73	13	58	85
	94	57	57	65	23	60	86	22	52	35	44	26
	53	20	45	49	89	60	52	31	79	75	66	44
	78	11	98	89	66	79	80	97	58	66	30	75
	37	87	59	62	30	31	74	40	48	80	68	46
	36	54	61	73	99	97	65	31	36	34	34	13
	59	22	51	48	37	74	40	45	60	92	33	29
	42	64	12	21	49	80	75	98	49	61	43	19
	74	53	25	10	65	49	18	11	45	76	73	83
	60	78	25	55	49	14	39	29	44	31	27	82
	83	84	50	60	63	60	70	100	83	20	85	91
	61	100	98	35	29	73	15	97	96	76	69	79
	85	47	15	31	75	63	27	72	45	70	34	59
	88	93	44	13	66	95	50	89	20	70	32	12
	41	59	27	43	89	82	74	96	66	62	75	73
	52	79	75	31	45	58	57	43	38	69	58	78
	30	58	80	45	71	10	31	85	95	21	80	74
	14	82	80	50	45	49	84	25	33	82	25	48
	60	83	14	74	16	42	54	84	77	41	47	56
	72	42	88	73	69	13	78	84	48	94	74	12
	57	33	62	13	56	22	72	40	53	92	96	18

	94	63	44	46	20	61	89	30	48	98	49	33
	72	20	72	81	40	77	88	92	51	18	69	55
	93	46	71	97	32	58	75	55	22	47	84	85
	96	11	11	100	21	47	61	27	95	31	56	38
	91	37	48	14	35	43	27	77	16	54	43	48
	30	13	52	56	39	34	96	59	76	51	60	63
	30	26	61	14	62	46	47	44	65	71	97	66
	52	81	12	47	48	78	78	26	34	19	54	54
	83	14	60	28	29	13	18	23	12	65	94	22
	72	100	16	20	35	68	42	89	96	45	30	28
	59	63	79	71	98	74	26	18	24	45	62	21
	17	13	15	54	52	16	21	82	37	45	13	89
	19	68	82	23	50	97	80	93	58	22	67	35
	42	38	97	12	87	39	85	95	92	91	34	70
	29	36	61	88	65	72	51	76	22	97	29	18
	92	67	66	67	72	43	62	30	71	29	70	15
	45	15	95	58	39	47	44	86	98	13	98	43
	54	84	99	10	87	34	79	37	50	75	94	17
	59	41	73	16	61	34	18	37	52	16	67	24
	43	29	89	36	20	100	88	59	23	84	10	25
	19	27	81	16	33	90	57	45	97	71	19	34
	41	85	79	69	62	50	17	86	29	59	25	76
	46	96	38	12	26	47	99	11	25	47	82	44
	97	52	71	13	72	44	41	11	70	93	16	65
	74	53	76	21	19	33	90	95	25	23	11	39
	78	76	35	97	31	81	89	32	28	18	21	12
	95	87	16	40	43	66	55	31	43	53	31	90
	52	100	67	55	63	93	58	62	24	55	94	83
	99	87	34	29	38	61	31	37	54	21	93	51
	60	82	33	49	88	87	64	59	44	77	76	92

	33	70	88	54	49	29	97	50	53	54	26	26
	55	98	65	55	76	49	69	43	10	11	13	50
	83	52	79	51	27	57	51	91	13	89	25	61
	49	77	79	22	39	92	92	46	13	14	78	85
	31	95	65	76	72	68	17	65	90	28	31	65
	55	46	38	99	18	69	84	66	13	26	81	82
	11	88	27	80	86	77	18	39	43	83	38	91
	76	49	56	43	87	80	19	52	35	77	74	36
	33	34	76	48	62	79	51	74	66	21	77	48
	37	27	31	30	38	46	43	42	50	15	90	56
	82	89	26	29	38	70	84	66	63	17	82	79
	72	39	47	38	70	18	23	47	35	73	52	74
	31	86	71	29	73	16	100	72	72	51	62	17
	86	84	74	79	29	72	76	64	25	78	88	46
	31	90	92	85	45	30	52	85	73	86	80	23
	60	22	94	25	18	38	41	18	57	40	73	18
	43	40	16	62	35	82	41	51	43	52	88	16
	63	91	41	74	50	63	58	51	18	47	46	85
	28	95	48	90	61	17	99	39	76	60	51	76
	27	27	66	40	77	22	71	42	97	97	87	97
	35	22	11	47	57	28	33	50	20	64	94	97
	25	26	58	69	15	12	27	54	78	85	87	17
	56	28	77	58	76	87	95	47	36	87	69	89
	59	97	41	23	40	70	63	14	25	74	25	11
	89	79	97	84	50	52	18	20	51	98	34	21
	63	57	48	12	38	33	72	20	99	45	59	29
	56	26	46	76	98	72	96	71	77	56	95	84
	64	45	88	62	44	98	62	59	30	23	13	17
	65	96	79	93	63	92	17	14	57	76	71	50
	79	43	86	17	44	41	97	41	93	61	31	96

	75	42	80	78	19	89	67	68	84	100	85	97
	26	39	18	51	66	55	33	62	84	68	58	87
	46	67	26	11	28	88	88	99	56	69	57	93
	59	16	79	35	28	39	44	45	99	76	48	25
	18	64	91	90	38	89	61	24	12	20	75	50
	35	71	59	82	48	74	23	61	99	61	41	91
	100	64	76	69	37	79	73	55	88	69	18	25
	19	83	75	35	32	40	82	75	37	72	83	32
	28	93	98	78	60	42	71	17	31	25	80	67
	31	93	66	56	70	71	92	26	99	89	68	46
	18	36	95	19	25	93	94	59	38	67	96	74
	85	45	74	46	63	45	87	97	93	37	59	19
	25	17	43	81	20	64	74	72	28	40	62	10
	40	14	15	30	81	93	53	58	93	78	56	27
	70	20	89	69	85	59	35	67	62	14	77	43
	64	50	22	67	74	33	76	31	72	93	69	23
	50	55	50	38	74	99	15	52	42	52	81	95
	47	98	23	66	42	22	48	55	56	73	44	60
	33	80	23	51	91	50	29	98	25	96	68	40
	51	75	26	20	66	90	23	40	87	12	34	79
	33	15	77	85	10	82	75	56	39	20	51	91
	82	58	25	80	65	27	39	69	60	59	86	40
	47	43	19	13	40	93	27	29	62	85	38	36
	75	78	26	34	88	91	84	44	24	52	18	89
	19	20	14	93	64	19	67	38	86	98	53	55
	31	69	66	11	70	14	48	52	56	94	64	73
	15	42	69	51	70	50	20	13	74	69	78	40
	69	51	56	29	72	71	34	36	86	18	58	94
	73	53	78	34	36	11	15	36	48	69	65	96
	26	42	65	77	73	92	22	98	82	75	81	41

