***** PARAMETERS PRP *****

Number of Customers = 30
Number of Products = 10
Number of Vehicles = 5
Number of Periods = 12

B = Production capacity
	49874

b_p = Time required to produce item p
 	1	1	1	1	1	1	1	1	1	1

c_p = Production cost of item p
 	30	80	80	80	30	30	80	80	30	30

s_p = Setup cost of item p
 	300	800	800	800	300	300	800	800	300	300

M = Big number
	199495

U_pi = Maximum inventory upper bound of item p at site i
 	199495	252	317	145	200	131	157	286	275	98	256	232	192	206	201	226	137	255	328	291	162	282	163	233	170	267	250	206	175	120	147
	199495	209	120	197	99	106	96	277	137	181	188	269	195	125	91	120	100	199	187	235	261	98	184	162	162	217	169	132	188	253	102
	199495	175	190	267	168	228	153	161	374	239	104	173	205	112	165	234	91	183	201	245	284	94	302	159	269	143	242	236	253	201	189
	199495	166	225	192	238	284	157	205	261	280	202	145	154	139	222	144	174	178	363	197	248	226	113	229	338	207	118	301	108	176	113
	199495	103	115	88	273	159	118	236	131	196	138	161	189	256	106	198	239	134	164	263	219	136	135	175	219	196	177	123	112	132	318
	199495	180	222	161	232	203	213	260	207	167	310	103	253	224	246	312	98	121	221	120	150	237	204	117	247	282	267	99	88	111	228
	199495	283	223	219	216	234	211	268	116	93	244	197	253	230	308	89	273	162	288	248	106	261	98	194	221	325	160	133	181	82	280
	199495	256	230	177	163	279	282	285	99	209	97	277	112	261	311	171	258	354	172	123	148	252	160	118	328	278	250	103	269	122	211
	199495	152	265	193	193	117	111	252	97	118	245	309	180	113	80	265	102	228	240	209	272	130	158	195	147	173	187	117	150	217	132
	199495	210	267	160	251	288	185	296	174	125	303	145	221	187	270	268	117	102	130	209	191	238	209	188	188	108	173	228	219	124	217

I_pi0 = Initial inventory of item p at site i
 	0	185	168	71	55	95	125	120	216	78	95	143	177	49	177	85	65	107	132	126	138	228	87	99	128	28	181	203	151	30	69
	0	144	94	176	59	82	92	125	109	126	121	34	180	81	42	78	24	142	159	172	63	96	119	50	123	126	98	100	109	144	55
	0	95	143	136	23	70	19	40	267	96	96	78	113	42	140	59	52	155	43	192	69	76	184	113	19	126	210	30	120	70	129
	0	131	133	183	195	144	76	68	252	78	186	100	39	46	147	45	66	127	216	46	216	134	95	117	169	85	116	251	53	152	78
	0	91	93	48	184	52	100	205	121	83	59	138	156	87	65	56	150	87	118	199	215	129	120	50	127	127	75	121	75	82	252
	0	66	79	107	106	183	108	89	173	109	93	67	142	182	41	63	54	90	60	68	71	73	17	86	156	247	26	44	77	95	164
	0	37	79	117	191	163	61	126	108	43	169	188	217	171	96	53	137	87	99	149	71	258	50	63	120	68	20	92	37	44	215
	0	241	69	172	111	265	118	95	72	152	34	74	65	97	170	39	179	74	54	81	100	186	120	62	181	267	175	92	174	55	32
	0	105	153	125	97	51	53	40	51	61	242	132	161	67	78	208	67	220	37	152	158	97	29	184	104	105	166	50	145	149	65
	0	105	264	48	214	235	72	194	98	57	82	54	76	124	160	166	90	61	87	137	64	167	69	116	145	106	143	15	168	72	121

h_pi = Inventory cost of item p at site i
 	3	9	5	9	9	7	6	8	1	4	4	5	3	6	5	9	1	7	5	7	4	7	4	8	7	1	5	5	6	1	9
	8	8	6	9	8	8	7	4	1	4	7	7	3	4	6	6	9	2	3	4	5	1	1	4	8	6	6	3	1	8	6
	8	3	7	9	3	2	3	8	9	3	7	7	5	8	3	8	1	9	2	8	1	5	9	2	7	9	5	7	2	5	7
	8	2	1	4	6	8	8	7	1	6	3	9	4	3	6	2	7	3	4	1	6	4	7	9	4	2	5	3	8	9	1
	3	4	3	8	5	4	8	8	5	8	8	4	5	7	6	1	5	4	2	6	7	8	2	2	1	5	4	2	7	8	6
	3	1	8	6	4	2	8	3	5	5	2	1	9	4	1	8	3	9	7	9	9	5	5	3	9	5	9	7	7	3	3
	8	5	2	4	8	2	2	8	6	8	5	7	9	5	2	6	2	5	9	6	4	3	8	9	2	4	6	4	3	7	9
	8	4	5	6	4	8	1	5	3	3	7	7	5	3	2	2	3	7	9	1	7	1	9	6	4	6	3	2	5	1	4
	3	6	3	2	8	8	5	6	5	8	8	4	6	1	7	3	3	7	4	2	2	4	9	1	7	6	5	7	5	1	4
	3	1	8	9	7	3	7	5	6	8	7	6	3	6	5	9	4	5	5	9	3	9	5	2	8	4	6	8	6	2	6

C = Vehicle capacity
	3740

f = Fixed transportation cost
	153295

a_ik = Transportation cost for traveling from node i to node k
 	0	2265	1455	1270	2685	785	1535	1980	1930	990	2300	1930	1585	2375	550	615	2935	1485	2025	1560	2495	2240	2995	940	2200	1750	1585	2835	1835	545	2040
	2265	0	3525	2425	675	1580	3080	4070	3985	1455	2130	2245	1280	960	1775	1680	1045	3530	320	3815	930	2220	2120	2925	1710	1840	3705	1000	1905	2730	305
	1455	3525	0	2535	4040	1955	2470	550	480	2430	3715	3300	3040	3800	1785	2030	4330	65	3345	1200	3915	3635	4445	605	3645	3175	1740	4230	3255	915	3360
	1270	2425	2535	0	2525	1655	670	2975	2965	1065	1285	815	1200	2005	1510	1175	2630	2580	2110	2010	2150	1170	2115	2145	1400	880	1595	2520	915	1690	2125
	2685	675	4040	2525	0	2100	3190	4590	4510	1745	1875	2130	1330	590	2260	2075	375	4050	715	4175	470	1995	1625	3445	1455	1765	3975	340	1800	3195	700
	785	1580	1955	1655	2100	0	2130	2505	2420	780	2290	2055	1330	1930	240	490	2405	1960	1395	2330	2025	2275	2805	1355	2050	1740	2360	2315	1835	1170	1410
	1535	3080	2470	670	3190	2130	0	2820	2840	1670	1795	1315	1865	2665	1935	1675	3285	2525	2770	1655	2810	1655	2645	2230	2000	1500	1110	3180	1515	1775	2785
	1980	4070	550	2975	4590	2505	2820	0	140	2965	4195	3765	3565	4340	2330	2570	4875	550	3895	1310	4455	4105	4945	1150	4155	3670	1925	4775	3745	1435	3905
	1930	3985	480	2965	4510	2420	2840	140	0	2910	4170	3745	3515	4275	2255	2505	4800	460	3810	1380	4390	4085	4910	1065	4115	3640	1990	4705	3715	1385	3825
	990	1455	2430	1065	1745	780	1670	2965	2910	0	1510	1290	615	1390	765	415	1970	2455	1165	2430	1515	1495	2080	1880	1295	960	2260	1865	1055	1530	1180
	2300	2130	3715	1285	1875	2290	1795	4195	4170	1510	0	485	1030	1290	2260	1885	1800	3750	1850	3295	1405	150	855	3240	430	565	2850	1710	475	2815	1855
	1930	2245	3300	815	2130	2055	1315	3765	3745	1290	485	0	995	1545	1985	1605	2125	3340	1940	2820	1680	360	1335	2860	735	410	2370	2025	345	2415	1950
	1585	1280	3040	1200	1330	1330	1865	3565	3515	615	1030	995	0	855	1365	1025	1470	3060	965	2940	995	1065	1480	2490	725	585	2670	1365	670	2130	980
	2375	960	3800	2005	590	1930	2665	4340	4275	1390	1290	1545	855	0	2040	1775	625	3815	775	3785	150	1405	1165	3225	865	1200	3520	520	1225	2910	775
	550	1775	1785	1510	2260	240	1935	2330	2255	765	2260	1985	1365	2040	0	385	2550	1795	1570	2095	2145	2230	2840	1195	2060	1700	2125	2455	1795	960	1585
	615	1680	2030	1175	2075	490	1675	2570	2505	415	1885	1605	1025	1775	385	0	2325	2050	1425	2135	1890	1850	2490	1470	1700	1320	2050	2225	1415	1140	1445
	2935	1045	4330	2630	375	2405	3285	4875	4800	1970	1800	2125	1470	625	2550	2325	0	4340	1050	4385	480	1935	1390	3740	1405	1805	4140	110	1820	3460	1040
	1485	3530	65	2580	4050	1960	2525	550	460	2455	3750	3340	3060	3815	1795	2050	4340	0	3355	1260	3930	3670	4475	605	3675	3210	1800	4245	3290	945	3365
	2025	320	3345	2110	715	1395	2770	3895	3810	1165	1850	1940	965	775	1570	1425	1050	3355	0	3560	795	1925	1925	2750	1435	1530	3420	975	1600	2520	20
	1560	3815	1200	2010	4175	2330	1655	1310	1380	2430	3295	2820	2940	3785	2095	2135	4385	1260	3560	0	3920	3175	4120	1395	3365	2845	630	4280	2900	1220	3575
	2495	930	3915	2150	470	2025	2810	4455	4390	1515	1405	1680	995	150	2145	1890	480	3930	795	3920	0	1530	1205	3335	990	1340	3665	375	1365	3030	790
	2240	2220	3635	1170	1995	2275	1655	4105	4085	1495	150	360	1065	1405	2230	1850	1935	3670	1925	3175	1530	0	995	3175	545	540	2725	1840	440	2740	1935
	2995	2120	4445	2115	1625	2805	2645	4945	4910	2080	855	1335	1480	1165	2840	2490	1390	4475	1925	4120	1205	995	0	3930	800	1290	3700	1340	1225	3530	1925
	940	2925	605	2145	3445	1355	2230	1150	1065	1880	3240	2860	2490	3225	1195	1470	3740	605	2750	1395	3335	3175	3930	0	3130	2685	1770	3645	2770	465	2760
	2200	1710	3645	1400	1455	2050	2000	4155	4115	1295	430	735	725	865	2060	1700	1405	3675	1435	3365	990	545	800	3130	0	525	2990	1310	490	2735	1445
	1750	1840	3175	880	1765	1740	1500	3670	3640	960	565	410	585	1200	1700	1320	1805	3210	1530	2845	1340	540	1290	2685	525	0	2470	1700	100	2270	1545
	1585	3705	1740	1595	3975	2360	1110	1925	1990	2260	2850	2370	2670	3520	2125	2050	4140	1800	3420	630	3665	2725	3700	1770	2990	2470	0	4030	2505	1445	3435
	2835	1000	4230	2520	340	2315	3180	4775	4705	1865	1710	2025	1365	520	2455	2225	110	4245	975	4280	375	1840	1340	3645	1310	1700	4030	0	1715	3360	965
	1835	1905	3255	915	1800	1835	1515	3745	3715	1055	475	345	670	1225	1795	1415	1820	3290	1600	2900	1365	440	1225	2770	490	100	2505	1715	0	2350	1610
	545	2730	915	1690	3195	1170	1775	1435	1385	1530	2815	2415	2130	2910	960	1140	3460	945	2520	1220	3030	2740	3530	465	2735	2270	1445	3360	2350	0	2535
	2040	305	3360	2125	700	1410	2785	3905	3825	1180	1855	1950	980	775	1585	1445	1040	3365	20	3575	790	1935	1925	2760	1445	1545	3435	965	1610	2535	0

coordXY = Coordinates (x,y): line zero => x line one => y column => customers
 	327	424	453	90	328	419	21	464	484	277	12	24	214	234	391	322	271	465	375	215	245	2	5	450	90	101	107	266	83	367	376
	385	827	123	476	921	512	362	14	33	576	720	624	681	850	474	507	969	123	787	94	877	692	890	243	755	651	158	948	658	284	790

d_pit = Demand of item p at customer i in period t
 	56	17	63	49	81	32	35	81	12	64	21	93
	53	21	94	65	99	81	66	55	23	90	81	33
	55	16	27	52	15	84	84	44	63	34	27	79
	11	44	59	92	80	62	42	32	45	20	55	59
	95	62	98	84	93	11	79	52	40	90	66	17
	94	31	64	60	22	76	65	23	83	36	25	48
	79	41	43	91	97	19	93	25	20	22	60	96
	43	70	35	68	19	100	35	82	74	16	59	58
	56	22	97	21	58	17	26	67	87	34	68	36
	95	77	90	20	70	32	84	42	83	64	38	72
	63	38	17	25	59	37	95	87	24	51	15	45
	77	100	86	79	18	86	61	64	54	73	33	35
	49	17	98	66	11	43	97	40	13	81	13	91
	86	56	35	74	13	87	75	63	92	65	81	75
	49	36	20	50	22	65	45	50	92	58	96	96
	43	22	27	65	48	66	62	31	81	51	30	23
	38	69	59	46	32	29	32	13	87	45	85	77
	93	39	83	15	72	91	68	89	46	76	67	48
	31	71	24	42	23	98	89	57	39	63	69	92
	82	56	66	29	58	58	13	97	85	48	16	38
	92	79	57	27	56	99	95	52	31	32	19	38
	35	18	34	30	80	44	11	30	82	61	42	23
	43	19	37	50	50	97	86	53	27	23	41	32
	96	32	18	38	70	93	69	93	53	42	17	57
	28	49	73	34	38	95	92	95	80	11	26	19
	90	49	42	50	68	89	28	42	13	24	20	84
	65	92	46	26	54	54	72	88	67	96	68	96
	13	26	21	91	72	62	21	41	97	100	95	59
	30	37	83	62	67	79	14	80	69	47	77	72
	36	33	45	35	62	20	54	52	51	45	79	76

	82	62	78	29	65	10	98	68	37	18	14	67
	94	82	18	77	77	41	87	57	25	57	90	13
	30	67	79	90	25	36	41	22	19	63	37	81
	59	74	93	50	51	52	72	27	42	30	16	28
	42	40	75	31	99	71	14	66	86	61	34	14
	56	36	24	53	67	60	37	92	24	35	81	11
	66	59	52	34	86	10	17	95	85	90	50	21
	79	30	90	95	61	34	76	66	46	95	63	89
	56	70	66	100	78	13	73	71	40	100	43	12
	41	30	50	72	20	87	92	81	47	67	87	76
	34	73	78	54	52	71	73	44	23	44	65	35
	91	89	79	12	42	96	18	71	52	41	94	96
	55	26	61	94	84	56	35	35	81	96	90	36
	42	67	15	55	82	82	64	26	23	24	30	34
	55	23	93	82	62	78	21	29	92	79	61	44
	24	87	23	40	46	99	19	39	46	90	73	12
	43	34	65	98	89	56	84	78	69	35	71	72
	95	64	23	33	26	81	13	41	45	83	18	40
	55	71	46	66	49	92	60	91	39	21	38	76
	63	30	46	87	27	76	12	27	30	82	63	84
	77	19	77	10	16	46	69	85	57	19	77	38
	92	27	94	65	12	89	34	48	28	67	82	99
	50	45	11	65	33	44	72	52	57	93	91	33
	47	76	77	25	29	11	30	28	34	23	42	64
	30	54	42	44	79	95	97	93	68	83	85	96
	98	12	80	75	14	86	32	78	61	40	49	52
	100	68	45	66	55	45	67	16	85	97	57	93
	47	23	39	46	89	70	87	49	71	84	96	52
	85	11	48	32	25	75	93	79	78	75	98	60
	16	17	22	97	91	29	76	38	52	37	46	89

	57	38	92	20	55	47	11	57	16	62	57	12
	20	43	80	54	74	76	82	95	97	63	45	30
	95	15	26	86	94	10	73	72	75	77	82	97
	23	27	68	62	50	48	96	79	68	73	53	25
	70	50	89	40	20	57	86	38	44	69	79	42
	19	23	86	34	36	73	20	16	86	94	87	37
	40	20	59	63	63	59	19	39	51	73	86	70
	89	79	99	95	43	14	83	82	54	90	90	80
	77	19	29	14	68	60	71	74	23	17	86	35
	96	75	42	72	65	43	65	51	16	12	67	20
	78	96	12	25	12	92	11	91	67	67	57	84
	85	28	16	85	99	23	78	88	72	90	86	69
	42	74	34	14	92	49	49	39	43	92	71	75
	50	90	39	92	24	75	19	64	73	54	21	58
	59	23	41	45	77	70	56	99	80	85	32	34
	52	56	78	19	58	63	24	39	99	31	15	11
	90	65	41	17	53	21	53	72	32	96	94	97
	43	12	48	73	35	54	73	38	33	40	75	80
	86	42	64	21	36	20	89	88	99	82	16	91
	69	69	15	62	61	69	54	12	66	87	79	38
	35	15	26	76	17	96	55	52	23	21	90	55
	59	66	59	50	47	69	80	47	44	61	92	51
	79	11	23	92	29	89	17	33	28	88	56	91
	19	18	88	37	81	50	91	26	98	43	78	16
	59	40	27	66	30	57	56	54	76	27	17	63
	56	75	79	63	64	74	99	57	35	12	13	98
	30	83	90	70	49	20	36	78	10	93	100	49
	22	98	17	85	20	71	64	80	87	38	84	92
	70	61	75	59	93	83	73	55	68	36	37	92
	44	85	44	79	75	85	93	19	77	97	42	17

	73	58	54	22	19	52	88	64	94	69	42	30
	60	73	44	26	19	35	69	27	10	93	38	47
	37	48	98	97	78	20	54	84	18	83	64	87
	45	81	40	29	25	76	93	52	11	83	90	88
	74	70	84	39	71	71	39	26	56	93	11	48
	76	98	31	61	59	37	70	51	31	76	12	25
	68	60	11	53	83	12	34	56	28	23	51	12
	64	19	74	95	28	63	51	23	15	64	44	87
	26	52	48	81	79	11	84	78	59	71	26	58
	79	30	77	87	65	76	73	64	78	79	29	70
	40	15	45	62	25	36	49	69	34	69	96	40
	39	29	75	33	70	56	62	23	85	70	18	54
	46	74	28	87	11	28	64	18	36	13	83	66
	15	71	61	99	97	58	32	78	29	65	13	49
	45	57	92	44	29	72	25	16	67	65	34	30
	66	33	65	89	53	23	21	69	98	14	82	81
	23	88	16	67	78	41	92	27	88	81	58	51
	72	67	77	86	56	66	45	32	84	93	99	94
	25	21	98	75	48	83	47	14	58	46	12	63
	65	79	15	57	53	81	87	64	36	99	61	46
	23	20	91	23	83	36	95	92	57	27	33	99
	46	49	69	28	22	18	94	54	37	100	83	76
	56	46	15	23	19	89	66	72	63	55	99	83
	88	81	73	20	96	72	43	59	86	42	72	78
	85	62	47	99	96	89	35	87	24	24	92	89
	43	73	77	30	14	39	89	93	81	70	47	51
	73	99	79	36	48	44	75	23	38	91	71	46
	53	13	94	40	68	82	10	69	90	13	48	70
	49	63	40	43	63	78	34	92	67	67	77	29
	50	28	55	92	24	48	72	66	73	32	35	100

	78	13	18	27	62	88	85	55	21	40	40	92
	43	50	89	97	41	78	50	84	24	26	98	12
	33	15	51	55	13	16	92	30	53	59	78	32
	42	98	24	20	95	52	15	18	55	93	88	54
	52	69	23	93	26	50	29	60	53	75	68	38
	28	72	76	45	98	34	44	91	32	67	23	98
	52	86	21	46	17	70	80	82	32	80	82	59
	34	23	64	59	53	16	45	64	38	14	51	61
	83	93	25	27	75	59	95	30	57	67	100	71
	59	25	27	97	46	83	82	27	33	14	37	21
	92	46	51	25	20	28	41	53	41	80	72	95
	38	96	22	40	93	86	79	79	67	95	15	46
	22	18	10	37	42	36	89	89	80	92	54	46
	65	95	30	70	52	68	49	91	53	26	13	26
	56	29	16	52	57	79	43	66	55	33	12	97
	60	53	37	60	17	22	70	80	81	69	74	95
	60	27	79	11	74	26	35	37	48	32	38	67
	35	25	11	47	100	22	76	93	47	97	17	84
	73	69	57	69	73	48	76	17	69	50	13	18
	88	62	65	40	61	64	27	69	55	23	90	14
	40	89	20	80	10	45	75	57	59	14	13	40
	74	46	32	78	93	60	13	67	81	78	98	88
	50	63	37	14	32	24	34	91	60	45	24	50
	25	56	46	96	94	22	97	37	21	50	35	79
	44	83	65	94	27	41	80	42	18	18	29	46
	28	47	51	35	42	94	34	93	98	32	93	60
	28	42	51	82	88	96	20	49	80	94	62	48
	75	87	54	49	47	65	64	61	20	35	67	50
	68	14	77	29	56	95	87	79	70	63	88	65
	68	99	85	37	89	63	89	33	40	69	48	44

	66	64	81	11	49	19	97	98	43	72	57	63
	79	99	12	26	72	11	88	16	25	68	16	20
	86	21	99	25	91	17	82	92	17	12	44	56
	32	23	13	38	65	69	33	15	95	62	24	88
	18	41	80	44	72	70	97	96	100	68	60	65
	16	92	19	25	32	31	37	17	52	85	43	62
	89	24	61	15	91	76	84	17	80	41	24	22
	86	36	51	78	74	31	39	13	41	14	61	96
	96	13	96	17	28	32	46	68	75	81	65	52
	93	71	69	18	72	50	69	17	71	45	76	93
	67	58	33	57	55	46	12	34	99	11	78	69
	52	90	60	51	57	68	80	82	67	41	75	37
	84	80	18	27	91	83	13	38	25	49	96	68
	21	20	98	15	76	21	79	50	18	66	65	62
	63	73	82	74	37	26	33	70	77	39	79	96
	54	12	62	48	19	24	42	61	55	95	89	27
	34	56	74	47	90	96	39	13	52	54	99	72
	34	26	63	39	21	48	24	88	50	94	91	84
	68	57	59	42	76	99	74	77	65	65	27	13
	16	55	40	46	60	98	81	13	75	32	36	48
	73	50	64	34	87	14	33	89	59	47	97	64
	17	61	80	56	31	54	23	77	91	76	32	13
	86	73	57	19	68	71	71	38	42	79	59	40
	24	83	49	68	66	67	87	36	59	47	81	75
	82	44	60	61	69	98	10	77	20	27	50	79
	15	11	49	88	59	97	78	45	76	29	76	18
	44	87	84	88	80	20	25	17	30	61	47	11
	77	65	60	58	21	63	10	22	54	14	61	25
	95	38	11	50	69	72	27	59	13	91	80	63
	24	81	59	11	90	52	96	34	26	67	70	73

	37	60	45	57	77	27	65	43	35	47	88	98
	79	27	18	42	68	39	22	23	22	98	73	24
	25	92	19	65	27	39	19	25	55	49	37	73
	85	94	12	82	57	32	82	97	95	62	77	90
	69	18	22	54	86	88	52	22	29	80	27	14
	28	33	95	11	20	64	98	41	33	77	92	42
	33	38	55	24	69	30	49	69	52	69	60	96
	11	71	26	59	95	84	96	29	93	61	32	37
	43	24	51	77	49	14	94	26	37	20	57	68
	79	90	72	82	58	30	65	61	97	44	23	32
	39	75	74	62	89	48	90	27	93	81	23	85
	54	59	55	49	67	86	16	66	61	83	81	81
	48	35	18	70	16	62	52	82	88	51	84	85
	96	76	76	24	71	96	59	42	27	83	29	59
	53	46	20	48	16	19	54	38	45	40	75	81
	38	75	24	38	43	86	50	59	47	28	94	72
	87	31	40	42	26	13	56	57	78	58	75	84
	59	40	13	58	97	94	94	73	23	56	42	41
	100	49	53	16	11	54	65	99	40	98	65	93
	53	18	70	63	70	38	71	61	41	48	45	55
	100	10	68	80	65	63	98	33	53	58	79	75
	50	81	76	18	29	34	49	23	32	86	94	16
	63	87	35	24	93	76	79	85	83	35	52	65
	70	50	53	67	68	59	65	27	97	54	26	28
	68	98	62	40	71	76	98	58	33	37	51	87
	20	49	40	71	68	21	22	88	84	65	92	19
	28	64	46	26	47	27	24	29	91	29	65	55
	37	56	61	24	17	95	20	14	74	22	33	91
	44	59	19	42	11	20	33	37	74	41	71	41
	32	98	85	61	73	95	21	17	50	40	58	41

	88	82	71	72	32	77	89	58	53	52	52	43
	69	16	96	24	90	14	35	48	14	86	23	36
	80	92	36	92	98	17	91	70	65	29	13	25
	13	60	38	48	25	32	26	39	11	74	79	43
	19	89	86	71	26	55	10	40	78	80	66	50
	32	86	43	90	76	89	56	35	50	69	17	34
	95	47	41	63	87	55	77	24	21	62	55	58
	72	37	64	22	23	55	12	31	42	81	100	52
	44	11	36	61	55	55	28	72	27	79	96	63
	34	59	69	38	25	33	88	57	55	57	17	47
	74	97	13	68	68	27	18	16	21	86	95	82
	65	83	45	80	27	60	77	22	77	42	49	46
	20	48	29	44	80	87	41	35	14	96	46	86
	45	75	50	58	82	37	40	84	68	70	61	76
	39	16	46	12	63	70	15	36	16	45	100	56
	70	21	33	55	48	29	83	11	83	12	77	98
	74	97	71	58	31	89	64	84	53	43	90	95
	54	72	63	94	17	85	57	70	26	33	96	21
	81	88	96	83	35	52	32	22	94	38	88	29
	37	63	38	59	81	39	26	53	47	57	54	37
	28	65	93	82	40	62	56	34	26	18	81	20
	86	34	76	15	12	19	17	13	87	24	75	22
	62	89	20	57	67	83	24	73	73	87	44	31
	68	35	78	24	33	98	17	98	92	77	73	95
	89	24	66	88	14	34	58	26	57	61	60	89
	27	70	78	34	66	38	65	22	74	20	51	54
	19	73	23	92	33	89	78	36	86	38	13	36
	48	35	91	66	24	38	82	17	46	90	36	73
	55	93	59	18	28	51	68	100	42	93	93	32
	32	20	40	33	24	61	45	92	59	87	47	92

	60	45	32	53	82	41	89	35	47	67	37	18
	99	54	35	31	56	44	31	96	38	48	68	37
	61	64	92	89	74	86	40	53	32	79	34	69
	26	71	39	21	30	58	48	67	60	73	16	70
	51	86	37	63	73	63	83	17	26	51	84	69
	13	40	20	48	52	59	44	94	97	28	95	73
	20	20	39	26	76	70	67	98	42	33	58	56
	51	79	41	59	70	56	46	18	76	16	21	46
	61	84	69	38	88	21	66	59	38	92	11	80
	56	98	88	69	73	18	63	41	66	37	83	42
	63	69	44	72	71	17	72	93	79	66	42	54
	68	93	19	39	22	39	15	12	38	56	58	82
	67	11	62	75	78	77	80	52	17	81	53	23
	25	53	34	73	11	32	89	35	39	14	59	13
	32	70	82	24	41	93	29	24	57	82	70	33
	67	26	98	15	74	56	35	21	98	67	11	43
	37	76	85	22	50	87	44	59	24	59	85	56
	37	44	37	55	80	51	82	77	32	79	79	67
	65	16	35	36	73	56	54	50	100	67	56	18
	77	81	38	41	98	47	71	27	33	60	56	24
	97	67	80	72	14	61	81	46	92	62	38	69
	29	36	71	56	69	19	57	80	10	78	68	58
	54	47	83	95	88	85	47	83	17	31	53	96
	45	59	94	92	39	54	12	10	56	30	28	70
	90	15	71	82	20	88	90	17	41	52	85	42
	77	89	39	66	23	43	50	82	37	92	53	95
	16	34	84	81	79	78	87	26	64	82	27	41
	51	40	54	40	63	63	95	29	26	35	51	54
	16	51	67	15	49	71	63	66	98	43	91	20
	65	91	42	53	47	75	99	14	58	67	97	82

	50	55	69	31	11	63	32	69	67	66	48	68
	40	48	95	81	92	53	64	99	69	85	36	39
	48	41	55	12	80	98	23	19	40	47	82	93
	85	62	11	56	94	42	95	33	88	43	72	71
	46	90	99	96	38	78	47	33	16	66	47	36
	72	94	82	32	18	25	70	78	45	72	84	69
	86	49	59	42	12	72	66	76	54	37	77	81
	84	14	20	33	46	45	96	39	29	47	45	25
	57	58	58	62	33	81	63	30	95	98	67	47
	82	13	70	79	94	73	26	62	61	62	27	78
	54	29	29	93	35	79	24	49	25	82	44	36
	76	25	52	50	55	97	69	40	60	44	52	43
	58	66	67	100	64	41	83	79	25	42	83	38
	73	38	49	34	33	64	81	75	17	78	52	54
	86	80	46	30	43	10	48	54	83	64	14	86
	49	41	82	40	93	16	85	52	39	93	27	85
	16	12	33	86	86	68	40	53	95	25	56	40
	87	88	80	41	88	85	81	84	19	72	19	34
	24	18	95	75	34	10	87	71	40	91	61	20
	64	81	71	87	31	40	36	39	21	21	24	57
	60	28	79	64	49	94	60	13	62	53	84	69
	69	69	44	59	19	49	63	28	85	13	36	94
	70	46	73	71	99	93	24	47	85	49	79	14
	67	78	88	99	97	60	80	22	46	18	55	41
	69	11	26	86	22	39	87	74	13	97	69	54
	53	51	39	79	48	63	14	86	11	78	89	80
	15	29	74	72	39	40	45	48	88	35	47	16
	63	28	77	94	63	19	59	46	60	38	43	68
	72	76	23	27	19	65	13	19	81	49	29	21
	56	22	43	17	67	53	18	59	51	60	27	48

