***** PARAMETERS PRP *****

Number of Customers = 30
Number of Products = 10
Number of Vehicles = 5
Number of Periods = 12

B = Production capacity
	49668

b_p = Time required to produce item p
 	1	1	1	1	1	1	1	1	1	1

c_p = Production cost of item p
 	30	80	80	30	30	30	80	80	30	80

s_p = Setup cost of item p
 	300	800	800	300	300	300	800	800	300	800

M = Big number
	198673

U_pi = Maximum inventory upper bound of item p at site i
 	198673	217	177	201	230	200	89	121	138	160	249	174	94	134	240	197	233	168	261	129	303	282	121	180	163	119	175	223	260	115	126
	198673	112	309	98	119	252	199	175	103	267	236	135	202	314	143	107	81	76	187	103	191	125	207	100	223	171	263	201	181	270	338
	198673	237	119	286	101	138	313	181	205	107	188	205	110	149	186	310	158	153	148	114	107	229	112	136	281	184	100	253	141	207	120
	198673	159	247	311	119	270	234	257	336	147	233	153	201	199	219	272	193	121	279	291	344	100	211	232	123	251	244	268	191	145	178
	198673	108	192	131	258	181	115	296	123	86	230	128	191	117	300	167	223	261	182	278	139	235	103	80	159	278	130	103	195	193	288
	198673	155	108	176	107	300	116	298	125	162	118	167	299	236	200	138	159	211	225	183	193	283	172	265	111	102	310	118	109	258	264
	198673	245	186	257	105	318	302	288	116	223	278	108	163	217	230	194	224	331	179	174	173	328	225	287	119	165	253	150	308	111	111
	198673	156	309	262	278	188	255	110	105	116	181	134	276	221	243	176	239	96	254	263	257	231	278	187	135	157	210	194	122	176	146
	198673	98	312	176	332	243	275	105	162	215	278	115	92	409	295	295	115	254	212	111	229	290	121	100	200	172	254	93	254	117	99
	198673	188	221	139	88	219	171	133	111	105	125	108	277	137	184	197	86	219	280	264	182	378	179	160	160	263	203	277	79	203	335

I_pi0 = Initial inventory of item p at site i
 	0	62	88	181	178	141	56	113	95	79	132	55	67	122	229	112	45	33	192	71	63	65	68	99	93	110	76	152	231	91	81
	0	59	177	47	119	240	71	117	59	179	162	92	147	208	113	69	46	75	150	47	151	64	20	89	50	53	73	79	67	196	122
	0	128	83	83	74	123	285	30	176	59	175	31	57	142	138	158	77	121	136	53	61	151	90	129	72	161	90	196	53	135	61
	0	132	39	31	87	90	94	186	110	141	179	81	166	142	183	94	44	54	142	97	37	93	138	186	114	178	86	159	149	99	130
	0	95	141	121	53	163	78	86	55	43	94	90	153	92	181	109	94	242	102	264	66	92	89	66	120	51	73	86	72	171	113
	0	140	100	51	11	119	96	177	68	71	88	164	89	210	119	129	11	113	18	131	171	126	147	46	15	95	260	102	105	97	95
	0	53	107	19	50	57	261	231	43	54	83	60	154	198	39	15	92	223	87	168	169	161	197	251	87	87	20	126	231	93	106
	0	101	173	78	76	139	159	13	66	19	82	80	78	201	189	42	12	90	115	57	19	137	196	112	82	87	209	137	69	157	63
	0	80	264	30	249	132	63	94	130	56	175	105	74	271	12	250	80	74	15	88	179	254	92	42	116	79	188	56	89	116	63
	0	187	135	95	53	169	151	119	61	92	106	65	218	79	93	100	75	80	52	224	166	293	120	79	98	146	33	267	59	181	63

h_pi = Inventory cost of item p at site i
 	3	9	6	1	5	8	4	2	3	7	1	3	8	2	4	5	2	6	8	6	7	6	1	6	9	7	8	2	2	2	1
	8	5	4	4	4	6	4	8	9	4	2	1	1	3	9	5	2	9	8	3	6	2	2	6	3	1	8	8	9	3	7
	8	3	1	8	8	7	1	3	6	2	1	4	2	4	6	5	9	5	8	4	3	5	3	1	7	5	9	8	3	3	9
	3	5	2	9	9	4	6	7	7	7	3	9	8	4	4	7	7	4	9	4	6	2	2	1	7	8	7	2	6	1	7
	3	9	5	1	9	2	2	3	5	1	9	3	8	9	3	6	5	6	7	5	6	6	1	2	9	7	2	2	2	4	2
	3	2	6	1	9	3	4	6	2	2	7	3	6	4	5	9	9	7	6	6	8	5	4	1	1	1	4	1	1	9	4
	8	2	6	7	6	6	8	9	3	7	5	9	9	5	8	6	6	7	4	1	2	3	9	8	6	9	5	4	8	3	4
	8	2	7	2	5	1	4	9	3	7	1	9	3	9	7	9	7	1	5	7	1	1	6	7	7	8	6	6	3	1	5
	3	9	7	2	4	7	7	2	2	3	7	3	1	2	6	1	4	2	9	9	7	2	9	9	9	7	1	7	6	7	1
	8	3	3	9	6	6	9	3	4	9	2	8	9	4	6	8	1	6	5	6	6	8	5	1	9	4	8	8	4	7	4

C = Vehicle capacity
	4090

f = Fixed transportation cost
	154225

a_ik = Transportation cost for traveling from node i to node k
 	0	2600	985	2030	2100	510	2515	1290	250	1025	1915	1880	1805	1070	2230	1700	2940	1925	1875	1350	1235	2200	755	1140	785	1455	1485	1015	1460	715	1280
	2600	0	2195	1040	4550	2145	90	3855	2360	2225	1260	1060	4335	3445	1055	4040	460	4520	4455	3545	1425	4570	2605	2360	1830	1555	1140	2710	1225	2870	1660
	985	2195	0	1330	2405	1020	2110	1860	935	1680	1145	1900	2675	1330	1490	1870	2620	2650	2660	1360	835	2395	460	1850	745	1715	1115	1885	1430	1680	545
	2030	1040	1330	0	3730	1715	970	3150	1840	2100	225	1415	3835	2650	215	3190	1500	3905	3885	2675	835	3715	1780	2275	1290	1645	715	2520	1180	2530	805
	2100	4550	2405	3730	0	2605	4465	905	2340	3045	3540	3970	1665	1110	3885	560	4945	1140	1355	1075	3130	255	1965	3095	2770	3555	3415	2795	3525	2375	2940
	510	2145	1020	1715	2605	0	2065	1790	265	670	1645	1380	2200	1550	1925	2190	2465	2390	2310	1800	880	2695	1015	835	440	960	1080	895	965	815	1080
	2515	90	2110	970	4465	2065	0	3765	2280	2155	1185	1010	4255	3360	995	3955	535	4435	4370	3455	1340	4485	2515	2295	1745	1495	1055	2640	1150	2795	1575
	1290	3855	1860	3150	905	1790	3765	0	1535	2160	2985	3165	1080	620	3330	770	4215	825	910	900	2445	1080	1405	2205	2030	2715	2720	1895	2745	1475	2350
	250	2360	935	1840	2340	265	2280	1535	0	865	1740	1640	2010	1290	2045	1925	2700	2160	2100	1545	1025	2430	825	1000	565	1220	1260	960	1215	760	1125
	1025	2225	1680	2100	3045	670	2155	2160	865	0	2090	1235	2255	2080	2310	2700	2435	2585	2455	2375	1320	3170	1675	185	995	700	1390	490	1025	760	1635
	1915	1260	1145	225	3540	1645	1185	2985	1740	2090	0	1535	3710	2470	350	2995	1720	3755	3745	2475	785	3515	1600	2270	1210	1705	745	2485	1245	2455	650
	1880	1060	1900	1415	3970	1380	1010	3165	1640	1235	1535	0	3455	2890	1575	3525	1205	3725	3625	3085	1090	4045	2170	1340	1245	535	880	1720	475	1955	1495
	1805	4335	2675	3835	1665	2200	4255	1080	2010	2255	3710	3455	0	1660	4035	1795	4620	575	345	1975	3035	1910	2270	2205	2575	2935	3265	1815	3125	1505	3070
	1070	3445	1330	2650	1110	1550	3360	620	1290	2080	2470	2890	1660	0	2815	640	3840	1440	1525	370	2020	1155	875	2170	1670	2505	2310	1950	2435	1545	1855
	2230	1055	1490	215	3885	1925	995	3330	2045	2310	350	1575	4035	2815	0	3340	1505	4090	4075	2820	1045	3855	1945	2485	1495	1840	920	2735	1375	2740	985
	1700	4040	1870	3190	560	2190	3955	770	1925	2700	2995	3525	1795	640	3340	0	4445	1380	1545	525	2625	530	1440	2780	2295	3145	2915	2525	3070	2110	2415
	2940	460	2620	1500	4945	2465	535	4215	2700	2435	1720	1205	4620	3840	1505	4445	0	4850	4765	3955	1825	4975	3015	2545	2190	1740	1535	2920	1505	3135	2095
	1925	4520	2650	3905	1140	2390	4435	825	2160	2585	3755	3725	575	1440	4090	1380	4850	0	235	1680	3150	1390	2205	2570	2705	3225	3405	2200	3350	1825	3110
	1875	4455	2660	3885	1355	2310	4370	910	2100	2455	3745	3625	345	1525	4075	1545	4765	235	0	1800	3105	1605	2230	2430	2655	3115	3355	2045	3265	1695	3100
	1350	3545	1360	2675	1075	1800	3455	900	1545	2375	2475	3085	1975	370	2820	525	3955	1680	1800	0	2135	1040	945	2480	1840	2740	2430	2285	2620	1890	1905
	1235	1425	835	835	3130	880	1340	2445	1025	1320	785	1090	3035	2020	1045	2625	1825	3150	3105	2135	0	3155	1195	1500	465	1040	295	1705	650	1695	420
	2200	4570	2395	3715	255	2695	4485	1080	2430	3170	3515	4045	1910	1155	3855	530	4975	1390	1605	1040	3155	0	1970	3235	2820	3650	3445	2955	3590	2530	2940
	755	2605	460	1780	1965	1015	2515	1405	825	1675	1600	2170	2270	875	1945	1440	3015	2205	2230	945	1195	1970	0	1820	930	1885	1485	1760	1700	1470	985
	1140	2360	1850	2275	3095	835	2295	2205	1000	185	2270	1340	2205	2170	2485	2780	2545	2570	2430	2480	1500	3235	1820	0	1175	810	1565	400	1175	755	1815
	785	1830	745	1290	2770	440	1745	2030	565	995	1210	1245	2575	1670	1495	2295	2190	2705	2655	1840	465	2820	930	1175	0	980	705	1310	780	1250	655
	1455	1555	1715	1645	3555	960	1495	2715	1220	700	1705	535	2935	2505	1840	3145	1740	3225	3115	2740	1040	3650	1885	810	980	0	965	1185	470	1435	1445
	1485	1140	1115	715	3415	1080	1055	2720	1260	1390	745	880	3265	2310	920	2915	1535	3405	3355	2430	295	3445	1485	1565	705	965	0	1825	510	1875	640
	1015	2710	1885	2520	2795	895	2640	1895	960	490	2485	1720	1815	1950	2735	2525	2920	2200	2045	2285	1705	2955	1760	400	1310	1185	1825	0	1500	425	1965
	1460	1225	1430	1180	3525	965	1150	2745	1215	1025	1245	475	3125	2435	1375	3070	1505	3350	3265	2620	650	3590	1700	1175	780	470	510	1500	0	1650	1065
	715	2870	1680	2530	2375	815	2795	1475	760	760	2455	1955	1505	1545	2740	2110	3135	1825	1695	1890	1695	2530	1470	755	1250	1435	1875	425	1650	0	1870
	1280	1660	545	805	2940	1080	1575	2350	1125	1635	650	1495	3070	1855	985	2415	2095	3110	3100	1905	420	2940	985	1815	655	1445	640	1965	1065	1870	0

coordXY = Coordinates (x,y): line zero => x line one => y column => customers
 	274	256	108	110	83	311	252	214	285	443	86	392	413	131	81	61	318	310	353	58	210	33	124	477	248	417	229	475	330	413	131
	609	90	503	238	983	515	107	859	561	493	276	252	942	767	207	874	23	992	975	770	371	976	593	506	455	356	316	585	323	642	397

d_pit = Demand of item p at customer i in period t
 	43	19	16	34	87	40	86	36	28	95	93	73
	88	94	20	64	92	18	38	66	69	41	64	53
	89	58	34	32	64	89	44	46	98	11	28	10
	81	54	43	49	93	99	15	56	86	68	12	33
	46	36	59	64	91	51	47	63	24	29	53	36
	56	39	22	20	19	24	93	28	25	84	70	54
	13	100	75	92	72	72	26	11	80	77	88	19
	76	19	89	15	56	33	51	59	21	59	45	27
	79	97	45	46	84	17	81	94	47	13	12	26
	65	67	36	35	48	36	46	43	11	88	75	47
	55	87	79	83	83	56	22	55	62	41	58	14
	35	32	44	38	98	14	95	37	17	87	52	12
	68	54	91	93	30	69	94	59	78	34	92	43
	78	89	62	28	74	14	21	97	99	52	42	64
	18	16	78	37	42	22	26	12	39	71	47	65
	45	15	17	71	12	69	35	86	31	39	82	57
	33	38	96	22	79	10	84	83	26	69	57	76
	34	64	59	35	92	31	26	98	17	18	87	65
	46	25	44	49	93	92	60	90	82	80	52	60
	63	61	35	94	69	69	12	57	37	77	81	71
	65	19	77	88	90	17	92	33	87	37	36	35
	68	94	54	28	36	66	51	66	57	91	14	99
	99	18	84	95	85	89	13	11	84	59	48	34
	93	87	91	44	11	48	41	23	33	85	50	44
	12	98	23	51	96	57	95	52	26	47	61	96
	76	69	33	18	88	28	94	46	76	24	83	64
	21	70	26	35	83	54	18	32	13	58	51	73
	21	85	30	95	39	93	66	73	20	12	59	30
	91	37	33	17	47	42	51	68	43	98	89	71
	11	70	84	59	71	50	57	56	82	44	79	94

	59	60	93	38	47	35	67	93	23	31	88	39
	93	39	45	88	40	52	50	44	86	82	89	33
	47	58	51	74	36	49	57	15	20	76	11	94
	68	51	62	83	39	37	16	25	76	70	89	99
	82	97	61	28	54	93	69	30	90	63	49	39
	71	79	25	45	83	70	48	13	97	95	85	86
	42	75	70	81	67	19	31	20	79	90	58	68
	59	97	49	88	36	17	91	36	36	74	16	19
	68	78	33	92	56	38	47	75	39	96	93	87
	91	24	47	95	71	38	51	10	45	30	23	41
	92	15	24	45	46	55	48	44	68	37	12	55
	40	55	52	68	71	23	65	21	65	21	79	45
	96	34	78	86	90	17	61	86	95	31	20	60
	36	77	79	51	15	56	76	46	83	20	10	24
	69	96	56	34	33	26	22	26	78	46	90	68
	35	11	69	21	64	51	36	32	45	37	64	19
	75	67	32	23	20	14	86	48	11	59	10	10
	65	85	25	99	99	76	33	68	44	85	29	41
	47	37	25	33	84	35	39	27	72	55	85	81
	12	45	94	68	95	90	10	48	84	68	85	65
	64	80	53	20	96	24	71	24	83	98	67	67
	20	45	51	63	22	22	17	67	100	55	82	76
	38	31	20	63	80	20	36	56	12	88	85	70
	50	26	40	98	95	54	86	93	24	51	14	37
	53	84	89	37	49	44	36	35	17	94	99	46
	73	83	91	62	11	76	97	10	87	67	67	65
	79	12	24	68	55	29	42	84	80	30	89	10
	29	38	65	75	13	48	15	72	14	93	62	18
	64	42	90	77	92	14	85	12	43	63	55	12
	77	45	82	82	45	90	99	18	57	71	60	84

	73	55	42	59	58	83	35	12	46	12	24	69
	55	28	87	47	57	93	86	93	41	11	24	90
	83	93	36	85	88	21	98	39	60	87	76	93
	63	11	93	55	19	70	41	12	40	92	50	59
	58	65	100	21	60	91	93	91	86	99	14	51
	45	88	60	92	55	88	31	58	87	44	40	64
	30	53	81	38	87	100	54	40	38	57	67	77
	71	60	20	25	99	55	22	47	45	44	83	44
	59	59	76	89	25	57	66	40	24	71	56	20
	49	56	70	64	72	49	62	13	60	22	19	27
	16	15	60	94	23	27	39	22	77	89	87	67
	57	54	77	90	43	72	54	34	78	34	41	28
	10	93	39	32	32	80	85	53	22	24	39	86
	94	13	31	84	46	39	25	33	62	71	34	25
	100	43	15	37	57	55	69	40	92	55	83	98
	16	26	35	77	60	28	60	57	40	28	12	35
	60	61	56	81	21	12	53	55	60	69	69	15
	40	96	89	15	53	13	51	58	84	45	19	30
	53	69	81	33	80	25	52	81	66	62	73	11
	14	47	68	72	96	46	84	67	89	15	19	25
	54	46	51	77	30	84	64	39	48	55	61	79
	40	50	89	48	47	84	46	80	42	45	67	32
	79	50	42	59	43	49	14	32	13	41	33	88
	72	64	88	58	24	99	39	96	76	71	71	85
	33	88	40	62	65	15	68	90	79	91	84	21
	25	65	28	96	40	66	47	86	37	19	34	55
	88	59	49	99	76	16	14	21	57	15	64	49
	53	32	42	38	69	84	31	25	77	16	29	69
	84	51	56	81	12	76	19	52	57	12	62	59
	61	92	98	16	35	65	46	95	64	97	24	27

	17	98	17	90	86	48	54	24	48	21	62	70
	27	12	55	85	57	22	36	44	81	57	57	59
	31	86	91	73	72	17	80	47	91	96	50	13
	87	95	17	86	29	88	54	38	34	90	73	21
	64	26	88	18	41	38	33	34	99	73	48	85
	94	28	11	64	77	54	61	39	60	37	82	96
	23	13	84	66	81	29	45	13	92	97	47	27
	83	27	16	69	49	61	81	90	58	92	89	91
	72	13	56	18	98	56	64	25	30	56	85	15
	65	65	49	86	54	17	27	40	96	21	21	18
	52	29	14	92	65	25	86	93	40	66	21	29
	62	32	25	47	77	38	82	39	45	57	83	16
	84	32	26	90	58	14	20	40	95	20	37	80
	38	96	49	11	15	93	35	35	72	30	86	96
	94	55	54	45	38	56	82	37	80	25	10	77
	44	98	81	30	91	99	93	86	19	34	13	83
	54	64	39	95	25	16	73	72	76	43	96	74
	17	80	45	44	75	42	94	37	63	40	69	63
	97	56	93	78	52	32	91	94	39	87	82	72
	37	28	94	73	89	77	63	68	24	99	98	75
	93	48	34	81	28	65	11	55	17	43	66	61
	74	64	61	13	38	37	46	67	11	20	55	21
	33	77	43	33	27	40	40	11	25	56	92	80
	87	27	26	68	50	59	59	14	15	38	38	11
	57	14	30	77	31	88	95	24	50	64	44	29
	86	84	74	11	70	99	31	10	96	55	97	18
	76	83	61	40	13	59	12	60	85	97	25	33
	65	84	63	49	60	82	69	15	70	83	43	79
	28	49	22	41	90	39	56	24	56	55	40	79
	17	84	29	90	77	43	76	38	48	68	84	58

	37	58	20	72	47	87	27	92	51	83	48	26
	62	54	25	69	97	59	90	97	42	52	44	77
	41	80	93	89	74	56	81	86	39	37	92	15
	53	74	69	43	78	98	41	88	39	70	83	39
	87	76	66	26	92	33	57	69	64	12	51	91
	78	64	32	67	80	82	94	21	67	69	10	25
	86	40	55	59	80	55	41	54	70	32	44	94
	11	44	99	52	88	62	37	76	71	91	69	37
	23	20	64	22	13	16	72	65	19	85	89	26
	36	11	47	15	23	44	88	82	77	61	55	14
	65	25	39	81	50	18	64	12	38	16	87	15
	47	25	13	68	90	22	29	87	49	24	47	71
	92	68	42	61	88	61	53	38	56	58	34	48
	94	87	43	58	90	90	52	39	62	21	27	56
	27	20	62	36	82	74	78	26	51	98	57	58
	94	82	65	57	65	63	11	25	50	44	85	27
	82	19	61	80	26	41	39	62	59	59	32	67
	14	48	40	35	41	34	67	26	68	34	66	74
	92	75	97	16	39	13	65	37	20	70	48	94
	66	100	13	55	20	17	75	54	26	37	35	57
	68	24	94	91	51	80	47	55	21	42	88	44
	89	45	44	72	16	45	49	48	42	86	14	65
	20	46	25	32	20	37	100	50	67	12	40	31
	47	38	35	17	68	86	68	50	61	54	59	54
	51	59	52	74	38	36	23	57	50	77	92	59
	50	23	42	17	78	34	34	19	35	78	58	52
	86	54	77	95	47	35	15	35	28	83	40	21
	72	70	43	12	64	63	40	22	57	51	28	63
	84	87	90	55	91	82	35	11	63	90	58	26
	68	45	66	38	19	43	65	99	88	83	46	30

	78	62	96	85	76	21	23	31	52	15	48	34
	82	18	55	24	97	61	11	85	70	21	99	22
	12	39	65	29	73	83	40	90	25	80	79	90
	11	91	55	60	82	52	89	30	10	75	41	48
	42	77	82	86	27	69	64	47	20	41	76	89
	96	24	58	21	89	20	84	53	71	36	60	85
	49	37	91	57	29	87	73	72	67	51	42	61
	68	61	53	95	51	61	95	40	18	94	87	28
	56	15	18	54	54	66	20	79	67	91	97	32
	19	69	100	72	75	90	48	26	92	61	42	16
	88	76	61	43	24	49	15	77	50	66	58	61
	89	54	22	47	79	55	78	31	96	56	33	77
	40	93	77	43	22	54	98	20	97	61	36	68
	21	98	57	14	32	61	49	46	59	33	87	44
	13	32	84	29	56	47	49	82	99	12	18	29
	11	56	85	40	54	51	55	56	36	90	24	79
	30	83	13	33	31	14	96	36	44	54	53	19
	18	66	94	72	36	35	42	42	18	70	93	89
	91	40	78	92	14	89	63	78	43	27	39	78
	80	76	15	49	75	34	98	70	91	69	53	61
	48	78	22	48	60	61	96	27	28	84	62	66
	88	59	64	29	55	46	24	94	45	47	57	79
	46	20	90	39	74	47	18	79	92	16	45	69
	15	46	71	55	99	64	57	76	56	28	83	15
	67	28	63	55	29	95	46	12	88	15	79	34
	69	65	51	75	68	30	49	89	93	25	56	73
	82	20	43	42	57	91	66	60	62	87	52	45
	20	85	74	33	67	92	16	81	43	54	54	33
	23	74	19	64	61	27	49	44	70	46	77	66
	95	79	47	31	94	89	34	60	76	44	92	50

	53	77	34	91	39	72	20	18	15	82	35	51
	25	82	17	25	98	36	86	90	41	58	91	96
	19	98	29	98	79	98	69	53	91	75	35	26
	50	53	39	62	92	24	63	86	61	46	21	34
	57	79	54	31	99	42	94	38	78	32	60	98
	54	83	83	41	83	16	20	88	99	24	57	77
	28	71	41	91	52	66	91	37	83	66	42	22
	43	84	43	38	52	67	31	77	65	67	68	61
	54	44	81	27	64	74	13	56	57	60	80	60
	83	90	37	43	72	43	61	54	91	39	29	25
	60	68	68	21	34	95	48	91	79	19	53	10
	74	80	98	28	30	64	58	15	55	21	87	42
	21	43	51	83	92	58	25	55	35	39	84	65
	39	39	14	33	56	40	91	65	22	83	33	38
	15	89	38	59	34	74	19	57	35	28	58	75
	92	35	29	72	26	48	71	77	94	14	20	94
	37	88	98	89	93	54	92	55	32	52	93	11
	87	82	34	38	90	44	88	68	12	57	62	55
	76	92	70	57	38	97	26	13	44	44	78	61
	50	47	72	89	79	65	49	50	54	75	16	45
	78	27	56	86	75	77	96	97	32	66	65	33
	82	66	26	23	86	12	58	94	82	13	82	50
	82	100	69	30	52	81	91	100	68	85	43	59
	87	45	89	59	100	34	80	62	25	62	34	36
	23	28	36	63	43	83	15	92	58	45	90	84
	20	32	23	57	40	89	24	56	85	81	51	50
	63	63	28	79	19	17	76	24	74	56	37	64
	74	69	17	71	26	48	87	73	97	59	84	35
	93	86	74	73	21	20	36	37	68	88	39	32
	16	90	38	53	96	21	20	85	69	63	97	18

	29	72	91	48	25	80	55	65	49	20	56	34
	98	75	66	13	68	66	82	42	38	45	68	80
	51	27	63	58	66	72	11	92	91	18	55	24
	23	53	40	27	65	18	53	81	50	74	85	99
	16	59	64	51	26	98	13	35	48	75	50	29
	38	35	86	25	16	47	97	31	57	61	56	64
	13	65	97	75	59	73	19	37	84	74	42	22
	66	72	49	19	43	57	79	73	53	38	69	13
	19	24	45	23	39	66	85	20	46	59	17	21
	82	92	38	61	86	15	94	82	14	10	75	75
	15	55	10	60	16	15	85	27	28	65	88	70
	38	40	64	85	21	75	23	69	95	49	34	69
	99	17	35	50	37	11	25	69	79	27	20	62
	65	17	74	33	92	30	98	34	79	36	78	93
	25	17	60	80	92	83	21	90	26	80	58	71
	12	79	27	45	70	57	93	78	77	42	71	66
	90	22	56	79	37	91	29	31	17	12	79	31
	16	82	17	48	83	93	41	11	22	91	42	64
	57	85	84	35	25	74	51	41	91	12	43	33
	19	75	54	20	43	20	61	80	70	54	34	86
	39	46	52	47	70	52	68	61	75	20	67	95
	69	57	70	57	18	31	88	35	39	86	67	51
	16	96	66	23	66	58	99	17	26	13	64	18
	82	16	92	87	45	63	83	76	55	68	69	72
	52	14	21	28	75	77	33	12	55	38	33	33
	54	76	23	56	93	54	55	54	24	33	69	40
	87	50	82	68	14	58	57	70	76	36	86	91
	69	25	98	13	52	59	51	76	67	87	90	43
	67	53	37	68	39	16	100	34	47	87	73	84
	63	76	51	56	30	26	31	69	26	49	12	94

	50	30	25	62	80	68	62	41	54	31	17	68
	70	97	97	83	26	33	28	90	51	59	36	78
	30	46	32	41	54	93	16	57	35	13	85	26
	77	23	96	53	76	30	78	52	46	93	96	76
	43	89	71	60	47	92	37	98	50	48	11	83
	63	79	47	31	91	92	23	56	40	36	64	37
	78	16	24	12	84	78	54	35	74	55	68	50
	26	69	35	55	83	19	65	61	31	92	38	73
	56	53	19	68	73	65	64	26	56	81	38	45
	92	83	30	47	24	51	47	30	45	86	85	48
	50	55	99	71	15	36	66	64	83	68	34	48
	74	45	52	99	21	36	23	45	16	77	25	36
	84	95	92	92	66	56	95	88	98	98	27	91
	12	40	68	72	66	56	35	51	76	91	42	98
	83	97	28	42	29	74	29	87	28	58	97	57
	80	60	80	51	100	56	84	25	16	76	37	22
	74	58	72	42	68	97	54	89	12	81	85	29
	15	71	89	91	64	92	63	90	75	95	80	21
	88	39	81	27	15	47	49	19	88	92	94	28
	97	82	83	37	80	46	52	71	68	16	33	23
	87	93	74	79	17	21	92	19	75	68	30	42
	92	76	53	57	28	29	67	34	52	99	97	43
	42	68	32	90	22	63	41	80	35	87	13	26
	44	72	35	21	73	85	76	97	14	14	40	30
	79	37	21	97	82	88	52	65	26	34	87	20
	89	46	53	16	84	94	29	11	48	39	90	10
	56	76	85	60	14	47	52	28	39	50	31	21
	57	13	19	14	92	84	64	86	70	50	17	44
	65	19	32	88	86	97	80	41	24	30	73	65
	63	59	36	26	52	79	37	47	40	21	71	65

	91	96	78	15	40	14	73	35	60	13	23	26
	11	34	30	60	95	13	21	54	61	20	79	53
	95	86	51	18	59	94	91	79	77	82	25	76
	53	83	30	17	40	47	83	59	19	29	45	21
	80	89	74	56	63	26	40	14	28	63	26	98
	82	69	62	43	33	75	17	71	63	75	45	50
	67	52	29	36	54	17	20	17	68	78	42	52
	61	99	97	78	29	52	12	71	18	51	15	84
	60	32	30	59	33	56	56	44	57	73	80	47
	38	68	94	80	47	60	98	27	71	92	63	13
	65	83	73	14	94	37	93	51	53	37	26	21
	81	34	56	47	29	97	13	60	44	60	50	93
	79	86	50	58	59	73	70	66	93	57	38	91
	93	95	91	22	26	68	93	85	96	36	22	10
	100	72	59	53	29	13	83	79	61	100	84	54
	64	11	19	69	31	95	90	14	45	37	15	23
	16	64	75	64	15	30	52	39	48	47	15	60
	52	82	65	71	38	57	86	66	84	17	41	12
	94	100	30	48	49	96	33	43	92	99	27	82
	29	48	71	18	80	58	86	73	55	33	90	87
	89	65	64	75	66	77	80	88	88	64	81	69
	22	98	81	61	32	43	68	64	90	59	10	86
	79	47	50	46	30	90	51	40	64	12	57	73
	98	75	38	51	63	38	23	76	13	97	45	21
	97	49	72	53	75	49	11	40	50	56	58	21
	33	100	52	34	52	21	63	82	94	11	37	30
	99	28	42	98	89	42	39	84	37	82	14	11
	59	31	18	34	54	13	15	89	29	60	28	45
	69	30	82	96	27	74	64	17	18	11	86	35
	63	98	90	15	87	91	70	91	72	75	28	25

