***** PARAMETERS PRP *****

Number of Customers = 30
Number of Products = 10
Number of Vehicles = 5
Number of Periods = 12

B = Production capacity
	49162

b_p = Time required to produce item p
 	1	1	1	1	1	1	1	1	1	1

c_p = Production cost of item p
 	30	80	30	30	80	80	80	30	30	80

s_p = Setup cost of item p
 	300	800	300	300	800	800	800	300	300	800

M = Big number
	196646

U_pi = Maximum inventory upper bound of item p at site i
 	196646	151	113	89	100	109	107	266	130	157	217	133	74	142	237	121	203	238	176	197	91	168	199	223	183	188	166	250	211	163	145
	196646	177	336	120	171	108	102	92	119	325	199	295	192	340	240	141	120	216	149	279	233	207	103	223	163	288	105	210	202	239	210
	196646	198	221	221	257	285	83	200	160	190	274	315	251	143	230	145	135	243	261	196	94	104	159	160	141	100	266	209	93	158	178
	196646	105	181	301	263	215	259	237	105	233	158	96	270	232	287	145	126	65	213	212	184	285	96	259	211	240	95	134	98	257	110
	196646	182	221	119	168	273	119	195	107	205	250	310	186	191	246	205	210	270	178	137	255	258	187	206	282	161	222	229	113	202	242
	196646	245	264	125	84	116	265	134	186	125	97	171	171	105	243	258	154	128	211	91	154	131	300	139	281	242	127	222	274	97	117
	196646	109	111	129	252	284	137	194	295	231	259	186	169	364	116	110	159	159	280	245	244	98	104	106	180	124	211	151	97	214	130
	196646	256	190	127	316	189	174	259	155	186	242	88	233	212	317	292	278	255	342	113	161	108	284	221	120	194	168	317	115	120	257
	196646	190	107	90	200	231	169	134	250	123	215	144	114	129	167	173	97	382	132	209	148	243	253	153	113	247	91	319	256	363	232
	196646	104	120	202	231	226	223	104	338	129	228	208	197	201	126	236	267	190	107	142	146	104	208	320	99	93	212	185	139	241	227

I_pi0 = Initial inventory of item p at site i
 	0	58	46	28	81	81	73	210	71	77	117	40	29	81	149	60	92	179	138	152	34	20	150	205	118	168	18	208	150	92	78
	0	113	70	109	105	70	32	82	90	195	60	178	150	76	100	86	94	142	124	237	150	135	58	171	153	105	96	44	202	117	177
	0	77	148	120	147	276	61	57	78	97	70	111	236	60	201	63	99	117	90	183	82	27	87	109	50	63	218	154	89	30	57
	0	64	119	217	49	78	24	171	92	82	43	16	225	61	11	37	72	0	94	190	84	165	63	75	138	96	72	82	73	206	83
	0	129	169	104	123	179	97	131	100	110	152	250	128	62	216	29	154	140	130	62	95	226	89	187	239	78	131	160	75	188	214
	0	94	190	39	47	92	75	62	104	18	95	147	87	69	44	187	42	94	61	55	40	30	68	119	217	96	99	159	222	20	77
	0	56	44	123	77	95	137	157	115	166	93	170	102	296	89	85	144	36	128	153	217	37	70	53	122	104	158	39	33	63	100
	0	254	163	28	187	170	59	33	109	10	232	31	160	165	71	211	168	55	297	113	125	81	194	204	93	114	82	93	95	105	117
	0	188	24	72	193	81	22	72	227	86	57	123	72	35	70	143	60	179	119	96	36	131	120	133	71	30	63	238	225	332	23
	0	93	51	148	125	209	158	98	136	68	180	122	163	48	101	95	143	117	91	131	69	50	201	42	94	49	130	144	92	157	41

h_pi = Inventory cost of item p at site i
 	3	5	9	8	7	9	8	6	5	9	5	2	2	8	5	3	2	3	4	3	3	1	3	6	4	9	1	4	9	1	7
	8	8	3	2	3	1	5	8	1	5	1	8	9	8	6	1	1	6	2	4	2	1	4	7	7	9	2	7	8	2	8
	3	4	6	3	4	5	2	7	2	6	6	7	5	6	9	3	9	4	6	1	1	7	2	3	6	9	4	4	9	6	9
	3	9	9	3	7	9	4	4	2	4	7	2	9	1	6	2	9	2	2	1	5	8	1	9	3	3	5	5	3	5	4
	8	2	2	2	3	2	6	6	1	8	8	5	7	9	8	5	1	7	2	2	2	6	6	2	7	6	1	8	2	7	3
	8	9	7	5	1	7	7	7	2	6	5	1	2	1	7	2	3	2	6	3	7	3	5	7	8	1	3	1	2	6	3
	8	2	2	5	5	7	9	7	1	8	9	6	7	6	3	8	5	7	1	8	6	2	3	5	8	6	2	5	3	3	2
	3	4	6	5	7	1	3	4	9	4	4	9	5	2	9	5	2	9	4	4	7	4	1	3	3	3	6	1	8	9	7
	3	2	3	1	3	8	6	6	5	4	3	6	6	2	6	6	6	4	9	1	9	2	3	4	7	6	5	2	2	2	3
	8	3	6	8	2	2	2	2	3	4	9	5	2	2	6	5	6	3	2	2	4	5	3	3	1	3	3	4	6	7	2

C = Vehicle capacity
	3820

f = Fixed transportation cost
	154845

a_ik = Transportation cost for traveling from node i to node k
 	0	2820	3430	1335	4020	4240	3240	4065	3810	1965	2805	1970	2660	555	605	4315	1450	2035	4420	4415	3300	4005	2960	490	940	2020	75	1780	1750	2430	1970
	2820	0	1480	2770	2060	2230	740	1265	1545	2515	200	2895	865	2285	3405	1780	1835	910	1700	1630	1060	2090	175	3020	2180	1220	2870	1795	2325	445	895
	3430	1480	0	3875	640	850	810	1540	465	3810	1295	4155	865	2890	3920	1075	2025	1540	1470	1675	450	650	1365	3425	2540	1420	3460	1750	3585	1785	1675
	1335	2770	3875	0	4510	4720	3410	3995	4140	740	2850	640	3015	1430	1720	4515	2275	2335	4465	4365	3600	4510	2935	1825	1915	2540	1395	2600	650	2325	2200
	4020	2060	640	4510	0	225	1340	1780	590	4445	1885	4795	1500	3490	4480	985	2585	2175	1500	1785	1005	70	1925	3975	3110	2030	4045	2285	4220	2400	2315
	4240	2230	850	4720	225	0	1500	1835	710	4645	2060	4995	1710	3710	4700	965	2805	2385	1495	1795	1185	250	2090	4195	3325	2245	4265	2505	4420	2585	2525
	3240	740	810	3410	1340	1500	0	970	805	3220	590	3595	670	2690	3795	1115	2005	1205	1195	1250	365	1375	590	3350	2460	1315	3285	1840	3020	1130	1290
	4065	1265	1540	3995	1780	1835	970	0	1215	3650	1265	4045	1635	3520	4645	945	2935	2065	555	370	1190	1840	1110	4230	3355	2250	4115	2795	3495	1695	2105
	3810	1545	465	4140	590	710	805	1215	0	4005	1385	4370	1165	3260	4320	615	2435	1840	1040	1280	545	640	1395	3835	2940	1790	3840	2180	3795	1920	1955
	1965	2515	3810	740	4445	4645	3220	3650	4005	0	2640	400	2965	1895	2420	4295	2550	2335	4160	4015	3475	4460	2680	2445	2320	2630	2035	2840	270	2095	2180
	2805	200	1295	2850	1885	2060	590	1265	1385	2640	0	3010	675	2260	3385	1675	1735	825	1650	1615	880	1910	195	2975	2115	1090	2855	1665	2440	545	845
	1970	2895	4155	640	4795	4995	3595	4045	4370	400	3010	0	3300	2010	2350	4675	2770	2650	4550	4410	3835	4805	3065	2460	2470	2925	2030	3075	580	2470	2500
	2660	865	865	3015	1500	1710	670	1635	1165	2965	675	3300	0	2105	3185	1665	1350	685	1840	1920	645	1505	840	2720	1825	665	2695	1170	2730	1015	815
	555	2285	2890	1430	3490	3710	2690	3520	3260	1895	2260	2010	2105	0	1125	3760	955	1485	3870	3870	2750	3475	2420	775	500	1475	600	1295	1645	1915	1420
	605	3405	3920	1720	4480	4700	3795	4645	4320	2420	3385	2350	3185	1125	0	4845	1900	2595	4980	4990	3830	4460	3545	525	1385	2535	545	2205	2240	3025	2545
	4315	1780	1075	4515	985	965	1115	945	615	4295	1675	4675	1665	3760	4845	0	2985	2295	530	835	1020	1050	1615	4375	3480	2320	4355	2755	4105	2210	2390
	1450	1835	2025	2275	2585	2805	2005	2935	2435	2550	1735	2770	1350	955	1900	2985	0	930	3185	3245	1970	2565	1925	1405	525	690	1470	345	2285	1610	975
	2035	910	1540	2335	2175	2385	1205	2065	1840	2335	825	2650	685	1485	2595	2295	930	0	2390	2400	1305	2175	1005	2165	1295	400	2080	935	2090	720	160
	4420	1700	1470	4465	1500	1495	1195	555	1040	4160	1650	4550	1840	3870	4980	530	3185	2390	0	320	1260	1565	1535	4540	3650	2500	4465	2995	3995	2140	2455
	4415	1630	1675	4365	1785	1795	1250	370	1280	4015	1615	4410	1920	3870	4990	835	3245	2400	320	0	1400	1850	1470	4565	3685	2560	4465	3085	3865	2060	2450
	3300	1060	450	3600	1005	1185	365	1190	545	3475	880	3835	645	2750	3830	1020	1970	1305	1260	1400	0	1035	930	3355	2460	1300	3340	1750	3260	1405	1420
	4005	2090	650	4510	70	250	1375	1840	640	4460	1910	4805	1505	3475	4460	1050	2565	2175	1565	1850	1035	0	1960	3950	3085	2020	4025	2260	4230	2420	2315
	2960	175	1365	2935	1925	2090	590	1110	1395	2680	195	3065	840	2420	3545	1615	1925	1005	1535	1470	930	1960	0	3145	2295	1280	3010	1855	2495	615	1015
	490	3020	3425	1825	3975	4195	3350	4230	3835	2445	2975	2460	2720	775	525	4375	1405	2165	4540	4565	3355	3950	3145	0	900	2060	430	1695	2230	2670	2135
	940	2180	2540	1915	3110	3325	2460	3355	2940	2320	2115	2470	1825	500	1385	3480	525	1295	3650	3685	2460	3085	2295	900	0	1165	950	845	2060	1875	1285
	2020	1220	1420	2540	2030	2245	1315	2250	1790	2630	1090	2925	665	1475	2535	2320	690	400	2500	2560	1300	2020	1280	2060	1165	0	2055	580	2375	1110	535
	75	2870	3460	1395	4045	4265	3285	4115	3840	2035	2855	2030	2695	600	545	4355	1470	2080	4465	4465	3340	4025	3010	430	950	2055	0	1795	1820	2485	2015
	1780	1795	1750	2600	2285	2505	1840	2795	2180	2840	1665	3075	1170	1295	2205	2755	345	935	2995	3085	1750	2260	1855	1695	845	580	1795	0	2575	1650	1030
	1750	2325	3585	650	4220	4420	3020	3495	3795	270	2440	580	2730	1645	2240	4105	2285	2090	3995	3865	3260	4230	2495	2230	2060	2375	1820	2575	0	1895	1935
	2430	445	1785	2325	2400	2585	1130	1695	1920	2095	545	2470	1015	1915	3025	2210	1610	720	2140	2060	1405	2420	615	2670	1875	1110	2485	1650	1895	0	635
	1970	895	1675	2200	2315	2525	1290	2105	1955	2180	845	2500	815	1420	2545	2390	975	160	2455	2450	1420	2315	1015	2135	1285	535	2015	1030	1935	635	0

coordXY = Coordinates (x,y): line zero => x line one => y column => customers
 	400	109	327	143	367	365	182	22	263	8	145	17	278	368	486	173	421	260	68	11	247	380	111	496	428	338	414	444	51	117	239
	152	634	834	82	955	999	762	871	901	142	651	63	669	258	67	984	441	534	971	944	794	952	668	171	337	551	148	505	173	546	511

d_pit = Demand of item p at customer i in period t
 	46	12	40	63	18	96	73	56	39	58	64	38
	19	27	89	84	48	69	71	72	24	69	82	22
	28	22	65	72	24	95	14	72	30	17	35	57
	13	68	55	68	52	14	43	42	78	30	75	60
	16	65	34	79	37	12	50	60	80	67	77	74
	73	53	28	61	20	83	39	78	39	49	42	77
	85	28	97	64	43	22	76	28	51	85	24	36
	15	56	74	69	83	64	77	74	89	61	70	48
	77	95	95	26	25	18	85	18	79	30	61	20
	66	18	33	67	91	66	23	41	72	60	20	95
	40	94	70	47	84	49	84	92	49	84	25	81
	16	13	69	65	34	27	19	26	61	26	65	25
	81	80	57	12	81	79	13	45	30	27	50	12
	75	74	98	44	40	98	78	41	31	31	55	46
	60	41	75	76	42	24	34	91	45	77	89	70
	35	57	29	66	33	55	89	39	23	81	16	85
	88	91	65	23	19	48	16	49	86	74	55	99
	23	52	24	39	98	14	18	39	66	77	48	31
	59	77	16	95	64	51	72	22	53	12	47	23
	34	50	48	64	37	95	49	40	30	49	37	13
	20	88	67	52	39	93	42	53	22	15	94	88
	38	75	37	50	56	12	61	42	61	14	54	97
	40	41	64	60	54	81	77	92	32	11	18	99
	64	54	91	20	95	58	19	32	33	97	78	91
	51	40	35	42	46	73	92	33	22	31	72	27
	18	45	64	42	58	98	95	47	52	35	53	55
	87	23	98	48	51	34	14	62	46	93	15	29
	45	86	19	64	44	62	71	29	40	30	53	91
	92	49	63	44	90	47	82	15	21	98	19	31
	62	16	35	71	75	37	34	61	30	35	58	64

	38	75	80	95	89	66	14	13	47	82	66	41
	33	37	78	86	10	75	73	58	66	99	95	97
	11	79	19	96	74	86	40	54	94	61	75	29
	23	82	98	29	78	27	44	61	26	97	66	51
	70	38	63	98	16	98	46	50	39	10	75	47
	32	44	13	75	64	86	24	78	98	56	12	31
	27	55	70	41	48	63	55	21	38	93	28	14
	21	69	67	41	62	79	67	42	34	86	72	73
	73	76	46	90	60	23	44	82	55	88	89	53
	24	36	99	22	58	26	97	44	32	93	32	34
	37	97	44	68	34	84	27	76	75	70	45	50
	63	87	43	35	46	35	24	97	46	31	19	50
	11	65	90	33	99	88	71	70	59	91	46	94
	81	19	77	45	53	50	92	88	76	23	30	87
	20	52	14	14	84	88	55	59	42	42	45	48
	11	83	80	54	19	79	30	39	84	71	81	90
	71	57	14	71	30	59	35	80	20	17	24	40
	69	55	88	67	35	19	47	17	44	76	51	27
	95	55	87	19	48	92	98	96	65	68	93	21
	85	65	38	97	37	13	36	45	97	24	70	93
	94	41	75	32	19	88	78	88	97	72	48	97
	58	94	57	79	31	69	66	17	12	29	25	83
	33	29	68	41	22	55	10	42	64	81	61	29
	95	58	16	74	88	96	18	37	22	42	76	28
	44	61	51	30	42	94	69	32	89	39	44	96
	60	36	86	48	62	19	48	43	51	37	66	76
	44	45	29	77	60	24	85	46	36	91	45	48
	28	91	67	16	21	15	45	80	69	83	51	39
	33	84	26	32	35	41	32	70	79	43	75	24
	21	90	15	51	45	37	83	50	64	74	46	54

	26	51	40	71	20	75	17	38	61	65	48	82
	70	10	43	25	49	60	84	61	98	19	91	52
	35	39	46	82	52	73	39	11	74	67	90	56
	38	22	87	43	65	75	14	91	37	75	34	36
	96	26	84	70	28	11	73	79	12	59	51	95
	12	49	72	45	53	62	40	22	23	88	15	16
	57	67	17	28	40	21	58	22	31	60	43	36
	28	50	52	48	66	89	37	73	48	49	86	14
	22	41	34	65	90	11	49	72	67	18	82	20
	70	42	86	83	97	87	81	41	32	97	93	14
	84	27	98	90	73	24	62	64	41	54	68	72
	60	77	99	65	86	34	14	18	56	79	99	67
	40	20	80	87	45	44	84	72	17	16	34	34
	94	34	73	69	16	64	21	58	34	44	89	95
	32	31	85	28	25	74	15	61	97	56	35	42
	59	40	54	30	87	100	90	69	70	19	97	95
	22	40	55	71	14	70	60	46	14	71	28	92
	18	72	98	90	22	93	70	50	87	37	70	77
	24	64	95	45	62	47	24	61	19	51	60	35
	82	40	36	48	73	85	32	16	24	73	31	26
	27	66	20	71	34	74	56	47	29	36	69	95
	45	42	53	64	37	35	12	59	57	91	78	63
	34	75	58	34	30	88	90	52	34	42	33	68
	50	50	10	42	60	15	39	89	14	77	25	91
	27	36	95	56	81	74	16	30	17	62	69	38
	93	39	86	73	35	64	23	37	83	47	45	13
	37	60	57	97	21	58	43	27	90	17	21	99
	54	35	87	32	64	64	17	14	74	32	36	50
	13	17	39	64	98	61	18	71	62	55	66	66
	57	56	35	40	14	50	95	79	82	80	82	43

	64	87	29	44	23	40	52	81	78	58	33	38
	33	14	72	13	42	23	50	61	41	45	52	97
	88	84	45	22	51	90	34	49	57	58	82	62
	49	39	74	63	79	76	11	24	67	63	37	49
	50	28	33	76	20	94	60	33	57	92	41	61
	24	87	30	12	19	44	49	79	32	91	67	87
	48	80	23	20	78	31	18	97	80	89	98	48
	23	56	13	99	65	61	15	74	44	77	53	47
	36	46	54	80	76	85	69	54	37	62	86	14
	43	31	17	17	86	31	71	75	32	87	49	92
	16	96	100	64	35	12	16	63	43	86	21	21
	85	34	78	28	73	69	40	59	91	31	31	30
	61	78	30	25	67	99	71	33	28	96	85	23
	11	44	96	79	43	46	73	40	84	47	50	75
	37	23	59	12	38	73	80	95	29	27	40	68
	18	54	73	64	16	81	75	87	21	77	98	90
	67	66	37	51	18	43	14	28	22	18	10	15
	29	65	73	20	75	64	73	60	43	10	38	89
	97	93	87	81	42	63	12	63	83	73	67	86
	28	33	23	98	78	93	100	100	27	41	67	46
	27	79	59	32	93	97	40	78	39	29	28	82
	63	56	51	38	92	44	18	31	27	59	46	50
	75	34	96	85	51	91	88	17	68	72	33	66
	77	61	98	27	79	38	62	12	16	11	84	68
	74	22	16	97	17	77	52	35	36	95	22	33
	72	36	68	99	15	53	47	22	64	14	50	28
	46	36	89	59	91	59	76	99	49	75	64	63
	73	25	38	90	42	35	54	12	21	31	82	85
	61	47	98	87	45	20	83	98	51	61	71	50
	83	85	22	51	60	82	28	63	76	22	71	18

	69	60	85	60	93	19	52	66	17	36	77	95
	90	79	25	27	16	10	92	96	16	47	71	95
	12	92	92	52	99	36	83	14	30	84	35	82
	81	13	29	56	93	98	19	37	63	28	95	61
	39	42	98	100	76	48	46	60	66	75	70	99
	97	28	55	53	17	94	85	38	83	50	39	74
	96	35	94	52	94	20	62	71	70	90	10	87
	28	72	73	30	62	51	90	77	66	37	37	17
	29	81	42	63	59	67	41	85	79	100	92	80
	72	22	44	14	47	33	41	25	85	99	56	63
	53	62	39	96	51	90	13	34	74	88	69	75
	50	78	93	39	30	35	90	83	66	67	65	47
	62	73	44	24	11	66	73	19	45	83	22	50
	80	65	58	13	37	99	96	28	45	97	87	32
	29	27	70	10	53	68	94	41	98	45	61	18
	42	30	82	50	34	34	32	99	32	98	68	30
	99	41	53	100	62	89	44	39	68	60	93	63
	13	23	94	16	61	19	70	12	26	82	92	25
	62	100	92	84	69	36	52	93	11	79	48	98
	66	29	77	21	80	13	52	78	67	57	19	52
	94	18	38	76	31	11	90	55	28	65	63	49
	14	75	88	26	16	31	15	48	94	75	16	63
	66	51	70	14	81	41	87	52	30	33	80	12
	75	79	85	60	58	37	100	64	90	74	29	94
	78	69	24	96	37	47	35	85	85	47	28	12
	21	38	10	62	24	58	100	17	53	11	69	70
	94	11	55	70	76	58	42	29	32	91	68	62
	75	93	61	19	65	15	99	28	56	55	35	74
	43	58	87	37	53	77	24	15	36	91	68	16
	93	30	91	61	35	14	55	14	63	28	86	11

	13	33	48	25	60	91	35	31	99	50	73	29
	61	43	18	68	97	17	13	25	73	67	73	79
	39	93	90	51	96	54	63	20	56	85	87	14
	28	19	60	38	50	26	24	74	50	29	69	35
	92	57	50	32	50	83	65	79	15	88	65	22
	28	47	92	65	67	30	35	18	70	35	99	51
	62	75	17	59	89	41	27	12	16	39	17	81
	35	69	50	88	14	75	74	71	88	53	85	42
	18	35	37	71	68	53	47	43	94	90	95	100
	29	66	17	85	96	21	33	16	82	76	35	23
	73	26	48	39	80	76	90	21	100	42	45	44
	70	17	55	97	40	18	34	93	18	99	94	49
	69	82	27	86	24	46	92	29	54	29	34	60
	44	69	92	21	44	68	36	50	84	56	88	77
	77	60	50	92	46	14	16	49	85	54	20	55
	42	27	64	16	44	91	56	98	41	44	18	75
	94	76	81	50	69	38	49	36	36	76	79	84
	61	81	22	76	30	77	63	33	79	46	21	43
	55	49	82	41	50	19	35	54	17	54	68	22
	40	34	19	25	68	91	73	48	99	80	17	21
	30	98	22	77	97	98	94	84	26	46	14	98
	68	77	62	46	23	19	83	73	17	99	59	93
	60	14	45	52	81	39	41	25	78	32	11	78
	74	67	76	93	15	35	63	40	52	93	19	47
	96	47	93	19	81	66	47	50	71	17	55	85
	82	17	35	42	53	19	45	41	38	24	27	85
	63	30	66	86	64	17	19	23	63	60	98	76
	14	84	68	56	70	25	24	13	78	90	82	53
	20	92	66	11	22	22	93	67	73	17	84	13
	77	91	28	94	38	73	42	47	28	99	19	63

	56	47	36	95	87	79	46	31	16	29	88	43
	44	72	79	76	83	70	33	87	74	17	11	17
	94	29	97	49	85	82	52	97	15	75	23	77
	45	32	35	20	47	56	93	82	25	72	36	62
	95	36	57	38	83	21	92	39	34	94	78	15
	46	91	41	98	90	98	15	29	83	90	79	62
	94	24	39	62	82	17	52	63	32	55	28	34
	49	66	22	68	93	84	49	22	28	92	67	69
	46	49	53	18	92	24	14	42	58	66	71	21
	39	54	79	40	69	23	51	62	92	68	14	30
	37	74	46	13	53	73	25	56	15	40	34	93
	41	45	16	23	91	93	32	59	37	19	40	11
	87	65	95	49	65	46	75	75	85	51	98	83
	89	81	58	61	15	83	27	94	39	23	76	52
	45	40	82	49	89	78	58	19	54	40	11	93
	41	25	78	81	60	32	92	63	21	28	35	78
	18	18	77	38	63	78	41	81	22	39	73	88
	17	42	69	40	64	65	13	95	90	56	39	82
	83	25	14	31	91	41	28	48	52	81	22	71
	74	19	34	90	51	84	33	75	40	49	94	90
	37	64	22	33	94	70	52	91	37	16	34	35
	17	40	13	24	45	67	64	79	54	70	90	60
	53	65	36	31	33	12	80	81	82	62	14	86
	19	31	72	26	40	65	81	17	17	50	34	88
	62	42	90	51	77	92	79	42	17	18	99	76
	76	82	39	68	56	52	32	55	43	18	78	33
	39	69	62	28	60	84	38	18	13	81	19	94
	33	72	20	90	93	26	11	73	29	50	18	64
	63	66	48	74	68	62	74	12	63	78	14	21
	41	59	86	64	28	36	70	32	13	26	49	16

	95	61	83	15	27	28	16	51	60	85	18	75
	69	94	35	64	40	17	17	19	63	82	49	22
	28	46	67	93	78	88	55	82	96	25	29	75
	16	82	89	28	37	65	53	89	99	98	37	66
	92	52	26	45	28	45	48	61	53	74	29	14
	59	87	54	86	54	81	36	42	25	63	41	67
	33	72	74	35	56	11	71	80	42	75	10	63
	55	54	15	23	62	15	59	46	92	50	53	97
	10	24	50	47	12	84	31	43	88	82	28	60
	95	100	37	55	22	32	12	40	21	65	83	19
	31	85	76	12	10	89	15	36	31	16	75	51
	97	38	25	95	33	73	37	12	78	10	52	10
	24	85	56	29	32	88	17	49	76	76	20	85
	19	52	40	95	86	86	48	67	85	40	99	43
	30	52	30	99	29	90	44	59	14	83	78	93
	94	50	10	14	49	61	81	73	39	86	17	94
	36	19	96	59	20	70	26	75	46	95	24	45
	78	27	98	94	69	36	60	71	89	39	63	96
	64	49	46	61	65	55	23	35	98	66	90	27
	24	12	66	23	76	64	73	66	69	39	98	32
	81	83	88	89	32	38	19	97	58	24	26	14
	98	68	28	45	69	70	42	39	78	66	66	12
	25	55	58	66	81	14	29	88	37	25	85	99
	93	35	72	47	82	88	27	12	97	28	67	73
	15	39	60	96	97	14	21	49	64	61	32	33
	82	14	25	76	32	51	98	80	88	62	31	34
	93	92	89	73	48	24	75	58	77	36	72	23
	18	46	31	83	17	23	63	89	51	96	82	88
	55	50	70	65	82	89	54	50	19	15	89	84
	47	16	20	34	37	82	98	14	10	68	96	95

	31	75	82	29	30	53	63	17	51	24	84	30
	24	18	50	43	41	82	96	19	56	90	52	68
	72	87	13	26	74	30	24	18	13	99	37	47
	21	84	88	98	13	70	91	63	28	68	96	80
	81	16	45	98	33	11	47	54	90	68	52	98
	22	92	90	56	72	17	61	50	91	48	41	37
	10	30	19	13	54	95	64	85	33	19	48	65
	90	64	73	59	81	36	71	62	20	93	84	16
	86	22	38	73	36	79	96	38	49	60	86	77
	57	21	84	45	20	65	18	15	40	18	73	60
	41	82	11	85	79	38	11	32	16	11	90	80
	72	73	91	67	53	54	50	40	69	14	37	62
	35	21	28	77	47	12	13	79	93	32	13	65
	10	60	89	37	57	42	91	68	10	77	95	30
	46	74	23	83	36	58	60	67	68	73	69	34
	42	18	56	48	99	32	26	43	37	50	56	74
	93	86	27	96	74	84	100	67	83	96	33	78
	32	87	83	97	60	81	98	34	56	50	40	76
	96	71	59	88	79	25	18	89	76	74	88	72
	36	28	93	56	30	32	73	67	54	50	24	50
	75	42	14	74	42	32	57	98	39	67	12	32
	50	70	72	15	68	59	87	92	76	66	62	41
	77	56	70	63	12	96	91	11	30	40	24	42
	71	49	65	90	19	64	63	40	85	39	33	59
	30	33	48	99	56	79	23	56	26	48	63	32
	15	48	25	51	88	29	39	52	19	86	61	33
	47	95	96	21	74	76	84	25	92	45	24	86
	63	93	69	52	27	55	45	94	49	81	83	56
	79	96	77	80	81	50	98	87	46	68	44	66
	23	88	16	90	27	68	19	63	84	91	89	37

	93	44	93	18	33	70	57	24	22	25	67	79
	51	94	54	58	41	27	76	86	81	50	13	86
	15	64	23	46	63	29	33	53	69	51	72	88
	91	34	25	28	48	51	32	14	60	55	53	64
	17	83	90	19	52	57	19	53	74	82	72	59
	61	56	41	84	92	73	84	22	16	72	51	17
	61	18	19	25	84	94	13	54	63	97	34	62
	93	43	34	98	54	99	59	84	93	33	36	84
	68	74	33	61	37	47	83	94	66	92	62	59
	94	86	16	62	95	13	75	14	90	61	68	11
	21	65	19	17	68	69	68	17	83	20	34	18
	64	99	51	93	62	50	71	73	60	37	82	45
	48	32	64	99	43	46	24	66	19	67	73	21
	19	82	53	17	18	17	20	56	41	17	82	81
	45	39	11	75	56	62	51	92	86	92	17	82
	25	52	66	54	51	58	38	80	96	25	65	30
	91	26	13	53	56	70	17	74	44	94	21	12
	39	30	22	32	39	91	80	46	77	55	94	34
	70	61	49	32	34	28	33	15	73	53	54	64
	10	59	31	38	75	36	99	31	92	41	15	56
	12	38	63	94	26	61	60	43	86	35	32	73
	83	40	78	80	51	88	63	88	46	17	98	100
	42	27	86	59	62	29	99	94	46	52	79	92
	55	39	39	88	33	40	100	25	75	18	72	11
	49	66	83	39	87	27	30	61	11	66	23	18
	31	99	91	34	58	17	34	46	34	75	44	74
	92	52	71	62	38	58	25	81	27	35	100	98
	32	60	71	96	57	46	90	70	90	84	92	44
	81	76	42	65	36	86	53	22	67	79	94	22
	31	10	43	82	87	70	57	94	63	25	77	43

