***** PARAMETERS PRP *****

Number of Customers = 30
Number of Products = 10
Number of Vehicles = 5
Number of Periods = 12

B = Production capacity
	49107

b_p = Time required to produce item p
 	1	1	1	1	1	1	1	1	1	1

c_p = Production cost of item p
 	800	300	300	800	800	300	300	300	800	300

s_p = Setup cost of item p
 	800	300	300	800	800	300	300	300	800	300

M = Big number
	196428

U_pi = Maximum inventory upper bound of item p at site i
 	196428	115	177	316	294	158	231	109	164	100	142	294	289	248	270	118	94	234	216	181	256	224	118	155	241	261	280	214	109	267	141
	196428	258	207	154	152	175	311	167	206	256	91	151	158	258	119	291	135	106	135	217	137	213	226	161	256	160	113	178	124	214	295
	196428	279	126	144	207	104	267	217	281	233	83	130	289	235	204	230	269	110	158	90	127	108	226	120	144	89	144	152	294	94	271
	196428	296	110	145	141	146	335	119	210	213	191	95	243	185	180	291	118	189	157	163	243	156	167	198	109	138	192	150	293	95	189
	196428	254	122	272	281	226	239	263	199	196	188	298	296	120	231	115	102	194	225	188	143	160	94	104	192	112	283	139	238	203	213
	196428	279	177	175	207	218	273	198	138	258	113	218	147	279	84	230	293	169	182	248	108	313	305	195	262	175	134	232	267	116	163
	196428	103	181	114	110	195	146	218	248	101	350	214	134	258	337	230	256	284	249	210	296	117	101	167	278	89	71	156	164	238	122
	196428	263	100	157	183	109	316	106	63	89	248	171	81	239	233	200	199	119	237	220	155	220	110	134	130	263	224	166	96	174	253
	196428	273	188	139	167	176	143	201	116	326	144	181	115	180	133	175	128	168	223	108	183	318	263	112	192	153	159	258	203	204	274
	196428	109	278	283	154	129	205	282	99	242	173	295	202	216	193	148	277	122	239	259	279	300	200	164	137	124	310	148	154	254	348

I_pi0 = Initial inventory of item p at site i
 	0	45	89	87	155	74	178	87	111	80	67	194	250	57	163	86	83	181	196	152	128	26	94	108	106	205	175	175	100	208	71
	0	34	32	83	71	108	213	123	175	78	0	94	149	127	116	58	99	46	94	140	95	80	203	91	206	57	100	171	40	98	64
	0	227	99	46	138	84	146	46	209	16	76	92	287	231	126	188	224	85	80	68	41	70	160	85	142	43	61	14	17	58	153
	0	121	98	122	140	114	49	56	143	110	122	91	207	40	15	48	85	101	135	110	108	55	95	155	103	58	155	149	253	69	160
	0	85	59	150	248	78	165	74	65	178	91	101	66	58	92	105	86	19	224	137	130	115	86	89	85	85	65	79	179	198	171
	0	129	100	136	197	94	160	38	91	167	59	169	76	76	66	119	44	133	109	221	53	181	93	142	146	167	55	34	38	104	86
	0	91	122	53	93	154	65	155	155	98	177	79	96	29	137	78	139	56	65	127	91	96	26	131	68	89	67	140	108	118	94
	0	178	81	142	129	75	221	81	48	41	166	63	76	113	232	14	137	93	151	152	151	169	101	116	100	72	153	127	92	140	29
	0	154	96	68	148	102	106	64	57	168	79	173	78	124	114	109	90	111	22	89	164	177	53	67	180	106	73	134	185	163	120
	0	97	146	193	69	92	175	182	38	99	172	95	78	111	100	135	97	85	97	23	172	35	169	110	131	77	256	148	12	239	152

h_pi = Inventory cost of item p at site i
 	8	5	4	6	1	4	6	3	5	7	6	3	1	5	5	7	2	4	8	9	5	3	6	9	5	9	7	3	1	4	1
	3	5	2	4	9	6	2	3	5	8	2	5	7	9	2	1	2	6	9	1	9	9	3	2	7	3	7	9	1	3	7
	3	8	2	5	4	7	5	9	4	9	9	2	1	1	1	2	6	3	7	4	8	6	1	8	7	3	3	7	5	5	8
	8	9	3	8	1	7	8	5	3	3	8	1	3	7	3	7	9	6	8	6	2	3	5	5	7	9	6	8	6	3	4
	8	7	9	2	8	8	1	9	9	1	5	1	1	8	3	4	4	2	5	1	2	6	4	9	9	9	6	6	6	6	6
	3	4	1	8	4	9	2	1	1	8	1	5	6	5	2	9	8	3	7	3	3	9	8	8	2	6	4	4	5	6	7
	3	2	3	3	9	1	7	4	7	6	2	8	8	8	4	3	3	3	3	6	5	3	6	8	9	8	8	7	5	5	7
	3	3	3	3	9	3	2	6	4	1	8	5	2	5	4	6	8	5	2	4	9	9	9	4	9	1	8	9	1	1	8
	8	7	2	7	8	5	9	8	2	2	2	6	1	2	9	8	9	3	1	4	7	7	4	9	5	3	8	5	9	9	5
	3	6	7	8	1	4	9	1	6	4	2	7	2	4	2	8	2	6	5	7	3	6	3	9	5	2	8	4	4	8	4

C = Vehicle capacity
	3500

f = Fixed transportation cost
	30907

a_ik = Transportation cost for traveling from node i to node k
 	0	854	115	735	701	390	798	84	79	352	323	497	42	549	255	178	113	837	198	773	342	752	228	614	703	207	835	193	531	699	149
	854	0	820	150	183	466	414	893	784	504	538	409	896	540	600	679	893	21	799	355	581	407	628	461	423	704	31	997	514	437	861
	115	820	0	689	653	357	715	198	81	322	284	435	135	454	243	184	74	803	84	695	264	668	205	528	619	263	803	178	441	613	55
	735	150	689	0	36	346	303	782	660	384	413	264	776	391	484	563	762	142	661	240	440	283	508	315	289	605	149	865	365	302	727
	701	183	653	36	0	312	296	749	626	350	379	229	742	362	451	530	727	173	626	233	404	272	474	289	271	574	179	829	334	284	691
	390	466	357	346	312	0	474	437	318	39	73	150	432	315	140	218	429	449	350	431	168	429	163	324	391	274	448	534	279	393	402
	798	414	715	303	296	474	0	867	721	504	510	326	835	272	595	662	782	417	656	64	457	47	598	188	96	742	428	868	276	103	733
	84	893	198	782	749	437	867	0	152	399	375	557	77	624	298	219	184	875	281	838	413	820	279	685	773	206	872	236	604	770	228
	79	784	81	660	626	318	721	152	0	280	248	420	118	473	188	117	129	766	151	695	264	674	156	537	626	183	765	232	454	622	134
	352	504	322	384	350	39	504	399	280	0	42	178	394	328	102	180	394	486	320	463	156	458	125	347	418	240	485	499	294	419	369
	323	538	284	413	379	73	510	375	248	42	0	187	364	314	85	157	357	521	279	473	124	464	97	344	420	233	520	462	282	420	330
	497	409	435	264	229	150	326	557	420	178	187	0	537	193	271	343	508	396	399	287	177	281	280	179	241	417	399	607	156	244	468
	42	896	135	776	742	432	835	77	118	394	364	537	0	582	296	219	108	878	217	811	378	788	269	650	739	241	876	166	565	735	155
	549	540	454	391	362	315	272	624	473	328	314	193	582	0	390	440	519	533	389	271	218	230	379	93	180	538	539	599	38	171	467
	255	600	243	484	451	140	595	298	188	102	85	271	296	390	0	80	310	582	262	557	182	548	41	426	505	150	580	415	360	504	294
	178	679	184	563	530	218	662	219	117	180	157	343	219	440	80	0	244	661	226	628	223	615	64	487	569	109	658	348	414	568	239
	113	893	74	762	727	429	782	184	129	394	357	508	108	519	310	244	0	877	132	766	336	737	274	595	687	306	876	106	508	681	56
	837	21	803	142	173	449	417	875	766	486	521	396	878	533	582	661	877	0	784	357	567	408	611	456	422	684	13	981	506	435	845
	198	799	84	661	626	350	656	281	151	320	279	399	217	389	262	226	132	784	0	642	223	611	222	468	560	322	785	214	380	554	79
	773	355	695	240	233	431	64	838	695	463	473	287	811	271	557	628	766	357	642	0	433	56	564	180	95	702	368	856	267	108	718
	342	581	264	440	404	168	457	413	264	156	124	177	378	218	182	223	336	567	223	433	0	410	164	273	362	324	568	432	194	358	293
	752	407	668	283	272	429	47	820	674	458	464	281	788	230	548	615	737	408	611	56	410	0	551	143	51	696	418	824	231	60	688
	228	628	205	508	474	163	598	279	156	125	97	280	269	379	41	64	274	611	222	564	164	551	0	424	506	160	609	379	352	505	256
	614	461	528	315	289	324	188	685	537	347	344	179	650	93	426	487	595	456	468	180	273	143	424	0	93	576	463	681	89	86	546
	703	423	619	289	271	391	96	773	626	418	420	241	739	180	505	569	687	422	560	95	362	51	506	93	0	653	431	773	181	15	638
	207	704	263	605	574	274	742	206	183	240	233	417	241	538	150	109	306	684	322	702	324	696	160	576	653	0	680	398	509	653	317
	835	31	803	149	179	448	428	872	765	485	520	399	876	539	580	658	876	13	785	368	568	418	609	463	431	680	0	981	512	445	846
	193	997	178	865	829	534	868	236	232	499	462	607	166	599	415	348	106	981	214	856	432	824	379	681	773	398	981	0	593	766	140
	531	514	441	365	334	279	276	604	454	294	282	156	565	38	360	414	508	506	380	267	194	231	352	89	181	509	512	593	0	174	458
	699	437	613	302	284	393	103	770	622	419	420	244	735	171	504	568	681	435	554	108	358	60	505	86	15	653	445	766	174	0	631
	149	861	55	727	691	402	733	228	134	369	330	468	155	467	294	239	56	845	79	718	293	688	256	546	638	317	846	140	458	631	0

coordXY = Coordinates (x,y): line zero => x line one => y column => customers
 	150	41	250	139	149	126	441	80	172	125	154	237	156	429	108	108	261	33	321	378	277	420	140	401	415	3	21	305	392	426	296
	121	968	176	855	821	510	864	76	196	472	443	610	80	593	372	293	103	949	220	859	438	822	348	681	772	266	945	7	593	763	146

d_pit = Demand of item p at customer i in period t
 	45	72	51	15	56	14	59	93	90	89	23	83
	89	93	81	97	48	51	30	20	31	76	53	39
	87	96	87	92	35	43	37	59	49	33	62	78
	74	81	48	33	82	55	27	56	37	77	77	58
	74	26	46	51	60	84	20	12	86	68	72	31
	55	87	24	12	66	71	77	66	49	81	17	89
	87	79	49	15	81	44	79	58	64	24	32	44
	64	47	92	16	57	92	62	34	81	36	19	55
	80	67	44	33	77	28	10	41	23	45	99	53
	67	29	14	56	76	17	24	34	50	88	44	67
	88	42	64	51	81	45	98	92	74	79	70	97
	89	42	98	21	73	73	85	10	34	56	88	25
	16	41	19	93	30	24	10	57	85	82	73	65
	86	21	56	54	24	95	56	15	35	46	75	84
	86	73	16	30	73	96	58	47	49	94	26	59
	83	21	45	16	29	13	56	73	16	82	82	50
	100	81	68	50	12	35	65	77	67	48	44	55
	31	41	47	77	43	61	43	98	85	16	77	30
	78	74	50	92	67	52	20	93	72	53	16	57
	40	88	85	66	67	56	77	66	37	64	43	79
	26	18	63	27	90	59	58	96	65	68	14	89
	39	55	82	27	99	72	69	31	58	47	65	63
	97	11	48	78	73	12	40	12	37	22	94	95
	12	49	45	91	93	27	60	34	34	52	65	17
	90	95	20	49	19	28	83	52	57	57	20	56
	97	78	31	15	85	98	32	86	52	25	43	30
	77	98	80	61	19	33	26	71	83	20	19	55
	100	56	77	36	58	52	53	54	17	56	17	75
	45	76	87	54	65	45	38	76	22	91	25	17
	22	49	75	34	15	24	68	23	42	80	32	99

	34	75	87	82	44	64	40	81	24	76	67	99
	32	70	62	35	64	34	25	34	98	88	20	58
	59	24	81	60	34	98	92	55	19	48	26	18
	71	23	60	74	31	25	33	72	15	65	96	44
	72	36	81	30	38	60	15	99	73	65	53	76
	92	44	77	93	76	14	33	67	79	63	33	76
	28	95	79	22	39	19	85	20	91	83	51	56
	94	81	68	70	74	94	78	14	93	48	94	16
	78	79	25	79	13	46	11	26	95	93	36	34
	93	93	72	31	83	30	20	25	12	54	16	17
	94	31	22	24	98	91	89	29	40	11	14	62
	42	18	89	13	76	29	21	95	60	55	74	58
	53	74	60	11	77	84	64	46	67	38	31	14
	69	47	60	19	38	38	98	76	42	52	95	79
	58	89	98	69	29	98	80	58	16	70	10	24
	99	17	91	90	89	98	78	48	62	98	13	29
	46	44	37	78	75	15	35	43	66	86	58	51
	94	59	65	35	77	51	97	85	50	77	51	66
	84	56	58	35	73	14	37	30	76	50	99	39
	95	95	99	74	41	97	26	30	81	94	32	58
	80	39	41	44	88	96	43	47	17	54	13	77
	98	65	40	84	65	85	46	11	28	69	68	19
	34	57	17	22	16	34	69	22	11	67	75	60
	69	99	38	98	51	79	94	29	27	70	45	70
	57	82	33	25	60	54	88	16	50	81	48	44
	84	16	80	68	46	36	100	18	67	32	82	51
	91	80	17	70	15	89	62	70	47	66	88	16
	40	95	28	51	100	96	100	22	58	65	64	27
	98	56	29	48	16	35	74	100	72	12	66	35
	64	56	69	52	25	91	57	41	86	53	33	80

	100	36	91	80	23	51	69	65	96	76	69	81
	99	29	99	82	93	89	44	33	76	63	20	29
	46	27	39	68	32	57	15	72	52	57	66	45
	36	28	74	90	18	82	25	53	79	37	68	32
	24	60	61	97	23	40	49	61	52	83	13	58
	77	69	73	90	77	51	37	49	75	65	69	70
	46	55	81	44	84	87	14	42	46	52	68	33
	45	88	76	95	74	90	45	71	13	26	26	25
	16	93	32	80	19	90	75	33	96	28	58	78
	76	40	44	54	38	68	53	13	29	18	54	13
	11	81	54	29	92	81	59	73	42	90	77	91
	96	28	93	70	18	86	57	37	57	70	44	37
	65	61	77	28	30	90	67	59	54	63	60	50
	31	62	33	67	40	88	15	39	93	56	73	14
	77	23	41	47	26	95	45	89	86	27	66	67
	73	62	89	27	61	98	92	76	17	39	82	90
	85	59	73	47	29	65	92	34	22	13	63	75
	51	29	58	33	34	26	67	67	75	57	34	100
	29	39	24	72	25	90	64	34	42	73	11	35
	41	50	97	86	65	45	74	90	96	66	35	15
	20	50	85	51	55	21	95	78	52	12	67	60
	55	14	18	73	95	40	90	15	22	69	37	15
	85	99	24	69	42	83	21	50	96	94	29	29
	12	96	34	83	26	12	27	87	42	48	19	90
	27	16	82	41	93	43	12	37	20	74	69	19
	11	50	70	41	57	65	40	94	87	28	19	12
	14	76	18	42	42	77	56	17	66	82	23	93
	17	33	88	78	17	100	84	25	74	26	78	85
	58	78	33	92	38	41	44	19	86	16	36	25
	96	40	17	21	32	62	72	80	71	85	45	30

	61	60	13	55	77	73	19	89	97	54	72	40
	80	18	88	11	10	80	84	29	21	87	64	86
	43	79	46	34	59	13	46	39	77	40	51	51
	27	21	92	35	55	58	42	21	36	57	37	83
	36	13	65	84	25	34	30	58	73	49	50	65
	49	96	65	80	55	72	51	42	50	64	98	83
	27	29	73	99	51	61	69	64	88	35	40	75
	12	21	25	85	68	10	56	68	60	10	66	23
	18	92	22	18	13	25	87	75	49	77	78	86
	55	67	71	84	60	35	76	22	63	99	54	79
	91	23	36	77	33	18	17	66	13	87	27	84
	70	89	48	47	28	80	39	43	71	59	79	75
	40	56	10	30	49	32	35	17	36	90	32	17
	15	32	18	27	29	97	13	20	54	27	60	40
	48	23	39	87	83	77	95	23	20	69	61	74
	71	14	99	79	82	20	75	20	86	48	97	14
	37	48	16	21	71	55	28	32	76	86	57	39
	29	73	33	55	77	59	10	88	30	60	19	93
	95	15	20	32	43	57	19	23	45	70	42	29
	27	20	61	65	47	45	46	86	77	62	32	14
	33	22	34	63	21	51	94	85	39	40	54	88
	95	74	25	25	87	15	44	73	84	35	69	40
	63	33	34	25	29	25	85	46	48	92	27	87
	34	69	85	31	50	12	38	60	56	97	61	63
	58	86	29	91	59	62	97	67	69	75	77	60
	95	19	41	31	53	51	23	44	35	39	54	91
	81	15	53	59	79	90	22	17	16	43	80	45
	96	59	60	38	14	83	41	89	69	27	82	44
	24	32	13	58	76	18	65	54	27	91	66	48
	74	76	10	23	62	60	58	65	27	57	32	22

	19	66	49	98	61	29	58	98	92	82	57	53
	59	58	77	62	39	47	65	25	42	75	87	98
	58	62	30	61	86	82	17	62	38	84	41	31
	76	78	94	17	56	96	54	63	65	96	49	99
	66	12	40	37	74	65	39	66	90	84	11	93
	44	94	27	74	81	50	80	52	70	48	60	38
	74	53	76	23	81	42	61	44	33	18	77	49
	13	52	73	39	53	23	85	35	61	46	68	50
	91	87	54	99	29	33	45	95	40	88	95	27
	11	68	12	11	61	62	21	93	33	78	87	27
	69	32	95	71	43	49	85	96	36	18	26	95
	66	50	52	21	52	54	94	75	76	25	57	88
	58	97	65	91	81	62	45	14	25	51	84	49
	92	25	88	40	13	40	66	99	94	26	66	45
	16	89	18	21	66	48	79	94	72	40	98	49
	50	36	23	60	39	68	27	22	85	96	42	64
	19	71	20	12	59	92	62	45	67	37	17	80
	47	15	82	80	21	83	71	17	72	34	85	67
	39	52	46	96	82	15	48	86	15	27	15	44
	21	74	35	96	32	67	85	10	22	20	65	45
	87	28	19	57	23	97	97	15	98	81	14	24
	38	48	95	74	11	23	95	23	69	10	43	36
	89	47	80	30	56	55	17	29	46	90	19	67
	36	32	17	41	56	44	74	93	74	87	11	12
	85	61	53	76	87	50	19	54	85	25	33	43
	65	77	99	53	63	97	82	65	50	87	22	89
	79	95	25	40	59	43	77	83	62	98	95	80
	76	21	41	41	61	13	33	58	83	11	54	79
	65	70	63	57	12	40	29	38	59	33	69	75
	13	80	29	49	27	50	91	28	52	98	89	34

	69	60	47	89	91	33	71	87	47	94	48	100
	100	98	52	26	36	67	55	23	93	65	77	15
	52	84	17	62	55	56	99	64	19	80	27	85
	62	83	52	76	28	48	41	27	67	24	34	78
	94	72	92	30	55	25	47	40	33	36	56	73
	92	68	35	22	82	62	41	51	15	15	77	95
	38	59	32	11	52	93	71	32	13	30	21	23
	91	94	75	43	90	22	99	53	11	96	71	82
	42	34	70	21	11	52	73	26	34	94	94	67
	59	77	19	18	29	54	74	95	67	22	73	89
	93	76	69	11	28	18	83	76	13	45	93	49
	76	80	52	14	21	15	43	26	91	64	34	70
	76	66	28	16	44	71	16	67	13	88	92	93
	18	48	58	55	18	85	18	44	62	61	10	25
	99	20	30	71	37	32	42	19	49	40	89	23
	16	28	81	27	33	28	67	99	84	100	75	64
	29	23	81	75	63	90	27	56	94	29	68	42
	27	82	52	53	84	91	91	13	20	52	80	82
	48	19	56	98	75	73	43	32	40	21	15	76
	53	42	31	92	98	73	36	13	96	58	37	21
	56	42	66	17	12	98	93	64	86	64	76	76
	21	72	89	40	68	70	32	99	74	39	34	94
	53	89	63	92	48	93	19	39	82	97	32	71
	22	85	39	17	39	75	87	57	52	16	64	75
	84	83	35	67	12	46	30	90	73	87	37	55
	55	92	82	24	68	92	59	16	73	84	80	77
	34	96	11	69	74	83	72	77	61	21	21	77
	11	27	95	31	63	74	33	89	37	60	56	65
	72	32	16	39	24	86	58	19	28	15	34	40
	86	96	21	94	42	30	54	99	16	34	66	14

	91	90	48	21	31	75	26	13	78	22	49	73
	70	52	39	80	51	15	37	76	88	10	12	14
	53	69	81	62	64	47	38	90	57	84	24	17
	63	30	54	69	45	36	92	20	95	84	60	13
	19	58	36	41	80	65	31	39	34	99	42	42
	44	21	90	90	12	87	78	38	27	14	20	63
	85	70	35	96	35	74	84	50	23	22	16	64
	99	56	19	98	66	16	95	35	34	41	22	13
	53	45	28	40	50	96	20	87	20	51	92	25
	81	96	73	81	11	42	58	74	94	74	59	96
	79	74	44	13	17	51	22	76	60	32	29	16
	59	37	65	85	47	34	20	49	15	14	70	39
	29	58	38	78	94	90	45	96	37	49	63	97
	82	55	86	69	88	43	57	62	92	12	77	86
	78	62	75	81	86	97	47	22	40	23	67	13
	31	18	90	70	47	66	81	34	11	73	13	80
	56	68	48	16	11	99	86	15	91	53	94	45
	25	40	36	93	26	38	56	71	51	67	60	34
	45	82	94	38	53	24	43	75	88	20	55	13
	33	58	88	65	45	63	48	60	62	79	20	89
	34	62	21	52	23	38	29	29	49	31	51	47
	26	88	80	36	78	41	72	86	35	34	18	11
	15	38	66	12	75	51	19	90	56	94	53	98
	68	83	37	27	67	82	32	67	46	99	18	41
	73	16	59	43	45	20	12	75	60	30	45	56
	24	19	24	11	28	18	40	90	26	45	52	49
	30	11	85	14	25	34	92	80	55	17	82	98
	42	66	65	18	41	87	83	57	37	96	42	20
	21	97	39	64	34	81	41	24	22	43	87	17
	94	83	76	95	19	44	18	83	38	58	72	50

	78	65	35	40	86	32	74	88	21	54	42	17
	32	49	63	46	73	98	82	26	54	18	38	22
	67	62	13	27	15	61	65	52	46	98	86	37
	32	76	21	92	73	67	37	95	28	84	33	94
	75	40	96	79	21	24	34	48	77	61	52	44
	53	50	31	87	83	99	85	48	52	65	70	36
	14	67	87	86	15	34	37	63	73	50	65	42
	14	22	12	78	26	40	10	59	40	32	17	29
	41	95	69	19	22	67	19	25	25	60	77	12
	89	77	47	76	43	21	61	98	16	97	85	34
	63	29	82	99	28	94	79	20	36	41	90	24
	76	50	61	79	45	16	17	27	61	21	18	12
	49	64	82	86	56	46	30	81	69	26	62	65
	75	23	76	58	36	20	69	26	28	27	65	57
	14	46	11	66	68	64	92	47	64	43	52	34
	43	30	64	77	40	61	93	66	18	33	20	53
	93	14	27	98	73	49	51	64	47	73	71	54
	44	38	20	49	86	31	17	82	77	80	18	27
	57	95	82	61	79	72	95	86	70	59	71	51
	71	29	51	55	93	54	38	53	24	39	47	67
	90	68	11	69	54	69	75	17	82	32	39	53
	50	51	66	61	97	58	42	61	23	49	87	16
	64	52	69	65	18	82	15	47	11	38	29	45
	25	75	77	94	61	25	81	46	42	95	62	99
	72	73	87	70	32	53	83	68	81	55	69	45
	86	46	21	96	15	11	22	79	28	40	33	60
	41	86	97	21	69	11	27	54	71	95	80	10
	11	15	66	60	16	95	36	18	80	98	18	61
	67	73	99	97	32	87	20	25	40	74	66	17
	29	32	98	42	75	17	60	57	50	41	28	77

	53	20	81	47	34	55	67	17	73	81	28	98
	96	43	99	72	34	70	35	70	63	57	16	95
	68	81	56	92	80	41	88	79	97	16	99	36
	42	30	76	72	38	82	18	31	82	70	86	41
	53	49	35	68	32	87	83	14	74	87	32	88
	14	53	39	93	17	68	12	10	59	22	92	93
	64	22	91	63	39	58	50	48	30	35	12	92
	13	44	83	54	33	65	25	68	89	53	89	81
	93	75	30	59	99	64	84	91	17	27	98	46
	54	25	35	47	32	84	57	49	96	70	11	14
	61	64	48	84	56	51	100	84	40	76	32	26
	78	39	18	85	19	73	30	100	45	97	72	32
	65	33	26	55	19	40	28	61	14	65	88	45
	20	41	11	42	45	49	52	39	56	55	39	82
	73	36	86	38	24	57	31	94	81	71	83	27
	90	80	69	41	63	86	58	97	39	49	18	78
	14	97	73	68	40	33	53	75	58	41	36	82
	22	82	39	40	99	81	92	17	63	35	20	79
	26	43	20	45	14	35	62	92	20	15	12	46
	84	39	41	69	26	14	53	66	35	74	14	34
	71	77	29	32	100	30	91	23	87	84	87	52
	53	82	44	88	51	63	10	12	54	96	47	31
	67	76	35	11	88	81	41	80	54	42	48	50
	51	80	49	92	81	47	70	14	48	68	82	85
	52	42	12	98	38	20	94	55	17	57	29	97
	44	29	43	75	30	47	37	69	15	63	88	97
	70	16	48	33	84	85	53	36	75	17	10	91
	67	90	28	88	91	14	44	24	69	12	16	67
	30	44	89	75	23	86	11	35	46	94	60	18
	60	60	70	58	95	74	33	89	30	28	19	42

	97	66	79	19	43	66	21	74	92	37	15	46
	16	69	61	85	92	18	92	24	54	44	75	36
	32	90	71	19	74	71	97	25	17	60	67	56
	69	58	11	26	69	90	38	55	18	56	55	72
	41	51	86	77	78	55	88	71	54	80	20	70
	20	90	65	41	84	75	33	14	14	42	47	89
	83	99	81	51	71	21	80	47	51	14	61	18
	38	52	23	48	20	13	15	77	75	75	67	88
	55	44	89	24	64	11	85	12	16	24	58	99
	10	54	35	73	28	47	71	91	76	98	73	35
	95	20	55	85	29	19	98	87	50	37	97	35
	46	32	48	38	10	65	13	16	64	26	98	29
	68	43	18	26	30	12	36	74	57	81	21	52
	100	89	79	16	55	16	67	30	24	43	28	32
	93	42	13	26	46	89	46	78	20	91	15	31
	97	29	97	89	50	89	73	96	87	12	39	73
	85	68	44	87	21	32	39	69	94	61	53	80
	97	29	33	68	62	50	60	95	67	50	25	81
	23	39	76	60	75	16	56	41	88	35	13	100
	40	55	77	63	34	33	90	12	94	81	50	41
	35	35	87	43	26	76	89	76	83	48	41	82
	90	79	36	36	67	53	10	63	94	15	22	36
	87	23	84	73	81	53	26	38	66	35	41	49
	90	41	26	13	62	44	54	18	35	12	55	96
	28	49	74	18	93	87	94	64	24	84	70	58
	82	99	51	24	39	84	69	15	71	21	97	93
	100	13	35	59	17	14	97	77	55	62	39	25
	12	83	76	52	31	25	74	63	39	72	76	13
	79	18	98	44	67	22	97	79	74	92	72	21
	67	85	77	97	39	46	74	63	89	22	96	81

