***** PARAMETERS PRP *****

Number of Customers = 30
Number of Products = 10
Number of Vehicles = 5
Number of Periods = 12

B = Production capacity
	49433

b_p = Time required to produce item p
 	1	1	1	1	1	1	1	1	1	1

c_p = Production cost of item p
 	300	300	800	800	800	300	800	800	300	800

s_p = Setup cost of item p
 	300	300	800	800	800	300	800	800	300	800

M = Big number
	197730

U_pi = Maximum inventory upper bound of item p at site i
 	197730	256	146	164	95	321	278	129	255	135	145	175	212	192	169	250	250	115	223	132	180	73	113	218	340	164	163	271	174	117	181
	197730	204	237	266	111	159	254	266	89	155	234	221	199	103	108	203	295	318	195	222	225	228	231	248	160	224	253	156	104	194	251
	197730	177	300	122	320	302	101	100	271	94	234	198	197	288	109	312	236	156	260	112	221	143	103	84	216	191	248	229	307	225	173
	197730	280	120	116	225	245	100	195	89	166	285	256	188	203	104	200	113	183	248	130	166	101	230	101	235	173	166	239	236	367	255
	197730	207	184	206	183	229	293	138	90	81	241	238	191	136	157	280	108	113	219	101	115	134	91	100	100	245	94	318	91	109	156
	197730	116	106	169	190	118	98	100	126	163	312	138	117	176	149	318	125	171	158	228	205	99	120	244	240	187	113	130	249	318	90
	197730	135	221	174	265	214	217	346	105	161	261	209	300	285	248	166	150	251	229	116	193	127	213	150	223	265	143	169	240	166	208
	197730	175	101	183	121	259	90	126	185	124	306	207	169	300	197	171	281	129	267	284	138	256	266	282	105	89	132	112	142	254	147
	197730	245	117	279	172	278	117	138	190	219	165	110	179	121	149	191	172	230	219	109	317	74	319	204	122	318	109	263	276	212	218
	197730	328	152	186	86	263	314	202	328	235	270	220	251	277	106	210	263	238	216	236	136	159	104	150	269	170	252	303	267	246	125

I_pi0 = Initial inventory of item p at site i
 	0	231	39	49	71	146	47	91	215	65	86	142	91	91	11	94	66	82	222	126	147	58	101	147	195	82	126	203	96	111	110
	0	156	187	30	111	20	206	242	71	71	113	176	186	78	80	118	288	226	135	193	164	159	95	102	110	115	90	68	91	62	42
	0	136	73	89	223	72	70	16	137	91	133	178	135	99	79	65	54	88	63	52	27	91	63	39	134	161	71	105	126	159	121
	0	275	97	110	149	95	94	167	14	54	219	31	104	163	90	139	93	11	89	116	76	82	166	28	172	80	89	45	185	97	167
	0	168	129	92	11	58	114	24	90	44	38	87	176	40	47	98	35	92	35	91	70	87	41	93	49	44	54	196	0	69	154
	0	92	72	65	115	76	33	97	124	88	246	98	65	48	109	269	45	40	97	105	40	44	48	142	62	28	20	83	146	146	36
	0	89	35	101	164	162	104	143	79	62	189	162	135	178	186	133	136	168	205	87	124	119	110	65	84	57	133	42	101	86	172
	0	119	47	141	92	19	50	85	93	118	220	201	64	14	140	15	78	56	47	94	80	119	130	218	44	61	53	66	32	112	84
	0	151	50	20	126	151	92	135	86	72	69	110	175	119	42	39	169	215	118	90	117	36	162	87	29	50	67	57	33	93	193
	0	35	73	166	42	181	28	134	64	98	83	173	40	70	79	170	191	18	33	207	130	134	98	117	93	135	175	133	229	123	96

h_pi = Inventory cost of item p at site i
 	3	2	7	5	9	5	5	2	5	8	9	4	3	1	5	7	8	6	4	7	5	9	6	1	2	9	7	9	9	8	6
	3	3	5	5	4	9	4	3	5	7	3	1	8	4	7	2	1	4	8	8	3	8	6	8	9	2	6	3	8	5	7
	8	6	8	7	8	6	6	2	4	9	4	6	1	3	8	3	3	6	2	9	6	3	7	8	1	6	1	8	1	3	6
	8	2	7	1	3	7	3	7	4	9	3	9	6	8	5	6	6	2	6	8	2	6	1	2	4	5	9	6	7	4	4
	8	3	2	7	2	4	2	8	4	1	4	1	4	3	2	2	2	1	7	5	2	9	7	6	5	6	7	1	7	3	5
	3	2	1	5	6	5	4	7	5	9	7	3	2	9	7	4	1	1	5	5	1	5	1	9	8	1	1	2	9	1	9
	8	1	2	5	5	8	3	1	9	1	4	8	7	1	8	9	2	6	1	7	8	3	4	4	7	3	9	5	4	3	4
	8	5	2	5	9	5	3	6	6	1	3	3	3	3	6	6	5	6	5	7	1	4	7	3	7	4	3	9	7	8	5
	3	7	3	2	6	4	6	7	6	8	5	1	6	6	7	2	1	1	6	6	5	8	7	2	9	6	1	3	6	6	4
	8	1	8	4	3	3	4	5	4	8	3	8	1	6	7	2	8	9	8	6	9	4	3	8	7	1	1	1	7	3	7

C = Vehicle capacity
	3670

f = Fixed transportation cost
	31000

a_ik = Transportation cost for traveling from node i to node k
 	0	410	179	303	137	120	407	471	440	410	216	84	442	291	464	589	176	682	400	306	407	441	96	301	313	270	284	734	141	238	400
	410	0	481	695	435	344	168	731	737	567	625	431	591	526	802	476	247	494	12	715	77	116	470	115	589	145	616	473	518	348	793
	179	481	0	240	52	144	411	297	276	242	251	96	273	115	325	490	240	602	469	323	449	468	98	367	137	339	136	681	97	167	332
	303	695	240	0	271	354	647	322	256	405	144	265	427	292	213	713	448	831	684	139	675	700	226	581	243	551	156	917	177	407	99
	137	435	52	271	0	94	377	347	328	275	253	54	306	155	374	489	191	595	424	334	408	430	77	321	187	292	185	666	103	146	366
	120	344	144	354	94	0	304	430	418	325	308	92	357	226	468	470	98	563	332	395	322	349	133	229	272	200	279	618	178	122	452
	407	168	411	647	377	304	0	614	633	431	611	394	452	421	713	310	234	342	160	699	92	73	435	153	490	171	537	349	476	249	742
	471	731	297	322	347	430	614	0	73	198	441	390	195	209	174	529	517	655	720	461	680	684	379	626	160	603	203	768	346	384	343
	440	737	276	256	328	418	633	73	0	243	383	364	248	214	106	581	510	707	726	395	692	701	346	628	149	603	159	815	306	392	270
	410	567	242	405	275	325	431	198	243	0	474	328	33	130	345	339	389	464	555	527	507	504	339	473	163	455	250	573	331	235	465
	216	625	251	144	253	308	611	441	383	474	0	220	501	346	355	739	387	848	615	91	620	652	181	515	322	484	244	917	155	398	219
	84	431	96	265	54	92	394	390	364	328	220	0	360	207	398	533	184	635	420	306	413	440	42	317	231	286	211	699	88	184	363
	442	591	273	427	306	357	452	195	248	33	501	360	0	160	352	336	419	461	580	552	529	524	370	499	185	483	273	574	361	264	482
	291	526	115	292	155	226	421	209	214	130	346	207	160	0	294	422	309	543	514	404	479	488	212	419	70	395	142	637	202	179	366
	464	802	325	213	374	468	713	174	106	345	355	398	352	294	0	684	564	809	791	344	764	778	370	690	224	663	190	915	323	466	191
	589	476	490	713	489	470	310	529	581	339	739	533	336	422	684	0	460	126	469	812	400	366	565	446	482	451	564	243	584	352	788
	176	247	240	448	191	98	234	517	510	389	387	184	419	309	564	460	0	536	236	476	234	266	224	134	363	103	375	572	272	156	546
	682	494	602	831	595	563	342	655	707	464	848	635	461	543	809	126	536	0	489	925	420	378	670	492	605	505	685	127	694	452	909
	400	12	469	684	424	332	160	720	726	555	615	420	580	514	791	469	236	489	0	705	71	112	459	104	577	134	604	471	507	336	782
	306	715	323	139	334	395	699	461	395	527	91	306	552	404	344	812	476	925	705	0	709	741	266	605	368	574	282	999	232	480	172
	407	77	449	675	408	322	92	680	692	507	620	413	529	479	764	400	234	420	71	709	0	47	454	111	545	140	581	408	499	301	772
	441	116	468	700	430	349	73	684	701	504	652	440	524	488	778	366	266	378	112	741	47	0	481	153	556	180	598	362	526	312	796
	96	470	98	226	77	133	435	379	346	339	181	42	370	212	370	565	224	670	459	266	454	481	0	356	223	326	189	737	51	219	324
	301	115	367	581	321	229	153	626	628	473	515	317	499	419	690	446	134	492	104	605	111	153	356	0	479	32	503	501	405	244	679
	313	589	137	243	187	272	490	160	149	163	322	231	185	70	224	482	363	605	577	368	545	556	223	479	0	454	88	703	198	245	307
	270	145	339	551	292	200	171	603	603	455	484	286	483	395	663	451	103	505	134	574	140	180	326	32	454	0	475	519	374	223	649
	284	616	136	156	185	279	537	203	159	250	244	211	273	142	190	564	375	685	604	282	581	598	189	503	88	475	0	777	148	289	225
	734	473	681	917	666	618	349	768	815	573	917	699	574	637	915	243	572	127	471	999	408	362	737	501	703	519	777	0	767	520	1000
	141	518	97	177	103	178	476	346	306	331	155	88	361	202	323	584	272	694	507	232	499	526	51	405	198	374	148	767	0	248	275
	238	348	167	407	146	122	249	384	392	235	398	184	264	179	466	352	156	452	336	480	301	312	219	244	245	223	289	520	248	0	498
	400	793	332	99	366	452	742	343	270	465	219	363	482	366	191	788	546	909	782	172	772	796	324	679	307	649	225	1000	275	498	0

coordXY = Coordinates (x,y): line zero => x line one => y column => customers
 	12	7	187	144	148	101	171	450	394	421	12	95	453	301	352	480	61	495	13	9	83	121	91	38	310	38	248	441	113	212	169
	623	214	659	895	625	544	249	795	841	600	838	635	601	649	938	267	455	142	224	928	223	196	676	324	718	355	780	28	721	494	990

d_pit = Demand of item p at customer i in period t
 	93	74	36	28	64	81	50	29	18	46	66	30
	39	56	64	37	47	67	75	38	55	16	42	47
	49	14	87	30	17	42	28	53	21	42	88	22
	21	50	27	95	78	47	21	13	80	34	50	55
	92	54	84	78	86	57	60	15	66	20	65	94
	47	79	92	96	13	15	51	24	60	66	95	29
	91	94	23	87	17	94	11	13	78	89	93	85
	89	95	31	15	73	21	20	48	33	97	68	22
	17	48	68	78	34	23	34	43	57	66	14	58
	24	29	33	91	15	94	19	38	24	51	94	69
	40	62	40	31	50	24	61	95	25	12	17	69
	91	31	29	76	91	78	64	27	99	99	70	91
	36	55	82	99	94	17	86	88	99	38	28	46
	11	16	78	38	78	77	50	34	62	39	95	99
	94	47	44	57	29	95	35	80	98	29	58	83
	18	25	23	50	94	35	60	46	43	37	76	92
	26	56	81	47	46	20	79	82	83	97	36	38
	87	48	87	69	69	72	80	31	22	18	58	27
	55	71	41	37	72	74	49	35	29	16	13	36
	27	88	32	73	92	80	51	33	49	60	54	80
	17	23	18	80	70	24	15	45	65	35	22	24
	67	34	31	17	95	30	79	78	49	98	70	29
	89	23	35	98	27	62	32	48	68	16	61	94
	91	81	23	68	56	98	80	76	26	95	47	74
	82	29	32	74	60	78	72	32	17	58	85	36
	70	56	29	16	23	39	51	31	63	93	96	84
	86	69	48	38	90	99	72	24	89	38	71	88
	44	52	41	71	28	12	44	81	57	99	78	90
	68	43	17	63	16	78	92	40	84	34	70	95
	35	48	27	94	58	81	80	79	88	70	25	40

	24	99	33	62	59	42	100	48	77	82	98	93
	68	63	56	67	84	22	20	84	52	82	52	60
	30	12	57	91	18	75	66	99	30	22	96	42
	94	17	59	54	99	19	39	96	30	15	45	97
	20	61	11	96	22	22	96	100	57	88	27	35
	52	68	86	88	46	63	54	68	90	38	59	49
	66	71	60	45	20	60	67	44	87	73	31	15
	71	27	58	59	57	41	65	19	33	20	56	25
	18	53	94	46	43	82	88	56	50	24	36	28
	25	88	41	10	45	59	58	75	67	97	50	88
	41	59	76	78	31	81	18	12	95	59	37	75
	22	98	66	67	21	86	56	30	24	25	48	55
	78	41	98	87	39	47	46	40	12	74	45	12
	80	87	28	65	14	26	67	97	16	39	95	34
	59	59	91	14	38	21	69	87	46	22	68	36
	83	50	92	63	55	72	38	61	10	87	44	53
	33	59	38	96	72	97	95	70	62	61	60	19
	32	45	12	46	33	66	66	77	15	25	10	40
	14	61	49	69	34	72	92	33	90	20	72	60
	99	65	97	35	11	99	87	98	14	29	31	11
	98	29	32	96	36	42	98	49	79	60	44	21
	95	97	24	54	59	41	92	54	46	62	18	51
	76	26	69	15	63	48	62	69	49	44	55	19
	79	31	67	29	50	22	36	63	42	57	85	79
	39	66	10	36	26	27	91	46	28	62	66	40
	28	62	94	25	56	31	78	48	65	45	61	15
	68	52	84	97	13	32	83	21	22	54	28	71
	91	48	48	40	21	75	96	60	52	45	20	27
	18	44	81	30	12	21	85	23	98	99	48	24
	24	18	100	68	45	19	62	14	31	73	51	98

	50	53	33	56	45	47	48	52	39	94	94	95
	73	83	82	67	76	47	89	11	43	49	58	43
	89	93	87	32	15	19	98	29	57	66	72	73
	74	98	51	42	24	96	59	66	53	79	36	90
	72	78	17	64	69	64	30	45	91	73	54	68
	70	66	98	12	59	60	43	19	55	40	23	60
	16	94	81	56	35	21	92	16	25	82	14	67
	70	67	31	36	66	70	14	45	44	88	44	75
	37	40	14	42	16	20	20	23	21	72	56	13
	33	23	77	98	44	75	31	31	21	47	10	72
	80	98	78	98	36	90	41	43	17	99	99	14
	11	98	26	83	26	48	59	95	30	73	24	18
	99	11	11	87	64	90	51	29	55	52	42	99
	44	35	76	48	89	99	22	40	65	62	28	43
	50	15	17	73	41	96	95	90	97	61	53	61
	54	71	46	60	57	59	31	26	73	62	89	81
	88	12	55	81	50	73	23	53	30	84	53	23
	12	51	73	50	64	22	54	55	32	88	34	89
	52	50	71	76	12	86	60	90	19	15	86	57
	27	75	43	75	92	16	25	49	16	35	51	27
	91	94	93	58	84	11	98	51	63	73	61	82
	63	59	33	28	46	59	60	52	80	32	26	82
	39	46	89	26	22	58	59	14	21	62	28	40
	51	56	27	60	63	81	20	36	23	70	70	91
	68	11	82	14	78	16	69	14	20	95	21	85
	45	26	71	70	63	24	20	60	68	20	72	57
	82	23	14	92	32	17	47	83	24	79	95	100
	86	40	75	28	63	98	92	49	49	91	47	19
	83	76	78	34	39	74	19	32	58	41	90	50
	82	22	17	65	50	97	27	51	86	99	48	47

	78	78	72	47	49	50	70	57	79	89	93	78
	46	51	81	71	78	62	61	37	88	61	49	33
	21	89	56	38	74	47	58	51	56	62	61	84
	64	14	71	41	55	68	59	50	54	96	18	84
	95	41	34	36	74	61	95	71	19	44	79	85
	94	45	37	37	27	20	82	77	82	28	17	56
	94	73	55	21	87	95	75	80	31	46	54	69
	14	25	55	78	17	75	19	52	21	32	60	83
	41	13	56	91	58	66	34	19	96	71	69	50
	71	97	51	25	85	10	48	42	70	87	48	50
	31	66	69	98	89	37	10	80	74	80	65	68
	12	58	16	18	77	88	20	66	54	59	17	80
	64	40	59	67	22	49	76	35	21	49	47	81
	90	61	82	25	58	73	16	14	75	19	59	54
	40	20	79	49	97	45	58	45	11	30	47	79
	93	21	65	15	96	76	43	62	36	64	39	65
	11	41	38	40	94	30	27	63	50	93	17	45
	89	98	48	94	29	19	81	20	69	97	25	75
	99	17	94	18	36	80	36	28	20	18	13	62
	76	50	32	63	59	89	17	36	38	46	67	89
	53	29	99	46	67	46	49	69	33	10	64	38
	98	68	100	51	62	92	16	60	21	38	40	43
	28	39	73	89	25	40	36	88	83	17	52	34
	73	21	65	13	55	40	85	78	55	64	95	62
	23	57	70	96	56	77	41	62	69	25	30	84
	89	47	96	61	86	25	65	14	29	32	61	59
	45	70	30	16	40	89	63	100	20	71	94	79
	37	87	61	95	65	22	22	99	47	78	12	84
	97	93	92	81	43	65	62	43	96	25	90	94
	96	71	53	16	16	80	60	93	88	90	13	89

	42	18	21	87	52	76	52	12	75	91	33	61
	79	50	39	37	37	60	23	16	74	64	52	21
	92	72	77	34	74	54	22	29	14	73	40	36
	11	17	73	77	51	35	56	11	23	27	24	33
	58	48	44	72	85	37	41	72	23	82	55	69
	87	27	58	40	37	41	95	50	95	24	85	65
	24	58	45	16	55	68	62	95	10	76	30	12
	90	54	67	14	38	47	13	45	60	23	33	55
	13	31	91	17	21	56	15	52	69	46	58	15
	38	37	98	81	74	61	97	27	41	11	65	93
	87	34	54	91	27	20	17	43	58	87	98	98
	63	73	40	72	98	21	86	99	22	99	69	23
	14	26	27	36	50	43	70	56	14	48	94	66
	47	71	22	85	78	60	14	69	15	36	42	89
	98	85	18	12	42	75	16	74	71	32	69	80
	35	37	86	81	38	39	58	26	65	84	81	20
	92	53	62	44	63	28	75	73	34	39	76	41
	35	84	34	36	85	47	57	13	25	82	68	92
	72	19	16	80	61	59	80	13	41	72	52	42
	70	34	41	15	35	11	12	21	44	33	78	67
	74	13	70	29	34	30	18	17	68	28	64	91
	41	96	61	64	56	62	12	32	42	10	26	46
	76	17	40	85	88	37	45	74	22	28	45	44
	49	78	12	51	14	27	53	25	56	49	97	87
	44	57	34	83	82	71	21	48	30	99	82	83
	54	41	68	23	64	12	39	82	38	17	72	52
	49	89	58	59	54	26	13	90	99	78	50	99
	99	65	28	95	22	28	15	10	59	17	23	85
	45	24	59	63	73	36	58	37	61	61	59	76
	37	94	23	28	32	56	85	14	70	75	14	96

	76	16	50	11	31	79	47	10	16	58	11	58
	21	18	33	71	20	77	96	83	47	94	47	31
	14	51	77	14	69	40	56	19	68	19	35	46
	20	95	82	37	26	48	28	27	80	26	21	81
	76	84	87	28	97	28	36	31	59	36	82	66
	33	31	69	32	45	47	50	29	99	32	83	36
	24	73	13	33	59	99	59	67	40	33	24	78
	24	100	50	33	82	70	54	95	12	96	93	45
	40	48	34	77	89	55	61	21	63	41	99	22
	44	61	87	54	56	92	20	32	93	63	88	59
	57	41	91	89	76	41	62	77	83	81	65	67
	42	23	59	57	66	30	59	83	94	78	44	68
	48	63	99	97	87	30	35	15	29	59	83	58
	66	43	41	28	55	71	23	16	17	81	62	92
	71	18	84	96	47	68	79	50	73	90	17	71
	45	42	74	38	50	68	90	98	88	22	48	88
	17	23	13	46	63	21	21	89	45	92	51	31
	67	30	57	56	80	36	85	77	24	24	47	48
	52	15	38	23	37	33	63	11	20	93	75	88
	40	99	78	93	83	40	84	95	50	38	86	35
	44	53	50	59	78	32	95	51	12	42	52	23
	48	38	72	25	24	37	100	72	99	79	88	38
	90	52	41	87	37	77	67	76	34	95	50	26
	62	71	61	96	46	72	10	70	64	76	37	56
	28	47	47	37	99	10	76	38	21	91	30	37
	20	81	89	46	35	80	78	39	14	28	88	82
	83	49	23	80	61	84	71	55	33	65	84	91
	38	33	75	71	58	10	38	56	44	86	23	66
	64	82	89	48	97	74	64	31	92	16	24	82
	24	12	93	77	35	32	29	34	60	29	81	32

	89	47	35	33	54	40	48	17	32	89	39	16
	35	11	87	29	68	39	28	67	36	59	47	24
	37	64	84	79	26	13	30	96	17	84	98	69
	49	91	24	55	84	55	46	75	89	84	47	97
	40	64	34	24	24	17	57	37	79	15	54	68
	20	13	71	13	93	99	25	35	58	85	65	73
	61	63	19	61	89	96	40	81	99	63	60	98
	79	94	56	14	34	66	30	61	53	51	44	45
	13	10	39	57	68	79	44	83	65	67	46	71
	98	91	89	23	89	25	92	47	69	34	76	50
	41	64	11	46	72	68	66	42	15	85	89	27
	51	58	26	85	51	99	66	53	21	51	63	97
	44	62	72	73	86	71	19	85	69	60	10	33
	78	47	61	63	18	16	62	39	22	50	99	39
	80	53	34	40	51	84	73	30	12	80	73	54
	18	11	73	34	45	55	78	79	76	65	25	40
	49	95	24	40	24	66	34	50	46	28	90	57
	53	77	75	76	86	19	58	59	42	43	79	19
	87	45	89	65	69	15	52	79	55	68	29	40
	47	77	63	30	65	67	42	42	51	19	43	32
	94	25	21	75	62	51	90	89	45	83	87	42
	50	60	18	79	12	79	45	77	65	94	46	13
	65	96	36	66	18	58	63	76	35	13	47	28
	63	21	45	55	58	95	23	47	38	45	96	83
	57	23	79	22	82	95	18	42	39	67	83	29
	50	59	13	11	85	60	56	96	47	21	17	58
	42	78	57	45	29	82	38	30	96	84	55	38
	37	64	40	82	45	35	53	15	20	67	66	52
	86	14	91	53	71	33	21	92	20	55	67	62
	76	96	99	57	78	44	79	72	80	49	64	38

	49	70	59	35	67	90	48	31	50	28	95	79
	47	61	33	81	25	41	92	81	14	12	86	31
	96	45	88	89	64	69	11	79	61	24	41	64
	24	68	83	47	50	27	77	56	99	96	31	67
	19	49	63	40	32	56	60	75	68	31	71	58
	50	41	43	65	25	28	19	13	44	56	79	74
	46	20	19	63	43	100	54	70	17	11	17	42
	93	93	66	50	76	21	32	51	25	82	51	98
	90	28	84	76	71	63	63	28	12	63	84	84
	60	94	15	51	59	93	61	41	89	65	60	46
	83	40	78	96	91	36	68	86	91	66	62	29
	64	10	70	49	66	73	30	89	46	11	84	83
	14	38	85	94	32	89	51	79	47	79	67	45
	46	94	69	67	49	35	91	75	48	63	73	78
	15	19	96	60	53	14	89	92	47	61	43	94
	78	42	72	92	51	72	99	19	70	93	68	88
	56	94	59	94	27	92	12	85	76	48	99	31
	47	27	33	70	22	60	72	62	33	64	93	57
	94	79	30	50	81	90	54	33	11	25	50	85
	80	55	27	54	95	95	91	65	38	100	86	43
	11	14	94	23	58	99	45	19	86	41	99	26
	16	69	45	91	86	45	93	91	45	40	93	83
	52	51	48	67	54	77	62	60	10	51	75	69
	44	81	38	66	50	96	35	12	41	18	66	85
	61	31	24	54	28	63	28	46	44	47	28	81
	53	96	88	27	46	81	31	98	82	61	76	53
	66	16	90	61	69	38	70	76	16	21	92	56
	32	65	64	11	19	39	85	55	33	30	37	96
	28	84	58	17	70	79	51	73	73	25	14	38
	13	22	49	98	65	18	51	43	67	26	98	36

	80	49	22	95	73	33	59	95	79	65	28	58
	50	65	39	42	35	97	36	14	67	76	92	88
	20	87	88	15	96	97	35	92	84	61	70	93
	41	23	62	59	71	25	21	44	33	27	73	36
	56	95	69	48	21	60	91	20	64	29	46	67
	92	37	75	88	74	39	60	25	43	99	15	56
	89	46	67	19	22	82	30	12	56	24	19	86
	30	56	21	67	14	58	33	86	38	23	19	11
	23	49	51	80	81	67	17	47	19	45	82	95
	69	67	81	98	18	25	16	58	67	46	55	60
	40	70	60	13	24	42	55	93	34	47	89	94
	98	77	15	31	50	79	16	48	67	61	84	90
	71	48	55	91	18	62	76	48	57	97	58	42
	21	21	15	95	39	52	74	90	45	20	94	30
	39	50	16	21	33	38	78	58	57	72	92	20
	77	92	22	78	45	71	98	20	26	79	25	56
	51	68	96	30	56	27	64	19	59	68	75	77
	37	81	81	67	25	90	85	97	78	91	64	80
	24	54	12	50	61	74	85	73	79	30	83	30
	24	93	64	41	79	98	62	44	74	74	88	19
	21	15	50	98	25	25	13	48	58	42	12	36
	92	70	34	17	71	40	95	74	89	79	14	91
	14	12	46	15	47	51	95	46	85	69	54	77
	10	19	83	63	95	67	88	50	69	30	81	75
	50	91	96	98	75	11	83	11	84	98	11	54
	38	29	53	40	87	18	49	58	64	80	69	69
	17	40	41	17	79	55	95	65	15	77	33	96
	33	39	96	42	98	63	44	27	66	37	26	91
	42	51	87	21	33	25	69	29	67	80	93	40
	64	25	85	19	32	99	11	81	75	61	49	53

	35	49	97	70	47	82	100	60	77	62	18	91
	17	56	63	20	41	45	75	33	19	73	83	83
	89	77	53	52	62	83	100	39	97	39	39	12
	42	50	43	64	73	37	24	31	13	15	55	70
	29	82	70	93	31	87	38	71	52	96	52	89
	28	72	47	29	73	13	91	74	86	72	76	93
	37	97	92	14	47	94	53	28	14	24	12	94
	64	44	94	34	11	59	29	95	90	90	88	90
	67	31	26	63	30	20	34	91	55	28	48	71
	39	44	75	80	29	76	16	98	47	16	92	37
	22	86	38	27	15	13	71	99	86	78	99	27
	40	10	87	63	87	95	70	98	65	21	90	28
	70	76	17	82	67	94	68	61	37	32	15	45
	79	67	27	62	98	97	21	33	44	31	46	29
	51	74	45	70	97	16	64	37	27	48	59	43
	48	77	66	89	53	12	95	62	46	52	11	19
	18	60	20	61	88	45	33	83	18	22	34	90
	33	32	35	46	93	45	66	32	79	76	57	54
	95	61	51	34	73	21	47	53	85	51	46	91
	99	19	12	29	77	73	41	23	22	98	29	21
	20	27	87	36	47	65	63	62	38	76	19	94
	98	78	10	53	82	15	69	45	20	74	54	27
	37	80	69	37	92	36	85	39	21	24	23	56
	14	79	33	23	94	54	68	73	61	27	74	46
	30	67	38	12	65	16	95	93	50	92	21	99
	69	65	41	46	76	52	97	39	76	84	12	100
	48	85	75	42	64	26	93	89	80	21	55	49
	88	73	68	75	92	40	76	29	59	71	49	81
	65	58	86	87	57	37	62	22	53	92	58	60
	96	99	94	16	81	11	15	95	65	24	58	93

