***** PARAMETERS PRP *****

Number of Customers = 30
Number of Products = 10
Number of Vehicles = 5
Number of Periods = 12

B = Production capacity
	48992

b_p = Time required to produce item p
 	1	1	1	1	1	1	1	1	1	1

c_p = Production cost of item p
 	30	80	80	30	80	30	30	80	30	30

s_p = Setup cost of item p
 	300	800	800	300	800	300	300	800	300	300

M = Big number
	195968

U_pi = Maximum inventory upper bound of item p at site i
 	195968	186	216	185	320	82	167	94	190	93	250	241	220	165	173	114	110	171	166	271	259	338	340	84	176	153	315	187	113	218	200
	195968	254	262	261	206	255	325	158	147	143	249	318	158	205	133	96	288	305	198	258	310	317	251	122	285	225	117	144	205	106	270
	195968	185	289	241	153	260	195	257	242	311	301	101	339	162	172	273	111	315	245	95	158	190	153	247	272	116	164	159	201	122	122
	195968	242	236	175	276	197	161	208	165	248	155	241	158	243	139	182	136	93	287	127	155	294	108	171	307	107	218	231	109	131	126
	195968	167	228	218	124	129	154	245	233	170	232	264	255	114	312	280	198	256	303	198	211	103	293	267	170	141	262	118	101	253	202
	195968	99	266	181	103	259	247	247	212	142	120	184	246	94	122	118	211	345	173	295	130	177	185	195	250	163	225	162	105	174	91
	195968	105	111	202	268	116	203	277	109	354	148	175	243	240	166	138	234	184	241	114	332	91	255	83	246	81	173	106	112	164	337
	195968	160	226	104	164	233	114	108	156	242	159	89	242	116	170	159	137	203	198	189	116	122	268	119	213	98	281	179	92	210	289
	195968	175	117	123	176	218	125	217	326	104	106	98	291	184	285	228	155	294	92	178	122	175	110	218	130	200	252	205	178	158	200
	195968	112	317	174	275	285	298	247	203	121	88	114	115	141	207	154	189	238	107	98	130	170	113	221	221	136	145	124	248	119	196

I_pi0 = Initial inventory of item p at site i
 	0	99	126	135	79	62	113	94	134	53	20	139	104	50	108	78	107	133	164	249	86	192	46	32	69	87	125	135	88	76	99
	0	214	90	43	121	252	147	100	84	120	113	148	92	86	128	96	224	59	192	155	186	106	202	82	160	184	99	92	131	62	128
	0	79	62	202	115	221	109	231	33	281	257	85	244	79	167	140	94	154	242	46	83	47	21	81	169	58	105	63	143	58	68
	0	98	129	61	103	166	19	147	123	245	47	227	43	117	85	37	121	87	221	125	19	55	106	111	225	55	182	125	87	82	47
	0	119	28	143	123	47	97	47	178	94	61	149	98	85	79	30	13	83	250	41	56	56	110	170	64	81	16	69	94	177	103
	0	94	98	140	75	184	232	225	50	98	76	69	117	80	94	88	25	192	32	145	96	162	12	156	85	25	32	40	82	148	80
	0	95	63	67	134	90	87	127	69	99	144	115	125	102	143	91	74	131	129	96	84	84	181	16	126	67	112	61	58	145	202
	0	113	29	28	163	82	93	91	117	141	111	26	174	82	95	71	105	172	17	106	96	33	110	117	42	71	189	170	74	153	23
	0	119	78	85	129	200	55	38	243	87	79	88	253	82	26	73	148	39	75	135	97	74	56	134	16	74	50	136	152	102	199
	0	84	166	89	184	175	242	137	26	111	20	100	112	127	49	137	152	179	80	19	108	160	14	10	51	73	133	121	195	111	151

h_pi = Inventory cost of item p at site i
 	3	3	5	1	9	4	2	5	2	6	4	5	8	1	3	9	8	6	1	6	9	9	1	2	8	6	3	7	6	8	8
	8	4	9	4	8	9	3	5	9	9	5	9	6	8	1	2	7	1	1	1	2	6	2	7	4	9	5	5	5	8	1
	8	7	4	6	2	6	3	5	1	2	5	4	2	6	6	1	8	8	5	3	4	9	1	6	1	8	3	3	9	8	4
	3	8	3	1	6	9	7	6	9	8	8	3	2	4	2	3	8	6	4	3	2	2	2	6	3	1	6	5	8	6	1
	8	3	7	7	7	5	4	5	9	6	9	2	6	7	2	2	7	5	7	3	7	6	1	4	6	3	8	2	1	2	5
	3	7	5	7	9	7	5	3	6	7	3	8	8	9	4	7	1	9	8	3	3	9	6	4	8	8	8	3	1	4	9
	3	3	4	3	6	9	9	2	7	2	7	8	4	8	6	4	9	4	9	1	4	5	9	6	4	2	7	5	6	7	8
	8	7	3	5	8	6	5	8	6	3	6	9	3	2	8	6	2	6	2	2	1	2	2	7	5	1	3	8	6	7	5
	3	2	5	2	5	9	2	6	2	8	3	8	5	6	4	5	3	3	1	8	9	4	2	4	9	4	2	2	3	9	1
	3	4	9	6	9	3	7	1	2	3	2	1	7	8	4	7	4	6	2	8	7	5	8	8	6	8	9	7	8	2	1

C = Vehicle capacity
	3540

f = Fixed transportation cost
	150660

a_ik = Transportation cost for traveling from node i to node k
 	0	1630	1910	4180	495	2830	500	1355	280	2965	1085	4030	2485	2235	2480	2280	2735	2190	1610	2810	4405	500	510	2365	2875	2140	1885	425	1720	3620	2520
	1630	0	2285	3605	1715	2145	1320	605	1670	1680	1255	3145	1460	1465	1090	1580	1615	760	1860	2735	3995	1305	1715	1140	1615	715	690	1275	320	3225	1840
	1910	2285	0	2510	2400	1550	2225	1685	2185	2375	1110	2660	1800	1425	2270	1350	2030	2205	430	985	2615	2210	1410	2000	2290	3000	2930	1685	2580	1890	1405
	4180	3605	2510	0	4615	1465	4310	3215	4425	2265	3110	860	2170	2160	2735	2055	2100	2975	2625	1550	540	4295	3760	2540	2260	4130	4255	3825	3905	640	1785
	495	1715	2400	4615	0	3225	400	1610	220	3225	1505	4410	2800	2590	2695	2655	3040	2385	2085	3285	4860	420	1005	2625	3140	2075	1780	795	1710	4070	2910
	2830	2145	1550	1465	3225	0	2895	1755	3050	1115	1745	1215	770	695	1390	595	810	1575	1450	1050	1855	2880	2470	1145	1065	2710	2810	2440	2455	1110	325
	500	1320	2225	4310	400	2895	0	1230	385	2840	1225	4065	2430	2245	2300	2315	2660	1985	1865	3050	4590	20	930	2240	2755	1720	1440	545	1330	3795	2575
	1355	605	1685	3215	1610	1755	1230	0	1490	1625	670	2875	1210	1070	1130	1165	1435	855	1255	2190	3560	1210	1270	1025	1540	1320	1260	935	905	2770	1430
	280	1670	2185	4425	220	3050	385	1490	0	3110	1320	4245	2660	2435	2600	2490	2905	2295	1875	3075	4660	395	785	2510	3025	2100	1820	615	1705	3875	2740
	2965	1680	2375	2265	3225	1115	2840	1625	3110	0	2015	1595	590	965	600	1030	355	925	2100	2145	2760	2820	2775	605	95	2000	2205	2540	1910	2130	1040
	1085	1255	1110	3110	1505	1745	1225	670	1320	2015	0	2950	1475	1180	1645	1210	1740	1445	695	1835	3370	1210	770	1450	1920	1960	1850	715	1520	2575	1445
	4030	3145	2660	860	4410	1215	4065	2875	4245	1595	2950	0	1695	1825	2145	1760	1535	2435	2635	1850	1395	4050	3685	2010	1620	3570	3745	3635	3420	1160	1510
	2485	1460	1800	2170	2800	770	2430	1210	2660	590	1475	1695	0	380	635	455	265	815	1515	1675	2600	2415	2245	380	500	1965	2095	2065	1750	1875	550
	2235	1465	1425	2160	2590	695	2245	1070	2435	965	1180	1825	380	0	910	130	625	980	1140	1400	2535	2225	1945	625	875	2065	2140	1825	1775	1765	380
	2480	1090	2270	2735	2695	1390	2300	1130	2600	600	1645	2145	635	910	0	1025	635	335	1915	2290	3195	2285	2365	285	540	1430	1615	2065	1315	2490	1175
	2280	1580	1350	2055	2655	595	2315	1165	2490	1030	1210	1760	455	130	1025	0	685	1105	1095	1275	2420	2295	1965	745	945	2190	2260	1880	1895	1645	270
	2735	1615	2030	2100	3040	810	2660	1435	2905	355	1740	1535	265	625	635	685	0	905	1765	1810	2565	2645	2505	480	275	2050	2210	2315	1885	1880	695
	2190	760	2205	2975	2385	1575	1985	855	2295	925	1445	2435	815	980	335	1105	905	0	1820	2375	3415	1970	2120	440	865	1155	1310	1785	995	2680	1310
	1610	1860	430	2625	2085	1450	1865	1255	1875	2100	695	2635	1515	1140	1915	1095	1765	1820	0	1205	2805	1850	1145	1655	2010	2575	2500	1330	2155	2035	1225
	2810	2735	985	1550	3285	1050	3050	2190	3075	2145	1835	1850	1675	1400	2290	1275	1810	2375	1205	0	1630	3035	2340	2015	2080	3405	3420	2515	3055	915	1135
	4405	3995	2615	540	4860	1855	4590	3560	4660	2760	3370	1395	2600	2535	3195	2420	2565	3415	2805	1630	0	4570	3950	2980	2745	4560	4665	4075	4305	800	2160
	500	1305	2210	4295	420	2880	20	1210	395	2820	1210	4050	2415	2225	2285	2295	2645	1970	1850	3035	4570	0	920	2220	2735	1710	1430	530	1320	3775	2560
	510	1715	1410	3760	1005	2470	930	1270	785	2775	770	3685	2245	1945	2365	1965	2505	2120	1145	2340	3950	920	0	2200	2680	2330	2125	495	1885	3180	2185
	2365	1140	2000	2540	2625	1145	2240	1025	2510	605	1450	2010	380	625	285	745	480	440	1655	2015	2980	2220	2200	0	520	1595	1740	1945	1410	2255	910
	2875	1615	2290	2260	3140	1065	2755	1540	3025	95	1920	1620	500	875	540	945	275	865	2010	2080	2745	2735	2680	520	0	1960	2155	2450	1855	2100	965
	2140	715	3000	4130	2075	2710	1720	1320	2100	2000	1960	3570	1965	2065	1430	2190	2050	1155	2575	3405	4560	1710	2330	1595	1960	0	325	1855	455	3815	2430
	1885	690	2930	4255	1780	2810	1440	1260	1820	2205	1850	3745	2095	2140	1615	2260	2210	1310	2500	3420	4665	1430	2125	1740	2155	325	0	1640	370	3900	2510
	425	1275	1685	3825	795	2440	545	935	615	2540	715	3635	2065	1825	2065	1880	2315	1785	1330	2515	4075	530	495	1945	2450	1855	1640	0	1410	3285	2130
	1720	320	2580	3905	1710	2455	1330	905	1705	1910	1520	3420	1750	1775	1315	1895	1885	995	2155	3055	4305	1320	1885	1410	1855	455	370	1410	0	3540	2150
	3620	3225	1890	640	4070	1110	3795	2770	3875	2130	2575	1160	1875	1765	2490	1645	1880	2680	2035	915	800	3775	3180	2255	2100	3815	3900	3285	3540	0	1395
	2520	1840	1405	1785	2910	325	2575	1430	2740	1040	1445	1510	550	380	1175	270	695	1310	1225	1135	2160	2560	2185	910	965	2430	2510	2130	2150	1395	0

coordXY = Coordinates (x,y): line zero => x line one => y column => customers
 	24	345	26	338	38	319	106	257	30	500	133	473	383	308	457	295	431	421	82	122	260	108	6	410	482	449	393	91	367	242	304
	139	193	520	913	41	621	83	276	84	491	326	808	482	483	380	505	504	324	455	692	987	86	239	411	485	95	64	190	133	829	558

d_pit = Demand of item p at customer i in period t
 	69	30	30	91	41	38	23	49	68	17	36	67
	40	86	22	92	15	50	31	78	89	16	77	52
	85	22	28	13	23	81	82	39	11	74	24	73
	79	56	71	99	81	51	48	41	54	85	24	78
	16	46	17	48	46	22	14	32	78	73	77	22
	52	61	88	37	63	93	18	52	30	43	59	71
	67	14	13	53	84	95	61	33	52	13	63	17
	55	42	37	61	72	49	73	15	64	19	55	28
	53	47	61	98	39	42	97	19	19	11	40	33
	20	13	99	85	72	75	25	56	32	44	16	62
	84	55	96	11	95	88	16	19	50	91	35	83
	35	69	71	26	44	97	47	87	50	11	97	26
	50	99	45	37	49	29	34	74	86	43	51	62
	13	95	86	70	45	16	50	25	62	38	97	96
	78	58	93	17	22	85	36	75	78	92	14	36
	93	14	90	17	42	12	63	96	99	74	16	42
	15	61	57	100	81	71	99	59	63	30	20	29
	90	74	70	60	37	79	50	42	13	35	91	22
	58	52	76	63	48	68	21	86	95	34	12	38
	73	13	40	50	61	50	98	31	27	71	60	48
	98	94	90	39	41	86	51	58	97	47	22	88
	46	51	16	80	61	84	78	84	69	64	84	100
	32	92	80	30	12	31	37	13	79	11	56	30
	69	79	39	31	88	28	99	27	81	52	44	67
	87	46	25	79	28	69	63	24	82	26	74	10
	79	46	56	74	76	33	33	81	26	96	60	96
	43	15	77	34	79	27	95	97	90	76	13	100
	88	98	43	54	11	54	90	13	41	94	70	22
	50	26	27	19	16	30	50	73	32	56	77	67
	66	33	39	87	84	42	40	43	42	57	14	52

	62	88	64	67	70	84	10	46	51	53	100	68
	23	67	75	75	76	24	14	52	83	50	29	60
	18	25	48	36	86	41	56	92	65	48	72	39
	39	13	69	47	27	26	82	54	86	14	94	67
	75	59	56	62	31	22	32	51	88	24	48	64
	65	82	71	81	41	98	43	58	49	51	96	45
	100	12	24	80	56	90	26	78	19	49	23	76
	84	85	92	38	80	51	91	69	89	92	83	28
	33	87	17	56	90	29	25	71	55	18	41	48
	81	32	12	81	50	34	72	27	33	20	90	65
	83	65	76	74	96	22	16	68	29	100	84	50
	73	19	31	89	21	76	90	21	50	22	72	69
	86	82	51	49	17	73	54	41	59	16	36	52
	59	28	41	56	16	34	58	93	78	41	10	18
	96	75	42	61	37	15	54	69	16	24	51	37
	96	82	46	91	64	99	85	94	44	40	36	88
	44	15	84	61	68	61	59	58	84	65	42	90
	52	86	54	86	99	96	71	25	31	80	76	34
	40	31	23	61	16	73	69	46	49	19	98	93
	90	16	80	39	65	45	86	48	86	66	56	68
	22	84	74	63	73	98	29	53	81	69	53	61
	31	11	83	77	59	64	22	72	41	36	43	63
	82	45	67	68	83	29	29	78	71	17	66	98
	72	88	73	38	91	65	69	56	82	59	66	95
	54	52	78	15	89	57	85	76	44	50	26	50
	35	64	66	32	54	73	97	75	39	41	95	29
	92	77	58	28	70	31	48	28	40	13	42	48
	33	98	89	15	85	33	65	59	86	82	78	97
	62	56	27	50	18	51	60	55	22	98	62	73
	58	24	46	92	48	79	52	33	42	96	20	57

	55	14	10	31	41	89	63	26	72	70	28	57
	62	21	38	85	88	83	86	82	12	27	20	90
	70	47	85	37	60	40	82	87	24	52	92	46
	55	30	30	44	32	42	31	91	66	46	60	86
	61	85	19	56	11	92	37	92	99	40	92	95
	47	43	19	88	87	76	23	70	10	25	39	58
	48	76	88	19	56	75	14	21	42	53	28	96
	33	84	98	48	26	15	60	94	63	65	42	99
	95	11	82	93	68	77	82	41	61	25	53	58
	58	62	90	47	71	18	80	52	31	78	74	62
	85	22	100	30	99	30	77	20	51	20	57	14
	90	76	78	97	88	71	75	12	86	45	82	13
	36	20	23	95	36	57	27	53	69	29	15	27
	31	43	23	70	68	37	16	85	57	100	71	85
	25	66	49	62	49	60	66	63	45	74	50	47
	94	92	12	72	96	45	66	12	34	15	36	91
	83	57	14	36	72	99	85	84	25	73	76	53
	50	90	13	89	25	51	11	94	54	79	83	97
	46	78	41	42	41	15	17	54	47	79	97	12
	19	64	98	64	81	21	38	54	78	27	63	23
	47	45	18	69	96	56	52	40	15	34	66	32
	21	24	33	39	40	72	57	14	59	27	37	37
	81	19	14	49	72	22	94	51	57	36	73	24
	14	78	77	30	67	81	81	34	23	72	33	63
	58	61	18	73	61	86	65	41	74	56	88	12
	24	43	38	49	71	27	81	19	69	34	19	17
	10	53	65	95	53	30	39	19	79	43	60	90
	55	13	75	65	95	92	83	81	89	88	39	29
	37	21	71	12	42	20	70	18	96	39	11	51
	68	59	90	84	81	29	37	62	70	39	29	84

	26	72	46	52	95	63	91	62	76	26	66	51
	40	19	70	23	28	99	97	52	78	97	29	76
	61	99	54	51	87	48	38	23	99	62	25	54
	67	36	60	50	32	80	85	36	51	53	90	23
	72	94	84	42	11	78	29	87	93	32	65	100
	19	61	17	17	79	37	63	80	49	70	94	58
	25	23	58	41	67	84	57	54	12	70	70	64
	34	89	67	66	39	42	33	64	65	10	88	64
	85	63	18	79	39	76	50	43	43	21	47	32
	47	31	33	85	39	47	21	48	12	11	45	46
	97	89	21	20	10	81	99	57	85	42	48	75
	43	44	46	42	98	27	35	54	90	79	58	15
	26	91	32	77	62	80	25	37	22	34	39	59
	85	90	71	23	42	24	37	30	51	38	23	42
	37	72	92	84	77	20	22	63	93	50	81	37
	49	28	44	36	76	70	92	12	35	50	29	22
	87	91	22	12	44	19	65	35	12	47	38	85
	68	55	98	87	24	37	70	16	99	55	25	54
	19	26	65	15	22	38	48	66	81	85	29	12
	19	62	15	15	74	39	98	81	84	90	28	16
	55	30	66	95	48	14	91	75	22	22	92	95
	13	93	40	66	95	73	12	61	38	52	16	89
	47	64	73	77	96	45	51	26	66	40	32	68
	90	64	71	42	64	88	40	62	98	33	18	67
	24	31	84	12	32	28	79	60	75	88	40	89
	33	98	51	28	51	24	26	87	95	83	37	42
	72	53	91	42	99	30	28	60	22	87	53	56
	71	16	45	35	90	81	13	22	86	42	82	72
	82	98	61	68	27	96	40	63	84	17	99	48
	25	22	89	78	69	67	63	97	35	62	93	58

	39	80	68	99	40	25	14	51	97	51	79	24
	28	92	54	51	83	24	37	24	89	62	83	57
	89	54	81	50	17	14	29	34	34	14	39	67
	74	49	98	68	92	46	42	52	73	48	34	65
	18	29	27	89	30	48	16	67	15	68	43	66
	41	56	22	46	77	85	53	35	48	30	30	94
	47	90	36	81	99	62	83	20	40	67	25	85
	86	23	32	37	44	43	18	62	60	82	22	50
	83	11	91	77	75	58	11	13	63	62	47	88
	61	58	12	72	36	92	68	46	81	41	98	30
	23	88	38	91	78	91	93	54	93	77	26	41
	39	59	32	56	76	40	25	69	21	57	97	41
	85	96	14	64	88	65	60	11	17	63	34	88
	14	65	58	46	72	66	41	98	29	99	87	73
	30	99	57	28	69	19	51	22	36	81	99	80
	13	56	89	86	17	61	78	17	46	41	60	30
	83	85	80	49	79	86	34	14	90	54	32	82
	90	65	95	34	15	49	92	63	26	93	69	35
	10	31	88	26	77	37	63	89	38	77	43	14
	20	36	38	58	50	30	40	52	97	95	68	48
	41	15	77	31	15	62	84	49	87	38	25	92
	27	83	13	26	91	70	91	56	77	84	31	55
	34	60	76	57	44	54	90	35	40	41	15	94
	64	89	33	42	26	12	98	50	62	93	18	92
	81	87	76	99	41	75	98	65	51	74	37	61
	16	50	79	44	52	26	29	68	38	91	68	68
	69	64	11	83	43	39	96	43	58	79	71	52
	94	76	83	20	14	85	13	62	93	32	11	24
	11	55	99	12	14	80	77	40	14	95	25	84
	59	44	44	98	39	68	25	40	29	100	18	42

	56	38	59	45	48	38	16	37	91	56	41	70
	98	27	80	11	35	63	71	98	12	62	45	37
	43	29	68	34	23	26	38	59	64	46	76	37
	58	17	57	34	82	100	45	61	87	25	21	31
	89	95	44	87	22	17	35	26	65	76	31	35
	86	94	52	74	34	99	82	10	90	25	73	23
	50	11	75	89	48	26	33	21	61	73	43	62
	50	67	87	27	75	37	68	20	70	65	59	12
	98	80	50	79	32	95	57	73	30	80	94	85
	31	45	91	31	26	62	84	67	79	67	97	42
	33	36	36	83	60	21	45	33	29	55	39	83
	18	29	70	72	95	85	44	98	60	33	57	77
	80	34	14	90	56	58	27	17	17	30	77	62
	72	22	77	59	31	63	78	98	63	29	91	50
	10	45	33	74	69	37	97	78	15	68	90	92
	25	50	91	38	23	73	42	89	37	58	60	46
	17	98	77	70	81	90	76	69	66	12	81	92
	32	24	48	11	100	30	36	52	23	100	50	12
	45	76	24	81	79	14	58	97	86	28	21	98
	96	41	33	54	54	59	87	97	33	91	60	72
	73	89	18	38	80	50	73	90	93	30	12	61
	12	31	95	57	29	72	14	19	39	62	38	88
	59	23	74	10	78	63	13	63	61	78	29	35
	70	15	81	30	58	79	18	59	22	62	75	30
	25	46	77	13	98	56	82	15	14	85	100	39
	32	14	20	53	73	60	92	53	26	71	18	27
	40	68	44	29	22	11	75	22	14	64	48	48
	13	26	43	50	97	99	19	26	19	92	68	79
	54	94	46	91	33	72	51	28	75	20	74	59
	26	54	38	50	81	11	57	81	12	34	31	72

	52	43	63	71	40	99	29	41	59	30	76	26
	52	11	79	72	66	94	90	64	87	12	24	12
	50	17	27	89	66	84	41	95	82	25	15	16
	56	78	63	74	82	45	82	66	37	59	66	95
	90	18	14	49	84	78	40	21	95	65	95	46
	56	31	74	52	42	50	20	26	18	25	50	44
	94	33	79	57	73	77	42	47	12	90	41	20
	69	53	60	48	20	59	73	87	63	55	15	52
	99	82	72	25	82	75	31	56	99	96	63	69
	87	57	37	16	21	25	87	18	94	31	83	34
	95	20	97	76	43	73	72	21	63	27	59	52
	47	78	44	79	34	65	93	19	34	38	33	20
	16	86	74	85	67	35	21	26	16	20	35	96
	67	76	64	92	92	25	15	13	78	11	80	50
	50	41	24	33	11	53	34	96	11	69	59	69
	74	34	66	62	61	55	96	53	47	39	88	28
	70	29	32	82	90	47	47	90	100	49	79	21
	38	91	63	43	14	31	18	82	97	69	89	87
	96	33	14	32	16	31	34	13	82	44	13	46
	64	20	36	15	83	82	93	88	38	87	96	95
	24	40	20	81	23	47	48	61	52	49	61	40
	81	80	20	30	22	33	85	24	27	85	71	53
	16	74	40	62	23	21	17	81	47	41	61	16
	36	90	63	97	58	54	94	42	28	59	48	68
	23	11	33	39	43	45	54	40	46	76	39	38
	26	41	45	51	51	20	11	80	42	15	60	77
	61	91	73	23	40	46	35	86	12	90	25	54
	58	55	99	86	35	96	24	47	66	71	10	23
	25	92	28	92	17	89	69	15	11	96	55	67
	78	74	50	82	16	79	99	45	35	84	76	90

	67	46	70	96	35	62	14	24	65	75	15	70
	14	15	95	79	56	91	38	15	12	86	30	12
	28	21	26	83	15	36	76	94	78	83	16	70
	63	100	14	60	34	81	84	10	19	88	11	93
	56	26	89	39	37	92	65	90	82	22	16	86
	28	65	91	18	48	58	15	84	97	74	81	22
	52	39	45	56	90	49	11	62	99	19	49	74
	40	77	68	24	83	18	84	42	27	23	77	59
	36	80	25	67	35	93	30	65	16	65	13	55
	82	16	13	76	51	66	71	76	63	23	12	85
	12	14	80	75	14	87	35	28	60	13	38	78
	71	23	80	13	50	27	35	46	96	11	64	64
	31	51	100	41	72	43	10	31	71	72	96	80
	21	74	32	54	81	84	72	13	70	38	83	58
	71	50	17	34	72	39	53	25	97	47	91	40
	16	89	54	33	36	58	82	15	20	25	55	63
	23	64	85	64	40	24	43	29	97	41	24	75
	17	16	83	87	43	94	79	99	88	36	49	100
	73	33	35	34	28	12	77	74	70	13	96	22
	96	79	29	43	46	51	76	10	83	78	41	66
	33	98	82	99	25	72	50	61	51	45	16	99
	63	47	49	85	11	46	60	43	77	59	11	92
	85	32	45	36	37	10	13	22	83	17	32	64
	42	12	68	21	36	27	27	73	34	23	96	53
	33	38	31	94	94	30	91	17	22	61	31	44
	15	51	83	40	17	72	87	16	83	94	86	30
	15	82	73	96	91	34	17	93	18	73	83	42
	12	38	24	44	65	48	37	52	33	99	73	24
	76	77	64	32	84	70	86	41	75	68	78	87
	23	84	69	56	27	99	70	39	44	68	36	78

	77	15	27	33	68	19	19	59	19	58	68	62
	78	46	19	80	76	14	91	83	20	95	56	42
	85	61	36	37	98	37	27	17	20	23	10	40
	64	65	40	74	47	76	59	29	53	66	65	66
	62	24	60	54	13	22	69	24	86	54	26	30
	55	71	72	80	60	39	52	79	56	65	51	69
	38	79	75	46	11	97	97	23	67	19	87	13
	41	84	76	42	68	52	90	63	60	88	36	83
	74	13	41	91	44	61	41	87	68	46	30	28
	54	25	83	38	26	40	67	60	87	26	70	57
	76	12	44	76	37	35	25	91	68	50	18	56
	71	85	97	44	50	60	63	43	34	34	48	69
	82	40	72	85	30	21	67	99	33	98	68	42
	26	55	45	89	84	81	80	25	52	34	100	12
	28	45	25	54	47	25	60	36	92	52	43	39
	76	72	29	72	92	27	53	38	11	47	51	53
	39	89	28	76	75	27	60	91	43	69	58	51
	36	39	66	34	64	23	36	40	29	57	87	40
	20	48	67	70	32	58	12	30	35	83	38	42
	97	59	39	26	24	32	27	15	60	76	13	21
	74	31	47	60	41	75	58	81	42	70	24	95
	56	71	90	65	59	19	89	49	22	39	84	14
	55	16	63	95	37	29	81	74	23	68	35	77
	16	87	75	69	86	56	92	72	49	78	35	65
	74	86	44	14	66	34	98	12	43	16	34	78
	50	85	49	33	50	38	62	71	44	37	56	29
	47	89	56	33	70	97	37	36	34	37	22	58
	75	77	96	47	29	68	46	60	49	75	18	71
	68	34	90	50	31	78	22	55	67	10	42	83
	27	19	73	80	12	67	78	39	27	11	26	20

	84	26	51	53	23	100	91	22	37	17	77	88
	89	17	60	78	28	65	98	71	85	24	90	56
	89	97	79	16	17	58	71	60	31	86	26	67
	18	13	63	90	86	51	90	31	31	37	54	95
	64	44	67	83	18	32	25	63	74	66	54	94
	89	76	66	11	18	79	83	35	79	95	45	40
	27	29	81	36	74	97	57	79	97	71	25	68
	26	72	28	58	66	67	34	36	90	93	21	18
	16	36	59	33	45	39	20	41	52	40	52	50
	20	70	61	71	32	55	16	15	35	42	83	26
	41	59	79	51	79	47	42	53	73	62	34	62
	80	32	62	82	27	48	51	30	93	85	63	39
	60	67	84	73	22	38	96	93	99	49	76	88
	49	12	78	95	43	52	54	50	58	53	27	50
	59	39	23	16	81	83	52	25	87	30	59	61
	83	69	96	21	94	24	85	48	25	73	74	63
	61	56	62	36	53	100	84	94	94	12	35	28
	28	22	30	42	81	41	77	73	81	71	11	82
	19	88	84	13	94	51	34	46	45	44	32	36
	34	74	94	22	89	84	74	96	57	19	52	86
	89	19	52	35	25	25	96	63	41	83	93	57
	14	61	30	92	43	42	29	97	44	50	98	77
	10	69	53	26	28	61	13	84	87	74	66	92
	37	14	32	94	25	41	60	73	98	98	51	39
	43	30	29	21	30	30	97	15	49	87	16	98
	34	99	98	34	42	13	62	21	59	34	26	56
	73	26	22	76	53	100	53	70	98	41	30	100
	64	71	44	16	39	92	92	73	13	77	72	90
	77	34	11	29	37	89	50	94	86	94	39	73
	94	28	29	40	93	100	88	69	42	88	36	77

