***** PARAMETERS PRP *****

Number of Customers = 30
Number of Products = 10
Number of Vehicles = 5
Number of Periods = 12

B = Production capacity
	50002

b_p = Time required to produce item p
 	1	1	1	1	1	1	1	1	1	1

c_p = Production cost of item p
 	30	30	80	30	30	80	80	80	80	30

s_p = Setup cost of item p
 	300	300	800	300	300	800	800	800	800	300

M = Big number
	200008

U_pi = Maximum inventory upper bound of item p at site i
 	200008	135	148	222	170	295	253	205	163	137	100	175	109	263	263	153	171	290	252	295	82	227	244	225	271	338	263	353	288	192	291
	200008	133	96	108	278	121	139	231	153	306	132	175	269	114	181	240	179	93	211	234	222	177	228	273	249	280	300	103	296	254	132
	200008	142	261	201	255	195	288	121	71	154	94	304	252	164	83	121	108	266	238	300	229	340	135	283	238	181	118	319	243	273	274
	200008	195	311	318	262	215	96	162	104	130	208	316	179	219	130	184	217	155	156	265	337	273	173	115	185	103	108	108	190	214	88
	200008	171	141	161	113	214	220	302	219	123	96	232	128	109	279	138	95	146	85	144	271	116	99	166	111	228	143	275	178	124	228
	200008	95	191	285	136	258	91	145	227	345	113	204	104	211	210	153	263	192	255	266	295	235	300	133	299	265	103	225	166	190	195
	200008	323	232	217	97	181	173	335	108	277	202	206	184	118	185	166	102	168	227	164	247	211	151	221	241	221	187	169	116	163	128
	200008	94	176	200	234	317	221	184	99	93	123	113	222	127	246	230	123	209	312	365	206	251	182	325	130	183	179	181	260	278	103
	200008	106	153	215	173	133	346	328	208	203	220	126	161	192	111	116	280	108	117	215	174	303	268	218	247	292	331	99	252	99	127
	200008	263	231	120	147	112	350	236	147	205	223	88	193	106	107	251	290	197	296	290	127	227	275	104	155	163	297	279	175	195	255

I_pi0 = Initial inventory of item p at site i
 	0	36	122	81	130	89	76	55	151	51	80	125	90	97	166	39	30	59	81	78	35	143	166	164	150	99	86	89	57	120	149
	0	123	66	33	127	90	118	206	145	124	51	140	70	110	94	72	174	46	175	61	117	59	175	209	45	115	147	100	195	227	106
	0	94	176	114	199	13	270	79	29	73	93	114	92	80	0	90	36	237	140	187	40	184	72	157	176	130	99	39	97	156	254
	0	128	223	225	141	176	13	143	71	84	30	236	148	51	50	103	152	94	145	164	271	215	110	72	78	32	56	92	76	153	50
	0	163	107	113	103	50	148	246	68	59	71	179	38	64	151	39	87	143	48	60	232	90	68	148	43	142	78	118	159	38	206
	0	36	188	267	61	35	31	89	87	295	17	115	61	101	49	86	96	179	148	119	205	13	55	25	222	69	40	164	138	121	105
	0	51	80	132	90	141	75	142	80	250	86	66	79	53	126	147	44	141	205	125	216	175	33	194	69	44	168	103	69	97	99
	0	89	132	63	179	212	27	49	35	52	100	67	85	121	85	135	37	146	138	291	119	158	154	278	93	116	64	121	123	204	82
	0	103	126	141	77	94	46	244	113	151	166	99	119	129	66	85	189	86	112	11	83	157	15	175	184	23	122	70	185	76	72
	0	170	134	120	135	95	184	58	112	189	92	30	178	94	76	210	195	163	105	100	32	122	92	32	73	45	195	223	98	164	62

h_pi = Inventory cost of item p at site i
 	3	3	5	2	5	5	4	4	4	4	6	1	5	6	9	2	5	1	5	8	8	5	2	4	3	9	7	2	6	7	6
	3	2	3	1	9	2	7	3	9	7	2	8	7	7	9	5	2	9	9	5	5	2	7	7	6	5	3	2	5	4	5
	8	8	7	6	8	1	9	5	4	9	1	9	8	8	6	3	6	1	1	8	6	9	5	2	6	7	3	3	7	3	9
	3	4	2	8	6	8	7	2	4	8	6	3	3	4	1	3	9	1	6	4	5	6	8	5	1	1	3	8	8	9	3
	3	9	5	1	6	6	2	6	8	2	9	6	9	7	2	5	1	9	7	1	5	8	6	4	4	7	1	8	2	4	9
	8	9	6	5	4	6	3	2	8	5	6	4	8	7	8	4	5	2	4	5	6	5	3	2	3	8	9	7	7	1	4
	8	9	4	5	3	1	3	8	5	9	8	3	1	2	3	9	2	3	6	7	3	8	2	4	9	9	2	2	7	8	6
	8	8	1	9	8	4	2	6	2	4	9	1	2	5	9	4	5	2	6	6	4	4	2	4	9	5	9	5	5	6	5
	8	8	2	7	2	9	4	3	9	6	1	1	4	9	3	4	6	9	2	3	8	5	7	7	9	6	1	9	4	6	4
	3	7	6	2	2	6	1	5	3	4	8	4	8	5	7	7	4	5	3	6	4	4	6	4	9	8	1	4	1	6	9

C = Vehicle capacity
	3650

f = Fixed transportation cost
	150350

a_ik = Transportation cost for traveling from node i to node k
 	0	440	3575	2135	1440	2355	2920	1245	2445	2335	3330	2570	935	1565	3655	605	2955	1430	4090	1730	455	465	2845	765	3595	2115	3030	2345	1755	925	1740
	440	0	3400	1875	1015	1995	2585	870	2030	2210	3300	2205	950	1320	3535	225	2735	1090	3910	1295	400	705	2600	710	3565	2140	2995	2015	1420	515	1350
	3575	3400	0	1615	3465	2025	1605	2715	2555	1270	1205	1990	4345	2095	465	3190	755	3995	520	3215	3130	3230	945	4100	1220	1870	1170	1765	4230	3500	3890
	2135	1875	1615	0	1860	710	925	1110	1245	800	1985	845	2795	575	1865	1655	885	2385	2095	1640	1685	1905	735	2545	2200	1440	1705	450	2625	1905	2300
	1440	1015	3465	1860	0	1595	2225	840	1360	2495	3705	1760	1385	1500	3715	950	2720	560	3935	400	1305	1675	2545	1185	3950	2725	3395	1765	770	525	470
	2355	1995	2025	710	1595	0	630	1125	565	1500	2635	220	2805	1000	2375	1780	1280	2155	2435	1265	1945	2250	1090	2560	2830	2135	2370	295	2325	1835	1960
	2920	2585	1605	925	2225	630	0	1725	1020	1520	2460	475	3425	1430	2020	2365	955	2780	1940	1880	2485	2760	785	3180	2610	2275	2245	580	2935	2460	2565
	1245	870	2715	1110	840	1125	1725	0	1220	1665	2870	1335	1720	665	2925	655	1990	1305	3205	815	870	1230	1835	1470	3115	1900	2560	1165	1580	795	1310
	2445	2030	2555	1245	1360	565	1020	1220	0	2040	3195	570	2705	1375	2920	1845	1825	1895	2935	970	2090	2445	1630	2475	3390	2630	2925	855	1995	1735	1620
	2335	2210	1270	800	2495	1500	1520	1665	2040	0	1225	1605	3155	1000	1330	2015	845	2965	1785	2350	1900	1970	870	2915	1460	785	925	1220	3245	2400	2955
	3330	3300	1205	1985	3705	2635	2460	2870	3195	1225	0	2695	4220	2210	820	3130	1520	4155	1490	3575	2945	2900	1680	4000	270	1235	315	2345	4445	3570	4170
	2570	2205	1990	845	1760	220	475	1335	570	1605	2695	0	3000	1200	2365	1990	1270	2315	2370	1405	2160	2465	1075	2760	2875	2280	2445	400	2465	2025	2095
	935	950	4345	2795	1385	2805	3425	1720	2705	3155	4220	3000	0	2255	4480	1155	3665	1020	4850	1780	1280	1395	3525	250	4485	3025	3915	2880	1235	980	1420
	1565	1320	2095	575	1500	1000	1430	665	1375	1000	2210	1200	2255	0	2275	1105	1415	1970	2600	1395	1115	1340	1290	2010	2455	1325	1900	865	2245	1425	1965
	3655	3535	465	1865	3715	2375	2020	2925	2920	1330	820	2365	4480	2275	0	3335	1100	4225	675	3500	3225	3275	1290	4240	785	1755	890	2100	4480	3695	4160
	605	225	3190	1655	950	1780	2365	655	1845	2015	3130	1990	1155	1105	3335	0	2515	1140	3700	1175	355	730	2380	910	3390	2000	2820	1795	1470	520	1340
	2955	2735	755	885	2720	1280	955	1990	1825	845	1520	1270	3665	1415	1100	2515	0	3255	1220	2465	2505	2660	195	3415	1655	1615	1330	1015	3480	2785	3140
	1430	1090	3995	2385	560	2155	2780	1305	1895	2965	4155	2315	1020	1970	4225	1140	3255	0	4470	930	1470	1790	3080	895	4405	3100	3845	2315	335	625	405
	4090	3910	520	2095	3935	2435	1940	3205	2935	1785	1490	2370	4850	2600	675	3700	1220	4470	0	3665	3645	3745	1395	4605	1420	2350	1550	2200	4695	3995	4350
	1730	1295	3215	1640	400	1265	1880	815	970	2350	3575	1405	1780	1395	3500	1175	2465	930	3665	0	1505	1890	2280	1575	3805	2695	3270	1470	1060	865	695
	455	400	3130	1685	1305	1945	2485	870	2090	1900	2945	2160	1280	1115	3225	355	2505	1470	3645	1505	0	385	2390	1060	3210	1760	2640	1910	1800	865	1690
	465	705	3230	1905	1675	2250	2760	1230	2445	1970	2900	2465	1395	1340	3275	730	2660	1790	3745	1890	385	0	2570	1220	3165	1675	2605	2185	2120	1210	2045
	2845	2600	945	735	2545	1090	785	1835	1630	870	1680	1075	3525	1290	1290	2380	195	3080	1395	2280	2390	2570	0	3275	1830	1650	1470	825	3305	2630	2960
	765	710	4100	2545	1185	2560	3180	1470	2475	2915	4000	2760	250	2010	4240	910	3415	895	4605	1575	1060	1220	3275	0	4260	2815	3695	2630	1155	745	1280
	3595	3565	1220	2200	3950	2830	2610	3115	3390	1460	270	2875	4485	2455	785	3390	1655	4405	1420	3805	3210	3165	1830	4260	0	1500	570	2540	4695	3825	4415
	2115	2140	1870	1440	2725	2135	2275	1900	2630	785	1235	2280	3025	1325	1755	2000	1615	3100	2350	2695	1760	1675	1650	2815	1500	0	960	1885	3415	2485	3190
	3030	2995	1170	1705	3395	2370	2245	2560	2925	925	315	2445	3915	1900	890	2820	1330	3845	1550	3270	2640	2605	1470	3695	570	960	0	2080	4135	3260	3860
	2345	2015	1765	450	1765	295	580	1165	855	1220	2345	400	2880	865	2100	1795	1015	2315	2200	1470	1910	2185	825	2630	2540	1885	2080	0	2510	1930	2160
	1755	1420	4230	2625	770	2325	2935	1580	1995	3245	4445	2465	1235	2245	4480	1470	3480	335	4695	1060	1800	2120	3305	1155	4695	3415	4135	2510	0	955	380
	925	515	3500	1905	525	1835	2460	795	1735	2400	3570	2025	980	1425	3695	520	2785	625	3995	865	865	1210	2630	745	3825	2485	3260	1930	955	0	840
	1740	1350	3890	2300	470	1960	2565	1310	1620	2955	4170	2095	1420	1965	4160	1340	3140	405	4350	695	1690	2045	2960	1280	4415	3190	3860	2160	380	840	0

coordXY = Coordinates (x,y): line zero => x line one => y column => customers
 	466	379	220	220	179	93	44	254	21	344	460	56	407	290	303	356	192	210	180	122	420	496	175	388	459	498	444	133	161	283	134
	186	196	857	535	166	473	589	316	387	636	851	495	9	444	898	234	709	59	952	222	264	273	674	55	904	607	791	515	14	160	84

d_pit = Demand of item p at customer i in period t
 	36	27	51	60	51	37	63	60	13	61	31	51
	87	14	21	72	20	81	11	64	89	14	53	65
	81	66	66	52	50	68	97	16	36	26	21	87
	57	73	58	67	72	33	33	51	43	75	81	35
	89	74	64	30	25	80	14	66	61	84	45	77
	76	29	92	33	54	49	91	91	95	22	91	37
	55	40	91	40	28	36	24	44	97	38	50	73
	29	71	51	36	84	70	16	64	76	33	80	42
	28	23	40	73	18	32	42	28	40	73	93	59
	61	19	83	35	49	53	13	84	30	31	93	51
	44	81	76	41	48	85	21	66	75	30	42	89
	34	56	61	97	33	13	32	58	84	58	78	49
	97	41	47	56	62	10	69	58	52	13	90	36
	82	24	13	47	96	26	88	61	59	61	51	22
	39	49	83	59	59	16	96	28	19	85	32	48
	30	63	65	96	36	81	93	22	61	40	38	59
	26	33	51	72	67	81	61	34	82	48	69	71
	81	70	19	75	69	43	38	86	31	82	63	100
	78	56	87	69	16	39	79	82	24	85	50	44
	25	10	80	38	55	23	35	21	72	46	61	23
	48	95	17	76	71	15	59	75	56	68	36	65
	45	31	90	82	50	19	28	79	28	69	31	34
	52	85	27	75	27	33	70	18	20	45	70	18
	77	19	21	33	25	66	66	89	86	80	73	16
	99	89	67	89	90	12	59	13	81	53	80	78
	21	41	24	36	64	88	97	61	17	91	53	37
	89	33	57	91	67	11	90	38	93	87	96	96
	57	82	26	59	83	86	46	100	56	25	10	61
	39	68	13	37	47	86	41	91	12	36	65	40
	74	38	27	10	71	93	79	83	75	92	29	27

	56	67	75	96	18	37	41	12	11	23	82	12
	44	22	40	47	36	32	54	95	14	68	95	30
	33	85	34	69	94	59	28	43	17	95	39	50
	20	31	76	53	64	27	92	45	69	56	55	79
	90	56	92	81	95	15	17	74	88	21	85	13
	24	49	45	49	88	12	54	44	43	52	73	23
	56	58	92	66	40	22	25	11	18	68	32	66
	79	44	22	25	73	27	80	11	94	53	23	81
	57	25	42	77	58	93	48	65	100	66	67	37
	51	82	93	12	99	99	28	59	88	30	69	84
	14	80	46	75	62	52	70	37	40	96	29	99
	70	55	77	99	93	66	89	54	96	39	12	58
	54	56	84	93	75	35	90	37	61	60	29	12
	67	27	89	90	90	77	22	52	11	100	51	46
	72	73	35	20	74	33	88	43	66	85	69	61
	42	74	58	67	93	14	56	56	69	71	67	47
	10	36	79	34	15	25	79	66	47	56	55	54
	92	83	88	98	98	66	32	19	12	97	97	63
	61	78	24	76	22	84	24	85	81	82	53	31
	82	23	12	14	46	10	65	32	71	98	53	26
	59	24	85	71	21	78	59	32	87	61	63	68
	80	23	72	61	17	16	68	35	41	99	79	92
	87	48	74	43	92	15	56	23	71	21	41	85
	45	32	34	85	38	48	19	42	95	85	55	20
	17	98	35	89	66	68	94	72	82	63	93	63
	45	31	71	70	45	78	64	72	32	66	69	78
	34	23	43	20	48	17	100	96	30	27	88	91
	56	95	44	82	38	48	49	96	21	59	51	71
	84	23	78	42	60	77	85	94	67	69	31	53
	44	62	27	70	40	18	48	64	16	14	64	61

	94	71	10	71	100	18	17	11	16	83	13	62
	53	31	92	43	12	40	77	87	64	46	44	37
	100	14	90	95	19	14	78	44	46	11	58	34
	63	47	89	42	21	58	75	69	71	64	69	97
	13	72	46	26	97	99	17	13	28	82	70	21
	97	83	90	24	63	31	11	85	34	25	88	61
	28	51	40	65	74	86	36	64	87	29	76	90
	29	52	30	10	30	30	56	40	65	18	51	14
	73	85	71	74	64	19	53	22	27	47	18	64
	75	18	70	48	17	59	13	26	89	31	60	55
	82	32	61	85	86	94	15	41	75	75	45	39
	92	26	75	97	52	56	72	60	41	71	66	47
	80	92	44	51	58	72	44	37	50	19	79	30
	94	32	47	75	22	37	36	30	25	13	47	42
	90	95	26	21	90	38	63	33	83	73	98	13
	36	42	49	37	26	76	45	98	38	70	69	64
	88	72	77	55	14	70	77	37	17	19	32	80
	76	64	55	42	51	44	66	26	57	25	19	47
	38	60	89	29	76	74	80	94	51	34	50	44
	40	36	25	93	87	90	70	38	12	82	89	24
	24	72	54	34	85	98	87	74	70	43	98	78
	51	21	47	17	59	50	85	11	58	66	40	36
	21	38	98	47	60	79	30	76	69	97	29	34
	37	47	92	78	95	63	16	49	89	50	85	13
	60	70	77	68	71	29	56	45	81	40	57	68
	99	32	65	64	38	86	17	56	97	90	27	34
	39	73	76	61	34	95	26	85	69	74	42	91
	53	26	18	46	14	90	64	60	31	36	65	80
	68	20	68	65	59	95	56	100	47	99	63	80
	84	74	96	37	95	28	33	50	69	18	46	27

	91	37	95	21	21	17	45	19	26	90	49	74
	47	78	98	88	39	49	49	14	11	98	81	95
	91	39	95	80	61	28	79	14	96	83	51	45
	41	88	12	81	59	99	14	96	87	98	74	38
	19	99	58	98	13	83	50	24	19	94	46	43
	13	84	84	77	42	49	25	45	63	28	32	35
	78	65	41	29	58	79	80	96	41	11	30	41
	71	92	12	70	25	81	15	99	53	12	19	74
	21	12	51	39	11	52	26	36	84	26	17	16
	30	17	40	53	19	95	79	86	42	77	55	32
	95	14	89	38	34	59	79	67	67	67	55	94
	86	62	61	19	59	58	63	100	79	32	21	74
	11	40	49	28	44	93	50	65	97	15	86	79
	38	12	81	21	42	16	98	27	42	99	18	26
	66	37	88	91	43	81	19	15	71	96	87	43
	54	83	15	69	25	44	59	67	95	40	21	80
	94	77	19	29	99	93	100	96	95	60	85	80
	100	45	47	20	37	42	62	21	74	44	43	90
	83	17	20	44	100	42	43	45	43	76	77	45
	84	88	99	91	28	72	88	75	28	38	59	58
	63	57	95	87	40	38	79	17	73	27	42	37
	26	84	58	58	65	24	98	85	27	41	38	88
	72	64	61	25	11	87	82	26	91	84	26	61
	31	47	76	33	67	58	26	37	71	60	20	28
	32	74	77	11	69	84	27	65	43	14	82	37
	29	27	94	54	62	31	72	26	47	27	86	90
	17	75	31	16	10	87	44	91	61	57	88	72
	20	12	44	67	31	37	98	87	85	48	22	19
	69	84	75	14	82	72	11	37	26	49	82	42
	21	29	96	91	83	33	26	14	35	46	16	35

	85	17	61	13	88	90	24	78	73	47	23	83
	36	71	99	45	89	95	100	65	81	26	65	72
	69	44	20	21	37	86	10	99	23	67	89	79
	30	73	83	45	98	59	60	41	13	96	21	60
	50	86	19	87	24	66	43	78	13	85	37	54
	73	75	88	93	66	27	20	22	11	59	66	60
	82	77	69	18	98	98	39	92	20	22	35	74
	68	17	76	65	19	82	66	20	61	16	90	76
	59	61	65	24	99	76	78	13	31	89	81	64
	71	78	41	72	15	50	49	84	13	52	38	11
	53	83	43	59	95	20	73	72	59	18	45	76
	38	57	29	72	90	97	83	37	39	92	33	100
	64	62	46	44	84	11	66	55	87	17	75	41
	53	98	55	93	54	77	95	88	53	69	34	68
	23	16	28	59	13	17	29	70	71	35	38	15
	87	47	20	20	69	17	56	76	45	75	44	16
	56	57	30	21	65	25	22	68	56	56	39	89
	48	58	47	59	52	31	36	12	23	37	56	49
	18	42	19	54	67	59	100	11	44	21	97	45
	91	47	94	70	32	44	21	64	42	11	46	88
	48	42	39	42	99	86	43	83	50	72	72	19
	35	33	45	11	12	84	29	84	43	46	86	83
	32	25	91	58	13	88	57	98	49	40	47	65
	43	80	86	91	58	37	73	31	28	15	23	100
	44	66	14	18	83	39	61	50	28	81	47	15
	33	45	72	34	34	40	10	70	52	52	85	43
	57	61	60	40	11	57	76	21	54	70	71	82
	16	45	98	62	99	76	30	48	98	53	42	44
	38	19	66	85	66	49	29	96	91	77	66	59
	30	85	27	64	82	84	70	38	52	83	18	51

	36	62	36	30	21	51	82	65	51	24	81	28
	44	97	47	72	77	22	46	92	68	30	90	80
	76	70	57	64	63	28	29	57	54	69	81	36
	61	28	64	69	43	43	24	32	85	17	32	45
	35	42	13	77	18	83	80	47	58	60	46	61
	31	12	49	50	81	13	32	63	56	56	44	57
	89	74	91	67	37	71	95	51	62	97	100	38
	33	54	71	37	40	16	26	53	70	53	30	62
	67	74	86	68	97	77	81	74	76	33	48	46
	17	100	56	86	64	35	17	75	93	32	92	13
	50	65	77	72	14	55	51	60	41	18	12	98
	61	65	83	73	56	55	30	31	70	33	29	40
	51	50	61	21	41	65	27	20	11	42	53	65
	32	17	58	25	97	70	38	93	66	43	27	63
	86	83	13	17	12	65	50	12	94	82	80	16
	96	44	78	32	78	43	18	97	76	84	87	56
	49	10	48	72	47	22	29	17	85	35	33	13
	31	37	80	19	32	49	71	28	33	69	72	92
	20	99	63	30	92	76	54	42	99	92	67	65
	73	58	74	66	81	71	64	44	40	21	32	83
	13	12	95	27	99	13	66	26	55	53	64	40
	55	35	17	80	77	96	37	73	61	59	36	94
	25	77	99	98	48	13	94	80	66	92	20	86
	62	23	57	80	95	96	90	75	39	72	17	12
	69	21	79	48	48	64	84	64	79	76	74	88
	15	25	80	49	64	52	17	61	78	40	88	49
	90	54	20	54	35	56	26	72	62	81	46	78
	41	97	32	18	25	24	84	18	80	95	64	86
	53	68	83	97	58	74	10	46	32	58	91	90
	60	45	94	12	75	94	100	51	60	45	52	92

	51	81	84	83	15	57	52	67	82	83	36	83
	40	40	79	37	76	57	15	17	23	25	81	67
	32	62	38	63	34	90	73	16	24	98	54	67
	39	51	28	40	40	86	79	26	48	77	41	25
	55	86	26	13	60	22	25	38	25	60	93	40
	75	94	93	76	50	25	21	31	45	70	30	82
	65	51	26	88	63	71	49	83	87	92	42	86
	80	64	99	27	55	43	40	12	53	80	65	30
	63	65	92	30	11	62	64	13	75	82	93	14
	11	14	61	41	50	65	32	21	58	73	37	21
	66	54	36	45	93	18	79	24	68	51	58	25
	79	59	42	23	34	33	79	25	57	30	78	12
	53	90	39	80	80	50	30	38	95	78	47	25
	21	82	23	91	48	97	23	13	21	59	12	66
	68	61	18	24	93	55	44	34	47	75	50	96
	44	12	25	24	77	22	99	82	84	28	78	39
	70	17	54	75	88	21	51	86	64	21	44	80
	76	81	33	15	69	29	63	36	23	42	29	49
	45	64	16	60	80	45	64	66	58	24	37	95
	68	56	92	85	93	63	88	41	15	73	18	49
	78	97	92	40	14	88	86	69	67	51	86	77
	33	78	74	67	32	10	96	38	86	21	38	31
	57	74	63	61	81	73	12	41	68	83	10	40
	69	64	86	72	40	70	30	38	87	98	40	28
	20	24	46	71	73	25	88	64	68	46	56	81
	100	68	60	74	33	67	48	26	97	50	56	68
	33	70	68	61	60	13	52	90	68	45	35	79
	69	68	84	90	46	17	17	41	67	56	66	76
	41	56	56	64	34	78	17	12	36	33	27	35
	99	67	65	94	18	52	40	98	95	49	60	29

	58	31	88	31	47	43	12	52	58	26	41	74
	53	19	46	14	83	86	94	93	12	80	76	48
	15	30	18	56	56	83	90	87	50	38	62	14
	12	69	98	69	72	65	18	69	58	41	89	41
	35	90	57	30	53	72	62	77	58	77	75	75
	11	16	65	55	47	74	34	17	54	65	16	77
	49	93	54	67	28	96	70	82	27	65	11	95
	35	86	15	34	13	98	31	74	34	51	41	80
	23	29	78	84	90	17	38	35	14	60	70	19
	100	57	18	75	24	96	97	95	69	48	21	38
	16	51	87	24	84	44	58	96	57	52	49	61
	34	51	57	45	51	68	19	31	52	62	40	22
	40	81	81	47	75	86	70	38	86	38	71	49
	85	79	84	13	68	94	22	38	80	93	11	72
	67	68	98	73	66	70	44	55	14	43	39	52
	37	74	83	36	30	62	63	96	20	84	62	91
	13	86	47	96	22	99	41	32	23	35	71	62
	73	65	25	62	71	14	73	89	91	85	47	54
	93	71	45	82	61	92	74	93	27	69	98	71
	33	24	62	100	95	66	58	64	24	19	18	55
	81	31	46	24	17	72	79	45	95	28	31	53
	78	76	74	68	42	57	49	67	27	98	58	33
	56	61	93	68	87	52	64	30	57	62	65	84
	93	95	70	87	35	97	33	23	75	77	11	84
	55	30	31	85	35	33	55	60	20	45	52	49
	64	76	27	20	34	52	87	93	91	45	63	64
	90	31	55	86	27	90	54	69	65	27	88	40
	66	57	14	72	48	74	68	56	83	94	64	85
	53	74	77	87	88	12	31	86	88	32	12	26
	82	49	37	38	26	84	45	63	69	85	26	16

	39	64	53	54	59	71	26	56	90	56	25	41
	44	48	34	37	92	11	42	21	84	32	95	71
	100	24	17	29	25	72	73	31	11	11	69	53
	77	91	68	13	85	67	60	84	28	41	35	41
	12	38	22	22	97	21	61	43	23	65	48	81
	46	38	85	78	34	43	76	88	68	97	97	80
	95	93	56	86	25	65	16	50	49	98	99	54
	53	60	56	95	31	19	43	18	55	24	17	28
	18	59	74	31	62	94	62	48	99	97	69	98
	24	28	24	90	86	48	73	92	55	62	25	53
	99	45	74	52	26	64	44	58	54	93	79	67
	95	24	82	17	13	17	71	82	49	69	52	72
	86	43	68	45	75	12	97	35	94	67	89	58
	66	95	49	67	61	84	41	13	46	11	58	76
	85	55	75	25	25	66	46	83	67	92	44	35
	25	88	76	87	50	34	88	14	71	72	43	23
	86	28	43	12	44	12	25	83	52	86	96	80
	31	81	13	63	95	81	63	69	41	98	33	34
	11	11	53	16	34	98	62	56	85	50	85	83
	83	20	82	16	29	82	46	95	34	97	65	47
	35	89	33	96	65	100	14	57	77	35	78	48
	15	44	90	39	87	64	58	53	19	26	71	76
	71	23	14	67	94	51	40	72	39	97	11	76
	76	57	51	49	21	77	73	37	42	84	86	89
	23	75	20	46	43	91	84	93	32	90	27	77
	54	68	39	16	69	82	83	86	81	61	97	59
	14	20	36	28	38	89	51	97	24	60	41	96
	93	80	12	27	65	77	10	70	62	92	88	80
	76	39	89	79	33	27	74	46	14	37	65	17
	39	33	94	99	20	46	67	64	100	48	100	52

	82	88	45	14	34	74	95	49	14	31	81	24
	44	50	40	19	86	72	47	81	73	55	94	31
	88	32	86	97	75	21	85	26	25	81	18	83
	40	95	94	94	62	73	92	81	76	61	13	100
	17	78	78	71	63	12	86	54	100	30	36	49
	44	70	70	66	89	65	98	55	86	61	69	66
	58	50	16	59	23	46	89	76	41	89	99	62
	24	38	50	83	15	29	12	80	87	42	64	62
	58	57	74	78	91	53	62	79	33	96	49	88
	79	13	40	52	51	47	11	91	96	48	79	63
	30	73	42	29	44	39	96	32	13	49	57	22
	74	64	40	34	50	16	70	36	47	81	20	48
	94	18	71	20	70	77	32	94	16	12	68	61
	57	19	64	36	73	96	39	21	90	35	52	58
	63	71	39	37	28	40	30	64	79	54	60	37
	98	97	12	25	73	70	39	80	47	44	76	36
	76	70	17	52	98	86	47	79	73	80	58	51
	46	25	34	82	54	100	88	28	76	38	70	70
	100	98	26	63	30	19	79	41	79	53	40	67
	32	60	81	38	29	79	88	74	57	33	100	89
	42	80	76	35	46	16	94	95	35	10	90	61
	92	79	56	96	83	47	21	71	78	67	86	48
	32	92	58	12	71	100	24	34	91	25	63	23
	73	33	10	96	15	72	78	37	24	94	66	23
	45	57	100	30	67	70	29	22	99	25	76	30
	30	40	54	71	73	34	97	34	60	72	78	70
	23	31	82	87	69	17	36	86	89	22	48	80
	67	31	95	59	53	25	40	16	61	34	19	25
	44	74	46	85	31	25	49	89	99	80	99	58
	62	64	25	57	28	34	41	32	91	77	76	25

