***** PARAMETERS PRP *****

Number of Customers = 30
Number of Products = 10
Number of Vehicles = 5
Number of Periods = 12

B = Production capacity
	49559

b_p = Time required to produce item p
 	1	1	1	1	1	1	1	1	1	1

c_p = Production cost of item p
 	30	80	30	30	30	80	30	30	80	80

s_p = Setup cost of item p
 	300	800	300	300	300	800	300	300	800	800

M = Big number
	198234

U_pi = Maximum inventory upper bound of item p at site i
 	198234	254	102	293	245	254	134	121	221	160	235	160	96	107	165	236	186	233	162	173	169	182	204	284	145	127	265	261	119	172	103
	198234	100	114	211	177	248	300	182	231	122	120	161	110	211	224	280	196	130	336	162	203	238	263	123	85	271	298	207	290	306	140
	198234	248	233	240	241	177	198	205	106	195	215	120	187	171	228	222	236	321	267	248	219	116	133	160	174	128	205	113	231	185	123
	198234	148	241	180	314	114	212	286	94	221	254	137	215	135	296	268	103	300	157	316	244	255	225	103	270	281	248	161	100	85	309
	198234	180	242	174	275	112	154	98	260	213	287	186	291	261	122	376	284	273	121	97	238	171	196	101	122	172	117	157	241	263	126
	198234	336	232	312	256	121	131	149	280	295	177	198	314	198	194	180	180	241	193	219	151	268	297	115	254	132	189	151	129	253	212
	198234	119	220	245	199	85	168	263	307	123	118	168	202	103	196	244	135	109	159	313	246	158	127	214	154	144	275	137	124	300	263
	198234	150	223	109	88	138	270	108	281	133	198	258	168	188	176	140	119	145	98	176	103	281	194	268	129	273	130	110	185	101	117
	198234	187	183	111	162	232	149	116	310	203	276	137	122	124	107	120	317	174	260	104	165	101	92	109	213	104	277	162	225	109	161
	198234	272	263	253	146	280	119	293	159	170	118	193	109	182	159	228	152	90	193	237	127	275	191	115	183	74	88	165	263	144	99

I_pi0 = Initial inventory of item p at site i
 	0	170	91	103	184	193	102	103	118	87	163	34	19	90	68	45	134	181	126	14	24	139	38	185	67	113	28	99	87	20	29
	0	26	97	29	61	138	151	161	193	90	78	14	108	167	187	262	23	46	110	33	137	50	248	93	26	82	209	147	75	222	31
	0	172	136	160	168	80	128	84	94	158	130	76	160	99	178	49	118	141	253	202	51	31	56	143	138	107	116	57	83	137	94
	0	99	76	169	37	57	31	55	86	160	204	66	28	68	174	132	100	57	47	78	110	148	152	95	96	121	93	110	71	11	283
	0	42	27	168	94	95	93	56	145	146	105	170	236	182	109	301	200	195	86	29	197	85	116	97	97	128	81	66	153	215	97
	0	187	189	299	112	89	61	75	62	231	157	25	253	50	121	174	66	89	88	122	117	69	202	96	182	124	56	141	99	74	54
	0	76	184	46	45	50	99	86	136	95	73	106	95	30	168	222	53	80	80	230	18	127	15	169	49	86	30	130	96	214	141
	0	126	147	67	73	126	92	74	120	86	145	122	131	146	123	123	79	75	54	157	23	82	177	199	89	96	71	80	36	81	77
	0	161	162	38	74	89	25	40	259	54	73	84	49	101	92	97	19	131	153	89	143	57	64	33	123	52	108	27	81	95	59
	0	171	213	167	79	99	21	27	96	109	99	121	95	116	98	146	103	43	109	191	67	88	110	26	179	49	88	91	29	82	15

h_pi = Inventory cost of item p at site i
 	3	8	4	8	7	6	2	3	4	2	6	8	2	5	8	9	6	1	6	9	3	3	5	2	5	3	2	2	7	7	2
	8	8	3	7	8	2	5	7	8	2	1	3	1	9	5	4	7	4	2	7	2	6	1	9	2	7	9	6	5	6	4
	3	1	5	7	6	7	9	2	3	6	6	1	6	1	5	6	8	9	9	4	1	5	7	8	5	3	5	3	6	6	8
	3	8	4	8	5	5	2	4	9	5	4	5	8	7	3	1	9	9	8	1	4	8	5	5	9	8	1	3	5	7	5
	3	4	3	3	5	4	8	4	3	9	5	5	8	4	4	2	1	7	4	8	9	7	7	2	9	5	2	7	1	7	2
	8	2	1	9	3	9	8	5	8	3	1	6	8	3	9	5	9	2	8	5	2	5	9	6	2	7	9	9	4	3	1
	3	4	8	7	4	2	8	1	3	1	6	9	4	7	7	3	9	9	8	3	9	2	3	8	4	7	9	5	1	6	6
	3	6	5	3	8	1	7	4	2	9	7	4	5	6	1	1	3	5	7	5	7	5	3	3	6	4	6	2	2	6	6
	8	3	7	6	3	7	6	3	2	1	4	1	2	9	5	8	1	8	9	2	2	7	2	6	2	1	6	1	8	8	4
	8	3	8	1	2	9	8	5	5	5	1	4	9	4	1	7	7	2	6	2	9	7	8	4	5	6	7	1	9	2	6

C = Vehicle capacity
	3760

f = Fixed transportation cost
	155310

a_ik = Transportation cost for traveling from node i to node k
 	0	1070	2115	1525	2950	2790	1255	730	1750	1840	2490	2710	1210	1775	2840	2390	2000	2780	1735	1125	2175	2660	2180	2755	2820	1485	930	2520	2165	2385	2470
	1070	0	2255	2145	2200	2665	785	1455	1810	870	2365	2555	1520	2340	2590	1335	1345	2510	670	385	1320	1680	2215	2450	2220	1890	1595	2120	2560	1605	2325
	2115	2255	0	1030	4420	830	1520	1475	450	3020	4485	820	905	910	1045	3170	1570	1040	2570	1900	3525	3705	225	1095	4475	715	1310	1165	590	3830	4455
	1525	2145	1030	0	4315	1855	1650	805	1010	3005	4010	1840	715	255	2060	3355	2105	2045	2675	1900	3455	3800	1225	2080	4260	435	605	2055	740	3720	3990
	2950	2200	4420	4315	0	4690	2905	3560	3970	1405	1640	4565	3715	4525	4530	1545	3135	4445	1900	2530	895	995	4345	4355	460	4085	3730	3995	4760	600	1580
	2790	2665	830	1855	4690	0	1885	2230	1050	3295	5010	130	1620	1720	320	3275	1575	380	2795	2285	3810	3855	660	485	4815	1520	2085	790	1305	4125	4970
	1255	785	1520	1650	2905	1885	0	1190	1070	1505	3135	1775	945	1790	1825	1730	750	1745	1080	400	2010	2225	1450	1690	2975	1295	1240	1385	1900	2315	3095
	730	1455	1475	805	3560	2230	1190	0	1190	2315	3215	2170	615	1050	2340	2750	1855	2295	2060	1300	2725	3130	1585	2290	3480	790	205	2135	1450	2975	3195
	1750	1810	450	1010	3970	1050	1070	1190	0	2575	4065	985	575	1000	1155	2745	1210	1115	2130	1450	3080	3270	440	1125	4025	585	1060	1050	900	3380	4030
	1840	870	3020	3005	1405	3295	1505	2315	2575	0	2080	3170	2360	3195	3155	665	1770	3065	520	1145	520	825	2940	2985	1540	2730	2460	2625	3385	835	2025
	2490	2365	4485	4010	1640	5010	3135	3215	4065	2080	0	4900	3615	4260	4950	2630	3680	4875	2535	2750	1760	2310	4495	4810	1195	3940	3415	4485	4635	1580	65
	2710	2555	820	1840	4565	130	1775	2170	985	3170	4900	0	1560	1725	245	3150	1450	280	2670	2170	3685	3730	625	375	4695	1485	2035	665	1335	4000	4865
	1210	1520	905	715	3715	1620	945	615	575	2360	3615	1560	0	855	1725	2665	1420	1680	1990	1225	2835	3130	985	1680	3710	375	505	1550	1055	3115	3590
	1775	2340	910	255	4525	1720	1790	1050	1000	3195	4260	1725	855	0	1950	3515	2165	1950	2845	2075	3655	3975	1125	1995	4485	500	850	2015	510	3930	4240
	2840	2590	1045	2060	4530	320	1825	2340	1155	3155	4950	245	1725	1950	0	3080	1400	95	2645	2210	3665	3665	840	195	4690	1685	2210	555	1575	3980	4910
	2390	1335	3170	3355	1545	3275	1730	2750	2745	665	2630	3150	2665	3515	3080	0	1705	2990	690	1465	875	595	3050	2895	1840	3025	2865	2530	3615	1135	2570
	2000	1345	1570	2105	3135	1575	750	1855	1210	1770	3680	1450	1420	2165	1400	1705	0	1310	1255	1005	2275	2280	1405	1220	3305	1680	1850	860	2100	2595	3630
	2780	2510	1040	2045	4445	380	1745	2295	1115	3065	4875	280	1680	1950	95	2990	1310	0	2555	2130	3575	3575	830	110	4600	1660	2175	465	1585	3895	4830
	1735	670	2570	2675	1900	2795	1080	2060	2130	520	2535	2670	1990	2845	2645	690	1255	2555	0	780	1025	1145	2475	2470	2055	2355	2175	2110	2975	1340	2485
	1125	385	1900	1900	2530	2285	400	1300	1450	1145	2750	2170	1225	2075	2210	1465	1005	2130	780	0	1635	1905	1845	2065	2580	1595	1405	1745	2245	1935	2705
	2175	1320	3525	3455	895	3810	2010	2725	3080	520	1760	3685	2835	3655	3665	875	2275	3575	1025	1635	0	635	3450	3495	1040	3205	2885	3135	3870	320	1700
	2660	1680	3705	3800	995	3855	2225	3130	3270	825	2310	3730	3130	3975	3665	595	2280	3575	1145	1905	635	0	3595	3485	1350	3495	3265	3120	4120	735	2250
	2180	2215	225	1225	4345	660	1450	1585	440	2940	4495	625	985	1125	840	3050	1405	830	2475	1845	3450	3595	0	875	4420	865	1435	945	810	3760	4460
	2755	2450	1095	2080	4355	485	1690	2290	1125	2985	4810	375	1680	1995	195	2895	1220	110	2470	2065	3495	3485	875	0	4520	1685	2180	370	1650	3810	4770
	2820	2220	4475	4260	460	4815	2975	3480	4025	1540	1195	4695	3710	4485	4690	1840	3305	4600	2055	2580	1040	1350	4420	4520	0	4070	3665	4160	4760	730	1135
	1485	1890	715	435	4085	1520	1295	790	585	2730	3940	1485	375	500	1685	3025	1680	1660	2355	1595	3205	3495	865	1685	4070	0	610	1630	705	3490	3915
	930	1595	1310	605	3730	2085	1240	205	1060	2460	3415	2035	505	850	2210	2865	1850	2175	2175	1405	2885	3265	1435	2180	3665	610	0	2050	1255	3145	3395
	2520	2120	1165	2055	3995	790	1385	2135	1050	2625	4485	665	1550	2015	555	2530	860	465	2110	1745	3135	3120	945	370	4160	1630	2050	0	1750	3450	4440
	2165	2560	590	740	4760	1305	1900	1450	900	3385	4635	1335	1055	510	1575	3615	2100	1585	2975	2245	3870	4120	810	1650	4760	705	1255	1750	0	4160	4610
	2385	1605	3830	3720	600	4125	2315	2975	3380	835	1580	4000	3115	3930	3980	1135	2595	3895	1340	1935	320	735	3760	3810	730	3490	3145	3450	4160	0	1520
	2470	2325	4455	3990	1580	4970	3095	3195	4030	2025	65	4865	3590	4240	4910	2570	3630	4830	2485	2705	1700	2250	4460	4770	1135	3915	3395	4440	4610	1520	0

coordXY = Coordinates (x,y): line zero => x line one => y column => customers
 	21	224	195	6	359	345	255	24	207	327	32	352	121	16	400	459	394	402	352	245	328	454	239	413	270	91	27	416	86	321	44
	529	464	914	833	46	983	617	674	825	325	32	958	749	883	951	338	672	933	425	538	222	220	906	915	23	817	714	842	957	159	36

d_pit = Demand of item p at customer i in period t
 	12	93	65	47	16	46	54	89	35	34	89	30
	64	27	71	54	21	16	29	43	66	85	73	65
	28	75	18	86	31	77	74	93	46	15	85	76
	97	46	41	54	23	10	91	53	23	12	69	70
	82	38	73	85	16	30	46	77	22	14	87	39
	82	20	98	92	23	85	94	73	40	43	92	61
	59	44	83	97	35	41	72	28	97	43	51	73
	43	29	11	35	61	94	70	91	57	61	25	87
	45	42	21	63	33	28	95	79	17	65	71	79
	54	88	21	83	53	91	87	60	34	29	74	31
	34	38	95	74	85	35	42	26	84	43	19	65
	19	29	64	30	73	81	55	57	52	12	88	18
	69	21	31	93	49	69	45	11	16	84	68	84
	68	70	65	50	98	89	38	67	20	22	48	26
	45	41	81	11	93	85	66	87	42	20	80	57
	62	72	37	68	12	87	59	43	73	90	90	50
	80	21	55	25	13	52	57	86	98	78	47	86
	64	15	47	93	16	34	74	96	78	15	77	40
	14	97	67	99	41	65	27	53	47	70	48	63
	24	12	97	61	40	55	71	63	64	54	36	98
	49	24	66	53	13	37	33	24	60	44	89	54
	38	95	88	95	45	81	96	63	58	73	58	27
	76	37	72	13	92	67	40	86	92	52	29	25
	39	28	86	20	63	88	24	77	13	76	38	26
	88	25	39	94	52	58	65	69	54	55	94	71
	28	58	94	88	76	38	22	29	55	48	58	41
	99	84	56	88	95	10	81	51	27	77	68	47
	29	16	42	96	88	87	18	62	88	91	34	65
	20	78	24	59	73	51	32	70	94	63	61	64
	29	77	61	45	82	88	75	16	10	83	26	24

	26	51	25	40	40	52	14	87	72	59	64	72
	14	83	82	38	77	16	35	99	68	88	35	50
	29	74	12	69	32	19	45	92	31	94	85	50
	61	68	53	73	29	27	94	87	42	48	32	95
	86	52	93	39	86	50	61	77	47	92	13	48
	10	21	24	96	90	92	98	77	92	38	65	18
	58	25	78	33	45	38	46	91	14	57	30	30
	68	29	96	29	47	52	72	99	79	32	71	18
	12	78	63	35	20	98	74	52	79	56	86	80
	18	60	72	73	14	73	93	23	80	38	93	82
	14	86	34	70	44	59	66	33	67	52	82	36
	65	25	18	74	79	57	70	79	35	49	28	82
	31	87	49	97	79	33	42	19	17	50	39	89
	39	66	82	94	29	95	35	59	18	96	18	40
	82	83	97	21	50	88	98	64	67	13	83	94
	23	29	20	25	59	26	11	89	24	65	21	78
	46	47	83	82	32	94	36	95	56	64	71	74
	92	18	62	74	31	61	100	82	85	49	89	63
	33	48	62	77	33	62	80	48	91	24	19	70
	90	32	15	92	22	26	18	91	21	61	92	48
	50	48	33	35	83	14	43	78	75	19	29	64
	84	97	67	80	61	49	91	64	26	98	34	39
	93	76	33	49	39	27	33	57	93	76	92	69
	15	11	65	53	21	23	100	20	19	50	97	33
	82	77	41	29	28	80	35	26	88	40	67	58
	42	73	65	29	57	71	37	74	74	44	67	83
	75	20	30	22	84	99	45	50	31	30	56	80
	75	75	31	84	67	30	97	31	83	42	30	51
	62	62	98	94	52	80	38	17	46	14	91	80
	10	21	10	11	61	47	38	13	38	47	56	67

	78	40	54	11	43	86	48	46	50	24	29	86
	36	21	51	28	52	71	63	62	88	56	87	83
	76	24	60	32	60	42	54	98	19	12	38	62
	42	55	71	29	31	27	71	75	36	71	34	36
	80	82	40	98	21	78	68	36	34	88	34	49
	66	62	60	48	62	26	12	13	74	73	87	10
	84	40	49	54	93	28	88	50	11	92	12	15
	46	48	65	17	96	95	41	96	20	54	38	21
	15	44	72	27	97	60	89	23	21	25	22	91
	45	54	31	83	37	19	92	56	13	46	78	90
	76	54	39	36	100	98	21	60	65	55	91	25
	76	84	49	77	65	61	53	91	38	23	36	95
	99	28	39	86	100	44	32	69	81	36	55	13
	12	81	85	50	92	51	34	33	25	19	20	46
	16	33	98	39	69	53	38	39	81	29	79	92
	24	72	22	92	100	99	37	33	25	25	79	99
	99	30	12	99	96	31	68	30	65	70	86	84
	89	85	54	25	11	89	27	58	78	43	34	47
	57	61	84	95	53	68	100	32	23	17	94	60
	40	11	58	18	92	100	35	98	45	12	88	59
	31	71	52	64	21	50	54	99	74	13	74	90
	22	34	82	87	22	26	51	36	53	17	83	19
	80	63	90	76	26	19	48	72	16	89	32	27
	72	53	13	78	32	47	30	68	71	84	50	99
	72	35	22	67	22	21	22	48	88	49	48	19
	77	39	51	56	31	99	90	17	28	45	35	46
	57	94	65	85	65	64	24	59	23	82	34	25
	47	36	14	29	74	18	78	97	37	45	27	53
	93	44	87	53	28	52	66	88	35	52	68	75
	27	21	46	61	47	15	84	97	95	89	64	91

	99	74	15	44	21	98	72	67	40	28	22	11
	76	77	73	30	54	36	57	94	48	43	40	96
	29	81	59	31	31	33	20	75	12	46	36	87
	37	49	93	97	58	54	17	90	45	53	80	80
	57	97	92	61	46	14	64	44	50	95	45	18
	31	12	32	49	59	80	95	20	62	78	25	93
	55	64	49	50	53	96	55	55	54	68	40	48
	86	34	37	58	10	74	26	75	31	51	40	40
	75	85	95	92	62	89	69	33	52	87	61	84
	59	66	79	62	93	48	74	60	89	46	30	55
	66	76	55	77	97	27	92	56	47	99	94	37
	28	21	45	17	55	46	16	96	16	36	95	45
	68	23	31	17	19	26	43	57	22	74	86	75
	94	21	59	45	70	52	70	97	37	98	38	30
	37	44	51	82	55	77	39	60	89	36	50	24
	85	15	74	88	90	19	15	19	14	66	88	45
	57	84	82	92	61	11	68	75	37	40	34	80
	47	56	76	42	71	29	62	42	75	84	24	18
	53	25	92	31	50	93	94	14	97	84	83	42
	80	30	58	75	99	84	35	60	16	96	59	41
	62	63	23	20	53	55	81	48	72	33	19	84
	69	83	76	26	31	55	30	92	21	46	92	54
	53	42	19	97	17	58	86	33	46	23	83	61
	96	46	48	53	70	37	38	47	91	60	11	50
	39	55	16	11	93	100	67	76	40	54	89	34
	48	45	83	19	53	64	47	63	49	59	35	31
	46	64	72	39	77	20	42	16	78	68	64	57
	60	11	83	29	69	35	46	62	72	20	54	61
	11	87	44	14	26	32	13	24	48	88	51	71
	90	54	53	86	59	82	38	73	65	34	53	55

	42	88	39	69	57	83	70	68	73	55	35	42
	27	98	14	74	76	48	84	83	42	53	78	49
	57	95	16	39	36	93	50	18	85	50	72	84
	45	49	13	56	65	52	69	34	37	55	87	99
	11	84	23	87	81	59	20	82	85	52	64	21
	19	27	47	73	73	38	79	27	57	34	74	66
	44	12	22	90	49	30	92	74	18	56	40	61
	19	13	100	13	70	83	35	49	80	37	41	84
	91	43	12	25	26	84	86	26	58	97	80	12
	25	80	66	45	66	94	55	47	34	62	77	37
	37	33	100	18	50	81	22	62	13	70	48	25
	23	80	63	70	23	19	67	65	57	96	59	77
	15	81	86	98	56	81	19	22	41	12	49	67
	12	97	46	78	94	45	96	62	45	45	32	79
	79	92	67	63	99	79	92	52	83	56	85	55
	64	24	18	94	36	66	56	71	92	68	69	23
	53	94	48	98	21	96	80	57	54	59	65	94
	86	85	43	17	76	15	63	81	54	34	99	72
	29	46	18	62	91	22	71	17	72	41	49	65
	11	71	46	69	46	12	75	90	73	97	98	27
	85	97	60	30	23	27	73	13	85	47	99	43
	41	53	22	36	12	96	75	23	65	71	63	32
	25	72	97	58	33	17	51	93	26	61	45	29
	71	26	39	51	80	51	22	90	62	98	49	95
	97	31	70	64	25	39	31	63	97	93	16	63
	47	34	73	60	22	60	21	74	72	64	89	87
	14	52	16	31	64	90	87	98	89	11	14	62
	60	78	15	41	65	16	61	48	53	27	54	61
	82	74	59	19	90	16	52	30	85	13	68	44
	97	46	95	69	12	83	18	80	55	74	39	89

	93	71	23	40	81	69	54	75	74	99	90	37
	93	96	56	75	56	37	11	18	98	94	19	44
	93	59	77	70	20	61	80	94	43	100	29	22
	53	59	61	63	81	72	74	19	55	97	43	90
	89	98	83	21	18	63	51	80	96	41	30	54
	61	66	83	53	97	63	78	88	54	88	27	26
	57	18	14	76	79	24	17	25	74	78	70	64
	62	88	12	11	21	79	76	52	18	74	91	89
	49	41	50	91	92	22	31	94	52	22	85	80
	88	15	54	69	55	83	88	73	53	73	15	41
	25	25	63	37	31	93	39	29	58	74	95	25
	57	100	96	91	91	53	58	31	86	18	54	19
	50	71	41	58	76	72	67	94	90	40	46	86
	37	73	11	96	77	19	58	78	57	20	34	22
	80	80	14	86	75	38	69	27	78	40	94	38
	66	61	64	97	74	47	69	24	20	24	86	87
	22	67	93	67	72	30	28	53	95	28	91	76
	88	33	100	10	25	58	79	81	47	93	66	90
	57	11	54	68	99	63	99	14	56	16	42	78
	58	59	71	49	64	24	63	31	63	26	14	81
	69	42	11	92	38	34	66	14	77	66	72	63
	97	36	69	46	82	13	96	33	98	46	55	42
	96	44	35	100	12	50	22	99	54	18	90	72
	66	26	40	50	67	36	11	85	35	65	99	30
	70	54	37	17	15	14	61	94	30	26	72	39
	27	29	11	54	54	35	83	47	22	88	31	87
	90	51	72	81	18	35	32	18	52	47	34	73
	99	80	50	88	82	92	32	80	46	45	63	17
	57	17	91	12	84	87	67	23	53	20	27	68
	54	90	35	98	35	79	24	29	55	44	13	81

	76	86	54	14	84	78	14	33	35	83	72	83
	79	11	13	81	71	33	35	86	75	80	25	70
	46	73	98	61	39	64	66	54	44	17	75	99
	45	50	21	32	35	84	18	35	39	80	82	75
	50	51	36	80	68	13	27	40	92	13	17	21
	99	26	19	40	46	91	94	15	85	61	70	25
	24	62	62	41	56	66	99	48	95	83	68	85
	53	83	99	52	64	94	97	51	96	82	53	97
	95	30	93	86	19	27	53	68	23	95	74	77
	73	87	54	27	48	14	65	57	82	87	12	100
	16	90	47	43	79	62	64	32	20	51	73	93
	95	53	40	55	84	84	85	70	61	58	45	76
	30	94	46	13	76	41	29	67	25	91	81	25
	74	66	28	51	66	47	28	11	78	23	37	79
	27	96	99	74	27	78	64	11	27	96	41	91
	53	95	92	60	64	99	69	34	60	90	19	74
	80	71	19	31	74	18	39	96	89	12	28	99
	58	22	74	32	25	24	56	13	11	16	20	31
	81	84	65	88	66	39	74	72	72	16	12	81
	18	43	10	59	70	96	92	64	19	58	25	36
	88	39	51	88	17	49	81	63	17	78	42	19
	15	28	82	59	72	49	95	79	92	43	71	79
	35	61	73	31	83	16	60	24	94	43	30	92
	49	93	73	46	15	97	18	29	42	79	52	22
	17	69	85	33	79	27	74	60	42	37	30	22
	30	38	37	89	35	97	70	47	37	60	32	88
	31	99	12	28	32	18	48	48	11	94	57	71
	96	43	17	89	76	46	55	28	94	86	56	58
	67	53	94	45	20	86	69	58	94	42	36	57
	66	25	50	25	77	39	95	46	82	80	23	24

	98	28	36	53	31	94	17	63	46	16	36	81
	55	41	51	50	44	62	99	26	90	35	24	93
	18	49	50	64	36	84	79	19	20	73	89	75
	14	59	19	51	73	18	19	100	57	46	22	50
	22	43	61	95	57	68	11	26	17	59	55	39
	92	86	60	68	68	49	10	46	18	62	51	37
	74	80	25	62	23	36	17	91	76	18	44	99
	87	33	58	84	95	84	62	88	82	86	51	34
	86	57	19	82	36	46	73	22	35	19	26	29
	96	49	79	54	60	50	57	63	17	98	85	82
	38	84	39	42	11	40	62	48	30	100	75	51
	51	55	25	21	70	95	61	94	27	100	26	48
	94	52	97	27	62	95	41	20	66	39	95	65
	31	62	30	43	39	49	38	82	29	59	44	22
	73	50	55	65	91	72	56	76	67	74	87	73
	54	25	82	98	92	35	88	30	59	99	29	22
	75	75	21	18	20	63	66	63	14	74	21	71
	54	84	20	100	43	72	20	11	51	44	57	34
	67	23	67	95	62	84	48	79	39	28	52	61
	23	63	87	54	84	70	26	16	49	61	65	21
	82	68	37	82	70	25	91	28	100	43	17	31
	90	18	69	86	80	97	25	86	39	20	85	80
	46	29	71	53	31	60	49	61	64	47	71	61
	30	40	19	39	39	23	73	22	56	76	64	33
	45	51	33	64	70	40	49	87	52	66	13	85
	71	70	49	67	88	75	59	90	61	56	23	68
	80	53	42	44	85	17	32	26	98	34	96	53
	36	37	39	52	47	28	32	11	37	15	85	26
	81	65	88	99	46	10	17	19	38	50	19	74
	77	51	43	40	34	36	93	31	94	45	83	72

	84	23	54	81	23	55	48	48	51	21	17	57
	66	96	56	35	89	70	46	57	92	28	44	54
	38	98	70	24	57	16	99	38	42	74	88	20
	74	92	99	21	17	35	29	63	72	68	40	37
	89	23	57	70	53	79	43	32	37	98	37	77
	25	87	17	44	84	67	52	57	28	25	11	97
	40	37	27	14	21	25	78	16	86	32	25	62
	86	27	46	100	61	95	52	62	35	64	17	99
	54	76	64	94	11	21	59	22	12	14	49	11
	41	32	57	72	46	95	45	64	83	78	19	31
	84	65	64	58	100	94	64	47	66	83	40	58
	49	96	53	34	93	75	78	72	71	42	48	23
	52	49	77	65	94	92	53	98	75	24	43	23
	92	16	12	43	47	86	37	17	71	73	94	56
	97	86	44	44	68	22	11	33	73	82	73	87
	19	53	93	66	61	76	44	37	91	71	89	61
	94	37	76	40	16	13	93	96	66	51	36	79
	59	94	70	90	30	19	35	14	51	12	62	89
	44	45	27	20	43	33	47	66	58	89	70	82
	58	44	41	34	54	62	88	52	30	74	79	43
	57	63	96	74	48	63	88	13	19	13	51	23
	64	58	56	11	49	38	61	71	43	21	21	56
	33	90	73	83	20	25	31	25	72	37	86	81
	21	64	38	54	24	90	50	78	55	32	84	50
	52	63	13	21	23	32	66	39	79	78	71	88
	59	16	33	92	89	78	16	55	94	13	64	55
	27	97	79	81	51	18	19	51	32	36	88	70
	14	19	48	38	52	41	39	77	34	88	38	52
	95	13	47	46	47	87	88	22	18	100	33	56
	59	11	84	26	46	35	40	11	32	48	23	67

	100	25	46	21	33	65	43	52	54	99	33	81
	38	71	38	66	32	49	37	73	92	70	18	46
	32	62	73	93	74	72	74	93	20	77	76	12
	79	100	49	100	97	85	73	33	12	76	94	80
	14	85	30	23	53	23	79	94	57	55	100	58
	21	69	78	43	83	59	40	88	66	80	36	53
	27	88	98	59	22	98	68	80	71	49	13	31
	85	11	79	25	59	17	17	77	26	23	35	22
	75	34	74	80	77	42	51	93	12	53	19	71
	35	64	60	27	20	95	44	93	50	54	81	86
	51	70	87	99	11	17	68	10	73	27	51	15
	95	68	51	42	38	54	81	33	37	66	59	28
	44	72	80	84	10	96	19	24	88	89	89	31
	98	85	74	29	83	10	21	12	99	30	42	53
	20	64	62	20	57	89	17	22	14	93	15	74
	25	78	72	18	66	75	15	21	60	77	36	63
	43	69	34	12	92	67	49	71	20	26	36	20
	50	27	32	27	14	44	21	19	50	15	69	95
	95	96	75	57	72	96	84	98	44	67	85	77
	53	14	32	22	42	40	65	36	57	77	16	53
	66	22	86	29	42	31	83	26	71	83	93	28
	24	46	40	83	25	45	75	74	16	20	84	40
	26	20	13	24	39	85	18	33	68	73	41	18
	88	32	59	53	95	83	91	86	45	26	62	12
	34	15	65	20	71	14	28	77	47	15	13	42
	88	76	24	47	18	39	48	14	17	49	97	13
	91	95	94	31	47	15	56	25	58	46	20	82
	29	16	24	74	84	97	47	50	30	91	55	34
	82	64	36	39	19	55	34	26	87	18	36	78
	15	37	96	84	61	13	14	65	12	92	29	74

