***** PARAMETERS PRP *****

Number of Customers = 30
Number of Products = 10
Number of Vehicles = 5
Number of Periods = 12

B = Production capacity
	49391

b_p = Time required to produce item p
 	1	1	1	1	1	1	1	1	1	1

c_p = Production cost of item p
 	30	30	80	80	30	30	30	80	80	80

s_p = Setup cost of item p
 	300	300	800	800	300	300	300	800	800	800

M = Big number
	197563

U_pi = Maximum inventory upper bound of item p at site i
 	197563	114	110	169	234	326	98	226	103	114	251	270	109	312	258	122	93	172	96	226	101	342	202	163	148	119	314	111	235	147	247
	197563	98	244	320	93	87	192	256	207	162	157	155	110	123	212	128	178	85	182	156	133	186	106	86	102	283	133	198	161	168	209
	197563	95	270	148	236	284	185	109	234	130	111	291	117	101	139	299	95	114	161	135	274	145	350	133	274	181	242	252	241	101	141
	197563	118	215	228	216	137	109	99	127	172	120	170	267	208	159	137	160	97	105	140	118	125	95	252	192	275	238	175	185	102	97
	197563	279	79	324	239	168	99	243	211	201	90	311	272	120	196	199	105	292	225	214	159	244	89	119	106	200	108	112	140	97	133
	197563	240	155	97	243	199	124	274	236	224	150	145	208	97	156	125	131	171	210	125	278	65	193	104	343	353	100	281	114	174	85
	197563	176	265	104	285	180	261	194	175	167	168	222	257	93	313	336	106	228	190	126	262	173	169	177	291	164	171	85	117	118	243
	197563	323	239	281	242	189	140	171	145	169	309	147	147	252	129	315	305	245	175	225	232	91	143	348	274	114	250	320	195	293	146
	197563	210	231	180	112	162	115	224	288	176	236	132	138	281	273	247	119	219	105	172	206	118	285	97	150	302	216	242	232	111	108
	197563	217	302	287	247	131	113	149	206	212	312	228	131	252	160	229	305	212	93	112	210	190	307	186	261	193	136	196	192	164	218

I_pi0 = Initial inventory of item p at site i
 	0	111	57	111	185	141	77	210	46	114	79	238	89	96	135	50	78	30	96	160	64	163	65	87	84	109	184	90	180	20	106
	0	76	163	126	90	46	37	218	94	42	96	133	36	76	170	124	65	73	160	55	130	119	104	0	39	247	95	45	140	40	30
	0	89	31	54	62	41	180	103	70	129	77	162	40	36	122	110	17	111	151	114	58	89	88	72	228	142	63	162	118	65	93
	0	55	87	137	207	80	89	36	101	151	99	103	36	74	76	26	117	71	46	98	64	34	60	69	160	178	155	132	156	63	74
	0	229	71	117	143	167	21	118	74	93	54	35	168	82	169	34	100	92	19	25	141	103	65	82	64	90	88	92	92	58	57
	0	160	101	25	96	77	87	65	154	75	73	142	79	84	87	69	20	160	155	83	141	36	162	62	65	262	59	227	60	27	77
	0	176	257	99	95	141	126	95	153	16	146	93	82	51	75	194	87	118	95	62	15	111	42	49	206	142	130	42	79	63	73
	0	22	79	215	198	180	92	156	89	91	36	103	14	200	34	136	188	142	132	38	85	83	128	70	227	107	141	92	141	200	116
	0	43	206	98	50	82	57	152	279	142	153	66	105	211	267	110	86	27	39	70	188	98	231	86	104	213	98	185	206	107	57
	0	143	165	280	94	65	41	117	148	191	118	148	73	94	109	222	132	192	80	69	23	138	166	129	33	146	112	14	106	75	70

h_pi = Inventory cost of item p at site i
 	3	1	9	4	9	9	2	4	9	6	3	9	3	8	8	9	5	3	2	1	8	7	2	3	9	5	1	6	3	4	4
	3	7	7	4	2	2	3	8	9	3	1	5	3	2	8	5	9	2	4	3	6	4	8	4	4	3	9	2	1	3	4
	8	2	7	2	5	4	1	1	8	1	1	6	4	7	7	6	4	7	8	2	9	7	8	7	3	2	9	8	2	8	2
	8	4	3	9	7	6	7	7	3	7	4	6	3	8	5	7	4	9	1	5	3	7	8	3	2	9	7	1	2	7	4
	3	8	5	4	1	9	7	1	2	1	7	5	7	9	9	7	3	4	6	3	8	1	8	9	7	9	1	6	3	1	6
	3	2	3	7	1	3	6	3	9	7	1	5	3	1	8	1	7	7	8	6	2	4	5	7	3	9	7	7	7	8	2
	3	8	5	9	8	9	9	3	6	3	9	4	3	1	5	4	8	6	1	2	2	7	6	5	7	3	7	7	3	3	8
	8	4	3	4	7	4	9	9	7	7	1	3	3	2	6	8	7	5	9	3	4	8	7	1	9	4	2	1	7	5	9
	8	6	9	9	4	4	1	3	6	8	7	9	4	1	7	6	2	8	1	6	4	3	9	3	9	9	8	5	8	3	2
	8	5	7	9	6	4	4	8	7	8	2	2	4	1	9	9	7	3	7	2	7	8	3	5	5	5	7	9	5	2	2

C = Vehicle capacity
	3530

f = Fixed transportation cost
	149885

a_ik = Transportation cost for traveling from node i to node k
 	0	1250	650	2720	2245	1980	1515	1155	1900	305	1155	1210	2045	495	1550	2890	2635	1835	2195	880	2600	780	2855	1950	1995	890	1060	1465	780	1575	2975
	1250	0	1195	3245	2820	1430	2620	2215	915	1555	730	1285	875	1295	675	3680	3625	1390	2620	935	2865	1190	3910	1095	2775	625	845	2440	1900	740	3455
	650	1195	0	2210	1745	2335	1460	1050	2045	820	1460	1715	2070	1110	1180	2530	2435	2220	1635	1315	2005	140	2720	2170	1615	595	1430	1245	800	1775	2450
	2720	3245	2210	0	480	4535	1825	1830	4155	2685	3665	3900	4060	3205	2840	855	1475	4425	635	3515	670	2140	1830	4315	885	2640	3635	1515	2120	3930	265
	2245	2820	1745	480	0	4080	1425	1380	3725	2210	3205	3430	3655	2730	2465	980	1365	3965	350	3050	725	1690	1740	3880	500	2205	3175	1085	1650	3490	735
	1980	1430	2335	4535	4080	0	3480	3130	745	2190	875	900	1145	1625	2080	4835	4610	185	3935	1105	4240	2395	4825	505	3925	1935	930	3440	2760	700	4765
	1515	2620	1460	1825	1425	3480	0	415	3390	1300	2665	2650	3480	1885	2620	1595	1155	3330	1625	2380	2100	1520	1345	3455	950	2050	2565	395	740	3075	2080
	1155	2215	1050	1830	1380	3130	415	0	3000	985	2295	2335	3075	1570	2210	1790	1480	2985	1490	2030	1965	1115	1720	3080	975	1640	2210	345	380	2690	2090
	1900	915	2045	4155	3725	745	3390	3000	0	2170	800	1225	405	1710	1465	4565	4455	820	3530	1160	3770	2065	4715	255	3655	1520	955	3260	2650	345	4365
	305	1555	820	2685	2210	2190	1300	985	2170	0	1405	1355	2335	590	1835	2765	2445	2030	2210	1090	2645	955	2640	2205	1905	1170	1290	1320	615	1840	2945
	1155	730	1460	3665	3205	875	2665	2295	800	1405	0	575	1065	915	1395	3970	3775	770	3065	365	3385	1525	4010	800	3055	1090	165	2590	1930	455	3895
	1210	1285	1715	3900	3430	900	2650	2335	1225	1355	575	0	1570	770	1930	4095	3795	725	3340	420	3710	1810	3985	1120	3200	1510	440	2660	1960	915	4150
	2045	875	2070	4060	3655	1145	3480	3075	405	2335	1065	1570	0	1945	1265	4545	4500	1220	3430	1420	3630	2060	4780	640	3640	1495	1230	3310	2750	655	4260
	495	1295	1110	3205	2730	1625	1885	1570	1710	590	915	770	1945	0	1770	3340	3030	1460	2685	560	3090	1235	3220	1700	2465	1165	770	1900	1195	1365	3460
	1550	675	1180	2840	2465	2080	2620	2210	1465	1835	1395	1930	1265	1770	0	3400	3480	2055	2210	1545	2375	1100	3805	1690	2535	665	1495	2350	1980	1385	3025
	2890	3680	2530	855	980	4835	1595	1790	4565	2765	3970	4095	4545	3340	3400	0	755	4705	1310	3755	1515	2505	1050	4695	920	3060	3910	1450	2155	4300	945
	2635	3625	2435	1475	1365	4610	1155	1480	4455	2445	3775	3795	4500	3030	3480	755	0	4460	1705	3510	2050	2450	375	4550	1010	3015	3690	1200	1855	4160	1635
	1835	1390	2220	4425	3965	185	3330	2985	820	2030	770	725	1220	1460	2055	4705	4460	0	3835	955	4150	2285	4670	600	3795	1850	800	3295	2610	690	4660
	2195	2620	1635	635	350	3935	1625	1490	3530	2210	3065	3340	3430	2685	2210	1310	1705	3835	0	2945	480	1550	2080	3700	775	2020	3050	1245	1700	3315	840
	880	935	1315	3515	3050	1105	2380	2030	1160	1090	365	420	1420	560	1545	3755	3510	955	2945	0	3300	1405	3725	1140	2850	1090	210	2340	1655	815	3760
	2600	2865	2005	670	725	4240	2100	1965	3770	2645	3385	3710	3630	3090	2375	1515	2050	4150	480	3300	0	1905	2420	3960	1210	2310	3390	1725	2165	3590	730
	780	1190	140	2140	1690	2395	1520	1115	2065	955	1525	1810	2060	1235	1100	2505	2450	2285	1550	1405	1905	0	2750	2200	1590	570	1505	1280	900	1810	2375
	2855	3910	2720	1830	1740	4825	1345	1720	4715	2640	4010	3985	4780	3220	3805	1050	375	4670	2080	3725	2420	2750	0	4795	1375	3310	3910	1475	2080	4410	1975
	1950	1095	2170	4315	3880	505	3455	3080	255	2205	800	1120	640	1700	1690	4695	4550	600	3700	1140	3960	2200	4795	0	3780	1680	935	3355	2720	395	4535
	1995	2775	1615	885	500	3925	950	975	3655	1905	3055	3200	3640	2465	2535	920	1010	3795	775	2850	1210	1590	1375	3780	0	2150	3000	645	1305	3385	1140
	890	625	595	2640	2205	1935	2050	1640	1520	1170	1090	1510	1495	1165	665	3060	3015	1850	2020	1090	2310	570	3310	1680	2150	0	1120	1835	1365	1295	2860
	1060	845	1430	3635	3175	930	2565	2210	955	1290	165	440	1230	770	1495	3910	3690	800	3050	210	3390	1505	3910	935	3000	1120	0	2510	1835	610	3875
	1465	2440	1245	1515	1085	3440	395	345	3260	1320	2590	2660	3310	1900	2350	1450	1200	3295	1245	2340	1725	1280	1475	3355	645	1835	2510	0	710	2965	1775
	780	1900	800	2120	1650	2760	740	380	2650	615	1930	1960	2750	1195	1980	2155	1855	2610	1700	1655	2165	900	2080	2720	1305	1365	1835	710	0	2335	2380
	1575	740	1775	3930	3490	700	3075	2690	345	1840	455	915	655	1365	1385	4300	4160	690	3315	815	3590	1810	4410	395	3385	1295	610	2965	2335	0	4150
	2975	3455	2450	265	735	4765	2080	2090	4365	2945	3895	4150	4260	3460	3025	945	1635	4660	840	3760	730	2375	1975	4535	1140	2860	3875	1775	2380	4150	0

coordXY = Coordinates (x,y): line zero => x line one => y column => customers
 	321	115	216	125	164	255	416	360	122	373	240	352	45	368	16	281	419	280	106	299	20	190	488	161	260	145	271	338	356	173	94
	590	731	515	83	170	980	303	363	913	559	806	829	891	676	640	14	73	954	208	764	166	506	44	945	196	610	795	298	438	867	41

d_pit = Demand of item p at customer i in period t
 	43	68	77	74	20	78	55	86	51	22	54	54
	57	54	40	33	45	39	11	76	71	49	97	85
	44	67	71	60	94	28	17	68	23	90	39	76
	35	42	85	23	59	48	90	80	50	26	12	12
	26	58	57	73	68	84	59	86	74	21	88	89
	77	16	38	59	56	42	60	18	60	62	47	52
	81	85	44	50	58	34	61	45	15	63	46	95
	22	24	78	72	14	85	21	90	48	12	80	74
	18	43	53	38	95	50	25	11	64	13	26	20
	79	25	54	83	44	65	85	73	31	11	32	20
	73	97	68	34	96	65	72	22	45	62	85	90
	89	71	40	20	50	54	94	33	69	65	12	57
	96	52	72	68	59	81	82	49	27	92	25	45
	60	75	84	42	29	70	42	99	65	81	42	85
	50	99	35	74	100	56	36	90	97	19	49	29
	29	49	86	76	53	34	28	56	21	15	57	55
	30	28	38	51	13	43	21	90	38	37	74	53
	96	16	83	22	31	100	38	26	40	40	40	44
	57	30	52	21	92	91	74	66	75	81	30	10
	64	70	43	79	47	25	66	77	41	22	37	36
	64	99	71	59	57	56	74	81	98	21	69	72
	48	17	41	36	82	54	97	71	61	39	43	17
	30	57	76	27	23	84	64	44	72	33	75	66
	84	13	37	49	36	40	43	52	64	31	99	42
	61	48	12	66	56	55	89	26	95	91	64	52
	41	47	96	89	80	64	41	44	77	73	85	16
	90	33	41	78	29	34	73	15	84	75	98	13
	99	23	36	22	44	27	52	18	96	45	59	42
	20	10	35	12	72	99	33	34	76	76	91	31
	60	20	26	37	82	65	40	42	65	57	22	76

	17	59	48	43	37	89	23	53	30	38	59	89
	54	28	81	28	15	62	70	71	46	76	17	37
	39	87	60	84	28	16	69	96	75	69	69	76
	61	29	29	25	77	42	19	52	40	89	33	60
	46	50	61	87	16	38	72	38	13	45	35	18
	37	45	88	61	80	25	20	38	66	84	18	14
	36	22	71	89	83	57	65	88	89	89	11	68
	94	81	79	77	16	27	92	37	92	65	68	99
	42	44	34	67	11	41	53	23	72	46	13	40
	39	57	80	10	68	71	44	56	15	63	72	52
	82	51	44	31	50	91	29	51	45	29	39	77
	36	98	33	84	45	47	34	16	66	34	73	91
	76	52	72	21	22	65	83	45	97	99	23	84
	11	32	82	45	97	51	47	49	59	20	47	97
	32	92	58	44	78	67	67	65	99	58	67	38
	65	49	15	33	99	86	55	89	84	62	64	10
	13	23	37	83	30	26	39	52	44	52	92	16
	17	68	75	54	44	89	79	24	23	89	88	76
	55	28	21	13	11	11	93	28	29	43	27	16
	20	80	30	86	47	95	62	93	73	47	85	80
	55	64	95	50	35	69	32	75	32	58	80	99
	57	47	70	74	11	20	80	58	74	12	99	32
	96	35	26	69	11	34	60	36	40	51	15	43
	39	49	26	91	18	13	49	98	49	28	97	52
	22	63	69	93	74	26	20	67	31	57	59	98
	64	31	60	52	34	70	13	40	60	13	29	64
	45	25	52	55	42	48	24	30	28	64	88	93
	85	55	95	26	18	18	57	93	38	72	22	64
	40	15	98	31	66	95	46	82	57	71	33	37
	30	11	95	50	61	36	76	96	84	44	30	13

	27	37	25	51	69	35	11	42	78	40	74	81
	31	14	39	56	79	68	90	58	33	45	85	49
	54	17	98	28	82	70	80	27	49	21	24	43
	41	21	47	58	72	73	51	28	15	62	61	37
	41	94	35	42	24	30	86	73	58	93	14	91
	79	41	60	76	71	29	47	35	32	29	42	13
	31	72	80	23	88	49	33	20	77	83	40	56
	70	54	46	67	24	71	74	91	48	39	86	32
	73	26	11	19	43	19	31	24	74	29	87	84
	13	64	98	41	38	88	64	47	31	82	59	39
	68	94	91	47	28	64	83	59	42	21	42	59
	40	84	64	17	24	96	91	51	21	94	90	28
	14	22	95	38	10	93	44	76	34	85	81	16
	57	65	29	61	16	42	62	12	92	19	32	68
	20	90	89	93	85	19	19	26	74	53	69	81
	17	65	73	14	61	46	23	27	48	87	44	64
	58	53	25	73	91	73	56	37	65	25	57	68
	28	89	34	95	25	37	69	52	99	65	12	39
	21	93	94	43	35	76	57	74	68	67	90	92
	29	29	85	49	50	24	52	80	97	63	53	46
	89	41	18	99	46	12	69	45	40	73	21	26
	88	73	26	51	70	99	95	71	35	89	59	85
	72	82	80	65	35	90	47	99	83	94	16	34
	21	83	31	93	67	97	82	36	71	62	97	82
	80	62	42	67	64	83	97	48	50	29	71	32
	63	74	68	31	54	36	73	92	39	66	42	88
	83	23	56	72	49	31	64	38	71	34	68	16
	67	51	73	38	90	52	50	53	86	58	40	66
	36	29	45	97	13	84	54	16	76	33	87	35
	93	44	20	66	61	11	74	36	91	28	26	13

	55	74	70	96	92	86	12	64	15	11	39	93
	87	84	31	19	20	69	37	63	97	76	44	19
	43	51	10	33	40	41	54	14	62	55	76	67
	28	94	85	96	91	60	36	91	94	64	71	54
	80	99	37	89	83	43	86	83	25	65	92	42
	89	33	47	53	12	44	57	46	67	83	83	39
	36	80	74	20	32	58	24	10	97	46	68	46
	64	37	59	72	91	96	48	64	43	84	79	24
	39	72	40	100	80	54	57	14	42	32	89	68
	99	48	18	38	98	98	100	93	27	48	39	11
	37	66	13	87	64	19	95	86	87	74	27	26
	36	52	95	31	54	17	56	43	48	84	35	90
	21	53	81	58	28	59	38	14	20	100	90	61
	76	33	76	76	41	92	29	19	62	53	64	16
	26	19	58	29	77	60	34	21	80	35	38	69
	37	80	79	11	60	51	28	56	86	78	40	33
	71	64	47	15	74	50	94	44	12	31	19	63
	46	60	11	73	84	60	10	44	77	27	97	39
	98	44	88	93	87	78	76	10	91	76	62	36
	64	77	90	52	22	22	88	24	57	91	92	29
	34	83	18	94	29	64	55	94	88	49	50	89
	60	82	31	15	51	11	62	29	46	75	85	25
	69	19	58	80	70	19	89	18	21	56	48	57
	80	80	81	19	10	16	30	85	11	79	33	51
	75	25	78	84	29	43	68	22	64	29	65	78
	84	71	85	71	62	18	58	39	33	74	78	40
	93	39	71	58	26	11	47	97	80	65	72	41
	97	41	18	54	97	74	50	36	64	93	47	68
	42	21	11	84	77	36	95	56	65	86	20	17
	74	84	81	16	45	31	20	20	64	32	54	59

	100	73	56	26	77	11	85	64	40	84	17	37
	45	26	67	47	55	21	59	32	21	14	60	29
	36	52	29	83	54	14	56	93	83	95	93	89
	88	34	21	99	55	73	50	69	52	87	48	42
	63	14	90	24	19	19	76	41	76	70	98	83
	21	86	43	89	27	21	32	65	45	72	62	28
	11	63	44	46	66	14	96	25	96	66	41	16
	23	17	34	71	23	69	12	88	98	91	20	87
	70	23	51	95	86	83	42	97	66	79	13	99
	54	39	93	40	50	18	13	54	46	27	39	66
	35	62	54	99	76	83	42	34	88	85	39	49
	34	75	59	98	41	54	20	40	48	96	34	54
	63	19	95	59	79	51	89	20	41	96	36	73
	73	13	15	68	16	84	85	69	12	42	29	81
	34	70	65	65	59	11	77	20	87	34	14	60
	34	66	55	17	66	17	62	38	49	65	71	88
	11	69	12	44	72	16	93	92	79	84	98	31
	19	79	67	48	15	96	73	88	68	42	49	31
	25	55	47	72	73	27	60	81	11	34	11	17
	45	48	48	29	86	35	49	30	93	36	75	63
	15	37	40	11	30	67	89	11	86	95	83	22
	65	29	57	13	31	58	32	70	27	32	58	60
	82	72	59	73	34	36	64	28	78	48	38	100
	12	52	61	91	63	44	89	58	17	52	79	17
	41	32	17	46	88	94	40	69	17	68	19	69
	88	34	21	94	32	13	22	94	18	80	62	91
	92	38	41	78	53	77	99	57	31	28	52	26
	92	11	70	31	50	74	25	14	27	88	22	56
	35	23	80	87	22	65	45	36	71	45	29	43
	57	93	75	76	27	66	19	99	73	90	76	44

	43	65	52	98	11	52	58	86	98	20	48	89
	41	60	27	67	19	34	81	53	53	22	99	64
	25	84	65	66	13	10	18	28	66	69	94	45
	29	17	50	61	80	90	36	53	60	47	49	12
	11	66	87	97	63	35	27	65	43	15	20	69
	87	11	81	69	29	56	60	71	80	50	81	67
	65	63	85	20	60	21	68	65	44	60	23	84
	74	80	25	27	16	73	98	71	28	49	87	79
	57	18	55	87	25	44	97	39	46	27	22	21
	73	97	57	40	15	22	17	89	31	57	68	34
	76	66	91	76	51	44	96	91	68	83	48	82
	79	51	90	47	71	66	58	76	79	94	24	95
	84	30	73	70	36	26	80	17	35	86	22	21
	87	71	37	53	17	14	15	76	81	79	29	65
	69	99	63	55	21	51	73	31	65	64	92	64
	20	64	19	31	72	51	13	35	25	19	89	84
	62	80	18	20	28	22	87	33	37	20	23	84
	96	41	18	62	14	33	94	46	80	67	64	14
	83	73	85	15	74	99	88	36	39	69	29	62
	19	47	75	35	88	37	85	89	11	90	23	68
	26	10	12	74	15	15	19	17	53	51	72	26
	62	100	38	66	35	20	53	36	33	21	73	41
	62	43	68	67	42	42	88	51	59	35	48	16
	65	87	89	99	80	81	93	98	22	24	16	69
	85	87	90	49	86	40	94	42	60	90	90	33
	59	68	13	63	45	32	66	12	48	73	58	63
	71	92	64	43	72	28	99	20	74	65	34	12
	60	78	36	20	14	78	36	72	95	28	94	74
	27	22	78	61	52	70	24	22	82	39	32	12
	59	18	43	79	18	10	34	94	86	17	20	33

	86	90	52	56	40	29	55	39	47	84	44	81
	63	33	65	96	60	25	93	94	29	87	62	87
	99	86	84	27	57	70	33	49	13	41	56	11
	82	13	63	78	59	67	47	79	73	65	33	26
	48	93	56	15	86	62	18	69	94	58	67	55
	54	39	33	85	88	54	93	62	81	85	57	52
	41	54	40	80	31	12	77	91	56	34	27	39
	15	78	60	45	80	81	19	13	84	55	92	78
	16	64	81	31	58	62	93	55	41	24	74	69
	77	69	25	47	52	31	35	86	82	86	39	43
	93	66	40	53	15	61	98	68	26	62	23	61
	60	22	80	32	67	91	83	55	88	58	50	86
	51	66	27	48	73	12	18	39	69	55	61	37
	75	58	25	32	39	99	68	77	69	80	77	53
	87	36	71	59	54	82	92	92	58	64	81	31
	51	36	86	20	81	87	70	37	24	82	49	14
	23	44	51	95	92	82	70	60	54	35	36	42
	23	27	31	14	29	69	87	82	65	76	13	55
	62	78	16	44	57	42	48	97	99	72	49	90
	15	52	50	99	38	59	10	27	74	80	54	71
	37	74	93	34	58	19	11	47	83	89	81	66
	23	19	32	41	45	24	56	74	23	28	17	24
	32	17	40	76	39	97	61	82	96	55	30	84
	67	63	76	27	33	74	82	56	99	54	52	15
	73	28	41	17	40	10	95	37	36	98	88	94
	57	73	81	81	11	33	16	47	88	92	69	37
	30	12	65	57	56	44	42	10	23	84	31	56
	12	20	47	85	84	64	56	31	70	100	77	57
	63	62	36	80	48	61	98	28	59	61	21	90
	73	20	45	83	93	13	33	99	31	96	62	80

	22	84	93	92	70	70	51	64	86	63	15	65
	79	51	11	49	66	12	74	66	39	94	98	77
	74	68	73	83	24	38	47	60	21	72	34	81
	84	37	77	99	24	39	92	18	84	64	93	15
	90	30	60	85	56	65	55	93	42	39	70	72
	16	76	99	10	43	28	24	24	14	55	86	83
	40	44	14	58	52	32	65	32	46	65	33	31
	60	29	55	76	84	84	14	16	46	32	20	65
	45	46	89	87	33	45	32	48	34	83	81	51
	36	26	96	25	75	94	68	96	94	40	30	61
	44	59	64	81	19	33	17	11	19	76	85	80
	14	40	89	75	77	34	51	72	56	29	28	22
	20	29	91	60	63	45	41	75	16	32	45	87
	34	75	76	80	70	65	36	54	66	96	50	74
	53	47	36	98	36	16	68	96	85	95	87	39
	58	30	100	66	46	22	52	66	97	63	86	45
	47	31	41	23	96	39	11	40	56	59	84	62
	24	42	66	64	90	62	68	83	60	13	97	30
	38	16	74	15	43	55	62	54	27	72	19	66
	30	55	98	55	75	53	43	41	75	94	65	13
	83	27	55	64	41	48	29	79	40	22	14	46
	16	69	43	49	80	38	26	98	49	32	17	54
	70	78	80	88	78	48	78	46	89	52	85	43
	77	82	68	69	16	45	81	99	77	14	95	98
	80	27	46	18	44	11	88	46	71	96	56	100
	37	11	51	42	50	92	67	26	37	99	16	73
	92	89	40	42	98	84	69	40	53	18	81	61
	83	27	31	17	25	46	89	58	32	58	44	75
	66	35	99	97	15	16	53	55	95	94	16	63
	43	15	12	46	33	52	76	91	86	65	44	19

	29	14	65	32	98	76	67	43	22	39	99	46
	63	57	57	29	27	68	52	91	88	63	61	37
	98	85	55	91	64	32	86	25	44	64	63	12
	50	88	23	38	51	75	77	84	41	62	33	49
	12	70	63	57	50	33	85	18	87	40	95	38
	27	30	97	62	81	92	91	50	40	49	47	24
	32	36	84	68	21	85	25	49	90	34	68	79
	90	34	76	79	44	62	50	82	85	16	48	24
	50	72	20	48	60	36	46	70	94	51	76	81
	90	20	43	59	34	55	94	46	94	94	18	62
	66	77	23	13	34	28	24	29	85	36	83	28
	11	94	77	68	65	96	89	58	88	64	24	93
	84	87	11	29	64	61	50	52	79	87	47	23
	53	67	53	94	74	94	42	62	56	14	25	22
	30	80	58	58	78	24	74	49	94	92	14	91
	86	71	22	88	84	48	61	42	60	11	50	93
	27	21	93	47	17	36	26	73	88	46	35	17
	39	100	20	87	37	48	60	21	42	42	62	71
	70	33	85	95	90	84	54	13	18	27	81	37
	45	44	99	23	56	31	57	70	28	57	63	44
	98	62	29	92	74	10	86	59	40	59	58	39
	62	90	32	47	54	36	88	60	55	43	77	39
	86	40	46	82	90	46	10	26	57	57	15	28
	74	30	52	39	50	26	65	59	23	20	77	84
	59	54	48	52	87	29	91	37	49	40	84	95
	20	12	66	56	52	20	91	76	99	10	56	91
	17	43	36	89	43	52	76	30	62	28	27	77
	53	60	93	79	16	72	86	93	36	11	18	78
	12	95	97	20	87	25	88	23	72	49	17	81
	57	31	39	62	47	81	65	31	56	81	33	62

	50	22	28	43	45	24	71	97	99	67	79	26
	49	11	81	24	48	92	96	13	79	53	84	95
	92	54	40	94	89	43	53	77	14	42	32	58
	94	54	83	57	12	40	37	66	99	35	80	85
	65	90	89	22	86	83	93	77	86	59	14	24
	41	40	75	51	32	97	96	43	41	73	77	14
	13	54	50	81	60	34	60	61	60	63	49	11
	95	43	10	43	96	66	51	16	70	23	46	59
	77	77	37	75	47	72	70	68	91	88	62	82
	77	41	50	32	55	27	89	88	94	12	83	100
	33	49	66	42	22	75	20	16	27	15	85	97
	23	50	85	40	48	87	57	93	95	60	87	62
	94	91	36	46	75	95	37	68	67	67	48	31
	34	75	85	29	12	59	60	75	82	29	25	73
	57	93	72	22	62	61	26	56	18	39	17	26
	98	34	78	53	68	97	43	69	85	20	40	46
	71	25	96	93	26	79	94	91	72	51	50	98
	80	88	80	13	71	13	71	39	12	20	24	46
	69	71	66	82	12	10	92	72	95	37	46	18
	23	23	77	82	74	73	85	72	29	25	40	26
	95	43	56	47	99	83	86	89	17	24	38	81
	99	67	35	45	63	35	72	90	52	43	86	50
	59	23	47	55	25	17	45	35	94	62	31	65
	33	48	41	98	11	81	97	66	59	74	77	97
	34	18	94	89	84	71	62	77	66	91	49	36
	97	15	25	49	95	18	24	23	22	50	54	71
	14	26	48	54	23	99	75	22	68	34	63	63
	20	86	23	50	29	66	33	44	59	61	66	39
	43	22	10	91	76	84	87	53	38	53	76	22
	23	11	36	34	83	28	87	78	98	80	64	31

