***** PARAMETERS PRP *****

Number of Customers = 30
Number of Products = 10
Number of Vehicles = 5
Number of Periods = 12

B = Production capacity
	50136

b_p = Time required to produce item p
 	1	1	1	1	1	1	1	1	1	1

c_p = Production cost of item p
 	30	80	30	30	30	30	80	30	30	80

s_p = Setup cost of item p
 	300	800	300	300	300	300	800	300	300	800

M = Big number
	200542

U_pi = Maximum inventory upper bound of item p at site i
 	200542	104	112	158	103	306	135	304	162	268	140	220	137	125	278	120	122	335	223	144	231	394	263	222	281	192	297	202	252	103	281
	200542	100	171	171	186	104	233	197	113	96	277	128	333	228	256	184	174	200	123	106	155	299	192	130	216	159	118	359	118	318	176
	200542	350	171	228	261	183	210	158	178	91	175	111	291	109	238	199	280	240	206	322	162	122	142	283	325	133	231	111	272	265	235
	200542	234	265	196	118	243	127	211	245	101	105	236	172	252	259	215	198	178	270	177	205	189	224	133	174	243	163	182	228	282	103
	200542	174	201	262	96	203	92	168	228	170	276	118	115	92	187	102	230	121	219	79	182	110	253	219	290	265	184	101	210	166	142
	200542	119	112	144	186	187	274	232	171	196	192	86	261	228	233	177	311	352	255	113	174	269	194	199	231	204	168	213	110	187	161
	200542	92	115	116	174	164	172	233	340	221	146	212	338	165	165	190	276	114	234	221	239	178	246	196	143	282	143	139	253	266	237
	200542	135	283	91	176	104	114	108	296	149	205	101	123	278	112	237	123	115	129	121	93	258	150	276	93	121	170	236	139	148	219
	200542	91	254	133	95	162	180	305	266	283	232	180	219	304	184	251	333	132	110	123	150	171	123	237	314	101	192	191	100	93	214
	200542	161	242	257	196	295	282	98	198	144	300	249	230	77	243	116	245	280	120	121	99	194	107	95	181	330	313	253	111	267	104

I_pi0 = Initial inventory of item p at site i
 	0	29	88	57	91	149	111	123	144	90	72	195	112	73	89	66	108	245	124	62	187	59	111	114	88	132	156	82	202	85	149
	0	84	67	171	22	69	65	76	84	65	117	27	56	143	87	178	84	130	25	88	75	159	74	73	162	58	48	64	107	216	48
	0	217	159	122	145	96	181	91	24	79	73	73	206	102	100	148	141	171	45	162	56	115	99	100	210	69	193	48	219	38	56
	0	93	238	159	91	154	31	48	149	96	67	27	104	35	152	77	94	145	120	87	101	54	176	81	80	69	89	90	78	62	93
	0	47	156	181	95	195	41	83	181	56	76	72	82	78	114	78	68	86	100	77	139	75	40	166	162	64	21	19	194	48	141
	0	104	64	86	98	73	45	163	64	186	150	0	135	93	45	73	199	219	56	87	158	204	170	131	42	59	166	162	96	54	123
	0	80	104	81	60	125	154	62	131	95	79	148	265	110	163	21	156	86	65	136	63	140	67	142	81	56	75	27	45	96	199
	0	107	50	10	34	62	27	52	182	81	146	18	114	135	104	227	100	80	99	93	45	189	133	166	64	44	130	214	48	45	190
	0	0	193	24	76	121	153	225	124	57	141	47	179	251	147	95	282	99	98	99	136	116	42	168	166	11	114	134	73	64	130
	0	156	190	181	22	165	196	90	180	52	240	185	207	64	193	69	125	162	55	47	86	123	104	54	112	115	185	95	85	60	56

h_pi = Inventory cost of item p at site i
 	3	0	0	0	0	0	0	0	0	0	0	0	0	0	0	0	0	0	0	0	0	0	0	0	0	0	0	0	0	0	0
	8	0	0	0	0	0	0	0	0	0	0	0	0	0	0	0	0	0	0	0	0	0	0	0	0	0	0	0	0	0	0
	3	0	0	0	0	0	0	0	0	0	0	0	0	0	0	0	0	0	0	0	0	0	0	0	0	0	0	0	0	0	0
	3	0	0	0	0	0	0	0	0	0	0	0	0	0	0	0	0	0	0	0	0	0	0	0	0	0	0	0	0	0	0
	3	0	0	0	0	0	0	0	0	0	0	0	0	0	0	0	0	0	0	0	0	0	0	0	0	0	0	0	0	0	0
	3	0	0	0	0	0	0	0	0	0	0	0	0	0	0	0	0	0	0	0	0	0	0	0	0	0	0	0	0	0	0
	8	0	0	0	0	0	0	0	0	0	0	0	0	0	0	0	0	0	0	0	0	0	0	0	0	0	0	0	0	0	0
	3	0	0	0	0	0	0	0	0	0	0	0	0	0	0	0	0	0	0	0	0	0	0	0	0	0	0	0	0	0	0
	3	0	0	0	0	0	0	0	0	0	0	0	0	0	0	0	0	0	0	0	0	0	0	0	0	0	0	0	0	0	0
	8	0	0	0	0	0	0	0	0	0	0	0	0	0	0	0	0	0	0	0	0	0	0	0	0	0	0	0	0	0	0

C = Vehicle capacity
	3940

f = Fixed transportation cost
	29264

a_ik = Transportation cost for traveling from node i to node k
 	0	309	623	609	283	412	674	751	238	466	45	54	100	618	433	886	831	387	578	455	301	344	867	192	525	569	909	739	50	639	401
	309	0	696	478	260	520	596	818	227	527	290	357	217	600	516	931	872	402	535	470	225	84	791	421	593	500	865	780	288	692	563
	623	696	0	417	438	211	317	129	479	171	584	599	661	196	194	265	212	295	253	231	472	639	398	451	105	303	373	128	667	47	253
	609	478	417	0	326	398	145	490	372	330	565	621	581	229	361	552	498	273	165	257	313	395	320	544	359	116	408	426	629	383	491
	283	260	438	326	0	264	399	562	51	269	239	297	267	366	257	681	623	146	313	218	47	213	596	252	335	293	652	530	306	437	320
	412	520	211	398	264	0	371	339	293	82	374	388	455	265	40	476	421	152	267	142	307	477	527	243	119	295	538	332	457	232	93
	674	596	317	145	399	371	0	365	449	291	629	675	665	125	331	411	360	294	106	244	402	517	199	569	292	106	271	296	702	276	461
	751	818	129	490	562	339	365	0	604	298	713	726	790	263	322	142	98	417	333	349	594	757	377	576	232	385	319	72	795	127	371
	238	227	479	372	51	293	449	604	0	308	195	256	216	415	292	726	668	191	363	264	66	196	647	235	374	343	702	574	258	480	338
	466	527	171	330	269	82	291	298	308	0	425	449	495	184	43	425	368	128	189	81	304	473	446	312	67	221	461	275	507	177	171
	45	290	584	565	239	374	629	713	195	425	0	71	101	574	393	847	791	343	533	411	259	315	823	168	485	524	865	699	83	599	370
	54	357	599	621	297	388	675	726	256	449	71	0	152	610	413	863	809	383	576	447	322	385	865	155	505	571	901	719	100	619	367
	100	217	661	581	267	455	665	790	216	495	101	152	0	627	468	920	863	396	577	468	269	265	863	267	559	559	915	770	71	671	462
	618	600	196	229	366	265	125	263	415	184	574	610	627	0	226	342	285	232	73	164	383	528	264	486	171	123	292	203	653	157	350
	433	516	194	361	257	40	331	322	292	43	393	413	468	226	0	455	399	129	228	105	297	467	489	273	93	256	503	307	475	207	132
	886	931	265	552	681	476	411	142	726	425	847	863	920	342	455	0	60	536	414	464	708	864	350	715	363	462	259	152	930	249	512
	831	872	212	498	623	421	360	98	668	368	791	809	863	285	399	60	0	477	357	406	649	805	322	662	306	406	244	94	873	192	462
	387	402	295	273	146	152	294	417	191	128	343	383	396	232	129	536	477	0	193	73	178	346	482	278	192	194	523	384	421	291	235
	578	535	253	165	313	267	106	333	363	189	533	576	577	73	228	414	357	193	0	138	324	461	290	465	201	52	340	274	609	219	359
	455	470	231	257	218	142	244	349	264	81	411	447	468	164	105	464	406	73	138	0	246	409	421	328	134	156	455	313	490	222	234
	301	225	472	313	47	307	402	594	66	304	259	322	269	383	297	708	649	178	324	246	0	171	600	293	370	298	662	557	317	467	366
	344	84	639	395	213	477	517	757	196	473	315	385	265	528	467	864	805	346	461	409	171	0	710	418	537	423	787	715	334	630	531
	867	791	398	320	596	527	199	377	647	446	823	865	863	264	489	350	322	482	290	421	600	710	0	748	422	304	109	310	898	352	608
	192	421	451	544	252	243	569	576	235	312	168	155	267	486	273	715	662	278	465	328	293	418	748	0	362	471	772	574	242	474	213
	525	593	105	359	335	119	292	232	374	67	485	505	559	171	93	363	306	192	201	134	370	537	422	362	0	244	423	215	568	115	187
	569	500	303	116	293	295	106	385	343	221	524	571	559	123	256	462	406	194	52	156	298	423	304	471	244	0	367	325	596	271	387
	909	865	373	408	652	538	271	319	702	461	865	901	915	292	503	259	244	523	340	455	662	787	109	772	423	367	0	261	944	330	609
	739	780	128	426	530	332	296	72	574	275	699	719	770	203	307	152	94	384	274	313	557	715	310	574	215	325	261	0	781	101	380
	50	288	667	629	306	457	702	795	258	507	83	100	71	653	475	930	873	421	609	490	317	334	898	242	568	596	944	781	0	682	449
	639	692	47	383	437	232	276	127	480	177	599	619	671	157	207	249	192	291	219	222	467	630	352	474	115	271	330	101	682	0	286
	401	563	253	491	320	93	461	371	338	171	370	367	462	350	132	512	462	235	359	234	366	531	608	213	187	387	609	380	449	286	0

coordXY = Coordinates (x,y): line zero => x line one => y column => customers
 	175	480	74	481	313	102	390	40	308	157	191	125	273	269	133	57	83	251	320	236	359	492	404	76	123	366	315	111	206	115	17
	70	119	684	596	317	475	708	808	267	535	112	88	54	680	500	948	895	449	629	520	308	202	906	234	592	605	968	806	31	706	438

d_pit = Demand of item p at customer i in period t
 	11	18	81	63	93	54	41	48	43	84	45	40
	88	72	44	96	47	92	49	67	18	20	49	29
	42	15	34	88	69	51	23	21	43	11	16	61
	17	74	85	19	71	86	28	15	39	50	83	52
	62	87	60	39	61	77	14	99	23	87	33	92
	95	16	76	24	77	56	79	98	99	12	91	87
	50	73	34	85	72	29	87	45	83	42	72	58
	15	61	51	17	99	12	88	35	83	74	24	87
	90	27	81	94	74	50	64	66	77	29	79	72
	33	23	16	33	69	24	99	74	22	12	97	58
	69	27	99	53	57	30	50	44	55	15	76	86
	15	37	60	27	30	91	56	45	30	66	64	27
	16	57	81	34	29	71	73	92	60	78	77	83
	89	43	74	56	59	60	19	61	15	74	79	38
	66	91	53	51	45	61	50	79	43	92	45	41
	64	44	19	98	99	46	69	15	72	87	93	26
	73	91	81	81	63	39	81	97	70	21	64	44
	26	12	86	25	38	98	28	88	76	61	68	63
	62	83	15	35	36	53	11	24	26	75	80	76
	39	36	13	99	15	65	78	17	85	90	98	59
	59	75	13	83	83	95	89	99	97	82	76	95
	52	59	23	22	73	82	20	13	90	58	53	85
	87	27	20	68	95	13	91	71	26	13	75	80
	55	33	68	24	79	53	83	33	56	60	37	93
	78	32	22	95	36	29	53	73	15	45	62	36
	19	62	75	81	77	38	96	77	13	55	62	57
	82	83	95	78	64	22	17	99	25	80	92	71
	60	52	90	81	43	63	66	65	96	49	13	79
	33	52	43	20	54	31	89	98	52	47	73	27
	46	26	77	28	80	38	97	21	71	47	53	91

	41	43	39	11	48	21	66	52	69	22	90	98
	40	27	34	96	58	58	29	61	94	41	62	82
	56	81	34	77	83	45	55	32	72	30	65	52
	22	85	43	43	50	21	37	73	30	24	35	96
	11	41	17	61	68	71	44	77	69	38	48	77
	65	48	65	59	81	45	80	53	30	71	51	51
	57	19	23	71	11	18	73	29	47	51	57	16
	84	58	37	19	38	44	21	51	98	99	96	34
	65	12	40	37	34	39	82	44	45	63	76	41
	19	54	44	67	24	72	82	16	24	79	95	89
	27	60	93	12	96	100	61	37	75	66	95	48
	56	73	75	79	55	23	60	57	97	98	26	99
	37	19	87	75	63	29	63	13	68	36	21	36
	87	10	98	71	70	66	81	34	46	22	91	91
	91	87	84	92	92	28	33	43	54	30	27	76
	52	32	86	69	90	95	15	11	79	78	15	73
	52	38	12	28	33	65	58	64	22	98	41	89
	25	91	59	87	20	68	16	94	87	83	46	59
	61	27	58	27	22	88	30	31	56	98	63	76
	37	38	82	40	41	97	63	55	22	40	52	53
	83	76	89	21	25	61	17	95	51	60	57	83
	74	89	74	34	66	39	32	99	85	50	59	65
	73	68	13	89	99	87	99	47	24	68	84	26
	99	37	26	58	55	35	26	73	79	47	33	79
	41	17	87	51	81	38	25	63	12	71	81	67
	48	80	88	47	63	70	81	49	33	65	14	71
	20	44	99	74	48	76	97	72	60	91	88	92
	47	60	87	99	69	34	44	72	72	53	16	55
	65	67	56	28	58	85	84	97	66	98	38	22
	48	52	46	43	36	59	24	75	30	77	11	27

	66	21	89	41	95	82	64	91	37	82	98	73
	67	31	61	94	18	93	11	41	96	61	11	99
	80	32	10	29	40	26	93	67	11	69	31	60
	77	68	53	35	92	82	19	20	58	47	58	17
	36	60	58	75	90	61	72	56	84	42	45	54
	86	95	71	51	64	50	89	48	87	83	96	20
	91	92	61	95	47	100	75	21	98	88	98	83
	24	19	71	68	40	30	60	44	64	28	47	40
	79	96	57	13	38	25	17	51	20	66	17	66
	13	60	76	56	48	81	73	78	49	62	74	31
	26	47	74	64	28	74	73	69	65	53	37	53
	70	96	40	83	27	45	70	39	44	81	79	25
	23	79	96	92	18	32	41	80	32	100	21	40
	27	73	29	89	39	41	16	22	64	50	76	45
	40	63	45	20	50	95	99	54	95	67	87	82
	35	42	64	35	79	36	45	88	61	88	75	25
	88	45	12	26	68	80	14	55	30	93	30	34
	45	55	15	66	24	70	66	31	49	75	85	37
	91	71	94	64	56	73	30	34	84	68	58	49
	36	20	33	35	27	80	33	87	92	16	94	95
	25	90	16	79	93	48	87	34	58	84	82	33
	41	11	47	67	62	40	31	41	31	93	41	64
	76	24	11	69	82	67	95	85	25	77	30	39
	92	79	39	16	48	100	72	46	81	80	41	85
	69	12	42	37	95	71	34	37	23	60	27	24
	83	91	19	71	26	84	46	21	66	62	38	85
	48	81	31	17	50	21	45	20	44	21	40	24
	52	73	31	63	57	40	53	99	82	12	70	20
	38	12	43	87	70	72	33	13	24	97	57	89
	56	73	43	44	79	63	65	100	48	31	24	79

	93	29	82	53	15	58	94	58	36	86	83	15
	79	66	12	81	77	64	89	18	77	29	14	31
	71	88	81	32	41	86	48	24	88	99	68	56
	91	53	36	89	26	99	14	81	70	68	35	48
	99	55	90	29	78	25	83	46	23	20	93	87
	31	14	93	37	98	67	79	67	62	89	62	61
	48	26	11	62	35	96	23	36	64	88	72	71
	49	100	62	42	19	68	22	92	37	21	31	45
	96	57	15	45	37	45	63	85	21	32	52	57
	23	29	15	86	85	22	52	82	73	40	96	26
	27	68	47	48	13	34	25	98	82	97	75	93
	72	32	91	24	56	52	50	77	14	32	89	97
	35	24	37	12	53	61	79	74	93	23	79	35
	56	96	54	90	32	96	70	87	36	49	94	17
	77	25	99	14	97	17	36	56	97	64	18	44
	94	65	67	95	18	28	58	68	95	60	93	51
	49	32	25	39	57	18	37	27	92	56	21	80
	35	20	44	21	71	62	94	31	97	11	98	65
	45	42	96	46	47	24	46	94	91	57	76	45
	71	30	34	40	34	64	13	16	18	72	59	40
	54	59	63	30	93	28	27	19	37	43	15	99
	100	76	62	27	79	15	41	63	46	64	71	29
	81	85	61	28	98	78	65	87	71	52	37	56
	62	18	14	59	30	23	71	50	11	55	58	70
	27	42	77	84	26	95	94	13	93	52	95	32
	89	92	27	23	72	26	81	33	44	85	45	34
	90	100	91	67	61	53	84	59	13	31	27	50
	35	43	40	63	62	47	75	13	36	65	38	30
	62	15	58	39	94	91	20	41	96	13	60	87
	43	50	70	30	90	19	36	61	83	13	66	55

	47	47	98	34	66	71	37	78	54	91	39	34
	75	44	37	57	96	90	20	63	75	95	56	96
	27	50	29	75	21	17	83	71	40	36	85	95
	95	13	88	45	57	19	13	59	16	57	69	43
	44	74	77	58	93	78	74	89	74	67	12	72
	41	83	33	21	34	59	22	14	87	71	58	31
	83	98	66	10	46	58	29	60	17	43	74	89
	71	48	62	20	35	93	47	61	39	22	92	93
	25	31	46	46	69	93	30	82	85	58	50	64
	76	69	34	67	92	86	89	92	99	26	65	33
	72	72	57	24	70	26	95	54	34	100	18	88
	82	94	20	97	10	29	79	42	44	50	60	80
	67	11	66	72	24	11	97	17	91	14	26	57
	22	37	55	17	66	48	12	80	56	46	82	41
	54	24	57	67	93	39	71	10	14	63	91	28
	18	16	34	48	60	55	29	90	29	29	83	60
	86	67	20	59	78	61	67	86	35	60	46	58
	54	46	81	55	39	36	63	57	86	33	56	50
	62	15	27	74	11	47	52	42	22	17	41	65
	45	50	44	53	55	35	14	72	28	54	60	37
	75	41	16	54	46	18	47	15	29	51	33	13
	40	89	98	81	56	71	96	63	59	42	14	49
	14	83	69	27	90	50	37	20	50	27	17	42
	78	84	84	61	25	73	40	14	16	98	66	57
	44	20	96	71	43	62	13	47	39	43	74	84
	21	74	54	53	79	45	80	94	24	84	59	69
	19	83	55	10	79	69	49	41	31	48	80	40
	88	50	56	22	45	35	14	61	46	18	42	26
	48	91	23	82	72	24	34	63	36	88	67	35
	54	87	63	23	74	84	36	24	23	55	12	31

	32	72	17	36	69	85	88	83	33	54	56	90
	13	51	86	66	64	33	40	76	97	28	92	27
	86	83	11	20	77	10	43	35	48	45	44	75
	98	93	94	72	21	52	48	32	60	18	82	74
	73	31	17	35	91	93	75	69	62	54	60	86
	45	75	73	20	83	100	48	72	63	65	80	99
	97	66	76	16	61	50	14	52	52	68	66	79
	64	12	88	38	54	23	40	48	90	87	96	45
	76	42	68	63	17	33	73	21	37	51	94	12
	88	62	91	37	75	99	67	17	83	73	13	63
	90	18	63	30	32	36	48	47	33	26	72	20
	92	43	93	40	78	64	80	76	60	21	40	95
	26	67	65	51	87	17	40	83	98	76	57	16
	23	22	65	30	79	92	96	28	19	88	89	68
	12	61	17	63	18	37	53	15	68	46	14	20
	97	15	15	72	51	93	84	72	66	45	48	89
	85	91	43	38	32	71	58	93	97	73	82	81
	56	46	40	30	49	37	84	17	92	58	84	18
	29	58	42	40	91	98	54	12	32	85	48	86
	76	58	24	35	12	42	52	65	17	38	82	22
	21	59	86	38	85	83	80	16	45	36	24	72
	71	99	81	77	39	35	48	89	31	100	31	76
	86	45	68	99	98	48	92	12	51	86	98	13
	42	37	33	14	65	85	62	18	51	24	58	65
	59	73	16	25	48	81	66	13	24	86	90	30
	50	76	40	43	63	92	25	39	94	48	58	45
	56	19	87	88	31	61	37	98	40	57	26	40
	96	39	12	85	94	92	79	18	11	28	22	82
	54	30	89	97	56	81	89	22	53	87	76	12
	50	73	43	61	23	58	78	44	77	57	66	15

	80	25	28	17	13	45	76	42	71	18	74	64
	37	67	93	100	75	62	54	28	19	70	43	39
	81	62	31	43	42	87	19	57	56	98	20	97
	60	36	27	88	23	85	41	97	94	55	23	66
	51	53	21	77	32	67	24	47	11	47	14	47
	85	69	75	85	23	34	28	62	33	52	71	70
	62	47	67	64	85	23	75	18	53	91	84	29
	63	68	93	61	37	86	43	92	64	70	85	54
	95	49	17	84	86	47	33	61	84	21	17	69
	79	75	65	71	89	87	71	95	47	60	62	72
	99	25	24	12	78	83	59	36	88	59	62	10
	57	25	85	98	56	67	49	96	79	32	80	88
	21	89	72	16	83	37	42	66	62	78	50	43
	57	38	68	95	24	87	43	38	85	25	49	50
	21	34	66	46	25	26	88	61	31	17	92	62
	13	41	72	30	33	11	85	12	96	94	79	97
	33	53	81	70	70	44	73	31	18	58	90	60
	13	52	92	71	42	58	97	81	27	53	43	72
	84	52	40	75	100	60	89	83	95	38	93	73
	63	67	67	44	35	87	30	52	72	69	51	81
	56	84	78	100	25	79	87	25	70	30	36	43
	67	98	93	30	78	38	98	18	40	36	62	81
	75	67	97	82	70	37	84	30	64	88	47	43
	81	82	96	52	24	58	81	74	46	97	79	89
	56	92	84	13	71	15	55	78	56	55	78	23
	75	72	76	31	70	13	58	20	31	26	68	32
	27	80	16	42	23	60	46	37	42	75	89	20
	45	21	50	63	14	84	71	71	32	78	12	66
	47	49	67	91	76	35	30	32	12	58	44	98
	96	64	39	94	79	56	27	33	64	56	38	64

	50	57	68	94	88	30	83	41	97	58	86	58
	50	27	73	89	40	13	98	80	49	62	36	61
	10	48	77	19	38	73	86	37	37	11	16	96
	34	18	74	69	91	11	93	85	69	99	43	17
	62	77	45	31	25	68	28	94	78	46	18	49
	27	56	89	80	61	62	76	69	42	33	52	35
	52	78	50	82	26	32	74	40	57	41	99	15
	50	94	38	65	98	91	27	17	67	25	85	54
	81	82	11	42	61	50	72	92	23	36	31	13
	14	74	58	99	20	81	75	47	32	20	70	24
	18	89	52	87	12	75	51	19	61	44	28	72
	53	51	10	12	42	37	25	47	46	43	37	88
	57	78	24	48	53	23	77	51	40	98	26	92
	38	66	86	79	30	21	31	70	73	55	35	87
	60	55	15	97	73	66	79	14	52	35	81	84
	52	48	51	43	44	99	100	29	82	64	69	56
	80	34	56	14	94	93	30	67	45	72	89	18
	18	81	89	94	83	68	56	14	69	99	35	68
	34	59	88	45	25	79	67	95	24	93	23	92
	45	21	28	20	39	17	36	90	20	89	88	63
	44	57	50	38	66	22	73	98	58	21	15	76
	81	11	41	30	63	92	34	60	38	75	35	38
	36	94	36	91	65	59	66	35	13	43	95	30
	36	28	95	51	61	27	59	53	33	62	25	28
	44	80	78	59	92	12	57	58	83	39	29	97
	89	41	39	39	99	19	89	46	46	62	86	24
	35	74	62	43	28	96	59	92	83	100	21	16
	48	67	64	64	25	34	95	46	22	30	39	22
	45	95	25	56	36	18	16	13	99	86	57	46
	38	97	55	30	43	63	66	59	54	49	58	44

	96	14	43	48	20	32	32	59	24	66	58	51
	83	52	58	15	58	88	98	93	66	24	42	84
	24	83	75	56	78	77	82	56	89	78	18	81
	14	62	42	43	12	72	62	90	65	30	19	61
	71	50	15	87	19	46	77	44	66	31	73	67
	76	77	68	52	73	29	48	76	84	79	28	31
	92	34	99	89	62	68	56	94	79	12	15	32
	45	79	87	97	58	95	62	22	89	24	63	76
	57	97	61	18	42	25	55	67	51	87	25	93
	63	18	60	46	61	64	31	19	90	65	94	85
	21	26	34	43	99	25	39	43	40	69	22	78
	41	78	28	32	86	58	90	27	57	66	59	34
	50	66	94	41	12	98	10	33	63	96	99	68
	82	65	71	76	77	65	80	37	20	13	93	57
	95	40	50	93	48	75	95	31	79	31	91	26
	82	28	92	80	76	27	88	42	84	44	99	56
	99	70	32	91	80	43	59	53	59	89	85	31
	13	43	42	11	52	76	90	61	66	76	59	69
	99	97	94	40	51	22	68	94	30	32	57	56
	77	43	16	78	98	35	40	15	56	42	68	33
	12	33	58	13	34	39	37	57	61	99	25	45
	42	28	91	41	98	72	42	34	38	75	78	97
	94	38	36	41	47	86	50	69	55	78	42	76
	35	40	91	43	92	47	99	32	13	78	93	90
	11	87	94	21	63	22	57	34	61	79	18	61
	92	22	82	39	15	28	27	71	46	43	41	71
	49	85	88	62	73	31	19	60	31	95	87	83
	73	62	54	21	79	22	55	51	38	77	20	48
	50	14	76	40	51	22	22	95	48	64	32	43
	48	16	66	47	10	62	45	96	26	79	96	50

	79	52	25	92	76	74	35	17	12	92	46	43
	44	60	86	37	33	35	69	58	45	58	35	21
	71	23	87	57	67	93	48	85	97	59	46	38
	22	20	31	50	82	61	44	70	51	23	81	54
	87	51	27	76	65	98	55	75	37	41	47	49
	74	79	13	30	100	35	27	90	56	93	57	22
	90	22	14	72	94	66	17	16	47	79	16	57
	76	31	73	61	72	17	12	58	26	76	25	67
	14	38	55	61	48	10	37	87	20	60	51	96
	78	78	84	82	35	21	65	67	21	36	84	69
	67	54	64	74	50	50	38	34	52	99	81	84
	70	51	53	33	88	35	36	84	70	55	69	47
	29	35	44	65	34	32	22	15	51	38	60	39
	22	57	27	87	59	48	82	100	37	22	29	14
	40	29	87	61	50	42	55	53	84	64	60	73
	41	48	36	78	78	51	52	87	18	55	22	23
	66	96	62	74	88	54	57	48	80	96	54	65
	55	96	56	72	34	13	63	86	21	90	72	62
	47	86	15	85	53	18	73	82	46	78	75	66
	86	62	33	73	34	34	20	21	67	97	42	26
	26	52	23	22	12	12	96	54	88	51	47	99
	32	72	59	49	56	76	98	44	50	44	38	21
	54	75	18	78	18	29	74	40	91	22	30	43
	53	59	82	17	66	76	50	70	79	20	59	91
	42	73	97	87	56	42	98	15	95	76	38	73
	88	97	11	70	92	54	62	87	64	66	18	41
	11	18	66	53	79	59	28	92	27	77	30	66
	85	34	77	42	38	73	59	96	30	68	49	13
	60	26	41	64	94	40	20	69	28	81	89	29
	56	85	26	85	46	88	52	72	59	24	20	10

