***** PARAMETERS PRP *****

Number of Customers = 30
Number of Products = 10
Number of Vehicles = 5
Number of Periods = 12

B = Production capacity
	50294

b_p = Time required to produce item p
 	1	1	1	1	1	1	1	1	1	1

c_p = Production cost of item p
 	30	30	80	30	80	30	80	80	30	30

s_p = Setup cost of item p
 	300	300	800	300	800	300	800	800	300	300

M = Big number
	201176

U_pi = Maximum inventory upper bound of item p at site i
 	201176	113	197	244	119	278	115	195	111	175	204	339	214	262	294	369	84	179	288	237	182	171	185	94	164	248	313	306	198	298	137
	201176	300	363	122	303	256	169	173	152	196	103	171	226	84	358	160	108	303	207	183	278	248	108	112	190	229	298	138	121	201	170
	201176	100	225	171	199	250	156	99	119	212	129	100	302	238	253	88	210	270	262	105	275	244	107	234	196	147	270	170	234	296	223
	201176	104	105	108	183	102	98	111	190	187	168	326	132	268	126	247	102	215	321	174	212	171	105	81	276	94	179	96	177	203	240
	201176	255	130	190	205	117	103	129	373	303	162	256	183	290	190	187	138	213	83	194	301	263	281	309	209	208	166	106	160	258	102
	201176	249	150	313	146	147	175	104	119	357	103	227	210	246	213	224	186	276	297	117	124	162	267	114	166	250	233	139	267	226	140
	201176	115	257	96	104	285	218	120	170	118	315	234	234	325	177	238	302	230	171	159	255	138	106	283	126	200	210	255	258	97	320
	201176	227	125	96	177	188	268	135	135	249	116	178	290	228	68	248	100	144	309	297	228	163	108	275	203	184	111	92	258	171	270
	201176	206	209	158	107	224	114	260	255	230	250	295	115	284	145	133	127	271	328	204	219	182	261	135	102	118	179	214	170	230	169
	201176	206	285	85	201	164	278	181	201	152	105	136	169	231	151	183	267	245	152	294	235	157	167	238	113	103	157	91	113	206	204

I_pi0 = Initial inventory of item p at site i
 	0	104	185	215	90	203	77	85	64	14	178	120	97	170	90	91	60	78	87	78	100	140	149	0	112	85	146	61	136	24	70
	0	61	163	56	92	191	95	51	131	193	68	158	215	23	32	118	53	246	95	141	200	156	72	79	126	161	214	74	88	181	113
	0	92	136	159	138	176	87	96	98	98	62	91	145	166	83	30	168	93	45	97	83	117	67	209	174	135	220	139	69	239	201
	0	77	18	79	56	95	93	106	56	166	81	65	122	191	120	196	55	58	164	40	72	163	41	32	193	44	114	93	44	149	83
	0	148	78	113	120	84	78	52	244	224	108	168	11	81	174	45	82	169	75	194	235	97	135	133	62	50	93	75	132	136	97
	0	95	123	170	96	63	153	48	90	59	81	11	167	52	150	99	79	248	72	76	75	121	198	111	26	91	143	113	243	168	117
	0	69	119	42	19	167	87	91	129	100	29	95	194	261	135	72	24	204	151	116	203	89	74	86	80	95	119	166	198	38	222
	0	216	109	0	125	12	65	89	48	123	89	133	218	214	38	14	90	94	245	53	196	91	94	26	121	103	20	34	219	81	231
	0	88	188	100	43	189	94	34	211	106	129	260	79	166	145	98	73	79	231	179	132	130	151	122	80	88	177	147	123	97	48
	0	165	173	0	175	91	115	136	179	63	47	80	123	144	50	169	156	24	117	216	97	65	102	214	64	56	45	51	67	156	170

h_pi = Inventory cost of item p at site i
 	3	9	6	6	4	7	6	6	6	7	5	6	9	9	3	8	6	9	5	6	9	2	6	7	2	3	6	3	3	8	1
	3	5	3	5	3	7	4	1	5	7	6	2	3	4	1	8	2	6	2	9	2	5	5	6	1	2	7	7	1	9	8
	8	1	4	1	6	7	1	6	1	5	9	2	3	9	5	6	6	6	5	3	9	7	9	3	5	4	7	8	5	9	8
	3	5	5	6	9	8	9	1	4	2	1	6	9	2	8	2	3	4	1	1	3	2	4	1	9	5	9	6	2	9	6
	8	6	1	2	7	5	2	3	5	4	9	4	8	3	7	3	2	6	6	7	4	4	2	6	6	7	6	1	1	1	8
	3	6	5	5	3	5	6	6	5	6	4	1	5	3	2	3	7	4	2	4	8	1	6	1	4	7	1	9	9	6	7
	8	3	8	5	8	9	4	5	9	7	7	7	4	5	7	4	2	7	7	9	2	8	2	3	8	3	8	6	6	6	6
	8	1	1	6	3	3	4	7	6	9	8	8	8	1	4	8	7	5	9	1	9	9	9	8	9	2	5	7	4	4	2
	3	1	3	2	5	9	2	9	1	8	4	2	8	7	5	8	9	5	8	7	5	2	3	7	6	2	6	2	9	5	1
	3	9	8	2	7	9	8	1	8	4	1	5	6	6	8	3	7	9	2	2	1	2	6	4	8	5	9	1	5	5	7

C = Vehicle capacity
	3730

f = Fixed transportation cost
	152520

a_ik = Transportation cost for traveling from node i to node k
 	0	2740	285	2530	990	3160	4920	2515	4590	3045	1830	1475	955	1655	920	960	3575	580	850	650	2750	1245	1130	3775	755	2575	1465	1700	4775	4120	2910
	2740	0	2470	255	2610	780	2180	1375	1955	1040	1060	1905	1790	1920	2210	1940	1015	2190	1975	2420	345	1525	2495	1195	2195	940	1280	2015	2100	1410	1095
	285	2470	0	2255	995	2910	4645	2255	4310	2770	1585	1320	685	1425	710	760	3295	300	575	485	2490	965	1105	3515	515	2300	1190	1575	4495	3845	2635
	2530	255	2255	0	2465	1005	2400	1180	2105	965	940	1800	1580	1670	1965	1765	1120	1970	1745	2185	520	1300	2360	1445	1960	760	1070	1945	2270	1595	980
	990	2610	995	2465	0	2785	4715	2885	4560	3225	1555	800	1140	2265	1640	745	3580	1115	1330	1465	2495	1455	185	3410	1425	2785	1510	905	4705	4010	3140
	3160	780	2910	1005	2785	0	1980	2155	2090	1745	1335	1995	2240	2635	2805	2245	1425	2665	2500	2970	505	2055	2635	630	2745	1715	1775	2005	2145	1460	1840
	4920	2180	4645	2400	4715	1980	0	3005	895	2290	3175	3945	3965	3890	4335	4095	1545	4365	4140	4570	2225	3695	4575	1410	4345	2645	3455	3975	680	870	2470
	2515	1375	2255	1180	2885	2155	3005	0	2375	720	1740	2470	1755	990	1655	2150	1460	1965	1685	1945	1690	1435	2855	2480	1775	445	1425	2705	2615	2140	545
	4590	1955	4310	2105	4560	2090	895	2375	0	1665	3010	3850	3655	3335	3880	3870	1020	4015	3760	4145	2130	3350	4450	1720	3935	2095	3150	3945	260	635	1840
	3045	1040	2770	965	3225	1745	2290	720	1665	0	1825	2665	2170	1670	2260	2490	750	2470	2200	2540	1385	1845	3160	1925	2340	470	1725	2845	1900	1430	180
	1830	1060	1585	940	1555	1335	3175	1740	3010	1825	0	860	935	1680	1590	925	2050	1355	1230	1700	960	830	1440	1950	1485	1465	560	1025	3150	2455	1785
	1475	1905	1320	1800	800	1995	3945	2470	3850	2665	860	0	985	2115	1705	595	2905	1250	1310	1665	1740	1160	640	2620	1520	2270	1060	285	3980	3275	2610
	955	1790	685	1580	1140	2240	3965	1755	3655	2170	935	985	0	1170	740	450	2640	425	345	785	1810	330	1140	2845	585	1710	515	1265	3835	3170	2060
	1655	1920	1425	1670	2265	2635	3890	990	3335	1670	1680	2115	1170	0	740	1615	2365	1185	940	1025	2135	960	2290	3115	915	1250	1150	2390	3560	3020	1505
	920	2210	710	1965	1640	2805	4335	1655	3880	2260	1590	1705	740	740	0	1125	2875	525	400	295	2325	765	1705	3365	215	1800	1050	1980	4095	3490	2110
	960	1940	760	1765	745	2245	4095	2150	3870	2490	925	595	450	1615	1125	0	2875	655	735	1075	1880	725	710	2870	930	2045	765	870	4030	3345	2395
	3575	1015	3295	1120	3580	1425	1545	1460	1020	750	2050	2905	2640	2365	2875	2875	0	3000	2745	3135	1270	2335	3480	1370	2925	1115	2145	3030	1220	680	925
	580	2190	300	1970	1115	2665	4365	1965	4015	2470	1355	1250	425	1185	525	655	3000	0	280	420	2230	675	1180	3265	315	2000	920	1520	4205	3555	2340
	850	1975	575	1745	1330	2500	4140	1685	3760	2200	1230	1310	345	940	400	735	2745	280	0	475	2045	455	1365	3085	255	1730	730	1590	3955	3315	2065
	650	2420	485	2185	1465	2970	4570	1945	4145	2540	1700	1665	785	1025	295	1075	3135	420	475	0	2510	920	1560	3550	230	2075	1200	1935	4355	3735	2390
	2750	345	2490	520	2495	505	2225	1690	2130	1385	960	1740	1810	2135	2325	1880	1270	2230	2045	2510	0	1590	2365	1045	2280	1265	1320	1815	2245	1540	1440
	1245	1525	965	1300	1455	2055	3695	1435	3350	1845	830	1160	330	960	765	725	2335	675	455	920	1590	0	1430	2635	690	1380	285	1430	3535	2885	1730
	1130	2495	1105	2360	185	2635	4575	2855	4450	3160	1440	640	1140	2290	1705	710	3480	1180	1365	1560	2365	1430	0	3260	1495	2730	1450	725	4585	3885	3080
	3775	1195	3515	1445	3410	630	1410	2480	1720	1925	1950	2620	2845	3115	3365	2870	1370	3265	3085	3550	1045	2635	3260	0	3320	2040	2360	2615	1710	1105	2060
	755	2195	515	1960	1425	2745	4345	1775	3935	2340	1485	1520	585	915	215	930	2925	315	255	230	2280	690	1495	3320	0	1875	970	1795	4140	3515	2195
	2575	940	2300	760	2785	1715	2645	445	2095	470	1465	2270	1710	1250	1800	2045	1115	2000	1730	2075	1265	1380	2730	2040	1875	0	1280	2475	2320	1775	355
	1465	1280	1190	1070	1510	1775	3455	1425	3150	1725	560	1060	515	1150	1050	765	2145	920	730	1200	1320	285	1450	2360	970	1280	0	1310	3330	2660	1630
	1700	2015	1575	1945	905	2005	3975	2705	3945	2845	1025	285	1265	2390	1980	870	3030	1520	1590	1935	1815	1430	725	2615	1795	2475	1310	0	4055	3350	2805
	4775	2100	4495	2270	4705	2145	680	2615	260	1900	3150	3980	3835	3560	4095	4030	1220	4205	3955	4355	2245	3535	4585	1710	4140	2320	3330	4055	0	710	2075
	4120	1410	3845	1595	4010	1460	870	2140	635	1430	2455	3275	3170	3020	3490	3345	680	3555	3315	3735	1540	2885	3885	1105	3515	1775	2660	3350	710	0	1605
	2910	1095	2635	980	3140	1840	2470	545	1840	180	1785	2610	2060	1505	2110	2395	925	2340	2065	2390	1440	1730	3080	2060	2195	355	1630	2805	2075	1605	0

coordXY = Coordinates (x,y): line zero => x line one => y column => customers
 	209	318	209	284	405	469	400	50	228	121	365	443	247	33	104	328	220	202	182	121	385	222	429	493	143	133	262	499	265	307	102
	985	448	929	485	962	409	20	508	68	383	654	807	798	705	834	835	271	870	818	890	464	737	934	286	850	476	697	808	32	167	413

d_pit = Demand of item p at customer i in period t
 	79	25	70	82	26	35	14	50	59	99	82	55
	67	14	74	30	90	65	50	18	40	31	53	60
	65	72	46	32	29	46	46	28	69	53	73	26
	90	30	44	87	38	23	84	79	97	28	89	22
	25	54	81	43	12	91	38	35	93	91	84	19
	77	99	37	25	28	76	72	18	33	85	65	73
	85	20	12	28	65	56	75	65	54	85	15	24
	10	38	16	40	53	28	86	11	11	37	59	55
	14	65	68	50	15	43	79	21	70	42	19	39
	96	82	32	58	15	10	66	55	17	59	45	78
	81	39	73	80	67	46	96	77	96	54	42	62
	97	95	61	73	30	25	97	62	12	12	25	53
	97	73	95	64	37	94	74	75	72	42	27	37
	90	73	41	29	76	65	34	58	60	24	92	63
	91	68	75	52	84	63	71	64	70	82	92	73
	60	32	39	30	13	48	41	29	68	10	80	52
	28	50	49	57	58	84	61	92	58	85	18	76
	87	98	50	90	74	38	61	25	53	23	71	21
	78	44	50	81	54	74	39	32	60	46	84	68
	27	17	16	40	97	31	97	98	94	67	84	59
	65	75	96	84	53	82	97	47	19	13	29	22
	27	40	82	51	98	69	86	87	24	69	94	13
	96	54	32	47	26	15	48	77	23	50	37	60
	23	89	89	73	23	43	34	61	40	27	98	54
	48	37	24	28	45	49	16	78	42	41	96	90
	42	25	79	59	76	67	46	27	88	72	74	97
	61	28	88	38	34	50	94	86	73	83	65	35
	47	34	55	28	50	90	61	29	50	92	44	14
	24	28	37	60	69	66	72	62	69	98	86	43
	31	39	69	89	83	65	68	99	77	98	32	74

	61	96	64	67	41	25	96	90	55	16	24	85
	31	82	50	58	63	88	87	73	86	64	96	94
	56	100	73	52	72	76	59	18	17	88	50	71
	10	82	91	95	47	72	49	26	52	14	93	97
	91	17	83	70	73	41	57	64	22	36	19	41
	36	59	37	76	47	44	52	25	70	17	17	28
	51	88	35	60	92	11	45	93	35	53	65	65
	39	92	42	41	72	30	99	27	61	17	73	16
	59	92	42	55	49	32	80	99	89	73	27	87
	68	70	76	40	64	45	22	87	41	26	44	33
	23	65	70	35	100	78	33	20	58	98	74	28
	15	48	100	52	60	90	90	27	53	91	16	36
	23	72	45	83	90	12	35	25	16	28	21	56
	32	95	88	47	54	91	86	70	98	73	92	32
	24	35	59	61	27	56	54	59	21	23	14	48
	36	17	70	97	43	86	78	70	22	68	40	20
	73	79	94	34	65	55	68	40	66	63	18	71
	28	41	26	35	50	98	21	80	96	75	47	23
	51	90	51	90	92	27	15	46	96	71	41	62
	94	28	32	46	90	53	95	11	50	79	72	16
	79	77	96	16	63	37	37	64	53	87	90	44
	72	41	90	18	36	22	26	95	29	100	94	24
	79	78	87	31	47	34	56	26	70	42	46	77
	60	66	89	79	99	33	96	44	28	63	45	57
	80	81	25	33	17	11	66	14	30	96	20	77
	61	50	89	14	32	49	38	91	63	75	64	89
	74	84	70	48	80	71	33	70	73	48	76	98
	88	71	68	29	77	19	93	60	92	26	85	16
	86	95	35	96	75	84	26	58	65	87	17	79
	61	52	96	60	96	18	41	52	17	37	77	72

	22	70	14	43	88	13	59	58	17	95	60	59
	46	61	29	58	34	88	68	23	14	91	75	89
	71	68	20	51	30	11	41	85	44	94	76	93
	43	95	86	98	15	76	36	76	96	60	16	98
	48	55	73	75	72	45	73	85	21	47	64	91
	87	80	14	12	91	51	88	67	31	23	15	65
	96	23	11	43	32	11	100	55	79	71	34	41
	15	37	46	40	82	22	94	97	88	88	40	62
	98	87	41	45	78	42	14	18	78	23	36	76
	62	86	54	94	19	97	13	98	91	80	43	38
	91	29	25	39	13	43	65	10	53	83	77	70
	61	27	57	59	30	71	79	59	90	85	93	13
	61	31	74	52	76	86	22	45	88	23	84	73
	83	21	51	44	79	44	34	91	77	86	66	84
	30	76	40	10	23	24	49	67	39	62	55	53
	59	64	45	77	41	32	81	71	42	85	17	16
	93	50	84	16	24	11	73	97	28	70	66	37
	14	19	12	89	33	48	90	76	78	89	48	33
	35	62	40	73	86	45	19	72	29	61	52	55
	18	18	47	11	96	85	71	28	89	17	92	89
	24	93	70	55	52	99	83	88	38	29	59	42
	13	54	59	33	79	96	17	16	18	60	97	98
	69	42	98	11	80	84	30	50	99	69	33	36
	95	79	38	30	50	65	85	95	99	61	17	69
	58	77	28	50	15	74	79	19	17	31	64	75
	16	94	81	29	53	52	23	87	40	93	23	58
	91	48	85	31	28	83	53	42	52	58	33	77
	69	58	23	43	25	74	76	46	95	62	39	93
	94	66	79	46	71	59	37	78	33	41	49	57
	85	64	52	36	11	20	94	44	86	93	52	33

	77	83	41	89	48	54	78	13	42	31	52	14
	18	92	40	89	85	48	27	91	37	18	66	18
	79	59	83	21	80	16	50	76	60	26	27	68
	56	29	88	54	72	88	82	61	37	60	32	71
	44	51	88	83	12	17	67	60	51	47	36	54
	93	25	69	59	59	26	11	12	62	61	26	83
	54	52	15	43	41	61	69	52	89	74	36	82
	56	21	88	34	22	35	76	39	45	40	45	69
	37	30	99	62	16	50	14	48	68	52	12	73
	59	22	35	39	78	89	49	63	66	91	14	65
	65	62	90	69	59	80	72	17	92	43	54	79
	46	76	15	27	62	32	15	21	80	42	62	49
	31	38	79	43	21	86	32	93	26	56	57	80
	88	32	71	84	91	19	98	85	23	62	66	34
	49	73	39	35	93	35	74	74	98	50	88	33
	55	96	28	94	58	48	39	65	15	70	18	27
	58	52	39	13	51	92	90	25	79	28	38	79
	62	28	74	72	98	57	27	28	98	99	76	52
	10	30	15	39	45	20	21	31	38	47	23	98
	72	20	84	12	36	72	72	54	19	32	93	70
	72	58	33	93	82	78	60	48	99	32	10	20
	41	94	51	59	78	37	68	40	46	18	65	32
	12	20	30	13	81	22	72	13	48	53	91	32
	85	78	30	90	70	30	58	46	47	32	61	36
	44	85	55	73	49	49	32	32	57	15	23	48
	44	33	37	99	98	77	96	65	35	16	48	68
	93	59	19	17	32	60	38	44	98	15	19	84
	44	96	51	63	59	66	68	20	80	98	21	40
	59	90	100	89	82	49	47	86	60	84	40	26
	11	72	75	13	25	77	11	95	35	49	80	33

	85	63	69	27	13	25	19	68	84	59	56	43
	78	67	86	95	80	66	52	75	96	11	17	59
	17	96	73	56	50	59	94	29	28	85	88	84
	63	10	47	68	48	69	26	22	79	19	74	89
	84	54	97	78	39	83	27	31	51	89	54	16
	78	27	53	34	85	91	11	16	77	15	46	87
	52	92	55	55	55	80	62	61	98	33	52	78
	48	100	96	78	83	91	80	48	96	91	68	16
	90	10	48	76	46	60	78	48	61	56	69	85
	76	32	22	59	78	55	94	32	97	10	31	62
	16	97	55	13	46	67	56	57	39	16	78	74
	11	96	97	38	85	12	58	66	68	17	90	92
	38	43	99	59	76	10	83	76	29	24	87	73
	97	77	36	34	96	28	16	41	89	76	100	68
	45	74	20	75	39	51	30	59	27	62	70	10
	44	38	82	84	41	51	34	54	26	27	13	57
	83	37	16	33	60	50	28	39	94	90	16	92
	63	12	61	60	35	72	34	30	61	14	20	37
	98	96	63	86	71	19	53	26	68	96	68	32
	66	14	59	96	66	72	60	70	16	13	96	95
	97	65	52	77	38	18	42	95	54	18	63	12
	87	48	21	19	86	63	72	57	72	44	11	94
	33	100	43	28	48	71	77	60	65	45	83	88
	62	32	84	65	94	31	69	79	81	98	72	69
	50	89	13	30	61	14	35	86	67	70	30	79
	93	73	68	34	33	30	38	75	26	71	85	36
	12	63	77	30	49	73	69	65	52	44	84	20
	82	50	74	20	29	100	46	26	35	36	90	52
	60	76	41	70	82	62	36	35	46	29	67	15
	97	15	26	22	57	45	99	56	43	14	52	84

	95	45	58	61	65	27	85	73	12	54	87	86
	52	16	55	78	24	42	43	91	59	88	29	21
	63	27	15	65	71	94	98	92	55	41	77	54
	83	13	65	65	46	79	71	16	14	50	28	55
	63	17	97	13	26	33	88	82	22	39	21	87
	82	71	67	57	61	71	96	24	14	99	30	27
	48	62	36	89	26	56	91	92	30	14	46	31
	90	90	12	55	46	39	30	76	97	37	74	65
	59	96	54	97	60	63	70	24	78	95	66	95
	39	42	48	34	14	68	83	100	24	53	32	78
	11	62	78	74	31	68	58	90	47	28	93	40
	76	91	60	71	28	46	34	63	27	29	76	28
	15	37	98	91	61	55	86	65	81	53	42	53
	61	89	96	89	89	88	22	74	41	85	81	38
	18	81	89	74	33	67	97	54	10	13	100	37
	79	29	37	27	82	84	86	47	96	38	99	41
	76	13	75	84	26	81	61	27	17	34	81	88
	72	97	80	13	47	42	39	31	63	87	88	54
	76	48	61	36	11	54	82	92	60	89	57	36
	75	54	68	52	12	62	98	60	50	99	88	24
	86	35	90	62	52	29	47	54	49	18	90	36
	65	47	86	93	56	43	52	41	38	24	84	12
	28	60	23	93	62	87	82	12	46	74	69	48
	26	31	64	51	77	69	98	27	92	24	38	65
	61	30	73	90	40	81	73	43	81	95	26	56
	93	32	18	55	54	11	37	85	69	24	30	52
	60	53	85	87	65	68	84	50	85	23	91	84
	87	86	70	90	56	43	80	50	88	85	50	16
	86	82	23	66	32	67	86	36	28	13	63	96
	42	75	45	78	31	31	89	54	41	19	24	32

	69	64	43	71	59	95	48	23	80	20	48	69
	17	36	66	49	94	83	99	96	59	46	56	69
	42	77	46	59	80	74	22	19	27	23	30	74
	19	51	23	59	73	68	76	22	79	50	57	47
	85	53	29	37	35	54	74	20	66	99	37	96
	87	67	87	11	36	93	93	40	44	13	48	34
	91	45	75	41	37	17	63	46	85	33	91	93
	62	41	26	44	69	63	83	36	69	30	87	71
	100	44	98	82	76	55	13	53	55	52	20	58
	29	22	68	99	17	62	45	96	91	93	69	65
	95	94	25	34	37	16	26	41	27	71	75	21
	22	58	36	78	81	27	86	16	13	91	20	33
	51	99	36	75	87	21	75	75	72	86	46	56
	19	23	93	59	78	34	52	74	60	64	86	67
	72	46	64	88	93	89	25	20	55	36	33	92
	24	36	24	57	98	63	57	66	83	27	94	95
	17	66	94	27	60	22	80	41	60	18	55	13
	64	69	18	88	42	91	97	21	91	13	65	23
	24	15	77	51	26	31	85	70	74	36	89	58
	21	96	86	80	21	23	15	81	57	30	93	10
	29	60	53	56	13	36	66	64	51	29	26	67
	74	62	35	65	40	26	11	42	83	94	20	82
	86	58	46	66	37	48	36	36	81	26	73	86
	15	65	75	74	92	83	66	44	80	85	48	30
	95	99	22	63	19	95	73	75	44	62	78	74
	43	76	60	17	32	100	25	69	13	76	90	29
	53	45	68	53	86	35	70	47	41	19	61	33
	96	12	90	16	37	57	23	61	87	26	26	88
	27	11	22	77	86	42	35	25	46	46	95	67
	16	59	71	76	81	57	78	65	76	82	46	60

	29	49	42	96	88	70	42	25	12	59	79	91
	63	28	18	59	91	77	96	99	13	46	69	88
	98	23	32	55	34	26	97	46	93	30	24	17
	80	45	88	52	56	31	75	91	46	41	80	23
	12	50	68	90	86	92	79	33	31	42	79	91
	31	34	24	80	100	99	79	95	99	65	30	69
	70	19	95	72	45	73	57	74	82	63	69	93
	48	82	94	18	96	71	72	86	74	57	47	63
	55	68	59	15	82	71	12	59	73	100	66	87
	89	92	88	37	63	63	65	31	11	15	85	55
	39	94	68	51	22	32	41	51	14	71	12	38
	63	25	61	69	54	28	58	48	89	38	69	95
	81	61	72	13	98	81	21	96	31	43	48	40
	38	25	41	11	10	37	14	26	33	54	77	42
	14	44	61	75	86	36	32	53	70	23	58	44
	90	41	96	11	60	38	24	22	82	51	42	43
	16	78	35	18	87	60	26	21	44	70	50	72
	67	85	93	76	57	38	35	32	81	72	76	29
	53	85	75	50	59	86	93	90	100	90	91	19
	58	80	58	21	63	19	83	39	75	36	64	87
	15	76	91	79	74	11	16	38	38	86	41	86
	75	19	58	27	65	98	65	86	73	40	27	13
	26	33	55	45	75	52	75	98	12	20	86	84
	59	62	17	73	45	37	62	35	83	67	25	44
	15	88	82	65	49	65	19	22	64	23	13	46
	20	92	55	19	21	97	83	79	10	88	86	18
	34	81	43	69	11	55	19	64	43	31	13	86
	26	100	93	62	20	40	49	89	26	52	35	26
	21	60	92	57	95	92	25	53	25	33	60	71
	79	58	94	77	24	29	78	78	65	86	44	98

	88	46	30	77	37	16	35	60	33	18	95	83
	95	93	62	38	76	13	50	98	76	81	100	55
	71	29	36	32	88	72	87	32	28	56	75	24
	43	80	57	58	88	28	13	77	14	24	62	96
	92	19	78	48	80	27	81	59	17	11	11	14
	94	81	40	66	30	43	64	41	63	24	99	40
	34	66	49	60	85	13	23	44	26	70	77	76
	46	56	88	21	90	15	86	25	39	83	51	13
	68	38	61	99	47	74	16	23	93	29	70	72
	75	54	49	18	99	85	68	41	37	55	91	77
	84	20	97	59	97	87	95	65	87	79	56	60
	79	81	32	60	81	15	82	14	53	63	88	40
	55	74	37	53	35	40	93	30	79	12	79	94
	48	72	25	62	32	86	74	19	62	62	14	24
	98	13	20	58	14	48	34	57	53	68	13	55
	37	36	97	91	14	85	17	19	36	30	16	31
	79	31	44	30	50	48	28	49	69	50	86	87
	61	24	49	97	58	77	90	60	89	71	86	26
	93	20	66	28	85	34	33	40	83	46	48	37
	72	43	17	92	23	13	44	60	73	53	90	77
	61	69	95	43	69	99	24	36	45	60	77	51
	97	54	43	67	27	94	56	92	56	99	45	53
	42	23	57	33	22	22	84	99	49	60	11	39
	37	43	72	31	25	80	44	16	43	73	76	74
	60	28	41	67	59	47	21	18	45	28	22	35
	47	85	45	32	96	54	57	92	61	33	94	19
	97	50	32	45	94	38	28	12	94	33	22	98
	58	65	72	64	49	46	93	43	93	44	26	28
	14	83	72	29	71	38	86	60	99	60	41	38
	48	16	36	31	57	97	49	64	39	100	46	92

	91	74	62	74	35	99	97	69	32	11	94	85
	95	67	11	62	74	14	67	94	45	17	58	80
	86	49	25	81	22	27	25	41	85	13	19	37
	81	94	75	67	41	73	53	95	63	22	88	52
	91	70	12	53	42	11	23	72	97	66	89	28
	98	17	41	33	57	71	43	46	36	46	87	93
	45	91	38	71	87	32	36	23	85	99	65	51
	30	63	86	69	27	32	33	85	49	20	13	96
	45	18	12	42	24	65	72	73	86	63	37	71
	47	86	47	63	88	81	17	17	93	42	11	39
	80	95	97	29	67	90	49	83	24	80	56	68
	66	26	31	54	15	45	65	99	90	47	71	66
	26	64	54	91	46	68	13	91	18	67	63	93
	50	90	60	66	26	56	52	22	40	73	26	43
	97	72	43	23	81	53	24	95	77	64	27	76
	72	84	97	95	88	28	10	34	12	64	23	33
	24	87	35	67	21	71	22	46	14	87	59	55
	61	37	19	40	69	65	16	86	46	79	42	49
	88	44	84	37	53	81	91	60	96	80	95	73
	14	62	21	38	55	76	21	86	10	80	74	26
	65	55	98	38	44	68	44	20	65	87	32	11
	89	13	88	48	79	70	21	67	71	30	41	52
	74	54	54	32	81	68	37	34	69	77	57	77
	64	86	32	99	57	76	12	84	56	60	21	30
	56	59	60	81	73	47	25	14	97	61	19	23
	45	86	54	73	32	33	94	21	42	33	80	34
	29	22	80	38	40	31	77	46	53	53	60	19
	67	77	40	52	42	100	44	76	26	37	86	33
	50	51	42	13	70	78	39	35	18	20	56	23
	72	98	99	47	25	40	95	89	93	80	59	20

