***** PARAMETERS PRP *****

Number of Customers = 30
Number of Products = 10
Number of Vehicles = 5
Number of Periods = 12

B = Production capacity
	49617

b_p = Time required to produce item p
 	1	1	1	1	1	1	1	1	1	1

c_p = Production cost of item p
 	80	80	30	80	30	80	80	30	30	80

s_p = Setup cost of item p
 	800	800	300	800	300	800	800	300	300	800

M = Big number
	198469

U_pi = Maximum inventory upper bound of item p at site i
 	198469	249	317	134	248	238	215	303	147	174	205	204	274	225	297	93	92	265	109	251	214	167	228	218	107	205	115	184	184	248	136
	198469	124	214	248	112	230	175	144	238	101	176	249	119	276	101	223	283	245	237	189	109	242	180	217	155	301	217	130	316	299	117
	198469	184	254	147	172	113	286	99	111	207	145	245	218	156	140	195	115	207	202	244	108	233	108	325	252	296	77	102	280	102	184
	198469	179	285	227	192	332	181	204	90	186	186	91	120	198	270	204	200	119	324	257	283	258	233	249	284	163	184	103	246	62	205
	198469	184	154	100	195	180	208	103	241	117	123	167	288	229	107	263	290	112	277	96	285	152	230	241	240	202	89	101	120	125	85
	198469	97	258	104	104	162	148	228	142	186	202	124	119	110	259	135	222	259	121	295	107	253	189	144	196	303	137	154	272	172	224
	198469	236	293	141	206	142	145	236	116	108	278	94	107	114	164	227	202	165	134	94	119	242	114	182	238	108	206	243	255	168	229
	198469	128	350	152	293	260	209	131	219	194	196	307	250	97	295	220	146	185	237	311	174	115	120	105	320	156	175	189	187	127	160
	198469	161	319	106	176	206	128	118	112	289	185	162	89	127	131	240	248	161	107	224	325	141	201	222	230	108	266	120	116	232	152
	198469	272	234	174	99	144	256	119	255	155	113	198	279	168	303	218	158	300	127	103	106	163	160	216	171	103	299	248	237	174	231

I_pi0 = Initial inventory of item p at site i
 	0	218	36	59	80	93	143	178	104	143	205	155	91	108	205	53	15	164	105	152	24	115	59	218	62	182	31	69	97	215	82
	0	85	85	125	52	193	142	67	136	90	92	24	111	214	31	121	145	151	105	125	93	136	55	198	85	233	51	82	98	26	108
	0	81	95	118	39	80	210	29	69	22	99	47	129	132	16	92	108	110	168	83	60	203	99	170	182	154	27	67	156	90	79
	0	75	135	216	113	164	126	106	78	57	87	30	93	124	82	141	120	89	257	238	243	181	212	222	179	162	166	97	180	22	173
	0	172	32	16	172	62	131	92	100	106	71	116	175	213	89	237	108	40	141	45	238	85	159	126	93	44	46	83	69	122	81
	0	58	202	19	77	137	39	199	120	33	58	33	103	67	20	99	135	160	42	107	58	106	147	43	58	93	86	42	79	70	218
	0	42	222	88	124	93	22	94	91	106	59	74	50	83	106	187	193	148	57	66	99	81	77	73	198	81	198	160	243	146	164
	0	68	298	67	255	191	173	79	78	126	141	232	104	79	152	192	81	22	227	179	50	92	16	74	47	142	82	62	111	91	44
	0	149	282	43	96	134	92	81	89	37	139	118	12	123	96	98	179	155	97	173	162	104	14	145	59	47	114	64	100	97	106
	0	46	141	142	55	108	26	40	237	129	83	181	225	130	160	187	133	40	54	55	75	132	151	56	111	103	117	147	167	68	57

h_pi = Inventory cost of item p at site i
 	8	0	0	0	0	0	0	0	0	0	0	0	0	0	0	0	0	0	0	0	0	0	0	0	0	0	0	0	0	0	0
	8	0	0	0	0	0	0	0	0	0	0	0	0	0	0	0	0	0	0	0	0	0	0	0	0	0	0	0	0	0	0
	3	0	0	0	0	0	0	0	0	0	0	0	0	0	0	0	0	0	0	0	0	0	0	0	0	0	0	0	0	0	0
	8	0	0	0	0	0	0	0	0	0	0	0	0	0	0	0	0	0	0	0	0	0	0	0	0	0	0	0	0	0	0
	3	0	0	0	0	0	0	0	0	0	0	0	0	0	0	0	0	0	0	0	0	0	0	0	0	0	0	0	0	0	0
	8	0	0	0	0	0	0	0	0	0	0	0	0	0	0	0	0	0	0	0	0	0	0	0	0	0	0	0	0	0	0
	8	0	0	0	0	0	0	0	0	0	0	0	0	0	0	0	0	0	0	0	0	0	0	0	0	0	0	0	0	0	0
	3	0	0	0	0	0	0	0	0	0	0	0	0	0	0	0	0	0	0	0	0	0	0	0	0	0	0	0	0	0	0
	3	0	0	0	0	0	0	0	0	0	0	0	0	0	0	0	0	0	0	0	0	0	0	0	0	0	0	0	0	0	0
	8	0	0	0	0	0	0	0	0	0	0	0	0	0	0	0	0	0	0	0	0	0	0	0	0	0	0	0	0	0	0

C = Vehicle capacity
	3500

f = Fixed transportation cost
	29605

a_ik = Transportation cost for traveling from node i to node k
 	0	363	276	430	494	486	334	263	354	218	160	266	320	129	131	188	291	380	431	235	256	243	161	372	202	196	470	196	290	166	205
	363	0	89	791	154	821	32	103	638	256	431	542	215	343	462	530	653	309	794	310	616	556	254	250	431	168	216	453	576	501	542
	276	89	0	705	224	734	64	15	554	181	344	457	174	256	373	449	566	304	707	237	528	469	168	254	347	81	267	368	491	413	462
	430	791	705	0	923	289	761	692	402	618	439	415	725	500	368	275	148	716	51	606	199	350	575	737	480	625	862	448	395	338	270
	494	154	224	923	0	920	184	236	719	334	528	627	247	444	574	671	780	447	921	376	739	654	357	386	515	301	307	542	663	613	685
	486	821	734	289	920	0	796	719	222	587	394	299	684	481	364	434	269	853	238	550	260	267	570	854	407	659	955	379	264	325	441
	334	32	64	761	184	796	0	78	617	240	407	520	212	319	435	499	624	289	764	295	588	532	231	232	410	140	216	431	554	475	511
	263	103	15	692	236	719	78	0	540	170	330	443	170	242	359	436	552	306	693	226	514	455	155	258	334	67	277	354	477	398	450
	354	638	554	402	719	222	617	540	0	389	214	97	476	300	225	393	293	732	363	344	246	116	386	719	208	487	799	187	66	198	407
	218	256	181	618	334	587	240	170	389	0	196	294	108	119	252	404	471	448	607	57	423	322	62	410	182	144	446	209	330	288	421
	160	431	344	439	528	394	407	330	214	196	0	118	299	89	78	284	293	527	422	170	241	127	178	509	51	274	586	36	149	101	302
	266	542	457	415	627	299	520	443	97	294	118	0	387	203	144	340	283	642	385	254	229	67	289	626	113	390	703	90	36	129	356
	320	215	174	725	247	684	212	170	476	108	299	387	0	226	360	507	578	475	714	134	530	422	159	427	277	187	428	307	422	394	524
	129	343	256	500	444	481	319	242	300	119	89	203	226	0	134	300	353	457	489	114	305	214	90	433	101	188	501	114	236	170	318
	131	462	373	368	574	364	435	359	225	252	78	144	360	134	0	211	221	510	355	238	171	112	218	502	127	296	594	103	163	40	229
	188	530	449	275	671	434	499	436	393	404	284	340	507	300	211	0	172	445	294	414	176	283	349	463	334	371	587	313	345	212	19
	291	653	566	148	780	269	624	552	293	471	293	283	578	353	221	172	0	613	141	459	55	216	429	625	335	486	742	305	270	192	176
	380	309	304	716	447	853	289	306	732	448	527	642	475	457	510	445	613	0	738	501	600	622	402	62	556	305	190	561	668	544	448
	431	794	707	51	921	238	764	693	363	607	422	385	714	489	355	294	141	738	0	591	185	322	568	755	459	626	877	427	363	322	291
	235	310	237	606	376	550	295	226	344	57	170	254	134	114	238	414	459	501	591	0	408	290	102	465	144	199	503	174	289	269	431
	256	616	528	199	739	260	588	514	246	423	241	229	530	305	171	176	55	600	185	408	0	162	384	607	282	448	719	251	218	140	185
	243	556	469	350	654	267	532	455	116	322	127	67	422	214	112	283	216	622	322	290	162	0	304	613	147	396	701	116	62	83	299
	161	254	168	575	357	570	231	155	386	62	178	289	159	90	218	349	429	402	568	102	384	304	0	370	180	108	422	200	323	256	366
	372	250	254	737	386	854	232	258	719	410	509	626	427	433	502	463	625	62	755	465	607	613	370	0	533	266	139	542	654	537	467
	202	431	347	480	515	407	410	334	208	182	51	113	277	101	127	334	335	556	459	144	282	147	180	533	0	285	600	32	148	145	352
	196	168	81	625	301	659	140	67	487	144	274	390	187	188	296	371	486	305	626	199	448	396	108	266	285	0	316	301	423	336	385
	470	216	267	862	307	955	216	277	799	446	586	703	428	501	594	587	742	190	877	503	719	701	422	139	600	316	0	615	734	631	594
	196	453	368	448	542	379	431	354	187	209	36	90	307	114	103	313	305	561	427	174	251	116	200	542	32	301	615	0	124	115	331
	290	576	491	395	663	264	554	477	66	330	149	36	422	236	163	345	270	668	363	289	218	62	323	654	148	423	734	124	0	140	361
	166	501	413	338	613	325	475	398	198	288	101	129	394	170	40	212	192	544	322	269	140	83	256	537	145	336	631	115	140	0	229
	205	542	462	270	685	441	511	450	407	421	302	356	524	318	229	19	176	448	291	431	185	299	366	467	352	385	594	331	361	229	0

coordXY = Coordinates (x,y): line zero => x line one => y column => customers
 	227	355	339	29	485	300	335	337	421	424	358	402	494	355	285	75	129	47	75	457	179	337	363	106	408	308	182	387	396	281	57
	506	167	254	887	85	986	191	268	801	413	597	706	331	509	623	616	779	172	909	459	757	722	420	155	594	328	39	618	741	662	619

d_pit = Demand of item p at customer i in period t
 	17	87	74	40	59	30	34	27	30	94	87	18
	36	77	98	61	44	81	62	91	70	35	84	21
	59	96	89	46	21	89	91	20	99	59	54	81
	80	62	45	46	97	72	97	31	58	54	35	67
	48	28	17	61	27	77	48	62	12	50	69	72
	63	12	68	58	24	18	50	50	93	76	95	38
	81	97	59	79	87	100	19	36	26	42	39	63
	10	19	34	41	94	63	17	69	94	23	40	84
	100	43	91	28	84	81	16	88	41	67	25	30
	37	61	46	61	65	67	12	86	23	20	45	93
	97	58	53	90	99	25	63	69	89	83	20	69
	18	41	12	20	53	28	66	70	71	95	92	92
	95	13	44	78	82	41	83	35	96	18	12	77
	49	71	85	87	13	45	77	64	25	93	34	69
	53	63	64	12	12	55	56	55	30	82	21	53
	15	27	30	89	76	17	23	43	82	77	36	37
	76	88	48	91	75	66	75	50	56	29	66	75
	27	78	81	77	16	38	79	38	79	25	92	21
	33	12	12	95	77	99	23	22	75	33	65	56
	24	12	36	74	46	29	31	61	78	13	92	18
	77	25	13	51	84	50	87	88	94	22	47	28
	59	94	15	22	87	63	82	83	49	35	68	26
	61	19	47	91	24	50	72	16	49	61	74	89
	62	59	25	39	33	45	74	25	89	61	85	46
	14	89	79	27	28	63	32	60	36	54	38	95
	16	15	95	60	84	92	58	60	57	51	76	23
	69	16	33	26	86	27	51	30	47	46	37	84
	17	80	68	33	24	27	20	49	15	49	19	40
	84	74	57	94	37	85	23	78	63	39	92	19
	26	56	31	37	75	21	12	82	32	29	98	46

	85	53	35	59	49	33	97	87	73	64	50	59
	85	60	81	99	92	27	87	91	85	94	36	20
	12	56	57	45	31	96	81	96	11	70	96	94
	52	39	92	36	37	85	59	11	83	52	40	88
	54	74	65	41	72	28	36	64	65	51	74	65
	17	26	99	39	72	90	71	30	69	77	25	83
	67	82	62	32	45	51	38	81	11	46	49	11
	63	27	46	14	25	61	52	18	61	79	28	96
	62	28	34	59	54	49	44	22	68	92	11	85
	24	68	14	84	25	90	82	62	64	98	56	35
	24	65	57	17	85	30	34	47	90	82	15	52
	33	78	57	36	35	76	63	81	36	96	85	36
	96	88	30	36	56	32	72	15	60	37	57	83
	31	87	12	59	37	70	37	20	27	59	94	71
	78	43	99	51	12	91	36	70	36	33	44	76
	66	79	90	77	76	31	51	15	40	19	38	96
	28	35	88	58	89	35	73	42	21	100	92	74
	45	60	17	69	89	69	39	86	75	39	95	29
	64	26	35	93	38	32	36	78	22	76	26	42
	93	58	28	57	14	84	33	48	18	88	75	56
	38	98	21	22	46	76	77	98	19	59	76	95
	55	35	93	58	62	12	44	66	77	74	97	46
	86	22	69	21	80	22	86	72	48	48	66	31
	55	30	79	70	80	19	57	45	29	12	84	59
	89	63	81	97	83	99	81	26	84	73	31	97
	51	84	56	68	92	64	58	66	93	97	73	67
	82	99	69	84	83	63	27	31	59	19	63	99
	98	57	15	42	80	42	58	89	26	62	93	96
	26	12	75	70	68	97	54	91	13	98	17	96
	13	95	26	93	68	58	74	87	22	92	39	33

	81	90	89	18	13	51	36	73	49	74	80	82
	95	19	57	35	58	92	60	68	66	89	42	81
	65	53	19	27	17	92	24	82	35	24	76	75
	39	54	100	98	15	28	84	21	95	52	17	85
	27	53	78	37	14	20	58	20	28	70	17	29
	73	44	31	62	38	49	63	82	99	48	11	86
	29	68	61	18	43	99	17	54	66	27	70	42
	69	73	76	75	72	82	17	21	37	53	73	20
	22	11	86	48	44	80	58	41	73	34	66	59
	57	29	13	100	45	65	29	26	10	69	60	76
	47	60	58	76	37	23	76	45	96	20	22	29
	21	17	91	90	15	16	17	97	67	46	32	14
	42	90	17	15	44	90	66	57	51	96	20	37
	16	84	46	70	99	98	78	99	43	45	75	89
	92	73	34	96	36	88	36	72	50	49	92	63
	68	40	46	94	69	88	20	76	18	42	74	54
	82	28	55	75	33	18	39	54	65	71	88	14
	28	62	78	13	50	95	64	27	43	39	28	79
	83	82	24	92	42	34	14	98	78	46	62	78
	60	90	41	85	15	84	28	67	36	96	24	20
	35	69	99	95	14	33	55	57	28	12	22	41
	99	26	66	43	91	12	89	26	71	19	74	34
	82	88	79	36	88	99	26	16	44	82	71	70
	80	53	49	39	34	79	45	13	23	55	52	83
	96	58	56	64	85	24	74	100	49	53	19	33
	27	59	24	60	41	42	27	28	13	52	62	27
	67	88	23	66	20	50	47	45	69	72	56	11
	57	46	53	96	25	41	80	25	29	95	78	47
	90	15	38	11	76	25	99	53	40	57	26	79
	79	26	51	46	31	31	84	14	27	15	60	89

	75	70	81	19	65	86	10	60	98	63	77	10
	63	72	53	65	33	40	80	77	23	40	45	94
	33	74	65	44	29	61	91	67	44	82	11	80
	12	32	46	23	37	22	95	61	71	23	22	17
	95	69	94	45	42	70	64	63	70	63	71	51
	16	15	95	87	44	29	20	21	63	91	53	10
	89	17	36	91	33	89	20	66	54	18	75	23
	78	13	26	61	15	67	35	45	82	22	15	80
	57	65	60	10	70	87	53	35	100	97	45	64
	87	81	69	77	88	40	15	57	34	66	34	95
	30	60	17	28	77	92	24	39	12	47	91	28
	93	34	39	42	48	84	79	51	62	99	42	44
	37	27	60	70	15	43	66	27	97	80	46	27
	50	32	71	53	65	47	46	73	57	58	85	10
	79	62	74	55	73	75	75	95	18	91	82	36
	48	72	52	98	23	70	79	76	86	38	68	88
	89	73	82	29	70	65	26	81	26	85	43	44
	51	56	95	55	60	73	74	77	93	50	66	27
	94	82	62	23	79	37	22	65	92	85	43	87
	42	59	65	77	32	84	24	90	27	58	89	31
	34	64	32	51	78	23	80	31	45	69	24	89
	64	57	91	47	22	36	31	32	48	46	50	36
	28	72	43	79	63	32	45	30	56	50	41	58
	50	44	22	63	32	47	98	99	34	65	34	94
	46	20	96	72	79	33	30	43	38	97	13	83
	38	42	86	43	15	29	20	65	68	60	30	57
	97	21	26	85	46	17	41	43	45	86	37	76
	87	62	31	90	59	36	18	26	85	89	90	64
	22	62	33	16	41	87	11	30	12	11	37	10
	80	16	41	36	25	75	39	88	60	83	29	42

	54	47	71	91	52	63	55	48	65	72	79	37
	32	48	31	11	49	24	33	53	17	46	36	81
	16	20	70	64	14	26	34	82	61	49	83	83
	73	68	31	62	60	33	84	49	43	88	96	91
	62	39	68	23	81	83	93	79	80	22	22	68
	24	82	25	92	44	37	32	54	83	56	80	14
	92	84	13	25	98	90	53	45	31	16	25	47
	47	53	83	61	78	66	52	51	89	10	77	57
	49	57	66	72	69	15	73	31	54	40	85	92
	71	39	43	56	87	20	50	30	92	85	82	83
	76	40	52	99	15	92	68	25	12	28	78	83
	78	97	57	57	29	93	26	26	88	37	85	17
	21	96	96	26	51	57	67	57	72	38	32	73
	53	36	36	16	49	29	44	81	64	50	96	90
	63	97	53	24	36	75	37	33	79	79	41	13
	35	73	90	49	86	64	81	81	22	63	16	36
	40	78	90	21	36	10	51	98	49	48	79	72
	10	97	34	38	62	49	87	43	99	63	18	65
	20	25	83	74	69	40	86	18	52	14	63	29
	33	74	98	33	89	39	27	38	51	83	43	75
	74	11	21	59	94	26	24	38	68	17	79	97
	23	70	66	70	57	39	96	90	49	57	14	58
	62	64	65	71	91	75	77	42	30	33	25	87
	93	36	99	15	74	93	27	12	28	27	61	11
	44	20	40	38	59	95	98	68	28	25	63	27
	15	31	65	20	89	58	66	12	30	88	52	10
	83	54	31	69	19	15	26	17	51	71	78	94
	69	96	51	50	22	27	64	87	95	72	22	66
	27	95	29	87	73	48	57	57	100	71	56	47
	46	35	80	30	48	78	22	90	13	18	34	14

	58	65	45	49	15	26	50	42	73	69	62	28
	34	90	62	16	58	76	19	42	68	43	27	84
	19	63	59	60	29	91	44	33	53	13	74	84
	77	82	18	86	60	57	27	24	70	63	27	33
	74	63	91	21	45	19	80	30	68	23	93	40
	39	61	25	42	53	71	34	71	88	15	58	35
	34	98	67	52	37	59	97	30	98	65	28	19
	54	66	63	89	93	62	89	78	68	83	10	99
	33	79	86	34	66	64	13	31	79	20	20	33
	58	94	72	32	34	54	49	99	62	84	88	80
	33	10	89	79	51	100	97	54	67	12	82	70
	79	24	75	79	73	14	24	96	18	95	79	58
	67	48	35	60	85	86	75	17	35	53	60	39
	20	64	92	33	87	53	75	16	95	79	96	67
	99	61	72	54	78	76	85	44	19	60	98	64
	12	99	24	15	20	30	45	28	40	81	78	60
	100	60	44	51	39	33	93	91	63	99	26	77
	42	73	73	55	79	69	86	33	76	78	29	31
	84	23	57	15	84	41	97	51	77	39	88	53
	58	89	47	70	60	30	32	30	94	16	51	65
	22	11	22	51	90	27	57	83	15	59	93	76
	17	85	45	12	43	19	18	60	78	41	12	23
	43	28	38	11	28	60	94	37	80	67	16	75
	58	49	93	38	96	20	77	87	51	94	31	89
	93	29	47	35	22	100	44	92	45	51	69	99
	32	54	37	19	23	72	23	22	84	66	56	58
	42	27	96	66	55	23	43	85	80	16	66	15
	46	33	84	52	78	99	68	28	52	12	12	89
	70	25	76	64	35	94	82	66	26	30	27	93
	59	71	88	93	37	52	18	96	79	42	25	13

	42	45	28	68	82	70	96	44	25	80	83	46
	39	89	30	64	19	59	89	60	53	59	77	64
	88	20	29	86	15	36	90	58	23	29	66	22
	24	18	82	21	46	29	20	88	16	98	85	92
	55	38	66	91	91	13	13	30	19	51	19	82
	22	10	42	95	74	60	55	58	19	16	76	54
	94	50	42	49	32	55	33	48	64	82	87	72
	42	35	14	79	39	77	55	72	51	91	55	83
	10	96	12	28	87	85	37	15	37	57	89	92
	59	65	94	59	90	86	67	15	100	30	86	82
	38	36	100	20	14	53	68	10	53	56	48	69
	50	61	64	26	34	51	44	94	19	70	60	67
	83	65	83	90	41	72	22	75	33	15	51	52
	64	42	60	81	36	28	80	58	24	22	68	92
	56	41	11	79	32	85	85	71	68	61	49	44
	47	88	28	30	13	50	69	43	86	50	84	19
	90	58	97	80	34	23	14	12	51	90	75	37
	57	89	44	29	74	77	36	86	97	90	28	99
	66	39	36	33	30	45	50	18	85	48	95	19
	99	31	94	45	42	100	75	32	100	36	11	48
	81	27	86	82	27	75	75	77	92	46	20	38
	77	41	68	89	79	34	29	68	67	58	14	62
	73	78	46	78	72	62	25	67	79	77	40	32
	48	44	61	45	66	72	44	58	25	86	99	67
	81	39	62	94	20	54	29	74	78	63	38	16
	44	89	65	94	59	11	23	36	36	31	74	57
	61	42	57	26	39	18	75	85	95	42	25	18
	64	86	93	61	54	72	56	60	68	82	51	17
	32	64	50	93	100	77	69	24	21	81	20	39
	83	41	40	83	12	50	68	32	53	97	38	89

	68	71	21	12	17	52	38	69	67	66	13	18
	95	34	96	73	96	86	11	83	87	71	50	57
	67	22	75	31	64	35	34	11	15	60	21	20
	84	90	81	57	75	45	53	11	55	36	92	23
	13	51	87	40	51	94	87	66	54	83	94	61
	68	22	83	77	42	88	49	24	39	55	31	48
	79	53	54	80	21	76	75	64	83	45	70	86
	78	89	91	72	91	34	61	64	91	76	84	46
	75	23	28	22	41	16	67	95	46	92	57	21
	68	73	68	95	78	40	86	24	75	77	15	85
	69	66	97	97	25	54	89	29	15	59	43	93
	33	71	90	67	14	69	72	56	91	33	66	89
	13	26	40	86	99	88	79	48	10	46	11	38
	98	54	50	86	39	83	53	84	55	24	33	50
	63	45	84	51	52	72	98	16	58	61	16	43
	11	70	56	23	96	91	89	24	14	33	33	43
	22	50	79	36	45	64	15	44	38	50	93	19
	86	84	57	71	17	74	66	50	51	89	28	37
	85	83	11	27	94	85	97	30	67	22	48	98
	20	30	68	48	14	18	73	11	74	71	79	17
	92	48	27	74	85	98	74	41	19	20	44	68
	16	99	17	71	64	46	25	97	98	49	70	70
	64	10	55	32	55	48	52	81	48	49	78	60
	47	91	80	65	40	21	98	99	89	79	18	41
	80	62	17	31	97	28	51	77	49	11	47	73
	33	49	50	78	21	96	53	35	36	11	14	50
	62	90	62	92	36	33	89	19	56	94	66	55
	49	62	80	55	59	16	68	67	73	77	60	80
	91	50	53	51	87	36	46	47	87	86	75	53
	44	64	42	20	63	23	100	21	27	63	85	88

	73	55	21	58	58	73	12	34	53	73	70	65
	46	83	65	88	99	66	96	63	44	37	45	33
	43	94	70	52	75	36	46	16	80	57	47	22
	13	83	90	28	24	21	10	12	98	49	23	78
	66	25	43	69	85	71	96	70	17	13	26	37
	74	18	44	11	54	95	79	78	89	93	90	40
	81	35	90	93	63	81	31	63	56	22	34	60
	16	73	58	64	56	39	29	66	81	43	51	94
	37	25	63	91	31	65	48	72	13	77	88	84
	58	49	32	84	19	54	32	86	89	98	77	60
	82	36	92	69	63	33	17	39	60	47	97	11
	12	85	83	38	81	18	61	26	14	45	34	36
	34	43	46	24	56	11	36	61	60	71	49	15
	96	81	70	20	95	33	64	63	62	82	92	26
	98	30	88	35	30	77	95	17	47	27	83	92
	84	79	16	89	32	51	78	54	54	25	20	12
	24	38	93	54	47	23	81	51	55	94	42	40
	22	75	62	56	76	11	40	37	78	46	64	74
	78	95	74	40	38	45	51	37	79	32	49	55
	39	39	84	98	52	73	98	89	26	83	49	50
	78	26	58	45	12	38	72	50	37	34	42	73
	14	16	88	61	51	12	43	21	71	30	96	99
	71	74	100	48	81	33	46	84	24	24	10	70
	16	43	37	91	51	12	53	71	23	55	88	11
	47	45	56	72	15	18	29	14	43	30	28	35
	36	78	77	48	81	68	83	68	35	53	75	95
	64	31	48	88	38	13	81	81	98	65	45	70
	100	71	56	38	26	14	34	76	98	49	35	96
	97	96	33	86	47	40	98	47	52	54	27	19
	41	65	53	74	62	51	65	27	24	67	69	10

	46	46	58	50	67	12	68	36	13	68	89	100
	38	49	54	18	99	45	68	52	19	67	35	18
	93	49	50	94	59	19	66	21	49	95	88	11
	13	42	95	11	24	37	73	52	84	41	95	24
	52	29	27	62	80	11	33	98	44	38	80	21
	26	75	21	47	56	16	88	90	93	13	60	29
	40	80	74	95	16	33	54	78	88	88	56	12
	50	60	68	59	70	83	26	90	86	70	39	65
	77	52	38	58	19	48	32	58	75	50	68	46
	83	73	18	83	51	12	69	27	77	53	60	73
	80	68	33	87	32	18	94	89	36	93	86	77
	87	85	53	49	27	89	94	34	29	66	31	26
	67	63	39	31	99	38	97	18	20	72	41	88
	32	80	48	61	84	44	89	40	59	99	13	77
	15	71	11	90	79	65	81	95	18	42	50	38
	41	92	93	26	97	60	39	26	54	13	65	27
	40	28	84	96	59	78	87	50	29	66	76	27
	54	50	28	16	18	94	10	22	46	87	11	73
	20	35	78	70	32	82	46	63	17	81	53	38
	41	15	19	71	40	99	29	71	44	89	87	29
	23	94	15	73	90	99	16	37	82	37	34	52
	48	19	84	56	78	39	77	50	94	20	56	17
	56	29	77	61	22	62	77	83	84	44	17	37
	78	33	24	54	88	75	24	77	97	67	39	29
	18	85	60	49	53	89	12	35	95	74	18	32
	15	56	46	54	90	46	56	77	40	83	79	76
	27	85	35	82	42	74	35	57	53	59	15	31
	26	80	61	75	19	12	97	99	37	45	98	62
	68	23	60	94	96	40	35	93	41	80	22	42
	57	46	80	13	12	40	14	86	46	67	24	70

