***** PARAMETERS PRP *****

Number of Customers = 30
Number of Products = 10
Number of Vehicles = 5
Number of Periods = 12

B = Production capacity
	49501

b_p = Time required to produce item p
 	1	1	1	1	1	1	1	1	1	1

c_p = Production cost of item p
 	80	30	80	80	80	80	80	80	80	30

s_p = Setup cost of item p
 	800	300	800	800	800	800	800	800	800	300

M = Big number
	198004

U_pi = Maximum inventory upper bound of item p at site i
 	198004	123	173	255	194	335	274	285	268	380	244	109	250	176	285	102	213	195	313	131	213	251	203	166	89	127	150	170	167	253	251
	198004	272	196	125	263	219	250	71	162	100	190	250	127	170	205	153	291	303	129	316	220	227	217	281	160	198	180	135	233	261	143
	198004	253	120	119	116	115	116	211	121	101	127	85	318	158	289	250	131	253	146	106	145	247	101	114	123	111	104	200	129	221	175
	198004	179	170	270	336	172	241	243	181	293	271	296	87	193	262	158	122	181	153	136	192	206	158	162	171	152	164	124	215	297	134
	198004	178	84	101	101	293	218	267	106	329	146	193	154	90	263	234	147	232	128	240	223	291	131	162	143	304	142	237	258	99	213
	198004	220	114	213	186	122	250	237	199	197	223	114	199	167	212	253	72	140	180	168	235	86	323	98	142	254	234	135	229	242	209
	198004	133	243	255	359	287	161	176	266	233	242	99	94	116	206	196	184	197	285	140	238	151	238	104	336	241	174	211	262	121	290
	198004	166	193	185	151	263	292	197	140	264	185	157	144	153	257	229	169	272	162	164	179	246	131	264	177	119	257	99	132	108	199
	198004	264	184	152	151	191	167	115	170	303	339	196	237	264	185	151	124	241	252	245	328	166	107	231	111	177	237	199	207	124	110
	198004	190	124	173	295	83	315	273	158	240	269	262	334	246	243	289	103	178	186	126	117	243	184	167	190	195	101	291	320	282	283

I_pi0 = Initial inventory of item p at site i
 	0	41	29	104	190	167	155	47	205	165	38	75	185	81	192	85	91	31	148	113	209	186	203	156	64	68	17	167	29	29	95
	0	186	35	48	50	218	225	52	139	59	143	112	92	13	85	70	142	89	91	219	133	99	132	178	121	136	109	74	26	43	49
	0	77	78	96	91	78	44	66	98	45	72	16	114	59	111	87	88	59	24	13	116	32	68	113	104	99	96	43	88	76	60
	0	177	102	120	55	15	34	176	127	82	205	52	29	49	88	119	122	136	14	65	38	85	86	81	57	84	96	112	165	238	66
	0	114	71	79	88	273	97	218	67	202	135	96	90	10	46	97	133	164	56	92	132	257	62	115	16	93	85	197	173	76	173
	0	162	53	89	71	84	181	154	167	63	109	40	25	146	172	37	12	81	159	145	95	67	220	54	15	42	198	92	191	235	110
	0	122	89	170	185	121	157	162	169	80	168	40	81	16	45	155	120	127	174	90	45	70	94	62	82	199	171	186	215	65	25
	0	127	80	40	113	214	88	113	99	191	58	121	94	88	60	162	33	68	154	69	66	70	70	241	95	41	155	88	94	84	188
	0	121	184	20	108	178	133	90	130	200	100	174	34	72	48	142	89	216	225	153	245	154	63	96	54	148	49	168	157	42	77
	0	164	65	81	223	14	205	113	121	49	35	240	155	71	150	76	91	73	185	75	73	219	162	95	125	68	65	130	184	192	47

h_pi = Inventory cost of item p at site i
 	8	0	0	0	0	0	0	0	0	0	0	0	0	0	0	0	0	0	0	0	0	0	0	0	0	0	0	0	0	0	0
	3	0	0	0	0	0	0	0	0	0	0	0	0	0	0	0	0	0	0	0	0	0	0	0	0	0	0	0	0	0	0
	8	0	0	0	0	0	0	0	0	0	0	0	0	0	0	0	0	0	0	0	0	0	0	0	0	0	0	0	0	0	0
	8	0	0	0	0	0	0	0	0	0	0	0	0	0	0	0	0	0	0	0	0	0	0	0	0	0	0	0	0	0	0
	8	0	0	0	0	0	0	0	0	0	0	0	0	0	0	0	0	0	0	0	0	0	0	0	0	0	0	0	0	0	0
	8	0	0	0	0	0	0	0	0	0	0	0	0	0	0	0	0	0	0	0	0	0	0	0	0	0	0	0	0	0	0
	8	0	0	0	0	0	0	0	0	0	0	0	0	0	0	0	0	0	0	0	0	0	0	0	0	0	0	0	0	0	0
	8	0	0	0	0	0	0	0	0	0	0	0	0	0	0	0	0	0	0	0	0	0	0	0	0	0	0	0	0	0	0
	8	0	0	0	0	0	0	0	0	0	0	0	0	0	0	0	0	0	0	0	0	0	0	0	0	0	0	0	0	0	0
	3	0	0	0	0	0	0	0	0	0	0	0	0	0	0	0	0	0	0	0	0	0	0	0	0	0	0	0	0	0	0

C = Vehicle capacity
	3800

f = Fixed transportation cost
	29171

a_ik = Transportation cost for traveling from node i to node k
 	0	386	609	131	19	549	65	527	690	526	93	722	376	670	801	264	775	610	476	176	654	92	314	268	352	634	712	397	220	340	175
	386	0	244	516	378	189	335	145	415	153	296	425	57	286	419	132	434	247	200	270	277	473	507	493	260	258	334	18	212	99	213
	609	244	0	738	604	60	566	176	242	92	524	226	235	102	208	346	197	7	177	513	61	699	749	736	483	43	113	242	455	270	445
	131	516	738	0	139	679	186	656	807	655	222	842	506	800	932	394	900	739	600	286	784	51	326	277	453	764	842	527	339	469	304
	19	378	604	139	0	544	50	518	691	519	83	722	370	662	794	259	772	605	475	160	648	96	299	254	335	628	706	388	205	336	166
	549	189	60	679	544	0	507	151	256	44	465	252	176	145	264	286	246	61	131	456	113	640	696	681	438	92	169	189	400	211	387
	65	335	566	186	50	507	0	472	666	480	43	695	332	620	753	221	739	567	446	112	608	139	285	245	288	588	665	345	156	300	122
	527	145	176	656	518	151	472	0	406	111	435	398	180	168	295	276	367	181	249	394	177	611	605	599	323	166	224	131	334	229	353
	690	415	242	807	691	256	666	406	0	299	624	52	376	324	359	459	169	235	228	650	281	780	904	879	675	274	294	422	602	382	561
	526	153	92	655	519	44	480	111	299	0	439	296	150	149	278	262	285	95	149	422	129	615	658	645	395	109	187	151	365	191	358
	93	296	524	222	83	465	43	435	624	439	0	653	290	581	713	179	697	526	404	103	567	178	314	277	276	547	625	306	133	258	83
	722	425	226	842	722	252	695	398	52	296	653	0	391	297	318	482	120	220	251	672	257	813	923	901	683	253	261	430	621	403	586
	376	57	235	506	370	176	332	180	376	150	290	391	0	296	427	112	415	236	153	285	278	466	533	513	304	258	336	73	231	50	211
	670	286	102	800	662	145	620	168	324	149	581	297	296	0	133	407	228	107	274	552	45	758	771	764	490	60	59	278	493	340	499
	801	419	208	932	794	264	753	295	359	278	713	318	427	133	0	538	209	210	383	684	152	890	898	893	613	173	95	411	625	468	631
	264	132	346	394	259	286	221	276	459	262	179	482	112	407	538	0	519	347	233	192	390	354	447	421	270	370	448	146	150	81	105
	775	434	197	900	772	246	739	367	169	285	697	120	415	228	209	519	0	192	301	699	197	866	941	925	680	203	176	434	643	439	623
	610	247	7	739	605	61	567	181	235	95	526	220	236	107	210	347	192	0	174	515	66	700	752	739	488	48	115	245	458	271	447
	476	200	177	600	475	131	446	249	228	149	404	251	153	274	383	233	301	174	0	423	237	568	676	653	456	217	288	211	375	155	336
	176	270	513	286	160	456	112	394	650	422	103	672	285	552	684	192	699	515	423	0	546	236	255	230	177	528	602	275	60	269	98
	654	277	61	784	648	113	608	177	281	129	567	257	278	45	152	390	197	66	237	546	0	743	774	764	498	22	59	271	487	318	486
	92	473	699	51	96	640	139	611	780	615	178	813	466	758	890	354	866	700	568	236	743	0	290	241	403	723	801	483	290	431	260
	314	507	749	326	299	696	285	605	904	658	314	923	533	771	898	447	941	752	676	255	774	290	0	50	291	758	826	508	302	522	350
	268	493	736	277	254	681	245	599	879	645	277	901	513	764	893	421	925	739	653	230	764	241	50	0	296	747	818	495	283	498	321
	352	260	483	453	335	438	288	323	675	395	276	683	304	490	613	270	680	488	456	177	498	403	291	296	0	484	547	254	151	317	232
	634	258	43	764	628	92	588	166	274	109	547	253	258	60	173	370	203	48	217	528	22	723	758	747	484	0	79	254	469	297	466
	712	334	113	842	706	169	665	224	294	187	625	261	336	59	95	448	176	115	288	602	59	801	826	818	547	79	0	328	543	376	544
	397	18	242	527	388	189	345	131	422	151	306	430	73	278	411	146	434	245	211	275	271	483	508	495	254	254	328	0	217	116	223
	220	212	455	339	205	400	156	334	602	365	133	621	231	493	625	150	643	458	375	60	487	290	302	283	151	469	543	217	0	221	83
	340	99	270	469	336	211	300	229	382	191	258	403	50	340	468	81	439	271	155	269	318	431	522	498	317	297	376	116	221	0	185
	175	213	445	304	166	387	122	353	561	358	83	586	211	499	631	105	623	447	336	98	486	260	350	321	232	466	544	223	83	185	0

coordXY = Coordinates (x,y): line zero => x line one => y column => customers
 	101	306	314	40	119	291	160	412	104	316	164	145	252	413	462	206	258	308	168	266	369	84	360	312	437	355	395	323	287	208	208
	237	564	807	122	236	752	263	662	926	716	305	957	581	829	952	479	995	810	708	297	833	147	60	72	340	817	885	566	353	559	375

d_pit = Demand of item p at customer i in period t
 	41	22	70	36	44	32	88	59	81	99	74	94
	29	44	41	64	61	98	94	44	16	49	66	85
	22	82	94	98	18	53	93	26	13	14	68	32
	86	66	38	49	59	37	28	33	21	21	64	79
	75	92	60	56	53	71	55	62	45	60	96	79
	76	79	60	70	21	84	73	37	48	89	100	86
	47	40	56	57	56	72	49	57	72	26	56	97
	13	83	16	93	61	73	79	95	65	47	89	90
	76	89	68	63	73	91	90	60	46	80	77	98
	38	80	62	33	98	12	91	58	50	80	86	44
	63	12	61	85	39	45	42	31	60	55	83	79
	56	30	99	100	95	71	37	52	28	72	76	33
	81	92	48	42	43	21	42	91	66	87	27	65
	64	35	60	33	44	41	65	58	75	83	57	70
	85	68	81	75	67	16	20	13	34	63	70	20
	91	57	96	97	69	96	58	34	99	57	38	59
	13	18	48	46	35	30	58	87	52	44	23	13
	30	82	36	83	97	46	62	47	25	55	99	90
	41	72	49	84	84	98	24	87	59	46	69	74
	57	95	57	59	32	52	16	16	43	26	27	32
	74	92	20	50	37	49	25	46	14	43	67	86
	56	76	13	58	54	26	18	99	69	13	58	68
	39	46	71	93	17	40	52	52	54	73	34	92
	64	80	25	48	24	96	17	19	95	24	27	16
	68	97	52	48	69	98	41	46	56	83	45	60
	17	95	14	41	85	53	34	26	94	59	55	28
	75	92	51	65	37	27	45	13	87	74	43	69
	29	80	10	20	56	14	17	41	29	20	90	94
	29	46	13	73	46	19	70	62	28	44	95	82
	95	90	42	28	29	71	31	85	16	43	59	14

	42	89	55	92	98	61	21	37	93	68	90	69
	35	17	54	60	65	59	34	13	77	34	48	91
	48	71	79	93	61	24	99	70	17	62	94	34
	50	18	37	51	98	33	59	89	26	68	79	24
	82	38	98	36	56	38	55	72	48	55	55	25
	49	96	67	13	77	23	16	20	40	29	96	73
	52	30	39	10	51	13	22	48	12	26	96	26
	73	36	30	25	36	72	67	95	85	17	52	60
	59	89	25	54	44	17	51	12	10	85	62	91
	89	29	25	82	84	46	29	19	51	38	49	28
	45	45	22	81	68	70	11	85	41	16	55	62
	92	73	14	96	58	31	52	39	62	94	80	71
	13	42	91	83	83	20	86	29	77	72	16	66
	11	43	31	99	37	18	95	87	79	40	21	54
	39	31	89	83	25	92	87	29	23	30	66	17
	23	24	95	87	70	96	27	46	22	23	88	98
	89	70	93	43	41	25	84	47	29	52	67	86
	29	46	16	42	89	87	92	68	96	86	32	90
	70	66	83	79	41	47	86	41	100	40	60	45
	99	34	87	77	24	68	13	38	88	85	15	31
	99	96	16	56	86	25	67	39	63	19	85	29
	41	46	18	27	59	34	14	33	61	73	56	59
	97	28	53	17	80	90	79	72	44	49	21	44
	72	49	22	77	97	13	25	33	82	79	54	36
	100	36	42	50	43	14	12	89	41	17	52	98
	38	71	19	17	45	14	25	43	26	42	83	10
	74	73	32	16	19	53	24	64	50	19	17	97
	26	100	16	19	20	86	87	95	92	34	79	44
	43	43	88	97	60	42	96	18	96	80	93	27
	49	89	92	93	76	88	67	90	68	39	66	40

	77	11	34	46	82	46	45	50	59	85	31	40
	58	20	54	29	29	32	57	66	13	21	15	87
	96	96	68	35	91	12	13	31	24	63	85	98
	91	56	91	68	14	30	69	73	63	38	74	30
	78	68	29	15	81	74	40	98	23	94	61	30
	44	83	34	12	68	99	22	42	99	94	28	68
	35	31	25	19	48	83	26	33	35	55	63	53
	98	48	28	37	27	88	69	29	97	73	56	73
	31	14	51	52	21	45	94	53	49	49	100	44
	72	83	92	62	77	14	53	89	41	45	39	95
	16	87	17	77	39	11	10	60	22	44	33	92
	36	78	73	86	45	45	41	46	96	57	87	73
	59	25	17	42	44	53	38	20	37	79	37	24
	55	56	13	97	56	95	82	63	43	14	45	75
	76	11	44	56	98	89	56	84	90	67	37	43
	88	89	75	31	68	34	79	76	85	84	36	42
	59	93	31	68	34	66	82	23	21	37	60	33
	24	67	91	48	51	57	38	33	72	11	40	52
	13	20	85	14	98	25	50	49	66	77	77	64
	41	75	57	34	82	23	21	45	35	70	76	20
	32	98	47	17	88	66	62	40	78	67	85	62
	38	30	90	81	89	52	12	79	18	25	14	77
	55	58	91	17	54	56	91	84	77	19	20	64
	83	21	42	74	98	60	61	58	60	39	87	57
	99	40	99	94	11	44	25	29	53	91	39	40
	55	26	15	23	36	29	54	64	96	30	99	98
	43	98	93	96	62	90	75	44	24	64	78	34
	88	63	60	25	83	84	72	85	22	26	69	98
	76	38	78	46	52	83	54	54	18	68	78	18
	60	22	58	89	41	67	88	50	11	43	72	99

	13	89	75	81	100	88	17	45	40	75	22	69
	38	16	15	33	100	53	19	97	35	93	87	93
	86	34	75	19	21	38	93	39	94	80	39	31
	55	94	15	79	87	22	92	45	63	79	83	92
	15	45	55	30	84	10	81	53	12	39	39	54
	17	17	90	60	64	84	67	54	14	36	47	29
	98	78	80	36	12	100	82	87	18	27	76	35
	39	48	40	69	38	55	31	41	24	65	20	74
	82	54	35	87	61	14	95	18	96	80	51	30
	80	94	31	76	72	99	68	64	23	27	92	88
	52	48	81	19	49	64	89	55	56	41	90	67
	29	84	67	12	53	20	57	12	58	99	10	21
	49	67	44	41	31	28	24	48	22	11	60	37
	52	36	43	64	80	29	92	37	40	43	17	95
	82	37	54	62	73	27	48	53	41	55	72	27
	71	51	14	30	60	11	17	27	29	45	100	34
	79	57	68	13	76	33	25	53	23	79	23	13
	14	78	28	36	60	55	73	52	65	48	20	83
	65	89	81	74	26	42	19	22	19	12	51	44
	25	13	12	67	43	34	24	44	49	12	75	63
	39	46	74	53	38	80	20	63	16	84	38	66
	86	90	76	34	48	64	45	35	11	52	27	63
	81	61	91	31	92	52	56	63	24	35	47	16
	57	33	77	39	19	27	84	92	44	67	87	56
	31	53	89	31	36	19	14	91	43	51	62	89
	96	25	13	68	37	41	32	59	19	93	77	96
	14	98	85	52	54	30	67	13	97	63	82	86
	91	18	56	88	18	89	57	57	16	41	65	49
	51	94	19	74	88	57	28	58	48	76	24	96
	66	51	23	24	37	32	79	55	20	28	100	22

	62	52	81	89	55	35	77	48	72	80	27	35
	71	28	21	55	30	62	18	14	46	85	25	46
	79	100	67	40	30	24	59	60	12	28	14	90
	45	43	61	60	70	59	30	46	86	45	29	30
	41	63	91	78	33	35	45	86	57	83	37	54
	70	27	36	48	34	45	64	85	96	60	65	25
	18	63	79	58	69	12	95	71	49	43	58	26
	44	23	72	67	53	48	73	60	20	81	23	74
	32	89	81	61	23	91	82	27	45	98	96	64
	39	96	92	60	88	86	65	39	88	47	85	89
	61	15	20	38	12	84	76	84	63	53	58	15
	40	50	72	66	71	79	41	32	11	66	39	47
	10	47	63	40	24	30	38	66	45	32	71	74
	46	81	61	44	58	75	28	28	46	41	98	26
	97	57	20	55	32	99	86	32	76	30	32	85
	70	63	50	32	98	11	27	16	74	46	53	49
	12	79	73	85	17	32	31	36	63	17	47	65
	56	73	69	30	26	80	51	73	80	47	82	99
	92	33	19	61	21	41	40	79	24	71	82	12
	46	86	92	28	94	61	16	20	17	58	79	71
	81	77	14	85	93	72	81	79	64	48	83	97
	15	47	93	64	79	81	77	65	61	82	63	58
	43	72	51	31	22	16	60	47	56	19	20	50
	16	11	58	35	93	42	28	63	83	72	26	46
	39	54	16	98	97	87	51	88	49	32	68	50
	23	62	65	20	45	45	48	44	41	41	99	33
	97	52	48	56	69	30	63	16	20	23	74	20
	52	24	19	78	41	88	86	39	50	36	79	28
	34	42	25	83	98	94	41	19	28	23	90	18
	97	76	91	33	59	39	42	89	96	91	50	90

	64	18	12	68	19	74	47	79	84	77	92	27
	53	67	63	70	73	44	62	67	80	74	15	17
	89	33	99	59	23	27	14	58	13	62	83	79
	11	45	15	90	85	47	82	38	13	40	52	39
	84	69	60	48	51	74	40	94	14	54	82	64
	65	23	60	33	95	72	69	27	35	80	24	17
	72	68	14	83	25	75	54	35	95	21	81	89
	75	92	88	66	84	95	27	76	18	35	56	82
	63	28	33	46	83	52	22	14	23	78	66	83
	73	36	48	24	63	97	19	18	89	90	29	82
	28	12	29	27	10	19	34	43	85	43	25	100
	25	59	75	77	41	90	33	82	89	58	84	82
	76	14	56	56	34	73	47	58	14	23	16	33
	36	98	38	99	23	24	77	13	69	40	57	63
	16	21	66	82	85	52	95	43	44	85	76	95
	12	24	17	27	95	45	10	15	47	33	74	31
	81	82	33	65	77	38	81	98	34	83	84	83
	27	43	89	63	48	57	97	77	16	48	89	66
	44	55	46	65	70	67	90	26	34	60	41	75
	62	33	56	12	82	23	17	50	15	77	90	47
	67	48	94	39	35	77	28	54	19	19	18	20
	77	78	65	60	11	73	65	43	94	70	75	63
	54	10	74	84	22	63	13	77	19	66	21	85
	15	61	19	92	82	19	96	48	53	17	31	33
	42	87	62	87	31	54	14	57	38	12	46	80
	26	90	18	64	72	89	42	26	99	84	52	41
	92	49	79	93	96	12	28	96	73	52	83	54
	98	11	55	27	100	95	60	32	67	37	65	40
	98	79	58	31	87	50	55	76	86	13	38	55
	75	35	80	19	11	60	40	40	38	14	64	25

	74	27	21	91	62	28	40	33	31	15	74	37
	89	29	39	84	39	11	70	89	48	51	17	17
	54	84	32	41	90	41	66	39	22	71	54	19
	91	94	82	52	82	43	38	85	26	80	100	89
	12	23	86	19	57	96	36	72	56	83	73	75
	97	36	24	12	71	94	77	15	70	29	29	88
	70	19	73	47	55	99	67	56	52	59	66	41
	45	16	26	82	87	56	99	55	81	84	98	69
	12	47	21	27	87	97	63	58	34	57	96	100
	30	47	91	83	27	67	63	99	61	38	83	37
	23	17	97	47	26	64	12	42	87	17	72	87
	30	34	17	31	61	28	91	41	61	26	66	77
	16	44	62	85	40	21	66	40	58	92	75	96
	45	51	82	16	94	33	44	30	56	62	68	36
	46	67	42	83	19	98	82	79	100	74	24	71
	54	66	60	68	70	85	52	79	28	13	84	77
	35	69	23	47	85	33	91	67	13	24	73	30
	50	46	78	74	80	34	59	19	46	83	69	46
	90	75	71	31	39	79	59	90	76	82	52	97
	45	33	32	17	100	16	65	27	32	54	58	93
	33	37	67	56	36	92	80	12	71	26	57	37
	94	10	40	34	76	57	14	52	39	28	29	97
	23	16	23	59	52	57	70	67	71	94	48	45
	82	94	61	49	43	64	54	63	65	51	83	98
	35	86	78	51	95	55	21	94	11	85	97	16
	82	16	11	62	44	65	55	89	77	65	76	53
	15	53	37	81	43	90	48	67	30	14	92	64
	21	97	97	96	41	100	92	50	49	38	14	92
	65	81	99	58	28	54	58	69	87	86	19	24
	14	11	31	95	81	99	70	18	95	52	52	77

	97	30	76	57	12	60	27	36	78	91	58	41
	80	32	59	98	39	18	80	53	95	75	98	44
	40	76	81	40	70	92	56	31	84	67	26	78
	94	19	62	37	67	60	77	18	25	45	64	35
	23	99	75	17	64	49	46	33	39	40	63	84
	88	62	77	50	41	52	29	95	73	27	94	13
	27	13	73	81	93	13	21	59	19	96	65	30
	99	86	80	97	68	94	24	39	88	56	51	59
	97	94	60	29	82	49	82	12	45	94	87	60
	58	18	59	70	34	60	72	71	84	84	78	50
	18	20	83	37	43	35	70	23	11	45	56	29
	62	32	95	41	36	28	18	64	71	62	19	46
	52	36	15	65	24	61	45	99	23	50	85	56
	48	12	60	91	76	78	95	65	57	76	14	99
	58	34	14	56	84	34	81	54	97	65	45	66
	33	17	54	28	97	42	47	12	63	64	13	37
	68	19	61	84	75	74	69	56	88	60	80	82
	97	57	70	25	47	28	86	25	75	81	21	37
	69	27	88	35	39	25	69	75	17	61	54	95
	66	97	41	90	22	25	56	75	71	49	38	85
	16	54	26	17	85	59	52	62	81	59	22	58
	70	87	74	83	16	61	98	13	96	92	24	72
	41	87	82	31	52	26	60	99	29	47	25	54
	21	74	89	27	27	89	51	61	26	80	64	99
	41	17	53	59	15	34	37	45	19	30	83	42
	30	67	58	49	90	50	33	87	37	70	24	22
	88	37	41	56	17	36	54	36	77	43	93	17
	32	28	17	17	27	24	98	71	18	32	90	73
	84	87	52	44	35	50	20	57	45	70	86	18
	70	49	20	49	72	87	30	37	69	65	15	35

	58	63	80	22	53	19	36	79	69	32	62	61
	65	69	50	18	38	96	92	98	14	76	98	21
	20	36	18	33	22	66	57	19	35	47	90	14
	42	44	22	98	40	40	52	15	12	72	73	92
	96	82	31	53	94	22	73	67	51	17	100	78
	58	53	22	65	28	74	51	49	82	89	66	32
	90	93	82	81	40	20	70	51	52	40	20	49
	96	34	63	67	13	100	59	23	22	56	93	55
	41	27	76	56	82	94	96	54	40	30	97	34
	55	45	87	85	100	34	75	45	99	95	63	31
	65	17	92	34	49	56	45	91	90	94	95	55
	34	56	84	41	87	42	24	30	14	76	47	34
	38	34	58	11	83	88	40	38	27	73	71	73
	19	29	10	60	40	36	35	70	44	60	26	16
	39	19	84	49	63	44	14	88	53	53	21	75
	19	70	64	17	23	16	86	29	28	24	89	29
	85	25	42	64	17	69	29	80	92	95	40	86
	80	93	52	67	91	44	10	68	59	18	84	89
	54	81	18	53	72	72	70	29	88	47	75	75
	90	88	67	87	22	43	85	88	38	15	89	76
	65	89	97	77	33	55	17	39	53	82	40	17
	24	39	82	45	21	61	75	21	97	84	21	70
	96	37	50	15	43	52	78	98	75	68	51	31
	54	70	21	57	50	56	55	74	79	30	90	30
	65	83	65	63	42	21	21	53	40	97	67	89
	27	11	11	62	33	71	42	32	55	71	82	72
	86	26	56	70	57	15	47	25	19	24	88	84
	63	94	81	70	84	86	90	87	93	27	27	25
	21	21	90	77	80	31	70	97	66	64	67	60
	77	12	68	40	73	95	81	18	50	86	36	24

	65	99	65	93	76	76	19	13	43	47	89	73
	45	20	87	56	77	97	96	32	82	25	87	40
	81	56	40	91	98	13	33	21	71	57	34	98
	25	66	63	69	75	59	29	51	75	93	27	76
	14	99	26	24	17	94	79	49	22	25	30	20
	88	58	59	92	30	45	82	81	79	29	67	47
	40	73	58	49	43	18	60	97	36	44	68	70
	28	93	26	91	35	45	35	27	91	95	32	33
	49	47	36	16	91	68	66	68	82	12	30	12
	35	17	62	29	59	45	66	90	62	13	95	72
	25	39	100	76	83	31	94	73	42	59	84	79
	91	64	92	87	49	82	64	78	28	92	45	30
	71	82	86	62	13	70	23	32	19	48	47	38
	36	91	23	37	25	46	73	82	44	22	70	33
	76	71	49	74	42	88	86	85	32	11	31	49
	91	42	57	74	79	51	24	47	37	36	20	62
	61	12	78	78	89	92	90	55	30	40	63	24
	41	57	87	59	59	49	12	57	23	54	26	34
	75	74	87	84	67	32	84	70	55	88	22	18
	73	65	76	72	44	36	14	54	39	95	100	35
	92	25	92	10	92	52	54	78	96	50	68	20
	68	94	27	85	23	23	15	50	12	67	20	67
	95	96	19	46	46	30	47	56	44	91	76	22
	34	91	36	61	87	62	17	47	45	11	63	17
	14	36	18	30	34	97	47	41	51	100	84	32
	42	23	94	60	45	100	21	52	20	30	40	81
	35	69	26	54	84	96	67	25	63	75	52	53
	69	48	67	83	96	93	80	77	54	33	46	23
	96	96	61	38	54	52	95	60	95	19	82	99
	47	71	20	78	76	93	80	99	22	12	72	10

