***** PARAMETERS PRP *****

Number of Customers = 30
Number of Products = 10
Number of Vehicles = 5
Number of Periods = 12

B = Production capacity
	49555

b_p = Time required to produce item p
 	1	1	1	1	1	1	1	1	1	1

c_p = Production cost of item p
 	80	30	30	30	80	80	80	30	80	30

s_p = Setup cost of item p
 	800	300	300	300	800	800	800	300	800	300

M = Big number
	198218

U_pi = Maximum inventory upper bound of item p at site i
 	198218	127	193	218	149	149	167	117	194	91	195	102	199	199	324	171	257	253	181	321	151	263	235	114	271	219	223	148	121	108	84
	198218	310	276	127	131	147	221	91	187	93	152	177	110	151	210	274	131	126	206	213	179	237	80	115	253	267	225	283	272	241	310
	198218	89	252	161	162	117	201	175	119	112	168	156	227	136	274	266	252	167	215	346	131	138	167	291	172	212	257	131	306	111	287
	198218	223	116	222	298	116	122	109	283	182	99	283	177	310	278	225	313	116	218	145	114	277	310	108	308	329	83	240	184	104	102
	198218	172	124	205	204	113	230	294	129	90	118	268	244	102	125	298	106	232	88	228	205	231	103	277	205	301	116	178	206	217	213
	198218	96	190	276	323	268	167	335	108	143	117	129	87	236	164	128	267	149	281	169	208	140	324	190	207	103	124	146	205	164	92
	198218	133	112	178	105	265	207	233	287	82	293	107	224	226	132	148	167	154	320	268	106	263	153	124	258	154	167	83	114	126	104
	198218	153	149	195	155	126	242	147	197	332	350	122	156	293	188	249	121	248	232	131	217	281	140	209	207	66	227	177	111	110	168
	198218	128	89	295	284	283	283	103	250	245	250	136	207	205	156	213	179	92	236	230	123	222	299	131	183	103	182	225	318	191	261
	198218	108	241	206	307	166	111	259	114	247	117	166	349	234	190	101	233	323	149	129	257	258	128	136	117	193	166	168	96	226	228

I_pi0 = Initial inventory of item p at site i
 	0	92	81	116	124	95	108	53	42	89	123	101	94	47	129	120	203	220	108	311	122	181	50	96	88	55	158	148	46	90	51
	0	275	173	97	76	106	128	51	181	91	73	84	90	125	100	196	18	87	144	156	40	80	47	23	113	208	139	54	35	136	84
	0	89	97	55	143	89	47	22	76	97	160	34	153	79	243	165	89	50	17	162	49	97	46	224	69	186	224	56	222	44	195
	0	134	81	90	34	109	119	85	95	162	56	165	96	95	66	145	187	106	79	83	113	68	175	89	133	83	73	212	151	90	55
	0	23	80	199	99	91	67	111	99	44	40	228	93	53	74	166	61	147	30	196	119	209	73	222	202	187	81	157	38	24	207
	0	61	92	32	263	216	39	212	69	133	66	89	66	132	133	84	172	139	196	16	122	24	288	85	144	101	66	142	158	156	65
	0	68	68	170	77	165	110	93	96	48	201	105	192	60	85	102	61	147	113	135	89	35	113	116	186	100	140	44	113	126	80
	0	143	120	177	42	112	153	119	150	294	91	114	121	157	127	54	33	99	137	64	112	200	79	155	140	42	217	97	65	31	99
	0	14	55	139	255	84	78	68	131	203	207	94	78	64	32	53	150	54	96	208	101	83	187	116	177	94	22	174	185	85	95
	0	69	83	180	126	78	14	233	98	57	63	83	63	232	66	66	46	189	95	125	110	100	24	99	79	62	93	87	84	123	18

h_pi = Inventory cost of item p at site i
 	8	0	0	0	0	0	0	0	0	0	0	0	0	0	0	0	0	0	0	0	0	0	0	0	0	0	0	0	0	0	0
	3	0	0	0	0	0	0	0	0	0	0	0	0	0	0	0	0	0	0	0	0	0	0	0	0	0	0	0	0	0	0
	3	0	0	0	0	0	0	0	0	0	0	0	0	0	0	0	0	0	0	0	0	0	0	0	0	0	0	0	0	0	0
	3	0	0	0	0	0	0	0	0	0	0	0	0	0	0	0	0	0	0	0	0	0	0	0	0	0	0	0	0	0	0
	8	0	0	0	0	0	0	0	0	0	0	0	0	0	0	0	0	0	0	0	0	0	0	0	0	0	0	0	0	0	0
	8	0	0	0	0	0	0	0	0	0	0	0	0	0	0	0	0	0	0	0	0	0	0	0	0	0	0	0	0	0	0
	8	0	0	0	0	0	0	0	0	0	0	0	0	0	0	0	0	0	0	0	0	0	0	0	0	0	0	0	0	0	0
	3	0	0	0	0	0	0	0	0	0	0	0	0	0	0	0	0	0	0	0	0	0	0	0	0	0	0	0	0	0	0
	8	0	0	0	0	0	0	0	0	0	0	0	0	0	0	0	0	0	0	0	0	0	0	0	0	0	0	0	0	0	0
	3	0	0	0	0	0	0	0	0	0	0	0	0	0	0	0	0	0	0	0	0	0	0	0	0	0	0	0	0	0	0

C = Vehicle capacity
	3500

f = Fixed transportation cost
	28582

a_ik = Transportation cost for traveling from node i to node k
 	0	803	590	415	669	722	553	255	450	139	650	385	764	217	430	354	321	512	41	403	781	734	716	614	784	920	623	456	219	141	353
	803	0	418	392	291	92	261	575	463	804	217	435	310	677	394	449	496	328	772	479	226	164	127	329	151	119	364	755	600	682	640
	590	418	0	274	135	333	362	341	142	523	204	256	196	389	398	337	420	178	550	190	253	487	434	90	301	517	58	356	379	450	287
	415	392	274	0	287	308	171	185	176	413	243	54	386	294	132	73	152	116	382	150	381	357	325	246	373	510	274	447	209	290	299
	669	291	135	287	0	213	304	415	234	623	96	294	100	488	383	359	438	172	631	273	124	385	330	59	167	384	78	489	451	530	405
	722	92	333	308	213	0	199	487	371	716	129	347	254	588	328	369	424	237	689	387	182	182	128	243	118	208	281	664	515	597	548
	553	261	362	171	304	199	0	350	318	574	217	224	388	462	133	205	238	189	526	308	345	188	164	293	303	373	334	610	368	445	467
	255	575	341	185	415	487	350	0	199	230	402	141	509	113	261	152	184	263	217	151	529	538	508	360	536	693	370	332	39	116	179
	450	463	142	176	234	371	318	199	0	391	254	138	321	255	307	221	300	141	410	49	356	484	438	176	383	575	176	299	238	309	180
	139	804	523	413	623	716	574	230	391	0	624	370	711	136	468	370	368	487	115	351	743	762	735	566	759	922	566	327	207	134	252
	650	217	204	243	96	129	217	402	254	624	0	266	172	491	313	314	385	139	614	280	141	291	237	115	135	324	154	540	434	517	433
	385	435	256	54	294	347	224	141	138	370	266	0	393	245	176	84	166	128	349	103	399	409	374	245	400	553	267	395	170	253	245
	764	310	196	386	100	254	388	509	321	711	172	393	0	575	478	458	537	271	725	363	88	435	381	150	161	378	146	544	546	624	481
	217	677	389	294	488	588	462	113	255	136	491	245	575	0	372	264	288	355	178	216	608	649	618	430	625	795	431	262	110	98	137
	430	394	398	132	383	328	133	261	307	468	313	176	478	372	0	112	110	224	405	278	452	305	291	354	423	505	388	566	267	335	412
	354	449	337	73	359	369	205	152	221	370	314	84	458	264	112	0	84	188	324	182	453	392	367	316	441	566	342	457	164	240	303
	321	496	420	152	438	424	238	184	300	368	385	166	537	288	110	84	0	268	298	259	526	414	399	398	508	610	425	512	178	234	356
	512	328	178	116	172	237	189	263	141	487	139	128	271	355	224	188	268	0	476	151	271	343	298	132	274	444	165	440	295	378	313
	41	772	550	382	631	689	526	217	410	115	614	349	725	178	405	324	298	476	0	364	744	708	689	576	748	889	584	421	181	101	314
	403	479	190	150	273	387	308	151	49	351	280	103	363	216	278	182	259	151	364	0	392	484	442	216	412	594	221	302	189	263	164
	781	226	253	381	124	182	345	529	356	743	141	399	88	608	452	453	526	271	744	392	0	362	309	182	76	291	197	608	563	645	529
	734	164	487	357	385	182	188	538	484	762	291	409	435	649	305	392	414	343	708	484	362	0	56	402	293	236	443	782	555	631	646
	716	127	434	325	330	128	164	508	438	735	237	374	381	618	291	367	399	298	689	442	309	56	0	348	241	221	389	737	528	607	605
	614	329	90	246	59	243	293	360	176	566	115	245	150	430	354	316	398	132	576	216	182	402	348	0	218	429	42	437	397	475	348
	784	151	301	373	167	118	303	536	383	759	135	400	161	625	423	441	508	274	748	412	76	293	241	218	0	222	244	654	569	651	560
	920	119	517	510	384	208	373	693	575	922	324	553	378	795	505	566	610	444	889	594	291	236	221	429	222	0	461	863	718	800	753
	623	364	58	274	78	281	334	370	176	566	154	267	146	431	388	342	425	165	584	221	197	443	389	42	244	461	0	413	408	483	337
	456	755	356	447	489	664	610	332	299	327	540	395	544	262	566	457	512	440	421	302	608	782	737	437	654	863	413	0	352	359	156
	219	600	379	209	451	515	368	39	238	207	434	170	546	110	267	164	178	295	181	189	563	555	528	397	569	718	408	352	0	83	203
	141	682	450	290	530	597	445	116	309	134	517	253	624	98	335	240	234	378	101	263	645	631	607	475	651	800	483	359	83	0	230
	353	640	287	299	405	548	467	179	180	252	433	245	481	137	412	303	356	313	314	164	529	646	605	348	560	753	337	156	203	230	0

coordXY = Coordinates (x,y): line zero => x line one => y column => customers
 	26	161	405	136	360	187	58	159	305	164	268	168	434	209	8	85	7	228	56	265	368	8	60	349	300	164	388	470	130	112	332
	31	822	483	431	610	734	583	248	383	19	634	388	676	147	460	380	351	501	58	355	733	764	746	553	765	940	538	134	223	142	206

d_pit = Demand of item p at customer i in period t
 	92	62	69	75	79	36	53	93	88	61	22	33
	23	58	51	61	84	58	73	98	76	48	57	84
	33	39	44	85	48	17	32	85	93	17	82	79
	58	66	91	73	14	59	93	21	38	17	45	22
	95	53	74	34	12	45	43	21	98	33	57	31
	72	36	91	82	39	67	49	23	15	65	87	40
	22	31	98	98	42	36	68	30	95	31	89	63
	28	14	91	76	50	33	78	44	39	54	61	13
	13	64	12	86	33	41	22	49	67	27	37	93
	20	73	30	77	84	83	19	89	100	83	60	62
	26	75	71	25	76	75	32	36	46	58	32	57
	94	64	83	76	70	98	96	22	72	78	31	11
	29	18	37	76	31	74	32	15	22	71	94	97
	57	72	50	61	87	40	99	39	59	48	99	67
	88	32	53	52	63	28	98	32	58	66	27	85
	26	57	78	42	25	47	38	83	27	83	81	30
	74	72	74	87	20	96	79	27	60	89	50	31
	12	73	23	34	56	69	19	57	33	34	37	95
	93	39	94	85	13	55	93	37	37	79	96	49
	66	56	48	35	26	58	46	38	53	80	44	55
	95	53	33	75	85	91	42	46	83	10	81	96
	50	68	73	26	40	20	30	66	48	94	95	94
	96	46	96	47	61	92	16	28	64	94	25	16
	52	36	83	49	41	72	51	85	34	49	59	39
	55	84	95	95	15	24	70	18	83	21	23	74
	16	99	43	90	58	33	37	33	26	45	31	24
	68	80	17	18	59	40	23	56	38	10	88	94
	32	14	38	51	56	18	17	63	34	89	51	21
	56	18	16	72	27	77	56	69	33	80	72	70
	51	45	38	15	29	49	64	41	24	53	22	70

	24	92	81	78	59	46	17	48	79	82	95	42
	78	25	70	76	28	41	65	66	57	74	26	56
	97	52	43	73	93	71	51	74	78	26	43	62
	27	49	40	59	97	16	96	98	38	71	98	99
	32	74	36	99	16	34	61	50	31	33	24	99
	45	83	39	65	30	46	40	62	51	36	73	93
	51	64	41	43	90	80	34	16	52	33	31	10
	90	91	70	61	48	22	94	77	23	80	56	35
	55	36	33	38	93	46	36	43	79	34	53	14
	73	84	60	29	14	46	35	61	31	66	92	18
	84	40	36	31	80	43	75	76	99	32	65	48
	14	29	47	22	34	45	18	26	17	84	86	16
	35	72	18	89	97	16	25	37	92	86	27	11
	45	55	14	53	32	17	95	95	10	37	39	12
	30	30	69	67	61	37	32	69	94	26	92	51
	18	41	18	48	14	73	15	67	39	89	74	26
	87	99	27	90	77	79	34	95	11	87	22	47
	42	63	39	77	76	16	59	34	40	11	85	75
	30	35	18	73	34	84	99	60	67	87	39	14
	40	93	79	64	61	28	86	33	90	32	68	40
	25	55	66	26	31	39	92	87	34	17	82	15
	47	37	52	62	12	70	33	14	56	24	21	54
	23	37	71	59	79	76	71	50	60	78	16	71
	29	84	43	49	20	65	84	45	11	37	55	86
	81	36	91	75	59	17	29	18	38	90	60	46
	88	51	84	25	40	60	90	82	22	15	25	93
	54	60	12	89	26	46	91	32	91	52	62	65
	35	93	56	42	21	30	17	18	75	91	81	93
	62	74	24	38	91	64	89	73	73	28	75	33
	84	64	93	90	77	13	68	83	51	26	44	50

	72	17	52	67	30	20	29	15	83	96	29	26
	55	42	57	51	82	24	40	18	97	50	54	34
	55	49	41	14	38	57	62	71	85	17	78	76
	49	46	48	59	15	19	31	28	22	13	82	74
	89	30	22	28	35	34	69	67	88	47	96	99
	47	94	16	80	18	34	31	84	76	40	63	20
	22	42	93	14	75	96	48	76	77	64	39	55
	76	88	36	75	92	16	21	82	72	16	100	41
	97	88	20	56	35	90	14	49	25	99	60	41
	60	17	83	66	74	38	43	97	79	37	17	62
	34	13	58	99	80	98	12	59	46	42	52	29
	59	94	90	78	48	24	26	29	34	32	99	68
	79	89	56	89	47	94	77	83	63	11	77	48
	67	92	84	21	53	80	48	97	35	97	83	65
	40	11	23	91	15	71	76	84	88	32	64	43
	89	86	51	92	25	53	38	73	35	60	88	67
	50	35	62	67	65	11	26	92	82	21	83	75
	17	83	97	84	63	96	27	20	39	42	67	10
	89	73	27	71	95	42	51	87	93	93	76	33
	49	90	47	27	73	10	66	37	30	37	48	11
	97	64	79	46	84	87	85	71	41	95	40	41
	46	27	99	62	46	73	78	70	18	66	57	24
	78	15	34	97	99	31	61	85	65	48	44	41
	69	96	100	29	41	11	60	82	50	33	56	60
	95	91	83	45	26	28	11	53	54	68	30	51
	76	74	74	45	16	43	50	47	82	77	94	94
	56	93	71	69	86	34	53	74	27	65	81	78
	79	51	92	86	64	51	53	88	19	64	49	38
	44	21	77	23	78	45	10	94	29	94	89	60
	40	77	78	66	64	57	98	38	76	43	23	28

	49	22	63	88	78	60	34	83	10	70	83	30
	52	10	19	93	78	83	42	11	94	79	98	34
	90	12	13	46	50	51	24	39	85	23	84	16
	34	34	57	19	90	85	49	70	68	73	89	48
	79	30	21	51	63	84	98	97	84	50	20	18
	64	55	69	63	25	89	78	82	43	13	58	93
	85	42	56	42	35	93	27	27	91	64	30	62
	95	92	68	65	23	67	40	35	44	56	82	12
	63	99	96	11	45	53	100	50	18	94	15	83
	42	14	83	85	76	14	12	89	49	13	92	24
	84	81	51	18	87	94	56	61	67	16	13	52
	96	63	68	41	30	75	62	22	94	28	48	80
	95	60	90	54	64	79	14	40	59	52	86	52
	66	19	14	69	99	53	83	26	93	100	24	22
	31	11	61	42	41	40	85	44	75	65	13	32
	71	25	25	66	50	89	63	18	69	94	85	95
	57	49	91	22	65	55	37	83	88	20	41	86
	79	65	46	42	52	83	66	11	48	96	14	52
	17	55	11	55	55	94	64	44	64	48	46	26
	30	83	40	69	36	62	22	23	95	91	80	53
	68	92	28	28	25	86	18	78	69	83	38	52
	63	40	72	54	66	81	93	37	61	64	71	41
	89	63	40	92	27	71	90	47	12	16	32	69
	25	35	73	60	56	45	53	67	97	66	69	92
	83	65	83	96	98	78	81	40	44	72	20	29
	73	19	22	95	14	37	19	72	25	30	74	18
	87	26	58	41	19	27	19	25	34	82	70	88
	60	91	42	45	29	66	26	13	13	38	86	43
	58	32	15	45	30	46	29	93	79	15	93	90
	15	40	78	75	33	52	15	90	64	26	68	56

	23	65	90	99	87	14	99	21	63	24	75	29
	80	66	64	53	43	70	31	77	90	50	86	32
	77	60	62	35	35	33	29	97	16	73	56	43
	99	51	28	77	77	21	73	78	99	54	82	75
	45	46	16	39	32	51	71	25	28	72	12	13
	67	63	78	73	25	53	85	45	70	28	92	11
	49	62	45	91	39	29	85	28	83	79	37	78
	37	62	51	52	69	35	94	71	76	99	39	88
	34	10	91	70	14	79	89	40	62	12	23	14
	40	87	64	25	92	91	52	18	89	31	46	70
	97	92	39	25	26	41	69	76	47	96	25	11
	93	17	87	52	65	11	69	75	81	67	89	25
	53	46	53	69	81	35	17	28	44	94	72	17
	74	67	89	78	75	16	75	47	84	35	65	43
	61	48	57	48	97	68	65	69	35	40	57	70
	61	50	98	87	39	43	33	15	34	32	48	93
	60	87	91	36	30	89	19	43	56	92	28	66
	30	72	52	15	82	62	35	21	34	16	44	66
	51	95	50	55	21	53	19	43	80	50	18	12
	14	11	94	66	31	70	15	22	86	53	60	93
	31	42	40	96	67	14	48	73	93	60	71	58
	39	34	64	29	51	87	76	69	53	21	20	74
	26	46	80	70	19	98	58	51	73	15	87	42
	56	10	52	84	96	81	38	23	50	37	19	69
	69	41	77	97	94	72	99	65	60	63	98	67
	62	19	83	28	77	32	63	52	51	83	69	76
	69	88	93	71	54	25	23	40	60	21	95	71
	38	43	53	84	84	94	17	30	79	59	22	14
	13	11	95	30	66	34	80	12	98	73	84	56
	21	99	87	93	85	35	98	96	60	39	58	79

	37	24	47	75	88	12	39	46	46	53	56	54
	92	14	44	22	19	34	75	99	19	22	34	97
	32	96	38	30	45	82	84	54	23	93	68	18
	88	61	38	76	99	69	75	50	43	91	13	71
	95	35	86	66	98	32	14	11	54	78	59	16
	39	96	79	58	53	24	38	78	88	32	51	32
	83	50	79	30	80	25	100	93	94	95	17	57
	15	54	42	92	38	52	10	64	93	95	71	20
	83	50	81	72	71	99	13	85	51	95	81	77
	66	47	15	69	17	28	56	20	64	23	11	50
	89	92	57	91	39	32	35	60	75	86	40	77
	66	83	11	46	15	15	39	93	24	48	59	21
	35	97	27	14	33	37	92	27	40	30	56	79
	100	33	46	91	82	86	56	26	64	24	18	28
	56	28	99	98	82	47	78	46	83	85	18	49
	80	92	68	63	75	25	34	78	78	23	96	88
	76	63	79	58	50	61	10	71	11	50	46	19
	84	55	57	89	27	92	43	30	96	16	50	36
	16	92	58	48	12	88	21	97	86	48	42	67
	54	58	10	44	76	78	44	38	26	42	12	16
	24	92	89	97	88	54	36	80	72	90	37	82
	41	62	87	98	67	59	49	98	43	76	70	27
	85	64	42	67	73	31	91	68	10	61	92	75
	31	41	42	30	89	100	90	28	23	24	63	59
	84	17	46	30	21	38	92	82	71	70	19	46
	46	20	64	75	20	28	25	32	31	30	67	58
	73	13	30	26	77	16	24	19	47	35	61	16
	55	66	37	51	39	11	65	96	29	28	95	43
	78	63	15	48	42	49	88	78	23	42	48	83
	65	49	19	17	26	100	14	37	60	16	57	91

	32	36	38	55	83	68	100	49	21	20	20	11
	68	57	69	69	48	84	64	28	92	45	13	32
	38	51	81	19	51	33	29	65	39	42	57	29
	77	50	24	60	65	19	85	57	26	13	93	59
	68	97	93	29	29	68	50	50	38	32	15	67
	61	49	96	35	19	11	17	67	90	73	50	53
	46	47	65	52	72	57	55	48	65	46	92	55
	60	36	62	48	31	55	95	85	79	15	64	58
	27	21	39	42	100	15	26	58	31	45	11	77
	63	87	17	34	98	59	10	78	70	94	76	17
	11	53	41	57	14	78	75	90	18	88	34	81
	69	47	76	54	49	87	34	44	23	73	43	74
	60	53	45	27	57	13	71	80	26	30	11	69
	35	50	52	11	19	38	11	46	46	90	73	58
	30	61	11	50	91	39	51	83	98	27	13	39
	14	47	44	20	82	64	97	96	45	76	59	24
	66	28	53	12	18	11	25	63	36	83	35	33
	49	64	53	28	53	96	100	99	28	24	97	77
	64	54	17	73	61	61	58	91	60	12	35	56
	61	28	42	87	56	30	78	82	31	32	61	47
	19	16	12	58	26	72	96	63	48	42	99	81
	94	19	43	22	19	38	95	66	56	50	49	62
	18	98	36	53	98	47	94	54	94	71	36	47
	96	17	73	29	87	90	26	15	39	91	23	34
	74	26	42	25	67	37	68	17	79	16	67	98
	94	46	38	84	85	15	59	87	13	68	21	58
	27	17	44	87	41	34	24	74	38	23	48	39
	99	14	61	15	46	100	46	56	71	74	66	33
	28	98	40	94	53	79	71	71	62	44	28	89
	80	94	24	62	84	23	10	40	74	28	83	22

	80	63	44	32	11	34	85	50	22	45	67	79
	23	11	59	27	48	34	96	28	13	96	90	72
	86	91	20	43	81	26	81	66	67	22	97	98
	30	12	23	49	76	45	66	18	32	46	22	47
	19	93	85	63	20	84	87	82	69	46	41	67
	35	36	82	60	93	75	98	23	54	67	46	57
	79	40	74	94	13	15	78	22	85	36	32	21
	59	91	46	12	52	77	61	78	72	93	49	99
	49	91	63	91	63	60	74	42	56	39	95	73
	91	100	68	61	88	29	52	98	86	13	90	65
	88	26	85	49	63	99	19	58	55	55	64	70
	87	34	45	34	82	85	51	42	62	31	21	50
	94	12	51	52	98	52	40	91	63	47	63	39
	56	71	91	24	20	78	96	80	45	84	15	90
	54	71	42	98	71	20	16	49	85	30	14	47
	33	99	20	58	50	24	19	20	18	44	74	25
	26	73	52	47	52	63	20	12	94	24	77	56
	50	87	71	85	51	55	36	69	45	39	13	95
	64	91	23	96	48	89	55	61	16	76	82	83
	36	36	40	69	98	55	13	75	79	51	46	52
	88	97	15	96	81	80	61	17	15	14	92	18
	79	89	98	59	47	56	79	73	92	36	81	48
	95	60	56	56	53	75	21	86	79	65	95	95
	28	21	48	43	40	20	32	74	44	67	45	35
	24	18	80	11	49	16	11	21	17	72	26	48
	81	63	73	61	23	18	43	59	50	77	38	94
	57	40	13	19	69	94	63	96	83	29	64	80
	52	13	45	61	18	97	76	38	22	80	66	99
	31	71	95	55	63	17	97	20	51	54	92	11
	59	40	51	17	17	99	44	44	84	57	83	78

	14	64	97	52	21	59	12	23	64	58	23	24
	28	27	47	18	28	90	26	35	24	64	46	100
	61	78	85	96	53	16	63	23	54	64	33	81
	87	84	84	90	70	27	20	63	95	75	56	100
	84	75	10	75	70	45	34	72	89	23	84	17
	78	96	63	34	77	75	47	36	44	55	36	39
	36	32	83	92	47	11	78	11	41	64	87	37
	53	33	45	81	88	55	13	77	80	94	69	63
	61	66	76	93	54	16	70	50	75	47	47	80
	27	55	33	92	98	41	27	48	59	84	95	90
	32	52	10	57	27	36	33	67	99	39	38	55
	78	48	29	17	81	76	90	36	29	42	14	80
	64	17	42	67	15	32	59	17	36	87	43	13
	16	16	44	35	49	85	60	100	75	92	41	11
	36	17	91	10	36	48	64	96	54	52	85	51
	40	94	16	72	97	77	41	66	27	68	71	45
	14	22	18	14	54	76	26	47	69	86	93	34
	96	36	67	35	39	37	63	61	94	56	79	46
	28	90	55	35	44	53	92	68	39	37	75	73
	48	53	28	56	91	100	65	81	60	78	19	60
	44	39	88	23	14	99	63	53	43	35	77	88
	38	18	61	70	95	98	81	46	30	98	30	53
	80	36	47	50	61	49	53	37	14	31	11	55
	25	36	80	36	26	13	58	61	46	47	78	42
	94	11	76	37	20	44	66	66	26	79	52	44
	22	70	40	72	57	13	77	95	93	88	76	25
	68	56	50	57	12	31	46	51	94	48	91	72
	49	52	84	79	84	50	73	33	97	68	13	80
	85	59	59	97	33	77	15	42	48	73	88	88
	95	12	66	50	91	59	61	84	39	35	97	95

	25	44	28	92	42	87	85	99	15	29	41	61
	83	70	94	44	39	80	11	82	17	91	43	69
	89	53	38	87	84	92	92	33	64	87	88	17
	57	69	22	87	78	28	53	91	58	66	73	55
	22	11	23	22	42	97	41	58	26	75	56	24
	14	66	49	19	83	92	31	60	27	32	100	94
	82	66	85	25	66	50	72	62	68	87	21	94
	98	80	27	39	71	26	29	82	78	22	75	59
	57	13	69	47	45	76	94	19	31	25	42	75
	63	91	41	14	96	41	20	54	87	22	83	89
	50	33	20	35	19	32	12	98	39	25	64	70
	63	65	96	97	67	85	66	54	74	82	57	32
	99	70	63	51	38	19	19	79	66	40	97	61
	66	69	74	14	95	100	42	12	96	40	83	68
	53	13	91	58	66	54	18	92	41	17	63	41
	12	34	83	67	55	48	15	41	60	15	46	82
	62	41	86	98	97	33	58	72	95	90	30	12
	34	61	84	10	34	97	29	31	30	35	74	78
	90	19	16	54	36	49	52	20	67	11	79	21
	31	79	31	41	88	75	93	34	94	84	46	75
	100	30	40	66	24	64	100	96	73	73	19	88
	24	71	81	39	62	71	95	73	60	70	19	100
	99	95	29	25	78	52	84	83	38	93	68	74
	79	60	95	66	87	72	11	39	50	48	67	28
	23	28	11	53	35	87	74	93	46	15	30	83
	33	60	97	14	34	16	92	83	71	61	81	23
	39	48	96	93	71	19	95	11	79	17	27	76
	84	24	57	32	38	97	18	43	37	78	51	18
	38	85	47	13	43	72	93	50	60	100	28	50
	18	39	79	13	30	28	56	67	61	60	72	24

