***** PARAMETERS PRP *****

Number of Customers = 30
Number of Products = 10
Number of Vehicles = 5
Number of Periods = 12

B = Production capacity
	48587

b_p = Time required to produce item p
 	1	1	1	1	1	1	1	1	1	1

c_p = Production cost of item p
 	80	30	30	30	30	80	30	30	80	80

s_p = Setup cost of item p
 	800	300	300	300	300	800	300	300	800	800

M = Big number
	194346

U_pi = Maximum inventory upper bound of item p at site i
 	194346	133	186	159	255	308	175	235	214	188	151	158	110	212	88	305	171	225	295	121	208	192	248	106	250	154	208	338	219	258	123
	194346	202	182	114	280	237	219	206	97	287	169	260	224	161	127	113	92	265	166	288	143	215	260	190	151	116	101	172	243	195	241
	194346	202	232	169	268	302	226	291	85	171	250	128	273	92	197	135	110	200	106	228	105	237	288	280	206	159	149	291	205	178	120
	194346	232	308	131	249	158	80	126	122	286	310	239	307	174	161	172	269	189	255	211	200	280	98	271	136	120	230	157	249	118	295
	194346	124	111	283	105	114	202	221	165	209	109	85	194	244	233	159	180	151	207	126	98	170	108	200	146	242	139	192	180	233	102
	194346	143	118	95	213	281	100	102	213	227	188	277	115	175	191	154	233	142	309	106	288	163	180	109	166	280	288	308	282	228	100
	194346	136	279	284	82	123	201	210	266	207	136	182	104	115	102	269	254	325	185	257	172	261	293	185	173	266	163	175	65	127	101
	194346	193	185	280	208	186	115	188	270	232	163	167	119	98	158	94	262	93	315	246	263	109	188	187	199	254	270	91	217	299	265
	194346	104	176	113	280	228	228	95	201	87	351	298	296	219	255	101	256	110	254	170	270	229	116	292	154	270	129	235	280	271	227
	194346	245	132	170	106	94	144	216	187	106	166	230	245	119	219	231	171	105	206	124	124	97	211	210	271	366	214	284	114	101	201

I_pi0 = Initial inventory of item p at site i
 	0	99	176	125	120	279	98	221	107	150	98	36	73	195	59	198	92	206	254	79	105	80	201	79	174	82	191	271	156	236	62
	0	73	168	11	276	99	123	85	95	235	101	12	97	146	84	99	62	52	39	160	131	117	82	176	119	85	48	144	108	98	229
	0	166	117	161	151	123	186	151	17	155	227	99	165	64	70	61	82	128	90	98	81	12	104	52	195	45	129	65	93	133	70
	0	212	138	82	99	146	35	51	83	248	204	183	202	111	104	159	180	100	203	125	163	127	60	108	130	93	95	138	75	56	67
	0	71	35	66	90	104	180	154	144	189	73	44	70	36	18	150	171	149	149	97	95	40	41	90	107	225	91	151	137	25	86
	0	30	83	68	181	240	84	67	31	227	61	41	49	165	96	124	124	81	219	82	211	41	95	80	122	55	41	120	259	149	73
	0	95	139	237	73	77	111	196	151	198	93	31	72	91	75	64	240	315	178	177	157	214	80	145	119	249	54	36	15	51	65
	0	180	159	202	64	153	109	41	227	209	27	100	93	91	122	45	92	93	75	134	29	27	89	146	66	124	105	46	178	81	56
	0	52	98	61	118	121	92	53	189	77	110	192	205	98	202	32	56	71	208	108	108	43	111	223	92	49	104	97	155	230	217
	0	39	98	86	76	55	88	179	164	74	149	98	132	65	93	27	150	89	143	113	63	93	89	146	36	48	179	119	65	25	139

h_pi = Inventory cost of item p at site i
 	8	5	9	1	5	4	1	2	4	7	6	2	3	1	6	8	1	8	3	6	1	9	4	2	3	9	1	8	2	5	6
	3	4	6	6	7	1	2	1	9	7	4	9	1	5	1	1	4	6	5	5	4	4	9	6	5	8	4	3	5	3	5
	3	1	5	7	7	4	4	8	2	5	9	5	5	8	1	1	7	7	4	1	3	8	7	6	1	2	1	5	8	1	7
	3	7	7	7	1	2	8	6	8	8	1	5	5	6	2	5	2	1	3	8	2	1	6	5	4	7	4	4	5	8	3
	3	8	4	5	4	8	6	9	2	7	6	7	6	8	2	6	4	4	9	8	5	5	4	3	4	9	3	8	5	3	8
	8	4	8	9	4	1	8	1	1	7	2	4	8	4	6	9	2	9	2	8	1	4	1	4	2	6	4	8	3	4	9
	3	2	1	3	5	2	1	1	7	9	7	3	3	2	1	6	6	8	2	9	2	1	6	5	9	8	8	8	6	9	1
	3	5	9	6	2	5	6	9	1	6	4	5	2	2	9	7	9	2	6	3	3	6	8	4	7	3	8	1	8	3	2
	8	6	9	8	7	8	1	8	9	9	3	3	5	7	8	8	2	6	9	9	6	2	1	4	6	2	4	6	6	2	4
	8	2	5	3	2	1	2	5	2	4	6	3	6	9	4	4	4	8	1	9	4	2	3	9	5	2	6	8	4	1	9

C = Vehicle capacity
	3660

f = Fixed transportation cost
	157790

a_ik = Transportation cost for traveling from node i to node k
 	0	2325	1600	3720	3465	4265	3800	1435	2980	3620	5090	3895	1700	2860	3155	2655	1640	460	1300	2475	2695	4135	1755	2475	245	2190	3205	3620	3155	4445	3075
	2325	0	1555	2350	2465	2085	2685	1065	1780	1955	2975	1810	1205	1195	2305	1085	1085	1890	1695	390	425	1905	1810	1780	2080	1950	2120	2605	995	3095	1655
	1600	1555	0	3765	3740	3610	4020	1525	3085	3450	4510	3360	1935	2640	3500	2475	1780	1420	2015	1440	1715	3410	2420	2830	1415	2775	3410	3895	2545	4535	3045
	3720	2350	3765	0	550	1730	450	2415	745	550	2000	1370	2050	1160	785	1300	2155	3290	2440	2680	2505	1865	2045	1280	3535	1670	565	540	1645	770	725
	3465	2465	3740	550	0	2235	345	2285	685	1010	2550	1845	1885	1315	320	1385	2015	3065	2165	2830	2695	2340	1725	995	3305	1310	345	160	1945	1025	850
	4265	2085	3610	1730	2235	0	2170	2840	1915	1235	905	440	2680	1540	2355	1720	2680	3805	3240	2190	1915	255	3045	2445	4030	2855	2060	2265	1125	2065	1650
	3800	2685	4020	450	345	2170	0	2590	935	995	2365	1815	2195	1500	660	1605	2320	3395	2500	3030	2875	2310	2065	1325	3640	1650	620	205	2060	690	1030
	1435	1065	1525	2415	2285	2840	2590	0	1685	2235	3655	2465	415	1440	2020	1240	275	975	665	1360	1485	2720	940	1330	1210	1255	1970	2445	1740	3175	1720
	2980	1780	3085	745	685	1915	935	1685	0	780	2455	1485	1310	665	565	705	1420	2550	1710	2145	2025	1955	1340	595	2795	1020	345	830	1350	1495	270
	3620	1955	3450	550	1010	1235	995	2235	780	0	1680	840	1925	820	1135	1005	1995	3175	2405	2250	2045	1335	2085	1365	3420	1790	840	1055	1140	1175	570
	5090	2975	4510	2000	2550	905	2365	3655	2455	1680	0	1200	3445	2265	2760	2460	3470	4630	3980	3090	2815	1125	3720	3035	4860	3460	2485	2520	1995	1985	2225
	3895	1810	3360	1370	1845	440	1815	2465	1485	840	1200	0	2275	1115	1940	1300	2285	3435	2825	1975	1715	500	2615	2005	3665	2415	1645	1890	820	1820	1220
	1700	1205	1935	2050	1885	2680	2195	415	1310	1925	3445	2275	0	1185	1610	985	160	1255	570	1560	1620	2595	620	915	1500	860	1580	2045	1635	2800	1385
	2860	1195	2640	1160	1315	1540	1500	1440	665	820	2265	1115	1185	0	1225	205	1225	2405	1725	1535	1385	1500	1510	980	2645	1355	985	1445	715	1915	475
	3155	2305	3500	785	320	2355	660	2020	565	1135	2760	1940	1610	1225	0	1250	1750	2765	1860	2680	2570	2430	1410	705	3005	995	300	470	1910	1340	805
	2655	1085	2475	1300	1385	1720	1605	1240	705	1005	2460	1300	985	205	1250	0	1025	2200	1530	1445	1325	1665	1340	885	2440	1225	1045	1525	805	2060	580
	1640	1085	1780	2155	2015	2680	2320	275	1420	1995	3470	2285	160	1225	1750	1025	0	1185	630	1430	1505	2580	760	1060	1425	1020	1705	2175	1605	2910	1470
	460	1890	1420	3290	3065	3805	3395	975	2550	3175	4630	3435	1255	2405	2765	2200	1185	0	925	2070	2275	3680	1395	2075	250	1825	2795	3225	2695	4030	2635
	1300	1695	2015	2440	2165	3240	2500	665	1710	2405	3980	2825	570	1725	1860	1530	630	925	0	2015	2120	3160	475	1180	1155	905	1915	2320	2205	3155	1845
	2475	390	1440	2680	2830	2190	3030	1360	2145	2250	3090	1975	1560	1535	2680	1445	1430	2070	2015	0	280	1980	2175	2165	2230	2330	2485	2965	1185	3410	2000
	2695	425	1715	2505	2695	1915	2875	1485	2025	2045	2815	1715	1620	1385	2570	1325	1505	2275	2120	280	0	1705	2220	2115	2450	2325	2360	2825	945	3215	1855
	4135	1905	3410	1865	2340	255	2310	2720	1955	1335	1125	500	2595	1500	2430	1665	2580	3680	3160	1980	1705	0	3000	2445	3900	2845	2135	2385	985	2260	1685
	1755	1810	2420	2045	1725	3045	2065	940	1340	2085	3720	2615	620	1510	1410	1340	760	1395	475	2175	2220	3000	0	765	1625	435	1500	1875	2100	2730	1520
	2475	1780	2830	1280	995	2445	1325	1330	595	1365	3035	2005	915	980	705	885	1060	2075	1180	2165	2115	2445	765	0	2315	425	740	1155	1680	1980	815
	245	2080	1415	3535	3305	4030	3640	1210	2795	3420	4860	3665	1500	2645	3005	2440	1425	250	1155	2230	2450	3900	1625	2315	0	2055	3035	3465	2915	4275	2880
	2190	1950	2775	1670	1310	2855	1650	1255	1020	1790	3460	2415	860	1355	995	1225	1020	1825	905	2330	2325	2845	435	425	2055	0	1110	1460	2025	2325	1240
	3205	2120	3410	565	345	2060	620	1970	345	840	2485	1645	1580	985	300	1045	1705	2795	1915	2485	2360	2135	1500	740	3035	1110	0	495	1645	1245	535
	3620	2605	3895	540	160	2265	205	2445	830	1055	2520	1890	2045	1445	470	1525	2175	3225	2320	2965	2825	2385	1875	1155	3465	1460	495	0	2050	895	975
	3155	995	2545	1645	1945	1125	2060	1740	1350	1140	1995	820	1635	715	1910	805	1605	2695	2205	1185	945	985	2100	1680	2915	2025	1645	2050	0	2310	1110
	4445	3095	4535	770	1025	2065	690	3175	1495	1175	1985	1820	2800	1915	1340	2060	2910	4030	3155	3410	3215	2260	2730	1980	4275	2325	1245	895	2310	0	1490
	3075	1655	3045	725	850	1650	1030	1720	270	570	2225	1220	1385	475	805	580	1470	2635	1845	2000	1855	1685	1520	815	2880	1240	535	975	1110	1490	0

coordXY = Coordinates (x,y): line zero => x line one => y column => customers
 	375	92	61	375	468	31	464	280	366	269	39	102	330	240	475	250	303	343	412	19	13	3	453	425	343	477	418	479	98	429	315
	40	408	99	783	726	820	794	310	635	756	1000	769	376	595	663	556	359	126	297	383	438	778	382	532	77	465	679	756	606	927	652

d_pit = Demand of item p at customer i in period t
 	80	19	64	32	57	79	34	34	41	39	23	29
	81	27	68	50	20	81	72	93	64	74	18	97
	28	97	21	75	47	57	47	32	56	42	80	55
	11	16	93	76	54	54	20	82	48	86	57	16
	62	74	86	57	100	47	70	42	52	61	47	42
	24	26	48	61	47	94	96	27	85	65	56	71
	12	94	84	31	58	65	20	19	31	46	51	54
	60	47	68	62	62	54	33	83	84	26	12	50
	94	56	61	80	44	25	95	15	23	38	13	20
	45	24	29	80	46	60	93	30	41	46	32	79
	36	95	29	32	84	49	33	55	78	20	50	72
	73	55	65	75	50	68	71	47	22	34	58	41
	34	73	22	66	44	34	20	51	10	94	35	25
	38	21	25	37	41	92	38	31	39	64	65	34
	80	13	70	35	89	95	34	82	16	77	67	75
	92	12	23	15	38	67	37	85	91	49	97	76
	86	54	66	86	26	39	27	23	49	63	11	11
	96	81	77	80	63	78	11	54	20	12	63	72
	79	91	80	97	59	56	48	57	16	22	58	61
	86	19	45	20	53	68	23	49	54	64	58	84
	80	95	60	96	87	40	35	21	90	25	76	62
	75	79	47	18	91	60	28	77	14	14	11	80
	48	31	55	41	24	30	62	77	84	95	28	59
	89	50	35	15	45	53	10	28	87	38	87	63
	82	76	40	15	42	34	80	59	19	80	47	41
	36	75	80	45	28	45	65	73	19	26	66	66
	79	89	68	35	96	73	83	34	73	18	94	68
	28	44	84	75	83	14	21	89	17	71	75	55
	34	63	66	73	33	92	45	22	97	93	73	83
	62	96	88	97	12	87	41	73	18	38	36	88

	73	43	27	55	29	86	67	99	87	68	93	80
	76	92	15	17	54	62	21	38	98	81	75	99
	11	81	59	19	17	45	41	53	47	21	14	48
	65	99	71	41	36	66	90	52	74	20	11	47
	63	36	14	90	55	14	21	25	41	95	67	48
	57	66	36	86	95	43	86	37	55	12	48	37
	60	25	82	27	52	98	44	13	83	33	25	77
	36	59	93	23	95	97	67	24	15	31	18	24
	85	90	60	35	70	43	66	83	78	29	28	21
	12	74	15	58	79	20	59	79	29	96	54	100
	12	42	58	25	80	54	94	92	56	41	37	32
	15	58	24	33	83	13	62	34	98	68	18	32
	19	70	57	55	97	20	38	99	49	28	60	51
	84	76	38	60	93	76	94	45	57	14	41	84
	46	53	33	86	66	98	23	47	83	15	95	33
	62	54	89	71	33	13	70	19	10	74	17	39
	52	23	94	12	90	55	45	33	27	60	59	85
	39	66	45	82	74	12	69	58	11	93	82	31
	63	97	43	52	86	19	94	46	19	68	46	57
	34	97	23	81	33	20	25	90	17	51	56	43
	33	60	24	74	20	64	27	98	69	22	77	76
	82	37	23	36	75	61	56	74	58	62	22	39
	81	95	87	44	46	72	14	38	52	70	67	95
	80	39	33	33	20	37	73	60	76	57	47	49
	85	90	99	42	27	47	76	87	14	11	41	78
	48	65	93	37	34	55	21	36	44	97	30	48
	66	78	59	19	68	16	19	21	47	12	16	95
	45	63	78	30	62	99	49	26	35	48	37	12
	98	71	11	25	45	32	45	31	73	53	72	30
	70	90	69	63	13	71	53	76	29	69	21	99

	67	99	50	38	69	55	63	88	14	87	77	100
	45	72	61	45	80	56	79	94	35	44	37	49
	37	25	86	13	28	27	92	70	88	69	88	53
	71	80	81	11	20	62	79	20	22	89	69	38
	55	68	86	26	80	47	95	27	48	81	34	77
	31	69	62	24	41	45	32	97	14	49	14	65
	29	41	81	94	14	95	57	37	42	32	99	78
	17	73	47	34	26	63	23	23	49	57	49	48
	69	86	40	68	39	82	50	40	42	97	28	42
	87	38	24	78	50	53	12	61	63	35	84	14
	99	34	37	92	65	69	52	52	51	77	57	84
	65	63	17	20	32	20	83	48	57	69	99	82
	64	68	59	19	57	41	39	33	39	49	36	49
	70	89	32	55	17	92	53	40	43	33	44	24
	35	26	84	32	47	26	61	18	71	88	33	19
	44	38	100	66	41	12	99	40	56	90	31	44
	61	53	14	87	55	76	66	26	88	41	12	22
	71	19	45	87	27	95	48	66	64	18	16	79
	82	16	54	33	12	41	32	38	82	50	43	64
	81	36	83	95	89	94	35	16	11	42	13	34
	12	57	73	28	67	69	36	33	25	61	19	88
	43	30	31	81	99	53	44	14	46	82	71	98
	52	96	30	35	51	66	60	96	66	56	26	38
	21	84	73	17	10	79	79	31	60	51	32	81
	45	89	41	20	84	18	100	64	11	100	32	31
	70	59	17	86	34	72	61	25	48	42	53	29
	65	62	68	33	30	81	72	29	28	87	88	55
	93	67	27	26	53	32	73	78	35	32	69	31
	69	64	87	63	34	30	29	57	94	38	89	56
	70	88	86	63	82	18	96	35	41	57	18	66

	83	86	43	49	64	12	52	20	74	76	97	39
	83	22	33	92	70	66	82	35	26	69	62	98
	28	54	55	74	15	62	11	23	83	57	24	38
	55	44	19	71	72	92	89	53	87	45	51	69
	72	74	27	84	58	11	43	30	74	26	88	46
	35	84	16	34	17	39	19	78	65	29	29	32
	51	90	87	29	35	92	19	18	67	82	88	95
	83	57	58	40	94	81	86	64	57	24	75	15
	35	82	61	70	77	45	48	30	23	38	97	80
	86	58	13	47	86	84	62	76	50	74	77	30
	94	10	79	86	11	31	66	72	72	35	73	87
	59	45	44	54	89	83	93	72	20	61	27	90
	52	44	15	66	57	38	79	65	74	35	94	78
	30	74	67	20	93	50	23	75	45	43	28	94
	94	51	14	30	74	65	28	29	87	98	44	74
	37	93	50	34	89	92	32	26	82	68	22	21
	100	30	13	23	66	40	13	37	10	40	59	22
	83	60	41	19	29	52	58	29	11	88	96	47
	66	35	24	57	66	21	65	64	57	82	26	70
	91	72	98	28	84	54	19	65	86	97	79	28
	52	75	35	41	94	37	41	46	91	43	77	41
	26	34	51	12	35	12	61	91	93	95	25	54
	94	14	65	60	55	60	89	32	47	69	30	35
	68	62	27	75	90	59	28	30	24	43	12	26
	93	90	12	27	36	75	25	84	85	66	27	100
	95	13	13	42	20	44	26	52	64	90	71	21
	74	64	49	83	40	38	95	29	16	55	31	53
	75	97	62	47	31	97	54	84	39	23	58	79
	56	72	77	28	89	18	82	19	40	98	96	34
	67	33	70	90	53	14	94	60	53	53	92	28

	71	88	30	82	52	95	72	67	40	80	23	41
	35	84	91	62	84	37	20	77	60	63	36	16
	66	24	42	46	97	63	78	17	42	34	93	76
	90	47	45	28	31	23	40	46	65	90	41	86
	77	27	45	40	71	14	65	51	49	59	99	87
	77	31	15	57	24	70	98	11	100	28	71	25
	26	89	39	81	28	90	66	76	93	31	23	20
	66	29	49	68	38	78	57	60	65	21	86	42
	13	83	93	31	65	73	79	37	16	13	78	45
	73	13	54	18	38	33	52	56	17	21	23	39
	44	38	14	17	19	33	11	87	59	57	95	37
	70	42	24	43	66	47	82	40	23	35	57	52
	36	91	42	91	29	31	55	85	12	13	58	42
	18	69	56	17	73	92	72	59	27	27	20	28
	60	52	26	12	33	75	88	13	11	38	17	51
	32	66	73	90	64	61	61	40	75	43	70	44
	12	73	32	32	60	66	42	22	94	61	60	48
	93	27	29	81	28	31	91	32	37	39	72	60
	58	39	35	89	68	73	86	33	89	94	54	40
	95	59	96	63	83	44	18	64	19	16	15	13
	11	29	92	62	61	21	75	64	56	50	63	96
	41	72	38	50	15	86	59	45	19	62	59	99
	22	68	39	56	77	53	28	99	39	27	30	63
	62	45	25	89	11	31	69	12	85	89	39	27
	63	98	64	86	35	68	77	87	87	19	30	13
	26	65	51	83	20	29	43	22	89	38	62	27
	16	71	64	72	67	33	57	85	85	69	95	53
	56	81	88	29	42	73	60	32	66	41	76	77
	25	53	95	84	86	34	99	27	36	37	52	70
	86	58	64	67	80	57	28	20	15	26	83	30

	15	15	50	99	96	20	27	62	17	65	56	49
	83	60	54	76	22	33	51	87	69	67	18	86
	68	58	92	63	24	53	37	13	37	26	33	67
	82	99	79	41	46	24	78	52	48	39	12	40
	46	67	42	85	95	48	60	98	73	15	34	12
	11	39	34	94	56	47	69	20	82	20	98	30
	22	45	91	11	31	72	48	91	97	17	35	53
	31	71	92	52	39	34	25	33	99	26	59	78
	63	68	96	28	24	31	85	80	44	38	40	84
	61	29	81	82	89	62	68	87	89	43	17	44
	41	82	54	62	24	43	87	49	54	77	75	16
	49	67	22	46	39	93	59	75	67	60	99	14
	58	64	43	49	47	18	89	60	64	68	65	73
	96	45	93	96	27	40	63	18	64	29	96	97
	49	75	32	21	87	47	52	87	31	43	40	53
	35	89	16	91	82	36	26	99	28	50	96	50
	81	70	42	84	38	85	45	81	91	60	82	95
	58	74	42	45	97	54	20	71	78	21	84	97
	60	22	26	92	42	32	37	62	88	92	43	38
	52	100	59	85	41	56	88	70	66	98	74	76
	41	80	94	19	18	87	34	76	76	18	26	83
	95	18	46	27	26	58	14	71	12	68	83	23
	80	39	36	74	93	18	24	26	97	39	90	38
	91	31	47	75	10	58	85	85	39	23	97	24
	55	15	79	85	97	37	40	59	78	81	34	11
	41	22	65	74	86	83	47	86	92	31	30	35
	73	47	76	25	70	99	47	57	81	12	94	59
	72	50	78	59	90	63	79	91	65	68	47	83
	28	24	97	81	83	75	12	24	90	68	44	58
	25	48	61	92	62	24	41	76	56	18	31	63

	57	38	22	22	14	98	61	44	57	37	15	79
	52	65	22	40	70	80	52	88	61	60	59	20
	60	89	78	10	49	73	74	52	69	73	15	40
	73	11	45	15	76	36	47	15	38	47	73	18
	77	90	49	41	84	13	11	97	59	95	74	47
	30	32	39	10	26	25	69	58	74	18	30	72
	80	65	51	11	11	93	85	35	37	74	30	59
	24	69	58	58	60	55	73	57	73	67	33	11
	37	65	96	11	92	25	60	22	42	84	11	76
	48	35	10	97	12	12	37	11	31	24	41	50
	31	26	46	71	35	32	69	53	36	46	52	50
	72	31	40	28	97	36	38	95	72	21	66	26
	51	40	99	88	70	30	31	56	52	67	43	61
	75	89	95	11	43	66	24	27	17	14	53	95
	20	44	25	30	79	22	97	12	60	77	91	89
	78	88	74	69	35	32	81	97	36	82	32	58
	93	69	57	96	20	98	76	24	87	73	49	39
	98	80	31	98	59	17	84	66	49	91	56	10
	97	12	68	83	91	23	28	29	11	93	19	63
	51	33	73	23	63	77	80	92	12	34	98	51
	95	41	68	10	61	84	28	34	54	90	11	51
	80	56	93	70	99	90	11	28	34	43	26	74
	11	72	62	49	17	83	73	68	96	37	76	94
	41	78	25	46	21	15	67	32	29	85	33	48
	55	42	95	57	32	75	71	46	46	55	28	37
	35	19	73	59	97	47	43	42	19	90	80	49
	36	83	84	32	60	57	34	59	72	98	33	53
	15	63	35	12	25	32	46	36	39	16	32	38
	51	97	65	47	30	90	85	68	82	48	56	41
	65	79	11	70	62	12	48	15	90	36	69	49

	61	73	19	27	52	85	94	84	99	52	31	95
	47	82	30	95	20	42	63	53	19	28	56	19
	90	45	67	48	41	65	48	53	75	24	39	77
	64	12	35	52	64	36	19	33	28	17	89	50
	18	79	56	31	53	78	99	41	88	91	80	29
	57	52	67	36	91	58	47	81	79	24	64	32
	41	62	66	100	65	87	97	48	81	24	20	60
	100	79	48	75	62	84	55	26	46	86	69	80
	14	71	53	71	76	50	25	17	22	46	60	52
	27	55	37	43	72	44	76	86	97	40	29	44
	36	64	70	12	47	99	26	46	52	98	26	93
	11	82	61	41	81	19	15	16	31	53	16	49
	10	81	60	31	40	95	32	49	29	92	12	57
	39	83	63	23	95	24	63	21	92	12	36	79
	45	99	91	10	33	40	71	13	41	81	23	17
	50	42	20	47	50	93	14	83	38	60	49	82
	93	48	57	22	17	38	66	44	87	31	18	34
	75	100	16	72	66	49	44	83	20	70	63	99
	25	84	25	14	43	79	40	51	15	75	90	50
	17	12	82	96	75	98	60	89	12	45	12	32
	27	53	49	94	89	74	50	90	16	62	20	31
	89	48	95	32	97	44	56	90	40	67	40	53
	37	79	30	42	76	27	94	25	27	57	30	37
	66	70	41	18	20	95	62	38	51	46	43	46
	33	91	11	55	39	99	68	13	91	25	39	46
	16	89	74	28	31	56	93	72	34	93	27	34
	46	82	24	57	19	20	64	47	78	17	18	75
	98	80	97	83	54	72	85	94	66	12	95	33
	33	48	85	58	92	26	60	55	50	60	52	99
	56	52	52	68	15	39	93	80	40	39	47	54

	52	90	41	33	42	93	45	60	73	29	53	13
	13	85	52	26	63	13	59	63	73	12	60	10
	33	28	96	43	56	55	47	78	82	85	12	62
	84	34	63	98	86	14	93	43	22	61	43	30
	72	49	58	12	88	49	65	99	10	41	83	59
	81	11	33	21	32	71	95	74	67	39	89	72
	53	78	47	34	48	33	47	59	20	64	59	28
	56	21	17	95	75	51	56	94	20	92	15	12
	14	63	62	13	30	23	56	15	82	59	22	83
	98	12	93	70	90	61	87	82	76	26	90	57
	21	74	97	15	74	34	81	20	69	90	63	76
	83	25	19	78	56	93	46	48	93	68	23	79
	26	37	35	23	92	62	58	55	12	36	73	17
	13	28	75	86	88	53	87	37	67	11	42	24
	32	96	92	27	16	25	33	79	10	78	85	35
	56	62	44	77	36	31	79	68	94	22	11	34
	23	48	78	28	48	55	94	93	27	71	45	47
	69	75	64	88	23	20	67	42	30	48	30	53
	22	56	10	20	15	31	60	21	24	90	72	89
	22	11	75	96	98	87	46	39	46	76	27	25
	43	39	16	26	36	32	19	81	67	45	54	92
	56	28	27	20	67	37	88	98	97	97	26	53
	82	88	53	29	82	25	53	69	89	87	24	20
	21	30	41	43	52	97	33	30	84	31	95	59
	49	72	37	86	58	74	16	46	85	11	46	67
	72	32	36	44	13	76	32	20	26	18	90	57
	97	15	35	90	16	34	80	17	88	45	23	25
	44	54	46	11	88	88	86	11	100	31	24	88
	31	83	93	23	14	75	86	51	39	29	66	61
	37	50	45	85	34	91	26	16	74	81	63	80

	24	15	29	42	85	66	75	91	30	35	19	77
	80	18	36	76	26	19	12	25	32	93	42	69
	86	12	64	27	44	90	92	59	65	28	70	42
	76	50	60	42	47	47	56	87	61	53	43	15
	36	19	52	53	26	79	53	80	74	38	14	38
	19	69	24	90	24	20	62	68	34	91	24	50
	73	71	35	96	58	86	57	34	67	17	36	18
	21	35	50	58	31	69	89	97	94	62	64	76
	41	33	100	40	80	30	20	26	42	89	88	45
	88	61	23	64	66	57	34	62	32	48	73	55
	68	30	73	52	12	21	27	33	39	53	63	80
	49	83	74	12	30	82	31	99	25	36	39	27
	65	88	28	88	61	63	57	80	80	59	24	18
	64	29	92	98	89	93	70	70	60	61	65	86
	27	89	30	90	15	27	92	84	72	13	57	96
	85	65	51	61	31	100	96	65	24	17	62	28
	89	35	62	34	21	57	86	22	90	36	28	67
	16	39	88	96	69	39	42	79	74	95	88	98
	70	43	21	96	98	37	72	62	91	29	31	96
	63	73	21	47	66	27	100	60	71	43	81	94
	41	52	69	42	27	27	88	21	41	82	59	31
	89	21	66	15	20	19	12	14	93	30	33	94
	63	31	12	40	76	54	74	59	15	96	76	34
	36	86	50	45	99	93	80	94	21	95	19	96
	48	96	87	79	90	72	95	68	40	42	73	89
	12	61	29	77	43	69	94	34	93	34	79	17
	89	30	12	44	75	30	87	40	85	71	54	65
	65	82	80	41	46	80	18	46	23	64	70	68
	25	62	65	26	20	96	89	21	21	76	50	56
	91	48	62	73	23	51	27	84	41	26	51	27

