***** PARAMETERS PRP *****

Number of Customers = 30
Number of Products = 10
Number of Vehicles = 5
Number of Periods = 12

B = Production capacity
	49411

b_p = Time required to produce item p
 	1	1	1	1	1	1	1	1	1	1

c_p = Production cost of item p
 	80	80	80	30	80	30	80	80	80	30

s_p = Setup cost of item p
 	800	800	800	300	800	300	800	800	800	300

M = Big number
	197642

U_pi = Maximum inventory upper bound of item p at site i
 	197642	239	275	211	266	198	177	98	157	203	282	218	169	171	242	92	101	192	237	238	292	312	232	136	181	181	247	231	169	332	175
	197642	288	121	217	153	99	120	127	98	101	160	106	226	166	216	156	223	109	189	244	229	105	268	267	132	178	99	180	92	262	130
	197642	160	137	176	92	323	273	106	165	112	118	200	197	163	291	174	169	114	178	268	158	277	209	369	162	95	162	289	185	168	183
	197642	304	181	260	261	120	152	218	128	151	123	290	91	197	132	305	229	223	144	228	156	162	99	87	222	169	233	266	266	262	205
	197642	187	210	280	292	298	88	220	144	182	197	99	110	219	305	251	110	261	213	152	82	172	181	144	173	217	176	333	244	177	196
	197642	95	293	238	88	141	156	313	218	275	175	223	142	246	272	106	231	194	204	155	195	283	204	102	265	130	117	120	199	248	206
	197642	212	114	265	169	273	198	182	343	156	115	310	148	253	251	219	109	205	163	176	294	383	139	166	346	110	136	119	314	261	188
	197642	293	157	139	166	99	213	259	131	273	157	176	146	101	207	234	238	252	278	310	281	243	111	178	113	333	104	180	264	242	190
	197642	276	298	161	114	270	227	253	159	98	301	206	144	105	109	157	222	117	213	250	146	133	158	141	290	173	315	191	86	183	134
	197642	215	211	145	195	170	189	174	325	242	98	231	198	253	107	236	243	165	214	114	193	257	231	162	298	163	308	281	168	87	242

I_pi0 = Initial inventory of item p at site i
 	0	185	142	95	188	145	160	80	58	174	273	73	141	58	190	54	30	126	131	170	148	129	58	17	98	139	207	24	37	180	124
	0	51	34	94	102	71	81	54	98	34	84	52	116	122	39	43	179	18	109	241	190	99	118	227	81	52	35	64	28	101	36
	0	127	87	48	88	41	114	76	63	24	78	121	175	83	243	121	34	99	126	233	128	148	75	206	140	62	56	264	71	128	168
	0	16	113	46	104	74	137	87	80	140	109	41	47	66	35	246	21	94	135	111	114	152	84	72	72	81	184	109	250	170	95
	0	27	99	32	33	184	63	182	57	129	191	37	99	22	181	187	57	234	159	112	45	153	48	59	99	86	85	137	29	153	62
	0	58	274	188	47	113	105	134	67	93	69	83	81	190	212	86	196	131	180	56	180	71	184	39	112	70	67	85	173	202	83
	0	184	21	49	148	66	78	120	289	119	98	152	68	27	166	59	49	119	106	97	183	50	109	75	233	72	117	100	114	237	139
	0	81	107	109	121	48	187	10	83	252	123	152	131	93	140	63	125	135	16	16	41	143	70	137	81	142	45	32	46	51	94
	0	161	178	109	87	60	178	168	81	68	43	88	130	99	70	148	23	115	85	232	130	120	99	71	186	73	77	87	48	110	107
	0	22	105	116	94	21	146	102	53	75	70	212	57	228	100	22	103	46	124	53	183	151	157	23	242	107	145	177	159	86	219

h_pi = Inventory cost of item p at site i
 	8	0	0	0	0	0	0	0	0	0	0	0	0	0	0	0	0	0	0	0	0	0	0	0	0	0	0	0	0	0	0
	8	0	0	0	0	0	0	0	0	0	0	0	0	0	0	0	0	0	0	0	0	0	0	0	0	0	0	0	0	0	0
	8	0	0	0	0	0	0	0	0	0	0	0	0	0	0	0	0	0	0	0	0	0	0	0	0	0	0	0	0	0	0
	3	0	0	0	0	0	0	0	0	0	0	0	0	0	0	0	0	0	0	0	0	0	0	0	0	0	0	0	0	0	0
	8	0	0	0	0	0	0	0	0	0	0	0	0	0	0	0	0	0	0	0	0	0	0	0	0	0	0	0	0	0	0
	3	0	0	0	0	0	0	0	0	0	0	0	0	0	0	0	0	0	0	0	0	0	0	0	0	0	0	0	0	0	0
	8	0	0	0	0	0	0	0	0	0	0	0	0	0	0	0	0	0	0	0	0	0	0	0	0	0	0	0	0	0	0
	8	0	0	0	0	0	0	0	0	0	0	0	0	0	0	0	0	0	0	0	0	0	0	0	0	0	0	0	0	0	0
	8	0	0	0	0	0	0	0	0	0	0	0	0	0	0	0	0	0	0	0	0	0	0	0	0	0	0	0	0	0	0
	3	0	0	0	0	0	0	0	0	0	0	0	0	0	0	0	0	0	0	0	0	0	0	0	0	0	0	0	0	0	0

C = Vehicle capacity
	3830

f = Fixed transportation cost
	30442

a_ik = Transportation cost for traveling from node i to node k
 	0	755	540	766	855	846	407	603	682	808	672	970	739	55	260	722	438	914	158	499	261	254	456	415	149	226	743	554	840	874	722
	755	0	669	24	326	102	830	338	369	308	85	340	281	701	728	98	682	257	789	591	505	680	893	352	648	730	58	208	479	123	439
	540	669	0	663	537	708	251	337	348	500	602	673	456	521	296	580	107	661	425	84	407	288	288	421	403	329	622	505	420	739	326
	766	24	663	0	304	84	829	329	355	287	95	316	263	712	731	85	678	234	795	585	513	683	891	359	655	734	42	214	459	109	424
	855	326	537	304	0	282	766	256	197	47	333	137	117	808	724	246	599	142	827	485	599	685	815	460	714	741	273	368	181	302	215
	846	102	708	84	282	0	890	372	380	278	177	260	276	792	800	136	734	179	870	635	591	753	950	436	732	805	104	293	454	32	440
	407	830	251	829	766	890	0	532	570	724	751	901	670	413	161	755	168	877	254	281	412	198	67	508	321	190	792	635	666	921	565
	603	338	337	329	256	372	532	0	87	210	281	383	145	558	473	245	369	348	572	265	354	431	589	238	460	487	287	220	260	403	155
	682	369	348	355	197	380	570	87	0	155	328	332	110	638	531	272	403	314	638	290	438	493	621	324	536	550	314	292	173	409	77
	808	308	500	287	47	278	724	210	155	0	304	177	71	761	680	220	558	165	781	445	553	640	775	415	668	696	252	328	177	302	184
	672	85	602	95	333	177	751	281	328	304	0	378	260	618	646	89	607	299	705	522	421	597	815	268	563	647	82	123	462	203	403
	970	340	673	316	137	260	901	383	332	177	378	0	239	921	855	292	734	83	953	621	711	814	951	563	834	870	301	449	294	267	349
	739	281	456	263	117	276	670	145	110	71	260	239	0	691	617	185	504	208	715	394	483	575	724	345	599	632	224	265	203	304	165
	55	701	521	712	808	792	413	558	638	761	618	921	691	0	258	669	423	863	179	473	210	241	467	363	119	225	690	501	800	820	682
	260	728	296	731	724	800	161	473	531	680	646	855	617	258	0	665	189	817	130	278	265	49	222	385	161	35	698	524	661	831	548
	722	98	580	85	246	136	755	245	272	220	89	292	185	669	665	0	600	216	738	505	464	618	816	308	602	671	43	171	386	167	341
	438	682	107	678	599	734	168	369	403	558	607	734	504	423	189	600	0	712	319	115	337	185	220	388	307	223	640	497	503	765	399
	914	257	661	234	142	179	877	348	314	165	299	83	208	863	817	216	712	0	908	601	654	774	931	502	783	830	221	379	321	189	349
	158	789	425	795	827	870	254	572	638	781	705	953	715	179	130	738	319	908	0	404	289	150	299	438	147	98	766	582	779	900	663
	499	591	84	585	485	635	281	265	290	445	522	621	394	473	278	505	115	601	404	0	336	257	331	338	355	307	545	422	391	666	285
	261	505	407	513	599	591	412	354	438	553	421	711	483	210	265	464	337	654	289	336	0	218	477	157	144	252	488	299	605	620	488
	254	680	288	683	685	753	198	431	493	640	597	814	575	241	49	618	185	774	150	257	218	0	262	337	132	57	651	475	630	784	515
	456	893	288	891	815	950	67	589	621	775	815	951	724	467	222	816	220	931	299	331	477	262	0	574	382	248	854	699	707	982	610
	415	352	421	359	460	436	508	238	324	415	268	563	345	363	385	308	388	502	438	338	157	337	574	0	297	383	332	145	497	465	389
	149	648	403	655	714	732	321	460	536	668	563	834	599	119	161	602	307	783	147	355	144	132	382	297	0	135	628	441	692	761	574
	226	730	329	734	741	805	190	487	550	696	647	870	632	225	35	671	223	830	98	307	252	57	248	383	135	0	703	524	685	836	570
	743	58	622	42	273	104	792	287	314	252	82	301	224	690	698	43	640	221	766	545	488	651	854	332	628	703	0	190	422	134	383
	554	208	505	214	368	293	635	220	292	328	123	449	265	501	524	171	497	379	582	422	299	475	699	145	441	524	190	0	453	321	367
	840	479	420	459	181	454	666	260	173	177	462	294	203	800	661	386	503	321	779	391	605	630	707	497	692	685	422	453	0	478	119
	874	123	739	109	302	32	921	403	409	302	203	267	304	820	831	167	765	189	900	666	620	784	982	465	761	836	134	321	478	0	468
	722	439	326	424	215	440	565	155	77	184	403	349	165	682	548	341	399	349	663	285	488	515	610	389	574	570	383	367	119	468	0

coordXY = Coordinates (x,y): line zero => x line one => y column => customers
 	462	484	5	463	162	440	58	215	147	177	468	195	210	470	214	393	77	268	305	81	410	239	7	407	370	246	428	434	8	455	71
	933	179	646	168	133	88	891	383	329	177	262	1	239	879	855	215	725	40	947	611	678	813	933	522	816	869	191	380	227	60	327

d_pit = Demand of item p at customer i in period t
 	85	51	49	78	94	73	36	81	12	83	47	27
	44	98	45	80	22	48	70	30	75	54	46	48
	51	44	59	64	18	26	97	14	62	62	51	84
	71	78	39	75	93	39	29	38	16	21	94	46
	66	79	59	27	39	86	51	75	21	27	52	12
	86	10	64	73	73	27	80	88	76	36	73	21
	59	21	26	45	16	40	98	18	40	68	57	98
	58	57	85	37	40	12	44	19	17	92	81	85
	47	52	75	40	76	88	80	60	65	91	60	78
	67	58	90	58	20	76	89	72	93	51	80	92
	73	65	14	12	24	74	59	31	20	29	68	54
	31	56	54	27	90	61	39	70	20	19	25	16
	58	55	40	73	75	49	85	77	22	12	54	82
	95	95	88	71	94	99	13	25	55	38	11	41
	23	31	59	94	17	30	53	26	31	98	75	14
	30	37	20	79	56	31	96	49	59	89	46	11
	65	61	85	79	53	34	85	55	33	51	98	68
	67	64	93	27	40	85	97	16	44	51	97	30
	42	99	29	48	28	85	40	57	64	66	98	58
	19	40	89	43	71	73	98	41	98	37	60	31
	29	72	28	34	74	55	79	49	94	95	96	44
	58	71	60	56	47	63	26	11	82	79	98	44
	17	23	62	32	33	91	29	55	49	69	35	50
	53	33	12	85	62	11	71	15	98	60	15	27
	33	93	13	89	30	76	70	37	36	64	93	88
	65	92	50	75	14	20	43	21	10	94	76	32
	24	98	60	49	52	10	62	73	87	52	40	87
	37	21	14	24	51	80	85	84	57	47	91	85
	99	81	97	17	43	65	95	49	94	42	79	35
	47	21	56	59	62	27	62	14	52	64	16	44

	51	82	72	92	44	94	81	12	90	18	16	39
	34	92	66	89	62	58	97	76	90	23	17	22
	82	12	83	44	28	11	97	33	63	89	63	46
	36	66	71	90	11	62	58	27	22	11	74	84
	53	18	100	40	17	29	74	70	53	21	72	48
	81	91	11	60	49	45	70	64	27	65	56	99
	54	84	88	72	63	82	56	57	32	52	96	23
	98	45	74	26	13	33	80	39	37	44	48	50
	21	13	79	75	22	71	92	52	83	50	20	27
	11	42	31	88	61	79	46	33	41	92	21	96
	52	53	20	20	91	27	66	69	68	42	34	91
	91	25	71	21	60	50	100	34	50	72	90	14
	28	94	84	49	93	75	96	19	71	17	11	27
	39	14	73	91	64	57	33	55	79	19	64	61
	43	71	49	84	79	66	39	71	39	15	51	17
	86	35	58	43	21	75	23	17	69	29	20	58
	18	31	85	79	70	60	51	75	28	76	26	55
	13	16	62	18	98	12	31	47	44	53	24	35
	65	92	84	49	42	42	68	49	89	13	82	57
	49	44	36	61	80	96	76	35	23	51	55	80
	99	46	12	94	84	15	10	52	51	69	61	36
	53	65	69	30	82	76	56	41	47	13	97	14
	40	77	64	46	76	51	62	37	92	53	25	18
	81	98	38	37	85	46	93	64	33	92	57	66
	52	32	97	82	37	74	94	44	65	19	67	48
	35	92	10	30	45	74	26	32	62	38	76	72
	40	24	56	93	79	61	43	21	25	50	29	18
	28	85	31	52	15	51	80	72	56	17	14	52
	66	35	82	86	92	27	14	28	91	11	41	55
	15	21	98	94	12	59	97	79	93	63	84	66

	42	73	12	91	14	14	65	81	33	98	28	89
	87	19	10	48	88	77	45	51	36	48	20	19
	48	51	52	93	67	89	15	64	18	52	56	98
	34	54	23	67	43	39	52	61	18	47	56	59
	41	78	42	40	43	95	89	95	72	67	66	46
	63	51	54	76	82	76	14	35	55	63	65	20
	76	94	45	36	33	20	14	28	85	34	81	87
	63	44	55	72	99	11	42	48	35	41	94	55
	24	63	76	89	40	35	98	38	52	21	52	82
	78	88	35	64	16	78	42	91	80	54	34	49
	57	32	32	45	75	49	68	26	52	37	94	34
	38	67	70	86	73	78	17	70	68	37	99	86
	19	64	47	78	47	24	78	32	93	28	46	95
	16	46	97	84	46	62	49	28	81	71	54	64
	75	46	17	95	85	52	31	58	73	11	82	71
	34	75	34	64	93	74	62	36	43	89	12	59
	99	27	93	84	20	33	74	84	29	69	50	22
	60	66	75	65	97	31	94	62	18	64	64	16
	36	61	57	79	73	83	80	94	83	74	66	18
	94	34	45	42	84	80	44	43	16	39	56	55
	20	95	17	16	67	16	96	25	99	75	68	71
	54	21	40	80	57	64	30	39	95	24	94	30
	93	61	52	87	63	65	87	45	68	97	94	73
	95	45	27	63	65	84	87	38	15	65	46	18
	62	55	21	26	71	62	10	42	75	50	30	63
	56	60	45	88	73	23	49	53	86	20	36	60
	99	92	73	38	52	18	23	34	26	81	84	74
	71	44	61	73	52	84	83	31	86	14	59	81
	67	61	82	65	74	70	13	57	29	49	76	29
	63	80	25	65	60	42	64	80	91	81	33	49

	16	78	16	46	91	83	27	39	91	98	89	56
	55	29	13	16	74	56	22	36	50	96	83	12
	46	72	52	70	41	92	93	60	86	78	77	12
	35	69	56	43	21	48	68	16	97	73	88	13
	74	42	62	61	78	87	70	11	67	26	43	98
	94	43	56	69	64	96	97	17	14	13	27	16
	55	32	18	21	29	29	66	98	90	16	42	28
	80	83	44	88	44	66	61	78	68	41	25	92
	91	49	14	57	26	77	84	76	44	26	28	33
	51	58	60	85	39	64	78	100	44	67	66	25
	24	17	43	87	93	75	57	51	63	84	47	54
	34	13	57	93	21	87	39	80	11	13	19	80
	66	12	73	35	45	36	50	57	50	90	14	63
	35	62	40	84	68	31	92	75	54	83	90	78
	29	48	73	96	62	70	14	49	42	99	61	89
	21	81	79	54	40	99	12	63	29	88	37	83
	25	35	34	35	81	28	19	59	64	54	37	63
	78	45	12	33	78	50	42	60	32	37	22	86
	58	53	38	97	42	47	26	53	75	59	86	50
	38	35	41	68	39	38	86	70	80	71	30	29
	62	74	16	52	84	61	82	13	65	44	26	69
	84	17	17	48	84	18	70	98	22	22	54	58
	43	29	23	53	59	47	41	72	39	66	36	13
	72	61	97	93	54	75	21	15	88	32	18	40
	81	48	64	56	29	20	95	25	76	33	68	81
	92	92	85	67	66	17	15	13	96	46	36	74
	23	86	99	94	80	57	22	80	77	56	93	32
	59	39	87	65	88	26	33	44	21	37	40	99
	92	78	15	86	91	47	77	32	63	92	55	58
	11	74	10	33	93	31	13	92	72	50	52	84

	27	61	45	80	71	18	47	42	43	19	92	17
	99	64	59	46	22	80	86	94	61	99	79	49
	32	94	50	95	45	77	85	81	10	34	33	37
	33	100	56	88	18	62	86	43	34	37	55	89
	85	99	70	76	68	43	38	75	14	39	14	95
	63	37	69	91	61	18	53	36	14	13	25	48
	49	25	59	49	86	10	57	22	34	17	31	90
	57	50	27	16	27	61	65	41	61	63	52	55
	54	75	86	62	27	85	55	100	83	17	34	48
	84	62	45	65	51	26	90	85	72	37	77	95
	37	69	55	43	51	29	15	78	37	91	47	40
	66	33	89	46	53	77	34	50	34	64	81	31
	22	77	74	92	32	78	47	72	42	13	75	32
	90	91	18	78	37	86	78	98	12	27	96	22
	84	17	39	47	66	16	63	20	32	71	51	97
	57	83	39	10	52	52	19	62	99	86	10	88
	75	94	65	52	19	70	84	60	72	97	75	20
	31	31	43	54	66	61	78	30	99	41	24	80
	91	21	88	23	58	26	30	39	13	66	66	85
	21	24	55	38	18	96	37	54	26	81	28	15
	11	35	58	49	44	17	29	16	45	97	38	77
	48	77	53	17	61	67	47	91	66	27	70	98
	20	39	84	34	43	31	70	37	37	77	73	30
	17	82	80	51	73	43	86	49	46	20	57	89
	42	44	91	36	56	25	64	99	22	32	68	73
	85	59	24	40	97	13	17	81	80	83	71	55
	43	94	31	97	97	90	12	69	36	68	90	72
	29	50	46	79	24	39	61	74	41	16	44	83
	88	65	65	73	39	64	23	65	83	73	17	53
	62	26	70	21	45	54	82	41	37	71	52	27

	58	39	94	23	27	67	24	26	22	94	80	16
	92	88	94	12	61	47	62	50	22	48	67	61
	56	49	83	87	26	46	27	26	90	23	14	44
	37	10	47	20	55	30	33	95	47	73	63	19
	87	26	57	86	70	40	30	10	21	94	23	19
	19	86	96	70	33	17	76	22	57	52	57	38
	76	58	92	91	16	99	19	90	45	40	57	67
	33	34	75	56	51	97	61	62	55	13	40	78
	57	36	34	55	31	80	79	44	41	13	93	96
	39	30	77	88	46	61	58	48	34	69	65	83
	83	14	37	88	46	20	58	18	19	59	53	40
	24	33	24	21	67	65	35	71	12	43	20	12
	95	31	64	46	82	84	95	25	34	40	99	42
	34	95	24	59	83	30	21	78	48	31	50	100
	86	63	46	61	76	22	57	19	49	13	84	61
	41	99	10	46	46	21	18	39	98	94	21	22
	19	59	53	97	91	69	46	84	75	88	21	73
	50	43	61	26	48	86	69	24	82	60	26	37
	56	52	42	21	17	18	91	26	47	16	33	45
	81	99	43	79	26	22	86	65	47	86	98	48
	71	83	41	37	67	65	25	32	91	21	72	74
	39	45	100	73	92	46	73	92	48	45	99	62
	39	56	99	43	38	24	72	21	52	79	75	13
	38	74	42	97	57	75	30	47	48	42	68	18
	40	30	98	51	43	17	36	13	70	35	72	14
	67	95	30	100	18	82	27	48	15	92	52	74
	85	31	59	94	14	89	78	13	31	56	81	88
	75	98	92	71	65	97	73	36	39	42	30	76
	69	24	95	14	76	98	51	63	87	64	43	61
	19	36	28	68	40	14	28	90	71	67	71	85

	25	70	63	26	66	79	41	77	26	37	55	72
	21	100	72	23	64	68	33	78	32	76	26	92
	31	18	88	60	49	40	41	76	99	59	26	50
	35	74	39	30	85	41	50	32	35	18	40	29
	66	40	73	84	67	73	13	38	37	53	37	74
	22	56	68	17	56	69	33	78	88	20	37	49
	55	65	47	97	40	47	100	12	92	21	54	96
	97	92	22	78	90	78	59	85	39	48	60	76
	58	12	49	46	55	76	51	32	61	57	38	87
	43	55	69	61	97	68	24	55	72	41	24	79
	74	78	13	23	49	98	86	73	88	91	48	24
	68	90	83	91	99	74	89	46	66	76	83	24
	27	70	92	50	62	65	56	86	55	32	76	87
	70	96	82	39	43	43	47	46	35	44	41	16
	59	44	45	51	10	19	86	37	51	35	63	26
	49	60	15	23	97	99	53	84	10	41	42	81
	24	18	77	56	37	77	37	23	46	92	69	58
	73	33	75	82	98	32	15	54	25	100	18	46
	97	99	65	33	66	12	32	86	19	46	92	56
	26	72	85	77	94	78	36	21	29	80	91	17
	50	78	73	83	100	94	60	18	89	92	90	91
	43	66	67	80	57	61	70	93	80	80	80	59
	75	55	26	55	55	70	48	84	40	40	34	80
	99	80	54	84	37	89	58	34	71	75	86	64
	28	44	57	89	60	49	83	33	88	37	32	62
	50	22	45	81	59	100	94	93	86	99	79	10
	100	50	69	32	63	28	45	62	65	96	45	60
	94	20	77	96	59	49	51	25	62	68	62	91
	32	71	63	71	85	91	14	80	10	85	89	91
	16	89	34	93	47	76	56	78	92	81	22	67

	81	26	13	43	98	23	39	67	98	96	45	73
	26	81	99	22	18	47	25	60	67	52	54	78
	21	88	73	84	98	66	21	93	57	94	100	37
	57	64	75	64	12	90	67	38	49	29	75	45
	48	53	11	18	21	69	84	43	26	72	73	78
	33	99	55	27	90	65	88	11	37	80	11	43
	10	37	76	33	44	65	62	80	53	26	76	59
	83	57	89	69	19	60	95	61	90	62	20	80
	76	29	74	73	42	32	30	64	76	21	62	77
	91	20	12	46	29	84	25	89	75	28	39	89
	12	91	49	95	67	98	44	64	53	70	39	22
	61	70	16	45	40	18	16	71	43	67	91	46
	55	38	55	19	26	78	53	64	46	57	93	23
	82	34	24	88	19	15	81	43	93	37	22	84
	63	74	97	23	18	28	89	38	78	91	44	58
	71	42	12	93	98	23	47	15	44	16	89	22
	50	85	28	69	94	81	32	92	58	44	91	31
	16	58	28	83	90	29	40	48	93	64	18	99
	16	30	78	69	48	72	84	66	81	60	69	71
	41	24	21	63	41	86	74	95	14	92	64	59
	54	48	41	75	25	32	56	70	97	97	70	63
	70	64	76	76	65	71	56	94	15	18	40	23
	47	90	99	59	77	29	59	39	27	83	78	26
	81	16	39	59	79	73	85	16	50	26	72	82
	69	73	87	55	43	53	44	79	75	31	92	98
	45	32	74	61	45	50	42	69	20	100	64	21
	32	40	47	10	83	64	22	29	27	58	37	92
	46	24	23	48	50	75	35	73	52	44	72	92
	23	28	83	71	53	57	51	42	26	32	71	44
	94	19	35	63	63	18	94	46	83	94	56	94

	83	78	86	67	75	40	95	22	41	11	30	35
	63	42	37	36	79	35	99	88	75	46	68	47
	20	24	65	37	76	88	38	43	27	94	84	49
	52	35	13	41	22	38	13	13	15	35	45	20
	45	15	94	78	77	51	95	78	96	57	45	78
	97	81	50	61	52	16	81	12	13	24	16	41
	61	84	23	45	33	41	66	40	64	61	79	11
	38	43	23	42	58	41	41	72	52	14	37	15
	68	32	69	37	64	36	51	42	60	57	36	34
	43	31	58	34	40	91	24	74	93	65	83	87
	12	76	58	94	99	63	43	22	75	40	11	25
	21	25	84	88	100	90	67	83	75	94	62	77
	44	43	12	70	89	54	74	45	25	67	30	77
	17	23	30	26	76	69	72	81	73	64	36	85
	31	44	73	57	46	64	72	20	24	77	83	35
	23	87	67	39	37	96	48	49	36	84	63	37
	28	87	63	19	98	98	87	15	73	26	49	59
	11	74	13	51	68	90	88	70	58	16	57	42
	73	93	66	42	60	86	83	24	68	24	73	57
	11	91	28	91	85	27	63	30	79	53	12	14
	69	51	23	18	16	24	77	73	13	70	80	16
	99	62	53	16	56	74	47	12	29	98	62	22
	36	35	45	94	89	54	66	16	36	12	23	59
	64	43	79	76	32	24	61	81	78	80	37	41
	33	40	22	42	65	97	18	23	36	76	41	25
	14	63	89	66	70	45	18	67	78	78	93	74
	58	29	88	18	38	25	40	93	70	47	10	58
	48	13	19	39	40	14	46	82	40	11	71	93
	94	16	43	77	11	34	60	85	72	97	59	84
	85	22	39	26	59	16	15	65	79	44	10	77

	22	89	38	76	29	86	80	81	53	22	27	42
	20	85	40	55	65	47	47	42	94	83	42	12
	53	63	51	73	71	18	22	13	77	37	35	68
	94	63	20	40	46	35	61	76	75	93	85	90
	21	39	53	95	66	39	83	36	10	22	18	27
	45	24	13	64	11	35	80	15	14	19	34	99
	32	18	52	81	34	26	48	74	10	38	55	55
	53	37	53	38	95	66	43	33	85	89	90	99
	28	47	74	75	34	76	38	72	12	65	32	28
	22	48	35	34	35	30	66	53	20	70	96	77
	13	93	34	72	47	46	32	60	99	97	80	20
	57	75	84	42	44	25	43	81	99	86	82	74
	78	78	54	18	87	68	39	73	76	36	73	79
	100	61	99	45	59	12	19	36	39	87	19	67
	22	42	35	26	52	50	26	65	87	37	48	76
	77	12	14	18	43	14	98	67	29	99	59	53
	13	16	17	95	33	39	81	86	97	49	68	66
	15	81	28	73	66	17	95	75	71	74	18	30
	53	52	74	77	92	44	44	19	28	70	57	74
	91	92	62	31	48	79	80	27	28	91	45	97
	13	56	54	28	92	50	46	67	49	12	84	65
	10	25	68	54	42	51	13	80	87	42	35	47
	23	78	37	22	75	59	39	90	56	80	52	37
	74	90	51	27	34	77	88	86	45	35	30	77
	59	48	65	66	15	12	16	19	42	78	17	52
	50	65	30	99	80	79	51	69	41	86	35	53
	83	94	63	45	34	34	91	13	90	42	59	26
	43	81	14	21	62	53	49	94	17	88	82	68
	86	21	73	14	31	81	56	41	13	17	77	12
	68	66	85	94	42	64	54	18	48	26	100	62

