***** PARAMETERS PRP *****

Number of Customers = 30
Number of Products = 10
Number of Vehicles = 5
Number of Periods = 12

B = Production capacity
	48413

b_p = Time required to produce item p
 	1	1	1	1	1	1	1	1	1	1

c_p = Production cost of item p
 	30	80	80	30	80	30	30	80	30	80

s_p = Setup cost of item p
 	300	800	800	300	800	300	300	800	300	800

M = Big number
	193651

U_pi = Maximum inventory upper bound of item p at site i
 	193651	250	234	183	192	100	223	237	204	90	105	138	146	189	200	250	146	115	215	168	98	285	301	172	126	314	115	151	100	171	176
	193651	219	163	136	166	235	243	108	311	207	331	263	200	294	199	185	114	183	196	256	141	225	105	113	249	290	164	109	142	195	104
	193651	95	173	249	192	211	167	131	104	98	323	250	243	106	253	126	267	210	102	325	118	250	307	240	111	113	169	94	260	220	159
	193651	88	203	155	110	92	235	221	250	274	331	259	123	281	205	103	143	121	296	299	147	168	337	206	103	219	159	254	195	229	260
	193651	100	204	137	131	149	229	110	156	203	261	145	263	303	113	169	106	96	243	245	254	235	205	313	260	214	185	172	242	122	168
	193651	199	97	253	190	253	271	231	240	165	175	294	142	310	137	244	234	144	287	112	177	191	91	180	168	134	170	179	134	224	250
	193651	155	145	159	274	194	174	99	245	210	131	230	157	218	269	135	204	208	102	88	244	210	250	178	271	160	139	152	167	227	266
	193651	187	169	198	261	125	255	116	96	295	324	254	147	227	108	119	295	96	165	89	258	78	219	205	230	116	94	282	253	176	186
	193651	162	270	121	152	275	142	100	102	143	224	233	177	175	166	173	199	192	114	85	99	189	161	146	128	179	127	165	97	106	120
	193651	303	165	163	272	126	176	293	313	91	194	110	196	202	234	103	110	168	119	118	207	224	122	246	272	130	107	140	255	246	178

I_pi0 = Initial inventory of item p at site i
 	0	93	173	55	137	23	80	198	110	84	95	111	99	52	87	156	72	95	181	40	81	108	44	97	111	232	99	138	39	124	103
	0	129	81	134	146	152	223	70	89	112	56	121	33	204	153	162	90	138	173	171	70	200	40	29	210	137	56	20	78	128	81
	0	56	156	78	174	206	94	94	81	27	223	184	203	78	253	108	262	131	78	105	75	59	146	187	16	79	124	83	196	96	30
	0	26	171	119	42	72	187	66	149	265	223	159	108	274	57	43	95	76	94	108	125	26	194	80	21	181	138	73	37	98	83
	0	93	99	94	119	117	51	41	120	187	85	118	74	276	66	134	46	70	225	217	99	121	155	245	97	67	134	100	222	100	85
	0	192	46	63	110	168	72	180	84	77	92	101	11	147	31	105	212	118	224	21	82	38	38	142	21	82	77	157	55	92	205
	0	12	131	112	102	115	71	78	43	154	41	188	145	101	116	48	118	143	76	77	77	60	92	97	65	154	102	136	110	14	45
	0	18	87	94	50	99	91	116	37	173	172	99	83	176	37	98	247	75	77	46	154	71	83	62	33	72	51	94	55	141	145
	0	151	57	83	63	36	60	51	39	120	204	177	123	96	39	44	140	38	86	20	81	142	157	127	22	157	119	60	54	19	97
	0	170	107	146	228	114	89	78	141	0	186	23	109	118	230	58	26	157	60	74	166	183	51	147	168	95	87	128	140	178	171

h_pi = Inventory cost of item p at site i
 	3	0	0	0	0	0	0	0	0	0	0	0	0	0	0	0	0	0	0	0	0	0	0	0	0	0	0	0	0	0	0
	8	0	0	0	0	0	0	0	0	0	0	0	0	0	0	0	0	0	0	0	0	0	0	0	0	0	0	0	0	0	0
	8	0	0	0	0	0	0	0	0	0	0	0	0	0	0	0	0	0	0	0	0	0	0	0	0	0	0	0	0	0	0
	3	0	0	0	0	0	0	0	0	0	0	0	0	0	0	0	0	0	0	0	0	0	0	0	0	0	0	0	0	0	0
	8	0	0	0	0	0	0	0	0	0	0	0	0	0	0	0	0	0	0	0	0	0	0	0	0	0	0	0	0	0	0
	3	0	0	0	0	0	0	0	0	0	0	0	0	0	0	0	0	0	0	0	0	0	0	0	0	0	0	0	0	0	0
	3	0	0	0	0	0	0	0	0	0	0	0	0	0	0	0	0	0	0	0	0	0	0	0	0	0	0	0	0	0	0
	8	0	0	0	0	0	0	0	0	0	0	0	0	0	0	0	0	0	0	0	0	0	0	0	0	0	0	0	0	0	0
	3	0	0	0	0	0	0	0	0	0	0	0	0	0	0	0	0	0	0	0	0	0	0	0	0	0	0	0	0	0	0
	8	0	0	0	0	0	0	0	0	0	0	0	0	0	0	0	0	0	0	0	0	0	0	0	0	0	0	0	0	0	0

C = Vehicle capacity
	3370

f = Fixed transportation cost
	30318

a_ik = Transportation cost for traveling from node i to node k
 	0	203	512	571	181	407	474	590	228	309	321	417	299	211	668	272	171	257	293	299	310	235	396	333	193	226	534	314	491	282	445
	203	0	350	437	214	607	316	439	424	195	360	618	385	293	643	470	235	368	495	363	507	264	445	518	392	310	470	513	391	409	357
	512	350	0	117	563	904	38	92	683	212	414	911	734	448	469	777	417	516	787	450	756	611	468	844	664	660	281	769	174	559	196
	571	437	117	0	649	943	134	61	714	263	402	947	819	465	371	825	447	521	827	443	780	700	437	901	700	743	199	795	117	560	162
	181	214	563	649	0	481	529	652	373	397	487	496	172	384	817	344	335	437	387	471	449	60	567	356	334	99	661	446	595	463	555
	407	607	904	943	481	0	866	973	234	693	584	20	424	487	920	140	496	456	117	541	194	493	612	155	244	422	850	174	844	434	794
	474	316	38	134	529	866	0	124	646	174	383	873	700	413	463	740	380	481	750	417	720	578	440	807	626	625	272	732	164	524	176
	590	439	92	61	652	973	124	0	747	283	449	978	823	502	429	851	479	563	857	489	816	701	489	922	731	748	259	830	171	604	211
	228	424	683	714	373	234	646	747	0	472	351	236	408	253	694	155	268	225	128	309	83	411	387	255	40	363	617	90	612	210	562
	309	195	212	263	397	693	174	283	472	0	244	700	564	245	456	569	208	319	577	269	546	452	319	640	453	487	276	559	198	363	162
	321	360	414	402	487	584	383	449	351	244	0	584	620	116	356	493	153	130	477	44	400	546	85	586	352	546	269	418	288	162	241
	417	618	911	947	496	20	873	978	236	700	584	0	443	489	917	154	501	455	125	541	190	509	610	174	248	439	851	170	847	432	797
	299	385	734	819	172	424	700	823	408	564	620	443	0	508	965	311	469	543	365	596	465	130	693	273	372	78	820	455	761	558	719
	211	293	448	465	384	487	413	502	253	245	116	489	508	0	471	385	59	79	375	89	316	441	186	476	247	436	367	331	360	123	310
	668	643	469	371	817	920	463	429	694	456	356	917	965	471	0	843	498	471	821	392	728	876	309	939	701	889	193	748	301	487	307
	272	470	777	825	344	140	740	851	155	569	493	154	311	385	843	0	383	372	56	453	172	361	537	101	142	293	751	157	732	363	683
	171	235	417	447	335	496	380	479	268	208	153	501	469	59	498	383	0	135	381	138	340	393	233	467	253	395	375	353	350	177	300
	257	368	516	521	437	456	481	563	225	319	130	455	543	79	471	372	135	0	352	86	271	492	165	469	231	476	399	289	410	45	361
	293	495	787	827	387	117	750	857	128	577	477	125	365	375	821	56	381	352	0	435	123	408	513	144	129	344	741	105	730	336	680
	299	363	450	443	471	541	417	489	309	269	44	541	596	89	392	453	138	86	435	0	357	529	98	548	312	524	313	375	330	119	282
	310	507	756	780	449	194	720	816	83	546	400	190	465	316	728	172	340	271	123	357	0	483	421	266	119	429	669	21	674	244	624
	235	264	611	700	60	493	578	701	411	452	546	509	130	441	876	361	393	492	408	529	483	0	625	356	372	76	719	478	650	516	612
	396	445	468	437	567	612	440	489	387	319	85	610	693	186	309	537	233	165	513	98	421	625	0	634	395	621	272	441	321	179	280
	333	518	844	901	356	155	807	922	255	640	586	174	273	476	939	101	467	469	144	548	266	356	634	0	240	281	840	248	813	462	765
	193	392	664	700	334	244	626	731	40	453	352	248	372	247	701	142	253	231	129	312	119	372	395	240	0	325	613	122	601	223	551
	226	310	660	743	99	422	625	748	363	487	546	439	78	436	889	293	395	476	344	524	429	76	621	281	325	0	743	422	683	494	641
	534	470	281	199	661	850	272	259	617	276	269	851	820	367	193	751	375	399	741	313	669	719	272	840	613	743	0	687	109	429	118
	314	513	769	795	446	174	732	830	90	559	418	170	455	331	748	157	353	289	105	375	21	478	441	248	122	422	687	0	690	263	640
	491	391	174	117	595	844	164	171	612	198	288	847	761	360	301	732	350	410	730	330	674	650	321	813	601	683	109	690	0	448	51
	282	409	559	560	463	434	524	604	210	363	162	432	558	123	487	363	177	45	336	119	244	516	179	462	223	494	429	263	448	0	399
	445	357	196	162	555	794	176	211	562	162	241	797	719	310	307	683	300	361	680	282	624	612	280	765	551	641	118	640	51	399	0

coordXY = Coordinates (x,y): line zero => x line one => y column => customers
 	302	462	498	419	459	27	480	479	87	377	135	8	449	172	54	141	229	95	89	117	11	492	59	181	126	432	223	15	325	54	305
	337	461	809	895	248	38	776	899	264	636	611	42	77	502	957	119	491	488	137	571	231	199	649	27	260	153	865	211	827	471	781

d_pit = Demand of item p at customer i in period t
 	93	66	23	21	31	32	67	11	17	79	79	80
	20	56	97	63	18	46	85	39	80	92	25	80
	55	91	72	67	34	19	96	94	44	53	17	90
	75	29	33	92	94	84	82	79	60	30	18	92
	23	98	90	27	28	25	42	87	12	69	62	34
	80	29	58	43	17	64	53	33	78	73	48	92
	30	72	96	63	50	64	39	85	17	86	67	42
	19	91	47	27	39	95	39	80	76	11	30	58
	84	47	13	56	12	18	35	38	58	11	76	90
	95	98	57	32	38	26	96	45	98	18	12	16
	29	82	71	11	96	40	11	48	15	39	81	27
	99	32	39	69	22	67	20	64	16	55	78	22
	41	11	13	94	22	74	11	94	36	29	97	45
	87	37	17	39	13	35	28	68	38	50	35	34
	51	94	11	50	48	82	49	86	59	47	13	10
	72	46	78	47	16	19	25	12	72	65	49	83
	36	59	69	91	43	60	22	96	94	50	15	54
	16	18	73	74	36	85	24	49	79	22	91	79
	40	60	30	97	21	30	99	91	39	73	12	80
	26	55	49	15	92	68	51	23	75	38	13	85
	27	81	95	63	13	45	36	53	88	30	74	78
	14	30	78	60	59	92	65	28	50	87	86	73
	11	15	37	34	27	69	22	23	79	76	80	43
	43	46	22	24	30	17	64	28	62	88	45	36
	54	53	40	85	10	89	100	32	61	63	99	67
	99	40	11	79	27	32	70	47	91	72	52	69
	95	43	45	47	44	11	91	26	36	60	14	92
	39	63	55	23	48	20	96	57	38	55	47	57
	49	42	33	61	29	90	83	53	96	80	48	19
	28	75	68	12	38	32	34	40	50	33	33	85

	95	34	64	71	23	61	47	82	58	33	24	66
	81	84	22	41	22	96	54	17	69	19	64	82
	25	81	16	12	13	14	16	17	35	65	62	53
	79	67	33	63	29	23	48	37	85	78	98	25
	32	26	73	21	36	49	89	42	88	24	26	57
	80	97	46	48	86	90	27	37	40	33	60	84
	70	48	41	48	26	97	99	17	17	37	56	92
	89	58	46	41	40	77	52	85	98	14	50	97
	23	66	23	31	84	48	64	93	70	14	53	51
	56	62	56	90	85	99	19	45	94	45	96	47
	11	54	56	60	43	76	51	43	75	10	57	96
	33	82	99	66	87	27	96	26	94	59	62	70
	77	28	99	34	58	98	51	68	92	14	62	25
	36	64	34	19	53	89	96	90	13	31	57	15
	44	23	95	72	65	13	15	68	97	82	83	81
	42	48	43	37	76	42	76	69	99	33	24	94
	22	27	21	68	70	52	39	13	68	51	55	64
	81	92	20	43	76	68	52	86	96	41	57	70
	44	48	32	47	35	59	87	77	12	51	53	70
	70	21	24	70	49	40	57	61	11	61	90	11
	78	72	50	25	41	50	18	39	64	39	32	33
	40	93	91	51	18	73	25	22	75	98	23	22
	29	34	19	94	67	98	50	16	81	54	44	91
	77	49	84	62	97	50	68	83	85	28	23	40
	27	50	38	22	20	50	61	77	77	96	100	78
	56	10	91	28	65	92	96	49	71	17	60	21
	20	17	34	22	39	47	64	53	57	21	47	16
	45	33	11	38	86	49	51	13	11	92	93	45
	18	15	95	42	27	67	96	100	18	19	33	56
	81	14	57	63	54	62	19	37	36	58	74	71

	56	52	28	23	32	31	46	36	67	56	60	82
	54	44	58	81	24	18	77	65	61	46	69	94
	68	10	17	21	90	99	30	58	33	30	76	65
	55	78	41	90	78	82	16	97	68	59	85	17
	74	55	77	81	46	41	84	71	96	92	43	84
	15	45	34	55	66	21	87	12	16	89	20	42
	13	16	65	89	74	47	12	18	48	33	36	73
	81	27	79	37	43	61	78	26	15	41	86	48
	16	11	51	39	19	19	84	27	27	13	36	51
	96	69	58	73	81	55	88	24	70	88	25	47
	56	53	56	19	62	34	65	97	11	61	56	30
	98	92	13	65	56	31	58	83	50	98	25	61
	78	63	14	31	26	43	95	76	76	37	42	54
	80	66	59	48	26	92	47	97	69	77	73	24
	55	53	69	76	86	97	33	66	72	45	45	61
	83	49	89	41	44	91	69	54	82	46	74	79
	23	58	50	35	57	43	42	63	75	55	74	56
	48	30	27	75	64	82	65	13	82	52	41	31
	34	71	95	84	44	89	57	100	26	50	64	65
	34	41	55	12	95	100	64	98	43	73	26	66
	59	57	98	58	69	72	48	97	56	22	61	52
	82	64	99	70	41	57	62	63	28	94	41	36
	62	79	46	78	41	39	31	24	44	15	96	20
	16	66	28	83	51	78	73	63	14	65	49	77
	79	29	18	80	71	15	77	61	34	31	94	86
	34	90	48	71	71	100	20	37	11	72	36	87
	10	14	59	72	30	96	35	67	33	45	42	62
	87	70	39	38	81	16	68	42	41	21	42	78
	96	59	37	76	17	30	74	67	18	89	83	14
	30	47	32	60	20	58	94	61	72	31	96	36

	26	32	69	64	45	19	93	20	15	36	11	99
	20	61	90	82	51	17	46	36	69	52	72	14
	30	17	72	86	21	64	51	15	22	25	24	38
	42	83	40	83	96	27	15	70	14	61	99	27
	72	36	45	48	12	63	28	83	41	20	19	86
	64	12	54	57	71	27	94	34	20	14	40	76
	66	92	53	78	11	28	52	12	49	97	33	92
	18	73	58	81	74	30	83	36	80	50	79	87
	99	34	33	99	58	57	71	29	34	36	73	34
	73	58	92	50	94	85	40	20	66	91	72	53
	88	71	42	44	59	18	54	65	60	96	96	85
	76	32	94	11	79	19	91	99	98	88	14	34
	83	40	57	94	34	53	34	53	74	83	31	39
	28	29	100	20	66	66	78	32	69	18	49	59
	43	23	73	72	75	29	17	98	14	61	36	79
	73	22	24	40	85	69	26	11	97	28	79	17
	76	87	89	40	88	74	60	32	70	49	16	45
	94	92	33	99	32	41	83	65	19	53	40	60
	20	88	69	11	75	88	56	55	72	30	88	65
	60	65	26	39	80	79	48	11	20	63	71	24
	26	53	57	56	81	79	12	13	56	85	71	81
	97	97	73	79	70	30	73	15	90	60	53	71
	80	54	20	28	83	42	40	57	58	48	80	29
	21	93	17	54	24	19	82	27	17	12	28	17
	63	51	20	47	54	23	88	18	49	55	11	47
	63	27	48	37	90	15	85	16	75	73	63	43
	73	99	51	23	79	46	27	10	82	21	27	72
	37	73	37	72	23	58	50	36	11	66	93	28
	13	85	18	29	86	33	75	90	85	57	47	70
	83	60	46	51	91	74	31	98	61	43	78	64

	22	71	41	35	16	73	48	84	50	12	54	94
	15	84	92	41	25	60	64	14	16	68	55	77
	94	99	82	52	24	54	94	94	90	24	66	46
	78	22	19	59	17	45	37	46	26	77	26	72
	33	24	19	41	69	36	83	99	77	21	18	77
	21	30	38	96	92	37	89	48	97	73	21	45
	41	96	16	56	48	73	79	43	99	37	52	22
	53	67	29	77	68	34	57	40	53	45	45	56
	62	92	33	28	60	99	25	46	45	20	81	19
	85	28	11	40	20	71	32	47	95	67	42	88
	33	23	62	51	28	62	23	80	50	71	66	31
	74	34	29	16	66	94	49	37	96	35	55	46
	14	95	75	92	93	70	18	72	72	19	88	19
	66	62	82	21	66	11	95	59	60	69	67	20
	50	84	65	33	78	61	42	86	11	13	97	54
	13	33	22	41	93	32	57	35	88	90	86	43
	55	15	97	79	14	65	54	55	37	31	63	11
	77	51	97	22	39	87	22	90	14	25	13	47
	47	96	74	64	76	70	33	28	73	96	22	57
	99	59	18	70	93	88	52	68	53	67	79	17
	96	25	96	76	73	73	39	84	12	60	62	10
	71	84	97	87	34	41	71	99	56	81	83	15
	84	94	67	77	25	82	48	19	47	73	60	74
	64	33	97	96	23	37	32	86	22	42	74	18
	24	26	17	76	60	77	22	86	18	79	58	100
	64	70	25	83	75	63	48	17	59	20	15	15
	15	59	26	23	15	98	90	40	86	74	74	87
	84	40	98	97	46	66	64	24	41	27	50	88
	87	13	79	43	90	54	75	84	65	32	84	25
	74	11	93	27	46	77	75	39	85	68	33	43

	31	84	52	25	21	16	78	95	32	22	99	41
	46	85	40	39	19	68	45	25	74	53	74	16
	63	32	28	58	36	90	69	56	51	11	50	64
	58	52	83	25	64	17	52	36	22	48	96	17
	43	29	96	48	41	49	43	23	43	98	63	30
	72	62	77	20	11	84	31	37	91	12	90	64
	13	57	65	45	77	17	97	55	32	92	84	60
	16	68	30	63	59	68	38	56	28	92	32	25
	11	66	89	36	56	16	50	19	42	33	18	59
	92	39	17	54	24	63	21	16	39	47	17	96
	83	18	74	36	73	56	66	27	94	71	12	96
	11	24	11	42	66	16	50	35	18	64	51	38
	10	74	63	17	64	72	75	91	86	86	25	80
	31	37	87	76	23	48	39	50	14	77	36	31
	12	93	79	100	57	86	24	77	40	42	77	46
	73	51	66	22	85	91	57	48	56	72	57	23
	73	18	27	37	28	31	59	39	91	40	83	50
	48	39	87	50	73	42	24	84	38	38	100	65
	21	74	77	97	89	12	21	59	38	55	80	50
	28	25	29	81	20	11	29	49	51	67	79	61
	38	82	16	69	79	46	99	93	29	52	81	81
	38	32	65	21	67	26	24	33	35	77	82	43
	62	80	15	84	59	13	81	72	91	76	33	52
	21	48	28	17	92	66	81	57	86	85	28	62
	82	71	80	13	88	61	95	80	22	70	66	77
	77	100	98	89	90	21	16	27	47	19	50	44
	85	72	52	91	25	95	52	97	22	26	33	67
	55	65	89	30	62	44	52	14	61	10	31	21
	80	12	84	41	32	75	76	66	14	29	77	86
	50	91	64	66	25	33	32	46	14	52	97	29

	12	91	66	15	45	63	28	95	77	19	42	66
	59	15	57	61	18	15	71	85	53	80	12	52
	97	15	76	38	11	84	65	69	49	43	28	59
	32	70	56	34	61	37	89	69	67	49	29	64
	19	96	64	52	11	49	24	51	62	61	49	44
	39	32	46	26	54	35	21	94	79	14	23	60
	78	81	17	12	54	20	90	73	38	31	58	43
	43	66	53	47	83	29	62	43	28	20	47	68
	70	84	25	80	48	33	24	28	95	29	50	64
	41	91	38	65	77	89	86	27	38	47	88	96
	33	72	83	65	37	89	93	15	57	60	32	53
	11	66	68	24	54	20	87	12	48	13	29	38
	22	79	21	19	19	92	22	85	60	16	52	35
	25	62	29	57	35	39	93	37	47	54	86	81
	48	68	50	59	10	34	74	71	26	27	42	32
	94	24	87	39	89	20	98	72	92	58	74	68
	72	40	31	58	54	90	69	13	58	59	69	10
	76	32	23	47	94	70	41	71	53	37	46	20
	77	84	68	14	18	43	43	18	16	68	67	11
	48	29	34	79	82	42	64	25	23	23	98	38
	60	94	38	50	77	13	34	26	98	41	62	36
	92	32	36	42	67	75	42	82	21	42	21	49
	97	83	72	31	52	53	24	66	30	26	88	91
	29	36	66	23	11	99	89	40	68	41	61	88
	17	46	91	30	98	11	16	95	56	67	44	67
	69	33	55	80	42	67	20	42	28	21	22	76
	43	66	27	44	33	63	52	38	46	98	84	12
	85	25	86	79	74	51	42	15	74	41	55	41
	14	37	13	89	47	94	12	56	50	25	37	70
	45	72	76	24	99	71	77	89	33	96	76	41

	18	10	85	76	27	17	41	26	82	99	30	49
	87	86	40	96	56	57	31	40	54	39	33	58
	94	28	69	21	97	73	53	74	98	62	22	99
	12	20	18	93	47	62	74	29	93	49	63	67
	99	64	42	62	31	67	92	33	61	74	50	73
	64	27	55	43	56	81	61	12	59	58	30	67
	34	57	25	30	74	65	53	77	97	70	92	19
	26	11	76	22	43	94	69	45	70	34	40	47
	69	51	53	95	82	34	45	82	72	68	35	22
	75	86	11	91	92	92	73	76	77	14	29	62
	99	59	56	38	84	64	34	92	70	88	65	13
	18	65	43	50	73	26	45	48	67	57	81	15
	79	38	16	43	37	78	100	45	61	88	31	65
	37	77	42	63	73	28	75	40	76	28	42	69
	98	97	50	70	47	73	61	86	22	73	19	20
	68	21	73	85	39	71	58	49	71	53	56	64
	75	33	42	45	24	14	49	29	10	15	22	24
	77	98	15	14	85	16	20	73	68	81	15	97
	46	52	45	28	86	35	12	78	63	46	10	35
	24	91	39	63	62	48	33	79	58	73	11	39
	71	30	40	25	26	15	35	27	92	76	20	11
	31	27	25	87	58	81	46	95	51	95	46	16
	51	11	47	14	88	42	55	34	47	58	93	75
	33	23	73	16	33	70	61	48	38	86	29	41
	72	83	24	73	55	60	93	33	41	12	90	58
	12	39	56	66	16	17	22	97	55	70	67	46
	77	17	79	45	37	82	59	22	17	83	59	100
	55	54	56	76	19	44	87	46	91	72	75	83
	47	94	81	33	80	41	52	59	44	53	63	55
	25	12	23	85	70	10	67	56	73	30	96	12

	22	58	71	34	62	57	60	69	77	82	13	44
	22	15	20	97	93	57	86	50	85	79	33	12
	83	78	65	46	97	60	23	78	26	57	69	42
	30	33	59	51	90	81	33	52	95	10	56	19
	36	69	59	80	73	61	36	96	90	98	45	83
	60	56	42	23	26	23	90	77	22	43	85	21
	51	61	40	26	40	35	68	41	12	97	47	82
	39	62	17	46	23	89	47	75	23	45	75	68
	57	63	51	16	23	38	100	84	45	64	16	15
	89	58	57	50	30	45	73	89	50	18	31	83
	88	89	80	95	25	29	13	92	54	20	79	35
	27	73	23	65	70	85	96	32	55	100	68	12
	57	13	26	90	29	44	91	69	79	88	64	48
	39	32	69	99	96	22	34	83	31	74	24	59
	44	50	17	43	65	78	64	47	55	92	48	90
	65	75	67	17	65	65	58	78	43	96	86	79
	38	49	38	91	34	80	39	84	96	99	45	74
	63	23	93	75	28	79	44	27	36	73	66	78
	20	57	69	10	27	15	27	69	72	77	41	27
	81	59	18	46	71	72	23	64	46	63	30	23
	97	29	16	52	50	78	19	18	17	58	60	73
	17	91	49	59	50	52	35	61	37	97	23	71
	51	13	63	19	57	59	61	59	57	29	73	41
	22	12	14	53	79	45	72	24	33	18	43	96
	80	77	23	34	31	85	77	56	84	65	11	92
	25	76	18	33	40	67	90	13	71	40	20	15
	60	15	95	98	76	41	27	59	78	69	12	31
	12	42	31	55	29	28	87	56	65	66	89	24
	19	27	28	42	53	58	81	55	84	49	51	91
	33	64	91	77	52	84	27	74	54	24	89	51

	54	17	34	65	94	30	17	98	70	61	94	93
	92	15	90	28	16	41	81	78	74	46	22	76
	55	21	52	18	48	48	93	25	68	67	79	78
	92	11	35	90	14	85	25	69	67	73	26	65
	40	74	26	81	60	52	17	66	66	74	98	99
	49	40	92	48	92	27	31	37	26	28	20	38
	78	17	99	55	11	72	42	92	82	99	25	32
	73	68	83	90	78	39	95	68	19	76	30	32
	92	15	18	56	71	31	26	95	46	38	17	43
	90	96	28	86	74	97	52	13	57	92	73	18
	23	81	93	53	34	15	92	47	33	93	84	12
	35	56	18	25	54	64	50	46	60	78	11	91
	53	65	100	92	24	82	31	79	86	80	22	95
	72	57	74	27	37	44	68	54	77	43	94	56
	58	52	52	46	95	44	40	67	20	42	35	69
	11	15	96	71	43	84	29	68	92	59	48	42
	18	83	56	51	89	42	81	61	39	60	28	64
	26	34	85	42	82	58	97	68	67	44	77	31
	74	66	99	71	36	47	46	50	73	48	35	62
	95	71	74	97	60	54	87	64	34	37	58	98
	88	16	79	68	72	70	38	23	52	59	78	29
	51	31	48	35	73	64	30	100	41	98	78	80
	67	15	65	66	15	40	29	21	85	52	49	86
	35	38	95	50	42	42	63	43	85	16	73	70
	95	56	75	12	57	36	48	100	76	60	68	95
	58	11	18	60	89	100	28	22	54	81	55	63
	88	40	16	36	59	45	29	53	62	91	30	10
	23	36	31	50	24	54	43	71	32	83	83	82
	47	24	39	68	25	66	66	98	31	50	19	57
	56	80	35	84	34	27	53	60	57	83	65	78

