***** PARAMETERS PRP *****

Number of Customers = 30
Number of Products = 10
Number of Vehicles = 5
Number of Periods = 12

B = Production capacity
	50042

b_p = Time required to produce item p
 	1	1	1	1	1	1	1	1	1	1

c_p = Production cost of item p
 	80	80	30	30	30	80	30	80	80	30

s_p = Setup cost of item p
 	800	800	300	300	300	800	300	800	800	300

M = Big number
	200168

U_pi = Maximum inventory upper bound of item p at site i
 	200168	134	312	229	113	236	183	164	132	248	242	124	251	177	209	109	240	134	104	206	169	284	167	109	81	303	222	210	298	161	141
	200168	232	150	208	91	127	216	205	248	167	250	319	85	157	244	107	130	108	142	105	170	102	104	123	275	111	125	270	220	148	92
	200168	147	198	339	173	182	127	165	146	229	138	84	208	115	126	207	184	122	205	119	202	195	238	283	308	103	272	115	308	115	98
	200168	125	183	136	105	234	243	322	221	213	214	252	111	109	265	260	105	278	101	267	256	167	272	163	114	179	244	76	259	131	117
	200168	194	152	273	148	238	96	250	332	327	179	227	181	299	247	244	137	216	278	236	189	166	354	189	192	259	295	208	232	295	125
	200168	159	224	241	190	180	170	167	123	182	166	171	243	331	95	114	162	204	223	325	96	101	222	276	130	256	263	230	165	251	219
	200168	170	240	172	98	132	177	188	235	290	111	121	140	216	232	211	283	273	254	249	139	221	103	256	158	236	177	155	118	113	168
	200168	278	243	240	138	108	210	201	128	211	162	211	126	135	290	251	111	245	142	263	199	162	207	99	173	181	231	190	186	300	121
	200168	216	292	282	180	270	286	262	197	97	171	105	244	215	239	186	169	157	287	203	129	93	210	312	162	144	328	242	165	209	111
	200168	220	273	112	176	191	105	115	258	120	257	245	118	293	213	255	149	235	93	257	262	125	209	286	230	269	121	330	239	231	268

I_pi0 = Initial inventory of item p at site i
 	0	122	274	98	111	106	79	78	37	210	212	98	175	32	133	85	138	55	60	31	104	209	67	103	22	214	26	168	114	47	88
	0	206	125	47	48	96	185	167	147	115	139	174	57	141	111	60	54	80	97	91	120	78	33	112	159	102	90	73	196	65	20
	0	105	193	238	95	38	113	99	66	211	128	65	200	87	95	140	156	52	145	78	60	138	119	55	98	13	246	104	264	98	64
	0	59	142	108	84	144	161	143	45	138	79	132	80	78	127	95	38	56	16	89	154	86	32	68	95	134	209	75	228	69	30
	0	185	109	183	117	85	25	72	148	70	160	25	175	281	243	172	83	25	127	215	140	92	263	59	170	50	202	184	74	175	61
	0	139	94	217	119	46	41	136	54	140	165	71	30	276	44	47	69	60	161	126	95	85	177	50	77	205	95	168	132	90	161
	0	109	216	75	91	73	52	93	29	96	83	102	58	79	78	140	258	133	184	94	63	177	61	155	137	63	154	110	48	111	122
	0	50	187	17	85	74	94	37	96	207	149	159	71	57	65	93	66	150	104	51	176	61	90	78	163	153	33	160	124	29	91
	0	142	124	152	84	222	105	62	71	79	125	52	69	116	182	99	166	71	137	124	47	25	111	118	68	116	223	156	87	40	81
	0	70	56	79	168	179	98	75	145	116	92	188	97	279	192	60	18	220	68	51	185	97	183	73	206	50	78	248	36	189	188

h_pi = Inventory cost of item p at site i
 	8	0	0	0	0	0	0	0	0	0	0	0	0	0	0	0	0	0	0	0	0	0	0	0	0	0	0	0	0	0	0
	8	0	0	0	0	0	0	0	0	0	0	0	0	0	0	0	0	0	0	0	0	0	0	0	0	0	0	0	0	0	0
	3	0	0	0	0	0	0	0	0	0	0	0	0	0	0	0	0	0	0	0	0	0	0	0	0	0	0	0	0	0	0
	3	0	0	0	0	0	0	0	0	0	0	0	0	0	0	0	0	0	0	0	0	0	0	0	0	0	0	0	0	0	0
	3	0	0	0	0	0	0	0	0	0	0	0	0	0	0	0	0	0	0	0	0	0	0	0	0	0	0	0	0	0	0
	8	0	0	0	0	0	0	0	0	0	0	0	0	0	0	0	0	0	0	0	0	0	0	0	0	0	0	0	0	0	0
	3	0	0	0	0	0	0	0	0	0	0	0	0	0	0	0	0	0	0	0	0	0	0	0	0	0	0	0	0	0	0
	8	0	0	0	0	0	0	0	0	0	0	0	0	0	0	0	0	0	0	0	0	0	0	0	0	0	0	0	0	0	0
	8	0	0	0	0	0	0	0	0	0	0	0	0	0	0	0	0	0	0	0	0	0	0	0	0	0	0	0	0	0	0
	3	0	0	0	0	0	0	0	0	0	0	0	0	0	0	0	0	0	0	0	0	0	0	0	0	0	0	0	0	0	0

C = Vehicle capacity
	3540

f = Fixed transportation cost
	29729

a_ik = Transportation cost for traveling from node i to node k
 	0	424	414	354	69	492	153	350	196	389	336	190	399	384	346	284	239	487	316	365	256	425	395	98	409	471	426	146	397	132	412
	424	0	685	628	449	363	421	480	547	36	700	261	26	53	456	356	368	652	449	678	394	639	684	400	363	850	209	406	453	487	225
	414	685	0	63	346	885	565	231	224	658	175	444	661	671	256	335	318	164	730	76	293	90	32	346	811	263	784	310	298	521	779
	354	628	63	0	285	823	506	192	168	600	160	384	604	612	215	283	261	179	669	69	238	98	57	284	749	279	723	248	264	464	717
	69	449	346	285	0	554	221	293	130	415	277	195	423	414	293	247	199	421	385	298	210	358	327	61	473	418	477	97	348	191	466
	492	363	885	823	554	0	372	739	683	355	827	461	366	325	721	618	603	911	255	849	632	871	872	541	95	959	155	577	742	452	141
	153	421	565	506	221	372	0	492	344	388	472	267	401	372	485	406	368	638	165	513	390	577	545	241	281	593	348	290	530	82	329
	350	480	231	192	293	739	492	0	248	457	333	279	457	476	26	127	137	175	641	259	109	164	243	253	680	467	614	204	76	481	614
	196	547	224	168	130	683	344	248	0	515	155	287	522	520	260	263	219	329	509	170	213	255	202	153	602	303	600	143	320	297	591
	389	36	658	600	415	355	388	457	515	0	668	229	15	30	434	332	341	631	422	648	367	615	656	366	346	817	201	374	435	452	214
	336	700	175	160	277	827	472	333	155	668	0	440	675	674	353	391	355	333	634	101	341	252	143	308	743	151	753	294	409	409	742
	190	261	444	384	195	461	267	279	287	229	440	0	235	235	262	162	143	451	386	426	172	416	438	141	403	589	343	147	291	297	340
	399	26	661	604	423	366	401	457	522	15	675	235	0	43	433	333	344	630	436	653	369	616	660	374	358	824	212	381	433	465	226
	384	53	671	612	414	325	372	476	520	30	674	235	43	0	453	350	355	650	397	658	382	631	668	369	316	822	172	381	457	439	185
	346	456	256	215	293	721	485	26	260	434	353	262	433	453	0	105	123	198	631	282	96	190	268	249	665	490	594	201	61	478	594
	284	356	335	283	247	618	406	127	263	332	391	162	333	350	105	0	49	302	542	342	52	284	339	190	564	538	489	151	130	413	490
	239	368	318	261	199	603	368	137	219	341	355	143	344	355	123	49	0	308	510	314	29	278	317	144	544	503	483	103	163	370	481
	487	652	164	179	421	911	638	175	329	631	333	451	630	650	198	302	308	0	795	233	280	82	194	398	848	424	789	351	206	611	788
	316	449	730	669	385	255	165	641	509	422	634	386	436	397	631	542	510	795	0	678	535	738	710	398	162	749	299	445	670	228	275
	365	678	76	69	298	849	513	259	170	648	101	426	653	658	282	342	314	233	678	0	294	154	44	310	770	210	758	282	332	462	750
	256	394	293	238	210	632	390	109	213	367	341	172	369	382	96	52	29	280	535	294	0	250	294	159	572	488	511	113	142	388	509
	425	639	90	98	358	871	577	164	255	615	252	416	616	631	190	284	278	82	738	154	250	0	117	342	803	352	758	299	221	544	755
	395	684	32	57	327	872	545	243	202	656	143	438	660	668	268	339	317	194	710	44	294	117	0	332	796	237	775	299	313	497	769
	98	400	346	284	61	541	241	253	153	366	308	141	374	369	249	190	144	398	398	310	159	342	332	0	466	454	449	49	300	230	441
	409	363	811	749	473	95	281	680	602	346	743	403	358	316	665	564	544	848	162	770	572	803	796	466	0	871	168	506	692	360	146
	471	850	263	279	418	959	593	467	303	817	151	589	824	822	490	538	503	424	749	210	488	352	237	454	871	0	894	444	542	522	882
	426	209	784	723	477	155	348	614	600	201	753	343	212	172	594	489	483	789	299	758	511	758	775	449	168	894	0	477	608	429	24
	146	406	310	248	97	577	290	204	143	374	294	147	381	381	201	151	103	351	445	282	113	299	299	49	506	444	477	0	253	278	470
	397	453	298	264	348	742	530	76	320	435	409	291	433	457	61	130	163	206	670	332	142	221	313	300	692	542	608	253	0	529	611
	132	487	521	464	191	452	82	481	297	452	409	297	465	439	478	413	370	611	228	462	388	544	497	230	360	522	429	278	529	0	410
	412	225	779	717	466	141	329	614	591	214	742	340	226	185	594	490	481	788	275	750	509	755	769	441	146	882	24	470	611	410	0

coordXY = Coordinates (x,y): line zero => x line one => y column => customers
 	134	466	266	260	159	182	65	411	164	437	101	317	451	414	423	404	356	429	19	198	362	351	236	218	134	11	301	254	483	21	278
	513	250	905	843	577	24	377	726	706	270	847	464	271	251	703	600	601	900	219	872	629	878	894	563	105	967	122	596	702	446	127

d_pit = Demand of item p at customer i in period t
 	55	67	25	58	51	41	37	58	27	18	71	27
	87	88	99	50	28	70	76	66	24	89	60	12
	98	51	63	31	79	43	65	37	84	20	39	76
	84	12	15	56	67	62	83	45	87	13	97	59
	69	37	64	80	67	12	65	74	94	32	28	85
	50	29	51	67	46	39	59	32	43	25	73	36
	51	27	38	23	32	52	71	65	81	61	69	87
	37	26	97	31	73	43	41	24	73	21	47	13
	97	51	36	26	58	38	24	93	40	78	39	16
	89	82	41	77	99	97	40	87	19	14	38	42
	69	29	24	40	47	63	34	27	19	40	20	83
	46	47	71	11	33	72	83	92	17	46	28	57
	32	59	69	16	58	86	61	99	97	61	42	28
	49	84	86	34	24	10	17	67	86	84	14	73
	85	44	35	51	13	25	95	84	83	12	44	84
	49	89	68	87	60	63	57	82	76	22	18	48
	55	53	47	81	91	56	81	11	85	83	84	75
	60	58	40	100	18	32	31	54	97	45	43	45
	31	13	81	32	71	68	38	55	14	85	56	74
	49	55	88	39	96	43	39	49	98	77	21	23
	68	85	56	76	92	64	78	89	19	76	71	79
	67	21	76	13	91	55	13	94	99	62	51	27
	90	13	96	70	43	43	27	78	68	23	91	13
	22	20	49	93	35	43	30	12	77	21	34	47
	48	79	49	38	97	35	14	47	67	71	97	84
	10	16	98	58	50	46	55	49	45	49	43	14
	79	48	41	73	16	49	58	50	47	71	60	39
	99	15	84	31	100	75	67	82	14	70	21	57
	47	25	25	58	39	86	84	66	67	53	56	37
	88	72	23	98	65	99	66	77	57	79	28	96

	48	99	59	51	55	39	40	48	17	11	12	78
	76	49	64	18	51	66	58	29	28	32	31	98
	47	57	46	58	84	42	73	73	12	83	14	36
	48	22	65	30	51	47	41	85	15	56	52	32
	96	32	78	12	75	44	31	69	87	75	70	91
	99	86	14	49	88	45	15	47	41	91	62	11
	72	95	60	64	27	20	91	13	93	14	46	20
	80	67	91	11	90	49	84	80	48	57	53	33
	57	48	10	69	100	17	28	19	87	75	61	97
	51	88	16	43	48	26	27	51	75	54	64	57
	79	95	92	44	48	45	41	95	89	96	20	22
	34	23	65	44	20	15	37	27	88	19	99	41
	25	88	28	71	55	34	84	21	89	38	76	19
	21	90	98	78	22	58	89	86	43	14	43	91
	14	46	61	40	69	20	14	64	27	14	14	45
	54	32	98	49	71	93	40	71	60	88	77	48
	26	54	85	66	39	98	78	75	35	56	16	20
	13	84	73	15	83	45	25	76	56	16	48	32
	91	33	69	56	20	78	48	52	12	68	56	45
	68	52	54	12	39	88	74	83	29	59	47	76
	78	59	56	30	32	46	75	28	18	99	52	41
	20	13	77	75	73	21	77	57	34	59	65	50
	69	43	27	63	67	22	93	98	62	67	46	83
	75	84	26	85	36	30	64	21	79	98	37	24
	31	51	20	66	82	42	70	71	22	34	82	96
	57	33	70	86	42	98	67	27	29	97	68	75
	15	21	37	20	32	61	60	87	99	100	74	43
	94	88	14	39	62	38	51	60	65	11	57	82
	65	18	86	43	33	91	55	12	70	68	10	40
	20	75	34	40	24	53	24	80	24	94	72	11

	63	27	15	23	28	76	78	60	50	90	25	52
	12	83	98	23	65	67	27	19	95	77	13	16
	64	92	82	68	73	58	10	74	76	31	98	87
	43	22	30	36	97	34	19	87	87	88	69	79
	38	20	65	98	30	13	20	38	89	72	35	27
	76	37	95	40	82	35	97	74	57	61	91	15
	99	75	61	43	21	43	33	12	23	84	77	90
	51	15	62	16	57	97	30	14	85	37	55	65
	56	93	20	42	22	67	56	48	94	49	45	96
	35	23	70	11	65	14	46	53	64	59	63	48
	65	32	32	46	70	16	35	26	37	91	31	20
	80	14	61	45	98	51	84	51	28	30	30	53
	87	67	78	79	70	95	14	19	60	34	30	57
	95	84	52	93	51	78	43	25	45	70	60	59
	55	32	53	72	76	72	31	86	45	39	51	10
	65	21	43	27	21	18	79	42	67	14	95	60
	52	82	69	21	78	90	43	56	78	40	46	76
	59	86	77	43	18	35	20	84	56	42	67	29
	78	56	99	59	43	30	73	57	66	35	39	76
	36	24	19	59	79	45	55	61	29	65	64	69
	45	93	93	66	90	54	92	47	19	65	54	60
	30	89	54	14	91	80	14	93	15	86	93	55
	55	47	22	82	55	26	73	45	83	96	70	24
	46	52	84	35	84	73	62	25	63	85	76	53
	13	94	55	12	13	41	45	98	36	32	98	82
	99	89	58	35	68	68	88	52	73	95	48	44
	64	40	85	26	46	75	70	95	90	38	23	38
	63	43	84	74	58	38	23	98	87	42	93	37
	98	50	27	97	63	40	33	37	54	79	80	34
	64	80	78	25	15	69	38	73	37	59	16	33

	59	62	65	45	97	95	22	25	90	74	28	89
	47	95	75	12	47	56	95	35	85	87	40	56
	76	32	54	84	92	34	52	90	83	84	77	55
	30	38	16	15	95	83	31	80	68	56	68	47
	96	32	16	65	45	72	57	49	82	63	93	32
	67	78	16	81	39	21	35	39	18	45	85	60
	96	47	64	61	86	85	22	14	52	88	63	94
	45	46	44	10	28	46	44	94	69	45	15	45
	37	61	40	69	54	52	57	93	91	12	14	58
	79	80	71	26	36	93	51	19	34	38	34	80
	59	73	29	20	89	38	58	20	19	37	89	74
	80	65	31	61	28	82	46	79	76	50	51	19
	38	26	14	44	50	93	63	93	95	37	75	24
	96	31	48	33	44	72	37	93	27	41	41	74
	28	67	57	82	35	72	96	67	82	55	52	88
	38	29	63	54	23	49	67	94	59	59	75	21
	56	87	35	99	38	52	15	49	91	43	55	48
	16	80	82	95	47	97	12	27	45	20	65	21
	89	77	98	32	84	66	98	52	33	50	96	27
	96	35	23	86	90	49	15	92	98	41	86	58
	55	31	99	50	81	43	45	81	49	46	21	65
	32	50	94	22	71	57	29	98	30	92	12	65
	68	65	34	36	60	69	57	63	68	23	62	47
	95	51	82	99	61	60	17	37	62	44	64	11
	41	93	47	83	86	13	99	64	99	19	52	18
	62	98	49	50	52	64	28	95	56	91	75	11
	64	11	14	57	19	39	43	21	71	68	24	24
	76	73	79	96	81	81	50	22	100	44	25	49
	69	70	99	75	67	85	26	64	74	24	33	100
	30	98	60	18	74	70	55	89	85	54	37	29

	98	87	91	71	16	65	47	92	35	96	53	26
	37	72	79	77	68	22	13	69	22	52	16	82
	93	90	35	76	24	97	78	87	81	56	17	86
	73	44	36	54	36	29	72	68	24	34	37	86
	52	33	16	72	91	24	45	35	52	43	73	34
	25	34	83	12	27	20	77	29	25	77	97	68
	44	28	37	86	41	100	72	11	77	76	99	78
	70	78	83	88	61	85	36	85	35	99	26	50
	70	48	43	71	91	89	51	51	98	83	27	63
	82	53	25	68	90	57	27	60	31	67	87	68
	25	49	98	91	80	44	46	72	26	24	59	66
	75	100	76	69	59	48	23	71	66	29	63	43
	74	62	89	56	79	46	13	17	92	72	49	68
	81	75	87	69	45	86	69	36	23	61	17	93
	23	57	92	22	86	67	25	13	41	30	46	84
	83	76	81	94	30	79	79	81	73	96	15	35
	25	82	88	45	17	78	68	47	30	59	46	63
	40	47	40	22	39	87	77	72	64	55	74	49
	83	93	39	64	71	61	23	54	36	52	33	99
	72	27	41	58	68	15	28	16	10	94	93	44
	92	88	49	85	56	14	12	73	36	38	85	36
	54	81	76	52	50	99	34	71	58	86	89	100
	11	11	37	85	34	18	60	56	80	84	57	34
	89	81	35	43	19	92	85	56	66	95	88	19
	50	97	46	89	96	36	23	19	23	52	21	69
	78	37	34	53	80	90	93	34	96	17	40	56
	73	82	29	29	62	20	40	73	77	58	23	58
	74	24	78	33	99	45	79	26	30	79	53	75
	20	55	100	69	32	31	60	86	98	65	19	74
	51	10	26	98	22	69	23	97	89	84	96	82

	57	82	52	72	83	12	17	82	68	37	38	35
	94	92	36	15	89	39	15	98	78	23	56	37
	75	72	70	100	97	42	67	98	26	20	44	12
	49	70	89	29	61	36	75	81	74	72	63	60
	46	28	40	32	54	31	55	19	26	26	32	42
	41	81	76	37	35	78	61	77	56	48	32	58
	25	38	73	68	77	90	26	39	72	15	64	81
	54	84	70	70	32	91	71	34	85	54	83	12
	93	14	33	64	94	44	98	77	12	69	89	40
	99	66	69	17	57	77	79	10	99	26	47	16
	47	24	21	45	66	95	89	96	97	37	36	32
	30	56	57	85	38	13	85	93	70	29	96	76
	92	90	16	78	48	49	82	48	94	42	65	90
	44	69	52	55	40	27	94	20	11	54	38	66
	47	78	29	81	10	71	17	100	18	87	58	90
	58	11	63	38	13	82	72	86	72	46	14	92
	60	44	87	71	76	67	53	93	80	21	95	67
	38	68	15	40	65	15	58	18	72	33	52	60
	50	76	43	89	67	70	58	91	65	42	41	88
	62	33	74	83	16	22	93	73	28	45	26	19
	85	41	68	96	51	36	68	27	15	67	39	12
	74	41	24	38	90	60	85	78	72	22	46	36
	50	47	73	42	19	25	47	95	59	86	85	34
	46	31	65	65	97	82	35	88	99	75	63	35
	59	78	68	53	64	36	20	18	31	42	65	80
	12	83	26	55	90	88	81	63	30	57	21	26
	71	19	78	95	49	67	30	47	13	68	98	55
	96	11	25	83	75	63	16	97	62	63	34	35
	61	29	59	20	10	67	59	83	63	18	95	39
	66	11	84	46	88	75	24	98	52	23	61	30

	41	68	20	14	33	30	19	85	28	64	40	69
	87	90	39	14	74	32	95	57	61	54	38	79
	75	45	23	54	18	61	26	92	98	87	33	75
	91	35	23	24	15	51	80	14	72	72	82	29
	73	61	26	66	91	49	90	91	71	40	35	99
	52	12	16	18	60	62	54	15	55	74	70	42
	93	89	26	68	39	86	32	94	100	42	14	70
	29	21	44	43	80	21	33	97	70	18	32	76
	96	62	66	51	28	76	74	63	37	89	27	27
	83	34	19	88	47	34	91	34	77	29	84	48
	85	17	45	91	19	50	53	90	16	75	87	97
	58	88	32	25	84	89	70	85	99	84	57	66
	79	66	31	55	32	49	35	82	52	46	21	99
	78	50	58	37	24	93	60	75	99	37	73	11
	92	48	83	56	38	56	25	13	96	96	17	12
	19	61	97	81	44	56	76	11	63	86	53	32
	57	35	41	77	74	51	71	37	74	30	57	51
	96	88	32	63	20	82	73	52	77	67	62	49
	94	72	46	64	36	84	48	69	35	59	44	95
	63	84	86	45	31	40	11	13	18	58	76	30
	20	80	61	16	36	42	88	24	93	92	43	68
	26	35	44	47	56	80	97	41	48	14	33	95
	83	72	74	85	55	35	97	29	39	88	54	57
	46	91	56	55	66	100	56	10	52	40	50	10
	63	32	37	65	57	34	76	46	77	85	42	94
	47	12	44	51	61	96	17	23	50	79	25	26
	16	94	12	46	67	17	24	42	86	70	62	82
	48	71	66	60	28	88	44	59	56	37	59	92
	41	70	48	32	91	16	86	41	68	58	54	71
	27	69	26	93	42	63	34	43	93	45	78	60

	50	77	59	77	41	92	51	43	43	45	14	76
	94	93	56	24	84	33	14	28	62	53	31	11
	17	15	74	48	39	56	68	11	28	78	79	64
	85	79	14	41	27	62	14	14	41	31	87	57
	31	43	95	60	49	78	25	50	31	63	91	30
	94	50	97	47	39	28	37	52	24	17	100	44
	37	40	60	29	73	63	53	26	98	34	34	57
	96	36	51	42	86	37	59	96	91	55	38	81
	78	53	16	60	76	75	74	53	35	24	51	37
	71	53	25	96	20	20	95	28	71	52	81	37
	71	43	45	73	22	76	16	69	71	31	36	79
	71	93	67	86	39	16	33	99	77	80	54	38
	57	71	96	57	45	60	100	64	36	72	79	74
	65	12	73	22	91	93	44	75	34	21	80	86
	93	84	37	54	13	49	70	21	92	56	92	93
	38	28	29	97	44	82	47	95	92	45	29	41
	63	54	12	21	82	21	54	30	93	59	30	70
	53	51	70	75	18	31	73	30	65	28	32	40
	51	19	56	78	92	61	85	24	22	45	64	34
	71	53	52	65	72	52	65	46	28	14	52	27
	61	27	61	95	12	61	34	95	65	27	12	96
	90	92	100	99	39	84	79	95	78	27	16	30
	64	14	93	30	24	24	80	88	37	37	36	66
	88	75	73	74	74	67	31	14	74	43	63	15
	81	31	41	48	88	56	84	83	82	25	75	29
	11	22	77	25	78	28	79	63	29	17	43	83
	72	88	62	73	43	91	41	77	70	13	48	81
	69	26	29	95	26	83	16	21	36	71	23	64
	29	63	71	89	39	81	91	59	26	40	70	62
	77	14	66	33	55	62	81	62	74	80	71	50

	62	80	30	76	76	19	70	16	34	83	56	47
	46	78	46	49	42	94	67	34	68	74	43	60
	49	50	53	53	83	44	95	18	37	78	61	56
	10	74	58	45	73	79	84	52	53	93	40	59
	15	76	70	61	12	38	36	57	64	91	71	56
	59	46	55	68	83	67	82	54	54	62	40	17
	50	12	77	41	69	81	71	20	25	87	85	11
	55	16	41	40	82	66	87	33	22	87	48	13
	79	16	45	43	56	53	17	47	91	23	70	39
	59	26	40	45	22	67	23	63	26	63	54	25
	52	75	22	53	56	68	41	87	27	30	28	93
	69	18	65	72	58	40	38	88	97	32	80	75
	95	21	87	79	62	77	61	17	77	97	90	95
	65	33	84	16	99	90	55	67	52	51	24	80
	62	37	96	12	90	79	97	95	21	70	10	76
	95	71	66	27	10	35	68	50	11	66	78	99
	71	78	18	58	36	72	22	90	24	41	91	25
	69	68	54	92	23	94	34	94	79	29	35	17
	49	50	25	22	70	39	34	55	43	98	79	46
	47	95	38	67	58	78	31	92	46	75	97	47
	15	10	100	79	55	45	56	49	11	24	91	22
	17	94	68	58	97	95	10	14	54	66	21	35
	72	46	88	37	81	74	75	28	36	86	55	71
	68	39	61	11	67	26	54	36	60	70	72	83
	74	42	87	13	22	82	28	38	15	66	73	34
	94	61	68	49	80	98	69	37	92	33	32	75
	63	93	77	36	83	37	29	81	86	58	28	56
	87	99	40	31	68	39	28	39	65	94	45	26
	40	46	70	17	86	94	35	23	23	22	75	95
	81	40	81	88	67	96	22	43	22	15	48	60

	33	37	19	53	73	96	78	39	32	79	27	93
	56	23	22	16	59	88	17	80	77	37	87	94
	64	15	67	61	88	48	96	19	20	96	47	52
	91	36	41	68	22	84	61	34	58	61	93	54
	24	79	76	85	59	56	92	10	98	36	61	86
	98	60	54	62	60	15	71	25	70	42	50	24
	12	15	48	41	40	90	66	77	85	59	76	78
	36	91	18	33	52	49	81	55	36	71	59	38
	24	92	50	37	47	89	32	78	80	68	54	67
	74	18	61	93	72	73	40	17	17	27	95	30
	29	21	70	68	74	71	71	39	10	76	14	44
	97	68	24	99	66	68	67	67	56	14	23	57
	91	58	47	83	22	32	49	34	99	69	69	50
	62	43	87	60	29	29	62	88	34	60	56	29
	16	44	29	90	74	41	79	45	99	42	18	35
	18	80	33	40	82	17	41	89	38	92	10	56
	79	47	22	72	38	87	54	94	96	24	59	32
	68	47	18	83	24	12	62	23	66	29	38	90
	51	49	61	58	37	60	87	95	56	90	39	87
	43	69	28	45	88	25	86	40	60	83	51	11
	97	66	39	79	27	83	60	23	71	41	89	77
	14	62	15	92	53	13	12	49	45	76	24	47
	73	71	25	38	36	83	69	79	38	55	44	75
	28	20	98	60	34	84	26	13	58	52	57	21
	50	73	41	77	81	59	91	55	59	49	80	93
	44	34	86	37	58	54	99	71	33	59	88	60
	65	38	76	69	89	49	97	46	72	17	92	82
	36	53	89	30	78	45	74	73	35	70	81	54
	87	46	56	47	82	40	46	51	46	96	37	59
	32	18	83	55	13	80	42	98	29	45	69	78

