***** PARAMETERS PRP *****

Number of Customers = 30
Number of Products = 10
Number of Vehicles = 5
Number of Periods = 12

B = Production capacity
	49530

b_p = Time required to produce item p
 	1	1	1	1	1	1	1	1	1	1

c_p = Production cost of item p
 	30	30	80	30	80	80	30	30	30	30

s_p = Setup cost of item p
 	300	300	800	300	800	800	300	300	300	300

M = Big number
	198119

U_pi = Maximum inventory upper bound of item p at site i
 	198119	258	172	252	221	283	183	279	288	123	121	128	210	102	258	162	97	133	260	157	190	190	137	185	163	122	118	264	157	160	274
	198119	173	163	105	273	192	304	81	191	170	188	207	93	194	94	77	106	289	97	200	144	106	138	205	130	173	210	98	168	291	95
	198119	91	146	272	115	281	182	334	240	180	223	88	163	233	174	161	85	136	245	240	166	193	184	207	178	197	99	169	219	101	108
	198119	328	278	211	117	220	154	181	178	204	256	276	159	255	259	203	358	95	203	162	117	191	133	273	153	106	275	191	192	212	92
	198119	334	252	131	185	104	121	159	138	77	206	275	249	145	115	156	130	140	313	153	111	257	214	279	156	220	295	250	268	194	167
	198119	230	190	187	102	217	249	214	154	109	174	320	118	104	138	229	219	168	333	237	122	100	202	197	186	295	265	115	119	321	114
	198119	263	171	182	119	165	253	261	308	248	215	118	197	295	111	93	211	93	99	248	295	180	205	208	223	257	106	248	119	98	74
	198119	162	108	104	183	110	274	159	174	96	173	117	206	338	347	328	196	157	226	242	206	244	223	209	231	344	278	84	243	269	104
	198119	264	200	252	260	176	141	172	228	179	335	191	218	258	165	262	212	103	90	200	186	262	300	129	74	181	135	165	343	290	281
	198119	207	97	253	277	159	122	116	203	273	200	385	221	208	113	128	324	230	75	335	300	285	95	162	127	153	178	114	123	118	276

I_pi0 = Initial inventory of item p at site i
 	0	41	85	250	147	117	76	130	210	68	111	53	194	51	56	71	57	94	32	143	124	22	59	12	141	99	97	202	63	89	24
	0	155	121	63	144	172	146	61	144	115	183	168	0	180	11	48	48	78	67	139	87	40	97	120	96	48	57	71	143	211	59
	0	14	88	202	99	181	168	96	239	59	218	0	101	124	159	131	46	65	73	60	147	14	147	122	110	125	82	77	105	88	92
	0	254	186	122	32	200	75	163	75	64	214	83	96	97	73	171	66	80	179	90	58	160	15	49	148	41	177	131	87	86	27
	0	223	190	33	116	79	71	99	101	74	122	195	159	84	45	144	121	94	185	45	102	131	132	99	57	131	157	38	37	188	12
	0	31	174	163	67	180	159	110	93	75	129	31	34	24	95	95	129	143	207	87	64	74	46	162	20	115	252	96	108	186	105
	0	77	119	46	88	118	200	36	99	171	92	96	184	260	48	92	128	82	35	122	177	48	29	161	89	114	17	110	44	89	63
	0	82	50	50	36	47	139	92	88	91	122	82	92	275	208	271	182	54	77	204	131	221	79	28	59	229	222	62	180	151	22
	0	157	134	79	94	84	122	18	85	39	267	160	49	226	103	213	147	88	56	163	158	180	109	51	15	158	62	159	98	268	217
	0	175	91	182	175	70	89	97	93	110	148	149	118	15	91	76	97	44	54	95	96	179	54	30	86	59	65	96	58	50	64

h_pi = Inventory cost of item p at site i
 	3	4	3	2	3	3	6	9	3	7	5	9	5	4	2	9	2	7	6	8	2	6	9	2	5	9	4	9	1	5	8
	3	5	5	1	8	7	5	3	7	7	9	8	9	3	4	1	4	5	7	5	2	5	9	8	6	1	8	4	5	9	4
	8	5	5	3	5	2	6	1	9	5	5	6	4	6	5	1	1	3	9	3	6	3	5	3	8	9	2	2	2	7	4
	3	3	6	9	3	2	9	4	5	3	8	9	9	6	4	5	5	1	6	3	2	8	4	7	5	2	2	3	1	2	8
	8	5	4	4	4	7	4	5	2	1	5	7	6	3	1	1	8	6	1	3	3	5	2	6	7	6	4	5	1	8	8
	8	4	1	5	8	4	1	8	9	5	8	3	3	6	4	1	4	2	4	2	3	8	1	6	2	8	3	6	8	6	2
	3	2	9	6	4	5	8	8	2	7	4	4	5	6	7	9	8	2	9	3	9	4	8	8	8	1	7	9	6	1	9
	3	3	3	6	1	2	2	3	1	9	3	6	5	3	1	5	2	5	9	1	8	7	4	3	2	3	8	5	9	9	5
	3	2	3	2	6	1	3	7	1	8	1	1	3	8	3	9	5	8	8	7	4	9	8	5	2	2	3	1	5	3	3
	3	3	2	4	4	5	3	6	3	9	8	3	4	6	6	6	3	2	1	2	2	9	9	6	8	6	1	3	2	2	3

C = Vehicle capacity
	3850

f = Fixed transportation cost
	30721

a_ik = Transportation cost for traveling from node i to node k
 	0	311	186	339	570	116	340	74	108	272	97	189	133	397	100	309	82	389	239	362	401	94	114	612	266	300	541	231	243	390	149
	311	0	496	575	339	420	650	360	309	536	310	137	237	324	374	47	316	653	87	73	637	405	265	335	143	561	230	355	200	665	424
	186	496	0	300	728	82	162	162	242	217	214	369	301	517	147	495	217	301	420	544	347	97	274	783	432	239	726	334	411	287	128
	339	575	300	0	888	335	289	265	275	83	428	497	341	735	389	550	280	97	535	643	64	285	316	908	586	64	781	237	398	126	403
	570	339	728	888	0	646	889	638	613	834	514	392	551	255	582	381	610	953	355	268	951	658	573	118	306	861	299	685	538	958	615
	116	420	82	335	646	0	244	122	198	255	133	289	244	439	67	422	170	357	342	465	390	59	220	702	351	281	650	309	355	348	69
	340	650	162	289	889	244	0	296	368	226	376	527	437	673	307	644	349	239	578	701	309	246	408	944	594	230	879	426	540	210	280
	74	360	162	265	638	122	296	0	80	199	166	251	142	470	144	350	55	317	297	418	327	69	114	674	333	227	587	188	250	321	181
	108	309	242	275	613	198	368	80	0	228	201	223	75	475	204	291	29	346	261	374	338	148	45	637	313	254	529	123	173	356	249
	272	536	217	83	834	255	226	199	228	0	356	443	300	667	311	516	225	120	485	601	136	208	272	863	529	28	752	228	376	130	323
	97	310	214	428	514	133	376	166	201	356	0	174	205	314	70	322	178	469	226	344	489	154	195	571	222	384	535	324	304	466	115
	189	137	369	497	392	289	527	251	223	443	174	0	167	275	239	154	219	562	53	176	560	283	184	425	92	470	363	310	203	569	288
	133	237	301	341	551	244	437	142	75	300	205	167	0	435	231	217	89	417	196	303	404	205	30	567	258	325	455	145	112	429	282
	397	324	517	735	255	439	673	470	475	667	314	275	435	0	373	368	461	782	274	287	797	467	446	356	195	695	443	579	475	779	393
	100	374	147	389	582	67	307	144	204	311	70	239	231	373	0	382	177	418	291	412	447	105	213	641	291	338	601	325	339	412	53
	309	47	495	550	381	422	644	350	291	516	322	154	217	368	382	0	302	631	113	114	611	400	246	369	182	540	239	323	162	645	433
	82	316	217	280	610	170	349	55	29	225	178	219	89	461	177	302	0	344	261	378	343	122	60	639	307	252	540	149	195	353	221
	389	653	301	97	953	357	239	317	346	120	469	562	417	782	418	631	344	0	604	719	76	317	390	981	648	93	866	328	485	35	421
	239	87	420	535	355	342	578	297	261	485	226	53	196	274	291	113	261	604	0	124	598	333	219	379	80	512	310	334	204	613	340
	362	73	544	643	268	465	701	418	374	601	344	176	303	287	412	114	378	719	124	0	706	456	330	265	140	627	194	426	272	729	459
	401	637	347	64	951	390	309	327	338	136	489	560	404	797	447	611	343	76	598	706	0	343	380	971	650	110	841	294	457	111	457
	94	405	97	285	658	59	246	69	148	208	154	283	205	467	105	400	122	317	333	456	343	0	178	704	355	234	634	253	315	313	125
	114	265	274	316	573	220	408	114	45	272	195	184	30	446	213	246	60	390	219	330	380	178	0	593	276	298	485	136	138	401	262
	612	335	783	908	118	702	944	674	637	863	571	425	567	356	641	369	639	981	379	265	971	704	593	0	351	889	216	690	531	991	680
	266	143	432	586	306	351	594	333	313	529	222	92	258	195	291	182	307	648	80	140	650	355	276	351	0	557	332	401	282	653	333
	300	561	239	64	861	281	230	227	254	28	384	470	325	695	338	540	252	93	512	627	110	234	298	889	557	0	776	246	398	106	348
	541	230	726	781	299	650	879	587	529	752	535	363	455	443	601	239	540	866	310	194	841	634	485	216	332	776	0	548	384	881	650
	231	355	334	237	685	309	426	188	123	228	324	310	145	579	325	323	149	328	334	426	294	253	136	690	401	246	548	0	165	349	366
	243	200	411	398	538	355	540	250	173	376	304	203	112	475	339	162	195	485	204	272	457	315	138	531	282	398	384	165	0	503	391
	390	665	287	126	958	348	210	321	356	130	466	569	429	779	412	645	353	35	613	729	111	313	401	991	653	106	881	349	503	0	410
	149	424	128	403	615	69	280	181	249	323	115	288	282	393	53	433	221	421	340	459	457	125	262	680	333	348	650	366	391	410	0

coordXY = Coordinates (x,y): line zero => x line one => y column => customers
 	245	380	146	412	202	158	124	279	349	340	166	282	370	65	146	419	321	356	309	351	430	215	357	312	238	350	488	466	466	323	101
	610	330	767	904	42	686	927	675	637	864	554	425	566	257	621	355	640	982	380	264	965	699	593	2	345	890	127	674	510	992	648

d_pit = Demand of item p at customer i in period t
 	41	79	78	42	37	25	89	74	27	36	64	27
	85	67	25	56	26	91	62	98	73	11	48	44
	92	75	83	58	18	40	84	29	14	23	44	44
	61	27	48	11	62	47	58	21	50	56	26	64
	48	69	61	79	26	74	15	22	84	79	77	46
	76	83	47	51	40	45	83	27	43	86	54	95
	32	98	79	71	48	84	86	45	94	98	22	80
	95	17	98	100	43	22	91	13	37	63	53	60
	68	81	76	91	25	83	57	52	59	75	31	37
	52	14	45	16	38	57	41	66	15	32	60	49
	23	11	19	82	51	11	38	79	19	91	49	39
	82	12	22	78	61	78	69	30	74	23	17	84
	35	16	83	52	97	20	22	97	65	82	19	24
	13	43	28	63	76	98	15	59	86	53	11	74
	71	98	16	88	53	40	43	31	56	60	54	36
	57	89	54	35	32	10	66	69	35	35	20	78
	94	81	91	83	28	57	90	70	35	63	51	55
	20	12	33	77	79	62	75	39	24	87	48	67
	89	54	72	34	50	37	73	49	19	67	22	61
	97	27	95	50	83	96	83	24	28	23	91	62
	22	98	54	85	46	55	84	54	43	94	35	88
	59	82	65	67	70	65	71	86	58	96	35	65
	12	75	34	82	98	58	55	74	69	76	93	14
	64	77	77	43	53	54	17	19	50	15	92	90
	34	22	43	87	98	64	78	94	53	18	67	75
	97	78	50	33	23	21	24	41	94	58	89	98
	12	82	69	39	20	67	87	35	24	73	41	85
	63	47	18	25	41	47	13	29	97	14	66	11
	33	22	34	87	61	66	33	68	33	26	77	99
	24	11	91	57	96	93	75	23	83	66	20	18

	41	17	97	51	24	59	21	33	83	17	65	12
	29	66	26	89	53	15	88	17	72	46	96	54
	63	81	52	66	38	16	41	72	19	57	50	75
	58	86	11	86	45	55	40	73	84	40	42	35
	96	76	23	98	36	92	85	88	54	29	63	26
	38	22	86	74	61	64	53	78	64	69	61	59
	21	40	23	39	62	33	47	72	16	36	47	51
	40	90	14	18	10	76	57	68	33	92	27	48
	88	27	83	49	32	87	58	57	80	35	41	44
	21	48	55	59	69	82	62	100	59	57	81	59
	25	65	78	86	65	65	89	63	31	96	90	74
	97	72	86	33	20	51	22	25	13	49	37	55
	71	85	24	35	80	76	25	15	63	15	82	12
	11	38	82	76	40	55	13	74	31	33	50	58
	48	37	17	75	62	80	24	40	22	20	23	12
	14	34	76	53	74	81	33	40	61	81	19	69
	78	70	95	30	28	37	45	83	42	74	95	17
	67	41	58	15	22	54	23	96	87	17	27	77
	26	75	38	81	58	79	33	27	78	22	48	36
	64	23	36	80	13	51	75	75	13	35	74	38
	40	24	67	27	75	94	48	98	67	21	37	37
	21	38	38	27	37	30	37	26	93	94	88	21
	40	80	87	38	91	99	71	98	62	19	65	71
	96	32	74	100	63	75	72	13	67	54	55	80
	36	12	73	55	83	25	86	71	52	42	86	72
	57	53	42	18	76	85	48	13	76	32	33	96
	71	43	26	11	80	43	16	92	22	70	49	65
	81	45	17	71	84	43	95	14	31	87	13	91
	90	37	84	60	43	40	93	39	17	75	21	100
	39	20	31	13	51	99	84	41	21	30	96	43

	14	96	33	50	71	29	12	41	75	22	42	59
	88	67	32	14	28	38	25	57	94	48	67	27
	21	36	59	86	98	60	94	80	41	87	99	56
	37	62	65	65	21	18	96	82	74	94	65	12
	73	80	28	38	34	35	80	27	56	51	96	77
	94	18	56	84	16	32	97	49	17	37	33	13
	18	78	76	47	93	79	89	79	63	47	49	84
	41	80	92	26	14	34	51	67	58	13	34	66
	59	98	47	25	52	61	98	30	88	57	19	85
	41	79	98	44	79	94	90	20	24	45	14	42
	90	12	39	67	35	19	37	13	23	90	11	92
	73	28	21	53	40	81	20	22	25	38	14	73
	70	54	96	97	55	37	35	97	15	39	59	44
	80	79	83	56	64	55	22	86	28	73	28	42
	70	45	16	56	79	40	62	82	30	94	44	27
	20	26	43	67	61	27	23	21	24	78	98	22
	65	89	48	17	40	65	24	64	26	42	38	24
	73	57	96	66	17	41	44	34	12	13	58	77
	16	44	63	28	77	78	17	98	67	83	58	91
	49	98	76	31	52	85	43	30	13	62	29	97
	14	83	15	24	22	49	54	39	55	98	58	69
	98	49	90	65	98	27	23	32	96	28	30	99
	86	36	32	20	88	94	10	70	77	49	11	49
	20	90	82	96	26	31	79	26	61	71	33	97
	20	69	36	47	13	21	40	90	95	11	16	14
	23	59	88	12	69	65	39	65	51	62	47	16
	11	66	49	29	96	13	13	46	34	52	87	11
	24	31	50	23	64	79	88	87	72	11	74	54
	30	58	67	78	91	34	51	50	15	27	54	50
	92	57	22	98	33	73	43	33	25	38	98	37

	99	81	74	97	54	10	63	69	42	99	63	37
	98	48	40	97	30	25	51	45	57	62	97	17
	56	66	98	44	57	27	20	62	14	98	15	76
	32	81	67	47	21	42	53	27	92	76	99	67
	42	76	39	43	39	38	10	27	50	37	86	42
	75	82	75	59	16	41	33	96	26	26	45	42
	72	91	22	30	71	75	57	81	49	25	86	65
	75	97	72	11	14	60	57	94	18	54	60	98
	64	78	58	70	16	59	31	62	57	35	18	64
	48	72	94	69	20	23	92	74	72	73	59	73
	68	15	89	79	74	61	71	98	66	87	94	26
	58	38	27	54	88	35	99	86	11	91	33	17
	56	41	42	33	67	58	60	56	13	78	10	99
	73	18	21	45	88	36	80	41	64	50	85	21
	46	92	33	87	91	99	80	58	26	32	88	80
	66	68	79	63	79	57	62	88	69	97	87	43
	56	24	26	22	51	46	69	55	27	66	93	34
	35	71	73	44	44	32	28	86	79	80	27	10
	79	11	41	80	49	26	98	39	14	75	93	43
	58	28	53	40	96	86	91	12	45	68	87	40
	64	96	71	61	89	16	91	21	20	87	93	53
	15	47	21	13	46	44	58	82	82	83	28	12
	49	76	34	36	21	77	86	37	39	86	90	25
	50	98	46	23	23	12	83	60	11	83	22	99
	41	86	68	45	35	77	88	80	22	30	11	54
	93	49	35	36	12	11	67	95	77	58	35	93
	79	52	71	20	73	14	14	15	24	66	60	84
	87	95	83	19	33	36	87	72	85	47	45	77
	50	36	26	49	35	87	14	12	15	14	90	81
	27	62	32	42	47	74	19	37	40	88	32	53

	93	51	55	24	94	62	83	99	21	64	73	82
	51	86	36	17	12	70	35	99	26	38	89	45
	33	63	75	66	72	89	96	37	64	61	95	33
	86	30	68	14	18	53	10	53	55	32	99	37
	79	67	27	38	28	33	62	46	72	42	84	44
	71	87	40	17	85	86	27	58	69	48	81	59
	99	10	52	24	65	80	31	41	77	41	76	39
	27	74	45	12	31	34	40	64	61	15	62	87
	22	18	19	15	13	74	51	19	30	79	37	87
	46	76	99	42	43	26	42	53	20	51	93	26
	86	45	64	48	30	29	29	96	34	34	65	100
	59	13	14	73	59	36	99	45	60	69	35	35
	84	65	62	46	12	46	85	24	11	63	48	33
	45	92	89	88	65	31	18	56	34	94	20	60
	82	62	100	12	77	41	61	50	23	69	11	37
	33	37	51	14	27	73	49	95	28	31	31	51
	94	82	11	86	69	94	80	13	95	95	79	43
	83	18	40	44	59	52	74	78	93	88	82	41
	45	14	69	44	14	59	38	48	36	95	85	65
	70	32	29	96	35	20	90	58	24	24	98	89
	99	32	65	68	68	15	71	83	17	18	46	34
	58	74	94	97	34	46	27	54	16	71	54	18
	99	58	64	61	51	60	95	37	12	48	43	42
	57	63	25	68	43	46	33	26	88	43	53	78
	44	43	33	11	20	86	66	90	92	98	56	20
	59	98	17	24	84	99	42	39	43	82	37	85
	38	91	61	80	38	64	93	21	84	60	50	69
	37	60	90	59	57	42	58	35	62	19	32	93
	62	28	98	73	28	69	99	81	65	35	90	49
	12	79	10	51	44	52	33	31	64	57	43	24

	31	84	20	89	55	11	31	20	99	49	22	40
	98	18	27	31	56	76	93	97	20	67	82	95
	70	93	53	52	72	33	79	41	86	19	74	77
	67	99	85	63	26	43	18	12	60	55	44	40
	88	92	61	72	91	76	50	57	58	80	60	84
	70	34	55	92	46	14	55	54	71	54	32	21
	71	39	47	96	95	63	29	15	65	17	34	71
	54	10	18	11	83	11	34	68	85	53	96	91
	20	55	41	38	86	42	70	30	84	99	36	50
	79	50	51	83	38	71	63	42	58	63	30	66
	31	96	65	52	83	93	16	85	70	44	99	34
	34	41	29	28	36	31	18	93	11	79	27	43
	24	95	18	30	39	12	19	64	66	85	100	69
	95	67	25	30	76	100	61	63	71	87	99	53
	95	37	18	20	11	53	31	91	99	91	46	94
	12	60	57	27	45	57	62	28	88	88	98	36
	76	67	34	45	40	90	55	26	91	29	56	61
	68	56	83	52	81	59	58	59	34	79	86	84
	27	60	98	87	40	54	97	13	84	46	43	63
	25	39	32	93	85	43	84	41	87	85	56	60
	32	42	58	19	92	52	26	63	90	49	23	55
	46	70	91	50	27	35	42	13	32	47	64	90
	65	52	34	11	45	81	53	12	68	94	32	43
	20	77	96	87	79	21	58	72	75	82	67	11
	59	56	53	94	44	51	95	25	13	71	63	85
	74	67	84	27	16	13	54	92	63	46	64	36
	96	84	53	57	26	73	29	54	90	22	50	56
	19	89	14	35	99	10	24	36	39	41	37	32
	73	73	40	42	29	57	64	100	24	98	91	80
	76	10	19	90	60	86	40	95	80	46	67	13

	77	92	22	79	26	67	36	85	60	79	72	94
	76	43	71	10	62	63	21	27	58	87	87	77
	46	13	88	53	19	62	39	62	54	36	18	57
	50	38	92	100	33	62	29	35	92	50	43	92
	23	72	23	21	33	85	85	65	47	28	89	87
	70	55	75	75	30	55	76	96	54	80	59	33
	36	89	39	49	73	92	71	87	93	20	92	42
	76	23	37	84	43	50	98	12	99	82	81	54
	81	90	98	15	17	90	49	11	37	21	62	25
	92	27	26	74	88	61	17	32	84	12	76	55
	96	45	62	95	61	90	52	95	29	39	24	18
	91	93	71	24	79	84	34	55	92	84	24	57
	75	87	86	12	53	47	44	82	94	26	14	88
	48	50	60	34	35	24	68	67	35	99	44	99
	92	43	33	52	75	60	27	27	33	46	23	44
	20	92	16	48	76	87	32	70	68	23	85	17
	40	42	58	79	21	52	18	38	79	89	14	27
	35	77	88	47	73	13	13	46	30	95	33	43
	24	98	26	58	47	73	47	98	47	89	77	59
	30	91	56	83	71	54	23	24	11	98	76	91
	48	13	42	60	31	24	43	94	47	42	10	87
	19	10	45	44	55	40	33	77	72	100	47	74
	82	79	69	77	65	90	68	82	94	39	64	23
	66	23	38	99	46	31	30	50	74	75	74	62
	24	90	69	82	70	95	84	68	20	50	19	99
	17	38	25	44	15	16	23	84	31	40	40	50
	25	61	24	87	62	95	34	15	38	46	92	15
	44	98	50	79	53	42	59	71	11	66	44	99
	41	48	60	54	94	27	13	14	77	67	70	23
	30	33	37	18	41	82	46	32	37	22	43	22

	14	68	88	62	26	45	84	32	87	58	40	43
	50	67	75	41	19	84	20	71	62	91	11	54
	50	79	25	26	69	43	11	45	94	33	51	99
	36	27	84	53	12	83	77	44	49	73	95	100
	47	79	61	46	45	39	48	78	21	64	56	78
	24	83	32	59	14	64	96	59	13	77	90	46
	92	53	10	73	91	55	37	29	66	70	35	24
	88	89	57	41	20	44	72	26	100	39	91	29
	33	58	45	33	44	37	61	19	69	38	73	68
	80	42	55	60	23	87	47	47	68	86	65	31
	42	40	99	46	15	38	48	92	80	62	59	78
	21	31	40	25	22	72	46	79	80	35	72	94
	91	66	98	20	89	68	95	78	47	58	12	89
	46	82	80	76	85	40	53	88	73	88	94	28
	97	84	64	26	54	64	99	85	65	40	17	92
	79	40	63	71	99	77	29	58	99	69	73	28
	54	32	50	45	27	71	82	49	69	39	87	24
	77	92	39	87	32	77	42	56	20	41	62	54
	80	63	61	100	72	32	16	49	85	58	91	20
	68	63	89	79	18	94	26	13	33	33	50	51
	86	62	73	43	40	55	30	98	57	96	78	14
	55	24	65	54	41	44	93	22	63	63	58	86
	28	61	73	31	47	58	38	96	55	43	34	63
	59	29	80	15	43	64	43	41	100	34	87	99
	60	47	78	44	89	67	89	64	97	62	61	68
	50	29	62	81	66	56	64	19	17	98	41	85
	44	18	48	48	21	17	37	16	89	49	71	43
	73	76	31	92	60	35	21	34	76	27	47	11
	52	71	28	15	14	24	90	93	49	95	23	92
	22	32	85	45	85	39	14	35	87	38	89	55

	82	75	34	96	50	14	65	15	89	35	25	54
	41	93	77	100	35	98	14	99	83	41	51	68
	43	36	73	32	41	87	13	27	92	71	23	67
	45	49	87	76	38	48	28	30	80	55	20	67
	84	11	21	20	100	10	25	19	56	39	56	86
	23	75	24	40	47	98	13	61	18	77	34	55
	18	91	82	16	52	72	13	41	76	77	51	100
	35	22	28	55	34	87	30	93	29	37	43	53
	39	97	53	97	28	14	36	94	95	61	76	25
	62	60	49	96	34	89	96	86	99	55	47	30
	77	83	60	67	87	44	33	38	69	38	77	90
	15	34	67	57	76	93	79	76	26	53	59	19
	41	58	43	84	50	61	100	66	62	75	61	72
	30	73	86	90	17	11	49	35	60	66	73	69
	54	93	66	90	48	40	56	17	89	91	65	77
	48	51	48	70	56	32	26	94	18	92	89	13
	88	68	45	41	35	36	16	89	69	17	26	89
	10	12	34	94	38	21	35	19	87	41	63	87
	39	86	19	19	96	64	32	16	21	96	88	23
	83	37	38	44	65	83	95	50	79	27	67	77
	56	49	42	33	90	98	35	35	95	78	86	90
	35	74	82	74	28	59	91	51	43	82	19	81
	51	98	82	58	73	29	75	28	79	63	44	92
	15	51	87	16	87	27	21	26	15	21	39	40
	50	96	12	86	69	43	52	23	98	77	94	23
	11	51	59	46	26	52	61	86	77	37	25	10
	78	81	47	69	66	60	79	39	19	89	19	15
	98	80	44	24	96	71	16	60	67	78	91	98
	29	98	52	89	10	77	77	41	43	43	80	58
	69	67	81	85	58	78	56	60	63	92	60	74

	69	15	91	71	86	22	49	42	53	32	70	21
	50	41	34	15	70	83	12	64	56	36	48	74
	70	51	61	48	35	89	57	68	61	50	90	78
	29	85	21	40	91	94	88	46	56	70	27	18
	29	41	96	57	78	44	26	73	74	45	23	49
	33	56	92	75	52	61	21	35	75	57	80	95
	97	98	18	12	96	50	74	17	81	93	14	44
	93	55	26	85	17	73	63	48	34	11	15	90
	70	40	67	19	33	81	100	50	38	45	35	76
	63	85	98	27	41	12	29	48	65	26	79	27
	64	85	91	87	92	90	76	85	54	30	79	90
	28	90	34	72	61	52	17	95	30	99	52	34
	15	58	94	24	80	23	24	83	99	35	16	74
	34	19	38	69	17	86	99	80	48	75	38	72
	50	26	80	29	93	82	73	28	78	99	66	63
	30	13	54	90	55	67	81	58	80	58	98	93
	44	81	80	36	46	20	76	49	11	81	72	94
	54	14	28	60	62	11	24	79	49	27	16	27
	95	83	42	85	36	67	42	95	48	69	89	52
	67	29	91	94	40	78	65	42	29	64	68	53
	84	16	79	63	67	84	84	82	83	64	81	68
	54	45	34	28	84	52	81	37	43	42	13	59
	30	90	69	80	80	15	35	81	21	42	20	83
	13	40	22	11	80	51	33	47	50	48	86	28
	59	27	46	47	51	94	65	59	44	79	28	14
	65	52	70	43	79	16	64	43	48	95	75	60
	46	50	76	15	54	55	82	45	92	63	13	91
	58	74	97	99	72	39	35	32	33	52	61	83
	50	83	11	88	94	62	99	12	14	66	89	38
	40	24	99	51	91	39	69	63	54	36	25	71

