***** PARAMETERS PRP *****

Number of Customers = 30
Number of Products = 10
Number of Vehicles = 5
Number of Periods = 12

B = Production capacity
	48500

b_p = Time required to produce item p
 	1	1	1	1	1	1	1	1	1	1

c_p = Production cost of item p
 	80	80	80	30	80	30	80	30	30	80

s_p = Setup cost of item p
 	800	800	800	300	800	300	800	300	300	800

M = Big number
	193998

U_pi = Maximum inventory upper bound of item p at site i
 	193998	105	112	149	219	170	207	112	106	244	261	250	191	128	137	132	231	127	158	283	146	165	93	166	154	323	172	294	290	173	198
	193998	176	119	151	296	206	93	104	90	266	174	103	253	101	179	220	205	90	298	93	282	248	257	90	179	103	163	150	160	255	269
	193998	316	107	104	258	160	258	193	336	116	196	219	146	104	231	256	141	94	227	333	153	128	217	206	280	307	216	240	220	286	233
	193998	256	323	101	191	261	284	305	219	210	101	128	213	145	254	159	223	170	106	206	120	91	129	176	243	148	116	312	152	114	130
	193998	128	89	257	242	111	98	92	107	249	170	183	111	315	85	269	263	280	207	194	140	259	278	94	235	260	160	277	113	115	145
	193998	197	114	91	181	103	300	266	104	268	118	98	86	158	261	301	86	149	192	259	193	157	279	99	214	87	122	122	200	115	151
	193998	228	273	98	240	281	272	191	168	97	239	121	174	202	200	205	122	176	206	234	233	114	169	265	165	304	320	290	86	249	197
	193998	191	300	195	224	184	180	153	280	176	88	211	207	97	134	330	259	248	248	303	111	100	201	236	190	189	240	101	101	154	184
	193998	226	227	230	158	289	311	211	285	169	84	98	138	241	96	253	199	276	100	237	208	78	360	233	205	274	259	107	160	172	264
	193998	225	177	148	266	222	108	113	247	144	119	209	314	252	109	82	125	318	296	106	144	106	114	128	91	237	157	111	207	114	250

I_pi0 = Initial inventory of item p at site i
 	0	36	71	114	47	99	143	24	63	194	97	205	103	68	52	109	231	66	146	69	63	151	21	108	83	195	114	100	252	63	192
	0	124	82	96	291	45	75	66	85	133	92	41	144	79	77	35	89	62	152	60	60	98	74	32	142	58	73	125	77	226	140
	0	159	90	59	109	80	39	149	81	108	155	38	125	75	163	224	51	83	21	308	110	80	118	118	136	211	28	189	71	57	77
	0	67	148	97	164	11	205	155	158	147	49	120	102	94	95	144	95	34	71	41	104	62	57	134	190	144	56	193	59	91	107
	0	61	47	46	129	96	65	86	85	205	162	85	84	245	0	100	90	10	56	106	92	178	75	63	186	188	75	76	109	70	22
	0	110	78	42	86	50	101	96	91	248	93	78	38	145	220	258	74	105	183	235	131	99	148	56	204	76	77	121	164	66	112
	0	157	233	63	90	81	93	78	123	64	125	53	33	26	27	204	102	48	55	126	110	80	150	169	155	95	149	217	78	165	42
	0	73	146	72	202	150	153	68	266	152	13	116	145	77	66	37	240	12	140	148	94	82	169	187	40	177	116	75	71	120	83
	0	42	46	105	79	210	77	183	28	168	82	90	132	107	86	42	146	75	93	216	145	44	226	103	175	113	42	98	128	136	241
	0	23	67	139	147	174	100	33	240	106	104	168	100	148	108	80	119	109	229	55	37	24	105	66	79	80	115	92	70	53	239

h_pi = Inventory cost of item p at site i
 	8	0	0	0	0	0	0	0	0	0	0	0	0	0	0	0	0	0	0	0	0	0	0	0	0	0	0	0	0	0	0
	8	0	0	0	0	0	0	0	0	0	0	0	0	0	0	0	0	0	0	0	0	0	0	0	0	0	0	0	0	0	0
	8	0	0	0	0	0	0	0	0	0	0	0	0	0	0	0	0	0	0	0	0	0	0	0	0	0	0	0	0	0	0
	3	0	0	0	0	0	0	0	0	0	0	0	0	0	0	0	0	0	0	0	0	0	0	0	0	0	0	0	0	0	0
	8	0	0	0	0	0	0	0	0	0	0	0	0	0	0	0	0	0	0	0	0	0	0	0	0	0	0	0	0	0	0
	3	0	0	0	0	0	0	0	0	0	0	0	0	0	0	0	0	0	0	0	0	0	0	0	0	0	0	0	0	0	0
	8	0	0	0	0	0	0	0	0	0	0	0	0	0	0	0	0	0	0	0	0	0	0	0	0	0	0	0	0	0	0
	3	0	0	0	0	0	0	0	0	0	0	0	0	0	0	0	0	0	0	0	0	0	0	0	0	0	0	0	0	0	0
	3	0	0	0	0	0	0	0	0	0	0	0	0	0	0	0	0	0	0	0	0	0	0	0	0	0	0	0	0	0	0
	8	0	0	0	0	0	0	0	0	0	0	0	0	0	0	0	0	0	0	0	0	0	0	0	0	0	0	0	0	0	0

C = Vehicle capacity
	3600

f = Fixed transportation cost
	29295

a_ik = Transportation cost for traveling from node i to node k
 	0	82	144	309	512	163	265	213	260	539	859	490	301	605	104	294	717	197	362	160	686	320	644	392	618	658	641	836	710	167	641
	82	0	209	351	539	243	340	170	341	581	901	561	364	647	141	367	782	278	437	90	748	401	713	471	647	721	681	900	766	181	706
	144	209	0	181	394	152	138	250	202	404	722	353	157	470	223	160	575	125	231	252	543	222	505	275	496	515	507	694	567	129	498
	309	351	181	0	215	320	198	297	330	231	552	290	116	298	400	182	461	267	229	353	418	297	418	296	315	397	333	575	425	181	389
	512	539	394	215	0	534	393	435	533	119	380	371	300	154	610	367	426	477	384	517	369	481	432	449	108	367	170	514	341	359	376
	163	243	152	320	534	0	175	359	102	524	832	394	253	588	158	211	632	72	261	321	612	182	545	267	630	580	626	750	650	266	558
	265	340	138	198	393	175	0	383	141	361	661	228	93	422	314	36	463	104	98	389	440	103	382	137	478	408	461	582	476	255	387
	213	170	250	297	435	359	383	0	440	505	813	569	363	567	305	396	758	365	466	98	714	471	709	519	541	694	595	872	718	132	685
	260	341	202	330	533	102	141	440	0	500	792	322	234	560	258	172	560	78	197	414	548	94	468	182	619	514	599	676	593	330	489
	539	581	404	231	119	524	361	505	500	0	321	277	272	67	626	329	308	458	324	575	252	432	317	382	133	249	104	400	229	406	259
	859	901	722	552	380	832	661	813	792	321	0	498	581	254	945	626	337	763	599	890	301	711	425	639	281	333	221	326	233	724	362
	490	561	353	290	371	394	228	569	322	277	498	0	207	311	541	197	240	324	134	598	228	231	154	147	409	193	346	357	279	439	167
	301	364	157	116	300	253	93	363	234	272	581	207	0	335	371	69	418	187	116	393	386	186	353	182	386	358	374	537	412	233	342
	605	647	470	298	154	588	422	567	560	67	254	311	335	0	693	389	289	522	377	640	231	487	320	430	114	238	39	366	191	472	255
	104	141	223	400	610	158	314	305	258	626	945	541	371	693	0	348	776	221	408	230	751	339	694	422	714	720	730	895	782	271	700
	294	367	160	182	367	211	36	396	172	329	626	197	69	389	348	0	429	140	72	410	405	117	351	126	448	373	428	548	440	266	353
	717	782	575	461	426	632	463	758	560	308	337	240	418	289	776	429	0	561	372	805	58	468	103	382	400	65	301	120	116	636	77
	197	278	125	267	477	72	104	365	78	458	763	324	187	522	221	140	561	0	190	345	541	124	476	203	569	509	560	680	579	253	487
	362	437	231	229	384	261	98	466	197	324	599	134	116	377	408	72	372	190	0	482	354	113	287	69	452	321	415	490	397	335	298
	160	90	252	353	517	321	389	98	414	575	890	598	393	640	230	410	805	345	482	0	766	463	746	525	624	742	670	922	777	172	730
	686	748	543	418	369	612	440	714	548	252	301	228	386	231	751	405	58	541	354	766	0	457	125	374	343	36	244	158	69	595	65
	320	401	222	297	481	182	103	471	94	432	711	231	186	487	339	117	468	124	113	463	457	0	375	89	557	423	526	583	505	347	397
	644	713	505	418	432	545	382	709	468	317	425	154	353	320	694	351	103	476	287	746	125	375	0	287	432	95	342	210	193	581	69
	392	471	275	296	449	267	137	519	182	382	639	147	182	430	422	126	382	203	69	525	374	89	287	0	512	339	468	496	425	389	312
	618	647	496	315	108	630	478	541	619	133	281	409	386	114	714	448	400	569	452	624	343	557	432	512	0	351	103	468	297	467	368
	658	721	515	397	367	580	408	694	514	249	333	193	358	238	720	373	65	509	321	742	36	423	95	339	351	0	256	181	101	572	30
	641	681	507	333	170	626	461	595	599	104	221	346	374	39	730	428	301	560	415	670	244	526	342	468	103	256	0	367	195	504	276
	836	900	694	575	514	750	582	872	676	400	326	357	537	366	895	548	120	680	490	922	158	583	210	496	468	181	367	0	175	752	196
	710	766	567	425	341	650	476	718	593	229	233	279	412	191	782	440	116	579	397	777	69	505	193	425	297	101	195	175	0	605	130
	167	181	129	181	359	266	255	132	330	406	724	439	233	472	271	266	636	253	335	172	595	347	581	389	467	572	504	752	605	0	562
	641	706	498	389	376	558	387	685	489	259	362	167	342	255	700	353	77	487	298	730	65	397	69	312	368	30	276	196	130	562	0

coordXY = Coordinates (x,y): line zero => x line one => y column => customers
 	265	200	284	199	74	414	385	56	485	178	139	444	314	167	338	378	438	408	426	111	384	487	486	494	55	400	145	462	323	156	420
	852	901	710	551	377	788	616	811	715	321	3	396	556	255	926	581	157	717	528	892	177	622	248	534	271	209	223	40	145	726	231

d_pit = Demand of item p at customer i in period t
 	36	43	88	83	95	25	17	27	18	69	59	70
	44	27	12	91	82	76	30	93	50	81	32	55
	29	59	26	16	73	52	33	65	96	40	26	82
	47	67	37	89	70	77	35	26	29	24	83	73
	17	82	86	94	25	40	31	69	25	45	70	95
	83	60	91	35	51	46	24	25	91	31	46	39
	24	86	97	71	30	13	63	65	65	27	63	69
	63	54	28	86	42	12	71	41	89	45	72	35
	74	89	31	37	71	59	81	14	67	49	89	70
	97	90	91	51	55	84	82	15	96	22	36	65
	72	65	25	43	84	21	76	24	45	61	11	73
	23	80	17	14	13	52	18	14	34	50	79	65
	13	55	88	57	71	78	57	34	93	94	90	36
	52	47	56	69	16	28	36	49	27	60	80	28
	51	58	80	48	74	68	78	27	42	83	80	100
	27	89	22	93	70	33	46	52	70	75	53	64
	49	17	37	91	58	99	33	90	84	41	90	72
	58	61	27	50	46	53	25	39	99	78	22	73
	69	46	28	53	77	80	94	90	99	98	35	80
	63	95	89	90	82	48	92	77	59	56	68	56
	24	88	39	84	19	34	21	37	32	19	36	61
	21	37	26	87	81	34	31	32	41	66	50	53
	91	17	98	59	58	45	74	40	12	74	73	24
	62	21	38	71	27	58	83	34	36	13	85	86
	60	40	95	53	70	40	95	85	88	65	32	51
	76	38	98	85	64	28	56	48	49	35	89	22
	70	30	14	41	97	93	57	100	97	29	37	40
	75	64	44	69	41	78	51	71	70	51	35	46
	63	27	69	55	72	64	55	55	55	16	68	94
	52	70	70	41	36	53	78	43	78	45	15	14

	77	47	78	23	25	29	28	58	100	78	90	70
	82	85	27	71	74	72	16	98	51	47	74	18
	24	46	26	13	14	76	94	68	45	62	86	51
	68	54	86	83	64	97	25	49	27	75	37	45
	34	11	37	87	79	80	44	31	68	40	84	24
	23	52	44	10	89	61	33	33	72	46	78	17
	66	90	43	66	22	53	93	26	17	22	87	39
	71	14	45	41	66	44	67	70	42	39	13	30
	78	55	100	74	86	16	34	90	75	88	24	77
	92	50	40	70	35	40	93	69	31	74	35	67
	41	33	80	60	52	32	17	84	45	95	42	36
	66	78	92	28	25	11	21	64	17	100	92	14
	79	52	92	16	99	26	60	36	27	50	48	23
	77	89	62	89	19	93	11	88	83	33	31	39
	35	14	33	20	23	80	22	88	90	60	19	43
	89	78	12	11	86	65	75	53	22	48	31	45
	62	22	42	94	14	53	76	17	22	33	55	48
	44	17	91	11	59	60	68	88	47	91	50	90
	60	31	27	21	80	71	37	93	51	41	19	25
	60	37	25	37	60	79	77	34	97	57	18	95
	43	55	81	60	18	77	47	45	74	55	20	21
	74	41	77	56	33	26	20	29	35	76	98	51
	32	19	92	57	39	10	46	34	37	82	37	57
	15	76	51	77	75	51	47	27	90	59	75	74
	58	99	57	75	15	31	19	68	36	94	48	20
	73	86	41	45	40	87	30	60	13	78	46	53
	12	45	68	29	43	70	30	18	29	24	13	69
	34	43	95	80	84	19	81	17	19	33	66	67
	54	87	85	22	53	31	13	32	50	54	33	97
	82	45	13	77	32	54	56	81	63	64	66	12

	12	87	60	93	36	98	70	46	23	91	84	58
	13	77	94	87	80	77	26	19	29	11	92	35
	59	92	89	54	11	55	51	50	32	50	48	30
	32	30	47	76	54	35	84	32	24	70	65	69
	63	17	57	39	93	97	12	88	13	56	22	83
	26	13	78	13	58	84	73	53	74	87	46	14
	40	21	17	71	13	30	90	17	39	76	70	94
	81	67	64	68	22	69	78	74	92	29	77	86
	36	72	92	27	15	83	18	22	17	24	46	12
	83	72	55	45	61	96	56	54	76	49	93	43
	38	53	31	69	10	97	89	50	32	82	75	31
	45	80	43	47	99	89	51	47	96	90	97	89
	75	85	12	84	48	16	54	35	13	65	97	40
	33	29	37	64	66	46	17	49	94	21	47	51
	78	81	22	43	93	96	78	16	76	57	99	30
	32	19	48	30	87	21	38	76	80	35	66	33
	66	17	65	50	64	16	75	76	26	16	41	50
	21	36	64	40	30	58	16	98	65	79	25	13
	86	77	94	51	59	51	89	72	20	78	38	84
	89	21	51	66	31	40	95	21	13	85	24	74
	80	54	13	100	41	11	50	24	29	34	50	27
	25	93	82	95	61	95	48	43	90	77	94	66
	38	80	94	11	70	55	87	97	62	96	43	89
	55	81	49	62	25	40	22	57	96	85	38	63
	36	36	61	78	83	34	57	95	79	51	98	29
	28	100	15	91	24	61	98	18	33	67	25	89
	20	42	28	99	29	68	34	61	86	38	27	44
	49	22	67	24	66	94	18	11	93	77	44	95
	57	56	31	50	30	50	35	69	97	73	96	42
	77	83	51	52	79	51	27	45	13	28	15	37

	67	12	63	80	46	24	39	94	53	16	36	84
	89	59	88	25	88	28	58	23	74	61	88	93
	54	43	84	23	55	61	58	15	55	97	40	21
	88	18	29	29	24	63	60	25	40	96	77	25
	11	83	67	49	66	19	22	39	63	44	89	75
	67	43	59	36	51	72	26	41	94	66	30	96
	92	63	56	69	36	10	85	17	82	64	71	87
	68	90	40	76	27	36	12	81	85	12	44	85
	96	51	72	12	54	14	83	72	41	27	75	33
	32	17	87	42	33	95	23	95	25	38	96	20
	73	47	58	78	88	70	48	47	73	67	20	99
	86	16	38	24	67	73	22	42	14	73	35	20
	65	10	19	67	61	57	25	78	76	84	23	14
	14	81	79	98	97	84	63	53	28	37	87	42
	21	61	62	85	60	83	54	99	32	45	21	13
	34	61	37	96	38	89	31	75	59	26	97	25
	11	23	67	56	36	17	47	90	23	57	58	26
	71	41	33	37	83	24	41	54	13	78	64	99
	41	100	26	44	14	19	23	17	95	92	85	62
	35	39	30	54	20	94	31	15	59	12	42	49
	62	12	81	88	54	33	28	34	38	71	18	25
	57	76	32	34	68	40	83	59	97	90	48	88
	81	53	86	99	14	44	60	48	21	81	98	18
	96	94	48	83	27	79	64	28	49	83	68	11
	19	75	50	82	28	10	87	78	93	15	16	38
	56	19	81	91	29	15	80	89	53	61	30	92
	72	97	24	20	11	65	96	80	89	78	42	75
	59	11	36	33	15	89	90	50	76	60	64	24
	91	30	53	89	18	17	96	19	71	67	36	97
	91	16	14	14	89	15	63	33	24	43	72	45

	61	95	63	39	28	66	81	61	96	66	22	87
	47	33	45	41	92	81	43	34	13	29	45	32
	46	15	64	89	11	89	92	92	15	64	16	23
	57	72	44	29	55	15	24	36	44	59	94	51
	96	43	50	44	71	91	66	15	40	19	53	78
	39	26	59	43	87	56	40	40	31	12	82	75
	86	51	25	22	41	30	21	84	45	78	48	20
	85	70	39	91	76	72	45	24	24	56	11	51
	91	77	37	79	76	32	39	53	74	86	16	87
	42	74	46	38	33	63	53	57	87	97	20	69
	60	25	38	17	46	68	12	59	81	29	81	34
	55	29	75	94	58	61	45	75	71	29	18	54
	81	74	71	19	34	59	92	78	69	55	98	27
	92	27	17	56	19	37	88	35	67	11	31	32
	26	74	90	43	64	63	68	17	39	54	94	13
	90	24	61	42	16	40	20	100	93	12	50	82
	10	76	37	89	59	35	76	27	76	87	44	57
	56	51	23	64	57	39	18	85	27	51	64	87
	59	47	92	31	79	17	31	80	11	80	44	11
	92	79	26	35	78	11	85	17	21	59	16	42
	85	49	44	29	93	31	37	72	33	16	74	59
	75	37	78	31	23	64	96	92	98	20	34	19
	63	83	75	45	17	39	31	65	22	86	17	23
	94	79	13	38	88	19	10	43	30	92	25	33
	27	91	70	89	99	92	47	11	99	11	63	81
	75	89	20	14	79	71	41	31	34	59	80	48
	76	89	64	21	35	88	43	35	37	88	58	31
	94	15	88	98	18	24	93	44	23	99	34	46
	70	71	52	39	64	27	97	59	56	67	24	64
	22	66	16	44	83	31	70	57	56	27	32	75

	51	59	27	15	53	59	25	54	87	97	27	37
	78	67	57	72	81	14	86	67	28	22	25	89
	42	78	43	12	45	64	20	17	56	52	33	86
	49	18	19	42	20	17	45	32	64	56	25	48
	31	19	41	13	27	14	50	22	20	84	40	51
	70	31	100	69	26	67	93	41	18	78	53	73
	96	29	11	77	23	91	100	21	79	25	12	74
	61	30	41	67	52	41	34	93	67	10	57	72
	78	91	79	66	98	41	41	64	83	81	25	57
	93	27	37	48	18	39	50	17	30	55	22	35
	78	91	61	29	74	40	88	28	16	27	33	24
	38	72	15	50	52	25	62	32	61	36	61	13
	52	93	17	80	43	65	37	98	47	25	49	27
	72	96	52	40	85	79	16	26	63	35	42	20
	84	74	30	70	71	13	88	76	77	52	31	57
	74	56	23	52	33	57	19	59	31	11	89	12
	38	67	75	28	41	19	59	49	78	15	31	95
	92	91	43	63	62	68	36	37	90	81	66	40
	15	95	42	83	66	34	15	89	28	34	41	79
	31	83	17	88	45	61	13	33	44	89	21	54
	99	74	27	77	21	50	60	45	44	27	45	57
	72	76	76	34	79	61	86	60	35	12	28	51
	56	30	80	68	29	72	28	92	17	13	21	88
	22	90	92	29	71	25	76	76	17	50	18	76
	30	18	28	63	50	97	11	12	37	58	97	18
	49	28	93	90	18	95	54	88	41	24	54	97
	61	60	63	75	74	57	78	68	44	50	15	84
	49	42	73	62	30	87	44	91	17	18	52	36
	66	81	24	45	32	46	76	51	50	80	41	98
	61	51	92	11	58	17	61	93	74	54	14	16

	37	91	29	36	57	81	70	40	27	39	88	89
	19	68	93	53	37	15	42	45	63	70	81	69
	63	27	57	36	84	65	24	33	56	58	55	31
	19	71	16	38	96	32	11	33	87	79	55	40
	81	88	98	81	98	37	40	66	52	94	68	40
	93	58	51	98	57	78	76	60	98	51	31	65
	78	13	58	85	38	76	73	75	60	60	85	63
	66	37	20	75	76	91	26	15	60	54	95	56
	64	98	82	36	32	87	38	10	40	16	29	52
	60	18	47	75	83	34	42	83	89	73	59	55
	53	82	79	80	75	35	73	42	88	63	20	33
	33	62	85	16	93	91	16	98	62	72	40	26
	26	14	59	39	58	23	39	38	51	51	57	30
	27	63	66	17	72	71	11	94	34	51	81	12
	92	91	21	82	33	76	38	32	74	32	12	32
	12	76	14	75	55	97	42	81	99	67	49	65
	48	13	52	61	35	88	94	74	96	12	40	91
	55	93	99	26	37	30	34	78	93	17	32	23
	20	29	62	15	30	13	90	62	41	55	90	54
	21	50	39	82	25	98	87	97	68	13	68	50
	25	25	30	99	72	60	55	73	45	56	79	65
	22	88	40	19	87	48	45	73	87	97	26	45
	68	53	48	77	23	64	42	12	78	33	98	39
	65	90	90	40	25	68	81	18	46	21	47	69
	95	49	18	82	41	61	88	71	34	88	24	79
	56	93	39	96	77	19	88	82	19	96	71	33
	42	97	32	46	67	32	16	37	87	55	85	100
	21	21	36	10	72	94	53	34	50	39	60	26
	51	40	74	90	18	86	34	56	66	99	94	40
	29	13	81	22	16	26	16	54	55	98	44	18

	60	13	41	35	33	64	70	63	40	59	44	50
	86	19	41	89	35	96	83	38	40	76	21	95
	53	19	11	18	92	85	96	60	20	41	72	19
	61	81	15	45	85	45	58	94	90	44	43	12
	46	93	11	48	33	48	48	27	90	82	12	13
	59	94	79	72	88	59	25	95	27	25	34	64
	55	13	69	90	34	23	27	84	29	88	26	74
	91	65	84	26	67	75	37	20	26	55	80	47
	71	61	20	85	42	50	62	91	31	76	44	70
	13	81	14	16	79	29	23	77	66	20	53	56
	64	52	78	97	36	47	79	60	98	75	78	80
	13	38	94	76	94	83	94	46	92	90	74	35
	77	55	68	40	32	23	20	78	46	36	25	80
	46	20	20	43	36	14	71	28	75	22	100	59
	37	74	100	30	46	83	94	87	74	43	57	66
	42	76	74	48	84	98	65	11	74	83	87	36
	12	84	56	58	34	95	62	50	89	54	73	78
	88	52	21	55	46	76	10	44	88	34	59	22
	56	75	17	64	96	89	13	90	47	52	98	30
	18	76	32	95	47	43	88	82	24	43	38	79
	47	35	36	53	82	47	48	16	97	58	46	32
	53	61	26	29	89	65	11	83	60	88	23	15
	50	72	65	42	30	95	36	12	15	24	50	76
	40	27	26	70	74	67	44	11	64	90	30	28
	50	46	36	45	74	89	30	66	17	16	16	82
	24	21	16	55	60	92	49	95	16	43	45	61
	75	40	30	32	33	85	50	56	62	20	92	32
	23	48	53	88	21	76	48	47	48	15	61	78
	42	78	54	20	66	16	50	79	26	97	27	60
	83	79	88	52	24	96	45	80	26	59	73	30

	42	29	28	13	40	31	60	32	84	95	73	15
	46	67	74	23	44	32	52	34	26	21	81	44
	76	29	87	70	35	22	34	44	21	31	84	18
	79	80	82	28	18	60	86	26	64	74	19	14
	95	72	43	98	27	40	62	98	16	53	57	32
	77	75	33	66	28	87	38	82	23	97	58	83
	31	47	56	49	61	70	77	39	36	51	71	45
	28	98	77	28	90	40	45	31	65	47	91	44
	82	86	47	68	73	14	23	59	68	35	44	76
	40	24	18	52	35	44	44	51	94	33	35	31
	90	22	33	60	82	22	21	17	96	43	80	21
	93	39	17	83	66	43	88	43	41	11	12	16
	31	24	52	71	61	65	22	72	10	18	88	65
	63	23	51	24	16	85	62	68	38	44	13	86
	42	99	96	89	62	44	54	57	18	97	26	75
	24	74	22	26	92	66	49	61	31	81	23	47
	75	17	30	87	40	76	49	84	97	61	33	13
	83	10	23	93	89	24	45	36	25	62	95	13
	82	94	40	20	90	47	57	64	81	78	46	13
	71	60	14	29	96	80	45	24	24	94	46	41
	44	39	27	28	44	14	49	39	45	85	15	40
	84	74	68	26	75	98	46	88	77	76	99	53
	85	18	58	66	88	41	71	27	21	59	90	76
	96	48	31	17	26	84	51	89	81	20	24	48
	27	25	61	43	39	31	85	92	99	45	39	72
	42	67	87	95	62	95	20	30	87	48	57	88
	98	50	27	41	74	62	44	78	81	37	23	25
	68	60	22	76	83	10	88	55	58	84	17	17
	60	46	30	93	44	40	19	52	69	87	49	99
	65	63	78	35	34	29	34	93	62	69	11	60

	23	89	25	44	40	23	73	34	10	66	94	19
	15	52	72	94	23	69	88	64	77	44	46	63
	73	34	32	18	17	87	27	94	87	13	66	43
	52	95	62	86	86	44	35	44	76	82	55	82
	76	98	88	70	17	45	11	90	28	36	20	88
	100	34	18	34	78	36	97	11	58	75	59	49
	33	14	76	42	99	95	15	68	59	82	11	83
	92	15	98	35	66	69	43	50	100	37	38	98
	77	29	34	47	33	63	22	98	19	45	64	46
	68	36	31	81	39	61	76	47	82	80	78	35
	77	78	13	49	83	48	40	83	24	38	40	53
	18	82	67	86	65	59	72	85	73	48	59	40
	49	99	40	59	76	25	55	77	56	59	93	68
	73	35	46	58	51	58	35	54	94	71	35	41
	43	37	27	27	46	87	80	47	23	23	27	23
	62	57	93	87	69	58	26	13	33	95	76	78
	17	92	42	89	32	72	79	42	50	68	89	90
	64	90	75	71	20	83	30	45	73	61	48	50
	55	89	13	93	33	58	98	22	63	63	15	31
	37	85	14	40	95	56	53	12	45	86	35	17
	24	12	64	46	91	52	48	64	15	81	87	52
	13	92	87	68	17	99	52	70	76	30	30	49
	66	83	37	56	92	51	76	86	35	96	72	19
	66	13	17	51	40	27	47	48	88	84	21	41
	80	35	85	32	42	99	92	12	88	72	27	47
	57	58	42	80	93	95	40	49	38	30	15	32
	92	63	45	14	75	26	79	22	97	16	48	88
	27	43	67	38	91	15	70	56	18	96	27	72
	53	88	31	77	20	92	72	69	78	31	30	44
	36	62	45	96	17	46	62	31	77	19	67	41

