***** PARAMETERS PRP *****

Number of Customers = 30
Number of Products = 10
Number of Vehicles = 5
Number of Periods = 12

B = Production capacity
	49401

b_p = Time required to produce item p
 	1	1	1	1	1	1	1	1	1	1

c_p = Production cost of item p
 	30	80	80	30	80	80	80	80	30	30

s_p = Setup cost of item p
 	300	800	800	300	800	800	800	800	300	300

M = Big number
	197603

U_pi = Maximum inventory upper bound of item p at site i
 	197603	85	303	105	275	180	101	251	101	293	208	158	151	205	176	226	173	165	185	107	218	82	249	119	250	117	137	143	165	240	149
	197603	95	286	214	112	111	312	279	226	107	150	260	88	183	241	141	168	235	149	177	241	224	182	104	248	243	132	108	223	119	149
	197603	154	279	252	103	143	197	281	114	199	220	157	259	227	204	90	118	152	194	236	128	227	175	95	122	187	251	200	139	96	98
	197603	253	115	160	168	224	236	157	179	152	169	251	182	148	141	117	309	122	278	107	87	232	125	290	95	167	102	179	125	166	328
	197603	249	104	306	129	79	182	124	85	237	249	308	208	281	97	147	236	151	179	287	285	242	251	170	243	298	192	228	143	346	273
	197603	107	105	142	232	179	163	268	172	232	212	314	155	193	316	116	187	86	227	207	267	238	113	145	100	355	106	157	102	243	113
	197603	182	380	151	228	191	260	240	119	275	236	205	274	295	310	97	161	115	224	199	230	234	166	215	164	321	196	199	225	206	150
	197603	202	184	166	110	186	162	86	241	186	102	184	308	185	102	136	318	236	156	283	105	291	279	276	170	147	99	181	286	100	222
	197603	311	218	176	150	258	160	153	131	151	226	102	112	200	164	127	127	238	295	200	279	275	232	115	252	227	106	90	205	258	94
	197603	238	237	246	184	116	204	136	221	190	234	118	185	84	217	155	223	181	134	174	270	113	109	115	200	220	115	171	323	94	133

I_pi0 = Initial inventory of item p at site i
 	0	61	98	76	71	160	81	53	53	13	125	96	123	92	129	122	136	130	131	89	187	59	227	103	146	78	135	109	91	64	55
	0	82	99	202	70	61	133	101	41	55	114	70	66	110	154	97	144	115	128	36	179	124	171	77	58	53	108	50	85	85	108
	0	54	154	65	100	80	174	101	100	169	41	87	248	212	141	75	97	127	120	182	128	42	86	48	75	143	140	97	76	0	51
	0	43	84	96	137	210	212	148	132	84	165	82	160	141	118	102	93	108	55	90	68	211	39	137	60	147	81	88	73	91	319
	0	13	90	122	111	51	27	101	81	230	74	206	146	241	62	137	179	97	17	230	252	120	177	125	89	182	98	127	97	97	187
	0	88	86	58	113	62	66	139	129	146	142	29	104	33	68	82	158	68	184	193	180	46	112	22	28	97	100	47	62	225	91
	0	105	243	87	181	180	184	97	95	176	27	29	87	78	178	43	152	85	171	71	180	115	123	196	22	253	80	198	194	149	13
	0	159	140	118	62	96	35	13	113	134	67	133	159	108	71	136	34	201	134	191	64	177	128	180	83	74	96	179	154	81	192
	0	123	144	163	67	31	80	74	87	90	164	96	62	53	102	46	67	13	274	29	227	109	182	90	190	89	97	68	37	146	89
	0	181	174	219	11	68	201	93	62	110	141	100	66	44	42	148	96	99	56	145	252	17	32	60	61	53	114	137	132	76	120

h_pi = Inventory cost of item p at site i
 	3	0	0	0	0	0	0	0	0	0	0	0	0	0	0	0	0	0	0	0	0	0	0	0	0	0	0	0	0	0	0
	8	0	0	0	0	0	0	0	0	0	0	0	0	0	0	0	0	0	0	0	0	0	0	0	0	0	0	0	0	0	0
	8	0	0	0	0	0	0	0	0	0	0	0	0	0	0	0	0	0	0	0	0	0	0	0	0	0	0	0	0	0	0
	3	0	0	0	0	0	0	0	0	0	0	0	0	0	0	0	0	0	0	0	0	0	0	0	0	0	0	0	0	0	0
	8	0	0	0	0	0	0	0	0	0	0	0	0	0	0	0	0	0	0	0	0	0	0	0	0	0	0	0	0	0	0
	8	0	0	0	0	0	0	0	0	0	0	0	0	0	0	0	0	0	0	0	0	0	0	0	0	0	0	0	0	0	0
	8	0	0	0	0	0	0	0	0	0	0	0	0	0	0	0	0	0	0	0	0	0	0	0	0	0	0	0	0	0	0
	8	0	0	0	0	0	0	0	0	0	0	0	0	0	0	0	0	0	0	0	0	0	0	0	0	0	0	0	0	0	0
	3	0	0	0	0	0	0	0	0	0	0	0	0	0	0	0	0	0	0	0	0	0	0	0	0	0	0	0	0	0	0
	3	0	0	0	0	0	0	0	0	0	0	0	0	0	0	0	0	0	0	0	0	0	0	0	0	0	0	0	0	0	0

C = Vehicle capacity
	3800

f = Fixed transportation cost
	29729

a_ik = Transportation cost for traveling from node i to node k
 	0	645	457	74	305	639	411	418	290	268	725	428	622	589	499	162	614	749	173	206	217	177	747	20	220	187	725	404	532	327	361
	645	0	288	697	389	240	261	527	909	831	317	394	121	107	159	496	243	351	548	829	657	792	279	663	673	830	292	242	344	504	480
	457	288	0	487	338	183	271	240	675	579	270	107	203	188	147	356	158	296	438	603	398	565	291	476	414	637	269	162	108	223	195
	74	697	487	0	374	670	473	411	222	196	751	443	665	634	546	230	645	772	246	138	179	106	778	68	177	152	753	456	551	327	364
	305	389	338	374	0	480	129	468	594	554	580	387	413	372	284	145	462	612	165	510	426	479	579	319	438	475	569	193	445	385	393
	639	240	183	670	480	0	378	368	854	752	101	251	121	149	205	528	26	134	605	783	571	745	109	658	586	819	90	288	153	386	351
	411	261	271	473	129	378	0	459	694	637	478	350	295	254	174	251	363	512	292	610	485	576	469	427	500	590	463	110	377	393	388
	418	527	240	411	468	368	459	0	536	419	411	134	433	425	382	406	345	420	489	482	252	447	458	434	264	558	425	360	216	95	76
	290	909	675	222	594	854	694	536	0	124	924	609	866	838	755	450	829	940	455	85	289	119	959	278	275	171	931	669	719	477	515
	268	831	579	196	554	752	637	419	124	0	817	503	776	751	673	412	727	831	440	114	182	110	854	263	167	235	825	595	612	369	406
	725	317	270	751	580	101	478	411	924	817	0	315	205	241	305	623	120	35	701	857	637	819	60	744	652	902	29	388	206	449	412
	428	394	107	443	387	251	350	134	609	503	315	0	302	292	251	364	227	332	450	543	323	506	352	447	338	595	323	243	110	135	100
	622	121	203	665	413	121	295	433	866	776	205	302	0	42	131	490	123	240	557	789	596	752	180	641	612	808	183	230	233	425	397
	589	107	188	634	372	149	254	425	838	751	241	292	42	0	92	453	146	276	518	760	573	723	220	608	589	775	220	191	238	409	382
	499	159	147	546	284	205	174	382	755	673	305	251	131	92	0	361	191	339	426	675	498	638	297	518	514	685	290	99	233	348	328
	162	496	356	230	145	528	251	406	450	412	623	364	490	453	361	0	506	651	87	366	299	335	635	177	310	340	618	262	451	312	333
	614	243	158	645	462	26	363	345	829	727	120	227	123	146	191	506	0	151	583	758	546	720	133	634	561	794	112	269	131	361	327
	749	351	296	772	612	134	512	420	940	831	35	332	240	276	339	651	151	0	731	875	652	838	83	768	667	923	60	420	223	464	426
	173	548	438	246	165	605	292	489	455	440	701	450	557	518	426	87	583	731	0	373	358	348	710	181	366	319	695	328	535	395	418
	206	829	603	138	510	783	610	482	85	114	857	543	789	760	675	366	758	875	373	0	231	39	889	194	219	122	862	588	653	414	452
	217	657	398	179	426	571	485	252	289	182	637	323	596	573	498	299	546	652	358	231	0	196	673	226	17	313	645	427	432	189	226
	177	792	565	106	479	745	576	447	119	110	819	506	752	723	638	335	720	838	348	39	196	0	851	168	186	134	825	551	616	378	415
	747	279	291	778	579	109	469	458	959	854	60	352	180	220	297	635	133	83	710	889	673	851	0	766	689	927	35	387	245	486	451
	20	663	476	68	319	658	427	434	278	263	744	447	641	608	518	177	634	768	181	194	226	168	766	0	228	168	744	423	551	344	378
	220	673	414	177	438	586	500	264	275	167	652	338	612	589	514	310	561	667	366	219	17	186	689	228	0	306	660	443	447	204	241
	187	830	637	152	475	819	590	558	171	235	902	595	808	775	685	340	794	923	319	122	313	134	927	168	306	0	904	590	703	478	514
	725	292	269	753	569	90	463	425	931	825	29	323	183	220	290	618	112	60	695	862	645	825	35	744	660	904	0	376	215	457	421
	404	242	162	456	193	288	110	360	669	595	388	243	230	191	99	262	269	420	328	588	427	551	387	423	443	590	376	0	268	304	293
	532	344	108	551	445	153	377	216	719	612	206	110	233	238	233	451	131	223	535	653	432	616	245	551	447	703	215	268	0	244	207
	327	504	223	327	385	386	393	95	477	369	449	135	425	409	348	312	361	464	395	414	189	378	486	344	204	478	457	304	244	0	38
	361	480	195	364	393	351	388	76	515	406	412	100	397	382	328	333	327	426	418	452	226	415	451	378	241	514	421	293	207	38	0

coordXY = Coordinates (x,y): line zero => x line one => y column => customers
 	313	401	192	254	476	162	457	9	141	78	89	108	282	307	326	388	162	57	458	186	103	187	136	317	97	305	116	349	94	92	84
	245	883	685	202	502	865	629	531	12	118	934	620	866	833	743	388	840	948	338	83	298	121	970	226	283	59	942	647	729	486	523

d_pit = Demand of item p at customer i in period t
 	61	35	28	20	30	81	26	54	41	32	47	55
	47	51	56	97	97	88	51	21	80	39	54	46
	76	58	35	24	77	64	30	55	62	51	17	82
	71	91	85	23	41	20	45	55	70	48	73	37
	80	48	32	18	84	29	58	23	13	82	52	21
	81	84	20	42	56	37	30	17	70	61	48	61
	53	48	67	17	75	35	64	75	75	30	14	50
	53	19	85	88	39	96	19	31	15	95	22	41
	13	33	90	49	80	48	85	72	17	70	80	65
	67	58	85	58	37	14	60	19	98	40	39	50
	96	98	33	21	51	47	40	47	57	49	60	31
	30	93	37	42	48	36	74	31	86	47	68	13
	56	36	51	41	56	77	93	21	73	66	29	17
	38	91	18	44	99	41	75	55	90	48	92	14
	97	25	83	52	63	69	72	17	48	38	87	28
	98	38	65	85	61	63	32	38	44	86	64	17
	31	87	12	98	66	62	45	81	82	45	35	14
	46	85	20	87	88	10	100	26	85	34	83	77
	89	89	69	43	11	30	60	79	25	42	61	45
	81	94	12	42	39	36	82	11	18	68	87	85
	59	69	32	18	35	29	11	20	64	52	12	88
	71	71	13	72	59	35	56	96	15	84	98	76
	28	75	55	16	77	72	30	13	28	10	35	37
	74	72	68	38	92	29	80	56	74	77	77	14
	78	78	94	33	49	49	75	80	63	59	14	29
	24	41	70	60	27	62	62	16	40	92	29	25
	15	94	93	34	32	48	48	14	14	64	91	24
	62	29	89	26	60	50	14	57	44	97	90	41
	29	35	22	32	21	74	67	57	42	91	20	87
	55	12	59	38	86	57	81	29	39	52	19	67

	82	91	78	36	68	37	20	21	40	29	45	25
	99	83	92	16	63	47	91	55	30	23	30	58
	48	60	94	19	54	30	47	38	61	55	94	43
	47	23	67	77	34	81	54	84	26	40	96	43
	61	73	37	86	47	14	47	38	81	82	47	53
	93	40	69	60	92	50	11	81	76	40	71	65
	87	14	76	35	96	52	76	32	94	21	56	31
	41	24	42	38	84	43	26	97	80	89	34	80
	18	37	54	61	91	86	49	53	88	28	38	40
	55	59	67	35	30	53	10	23	79	88	33	67
	70	61	42	55	18	75	32	73	36	13	64	84
	31	35	41	51	95	58	28	45	22	31	17	71
	34	76	77	94	46	67	28	51	39	47	90	81
	58	48	48	78	62	39	28	23	35	55	72	33
	97	50	52	71	69	100	49	37	69	87	79	83
	68	32	44	90	66	34	39	25	53	41	96	84
	16	99	95	25	16	62	47	71	53	81	73	68
	18	92	18	11	70	100	95	13	64	41	52	21
	36	88	94	63	36	99	15	23	49	86	70	47
	81	98	22	45	52	51	73	62	59	63	85	31
	35	89	99	50	33	37	43	82	42	53	15	93
	90	69	12	56	59	71	14	48	66	97	53	94
	49	28	53	61	47	50	57	76	56	50	79	20
	11	29	18	71	82	44	71	56	56	32	50	75
	53	59	54	16	86	37	69	96	61	79	51	67
	81	27	88	79	100	74	81	43	42	29	99	49
	50	60	35	94	79	51	77	35	68	33	39	27
	29	22	34	78	39	23	95	26	22	59	70	38
	85	99	12	100	93	14	24	90	15	73	93	14
	94	14	89	38	37	27	25	47	54	30	40	99

	25	29	86	63	28	35	15	72	65	29	91	76
	69	85	21	38	81	40	64	33	57	60	43	79
	32	33	64	32	48	42	65	72	62	61	66	27
	25	43	32	43	81	67	66	99	38	25	81	16
	80	43	82	19	12	17	58	90	75	33	13	51
	77	97	28	60	38	61	56	45	20	62	37	11
	30	71	67	79	29	42	67	60	14	75	44	97
	100	51	10	88	69	36	92	68	62	25	37	48
	95	74	12	21	69	22	40	85	13	19	51	97
	27	14	19	31	66	41	67	29	41	60	50	82
	21	66	20	19	15	83	36	11	63	27	62	49
	87	77	84	21	68	47	72	82	87	97	38	18
	97	45	70	42	85	98	60	91	100	69	57	92
	20	12	12	97	94	76	62	54	48	85	33	19
	22	53	39	60	14	11	12	31	61	71	95	72
	97	85	40	91	95	30	16	36	71	81	48	16
	55	72	57	68	20	11	11	95	81	51	27	59
	63	57	78	79	88	48	22	13	92	94	62	79
	63	15	77	27	96	95	33	81	24	42	60	94
	43	85	53	24	97	91	85	39	32	86	35	95
	42	26	32	80	91	19	64	70	10	69	19	23
	19	39	28	11	90	63	19	70	39	83	46	18
	19	29	52	26	99	25	36	57	99	10	92	24
	75	81	32	20	44	29	88	46	10	26	25	12
	82	61	92	45	88	63	59	82	22	29	37	87
	49	55	36	47	87	11	12	82	55	98	23	48
	97	93	87	26	51	90	87	83	44	97	30	13
	22	54	57	15	96	18	13	57	65	14	86	58
	97	11	60	56	81	36	27	49	40	56	19	45
	51	86	59	59	10	29	34	35	25	31	95	75

	43	60	70	99	93	73	10	99	55	51	67	38
	84	35	38	49	77	99	37	45	89	71	26	39
	75	21	92	35	81	93	83	37	14	28	53	28
	46	91	94	46	22	73	93	75	18	22	51	39
	89	72	49	20	34	66	70	28	32	73	77	61
	84	36	17	75	95	23	44	93	24	67	91	59
	73	50	25	35	19	57	85	20	85	58	71	49
	99	33	49	47	31	32	25	25	54	27	61	53
	84	96	42	80	20	78	51	34	14	47	18	43
	49	70	46	59	33	56	61	76	59	43	32	93
	82	69	95	13	17	38	18	86	17	81	40	46
	12	62	86	60	28	40	47	28	17	77	69	21
	84	57	44	82	30	27	33	21	31	14	90	78
	88	30	82	59	86	80	21	96	70	64	73	98
	80	22	33	25	91	53	62	31	96	41	82	87
	93	81	39	91	17	59	82	44	36	58	85	56
	38	70	79	86	43	64	99	35	60	50	73	37
	55	12	92	64	77	94	86	97	36	77	60	85
	43	47	78	66	42	51	25	97	34	76	11	72
	68	97	27	35	47	32	68	22	29	16	69	12
	23	91	97	64	12	18	24	75	19	41	54	39
	39	56	77	75	97	91	22	57	38	26	73	97
	52	85	89	70	49	28	83	34	51	42	56	57
	60	55	48	45	18	18	27	12	64	56	87	81
	26	26	95	41	63	71	63	93	48	18	49	75
	23	58	41	33	11	86	39	85	84	70	22	61
	88	31	44	91	95	84	78	25	57	33	16	75
	73	88	52	94	32	88	25	46	76	60	56	61
	19	72	71	43	51	14	13	37	13	39	28	97
	87	84	58	90	13	49	53	90	55	51	71	86

	13	76	65	97	99	31	34	16	31	52	49	34
	16	74	72	39	77	27	88	51	33	70	31	47
	11	79	32	88	57	96	80	79	26	91	15	81
	49	46	16	89	55	81	48	86	92	65	60	89
	51	57	40	53	47	35	29	17	15	50	67	11
	27	60	24	41	74	55	93	72	87	43	89	62
	42	39	20	69	72	92	31	76	94	73	41	94
	19	62	83	14	50	49	38	73	35	20	14	53
	98	96	36	50	21	80	41	67	57	18	57	90
	74	75	17	45	60	91	61	72	100	95	25	33
	69	47	90	38	72	53	68	26	55	77	81	64
	27	75	44	17	28	94	39	93	27	14	100	65
	82	44	19	96	48	13	43	85	30	86	78	50
	46	16	59	70	21	40	70	53	47	21	88	53
	58	39	40	28	93	90	54	28	100	21	27	10
	25	69	85	64	82	52	12	47	73	64	55	81
	49	48	24	53	19	36	67	21	35	44	17	40
	17	76	98	96	42	67	27	11	76	22	92	90
	56	85	89	95	71	31	34	66	41	40	13	67
	35	88	79	50	80	20	76	47	41	28	44	97
	30	12	78	34	75	73	78	71	53	39	14	24
	95	82	84	46	10	81	52	41	81	91	14	77
	26	99	38	69	33	99	87	19	64	41	41	63
	54	35	52	83	72	25	66	83	66	47	84	61
	96	86	22	53	56	27	74	18	83	70	100	29
	84	14	97	78	91	26	94	93	20	52	49	69
	15	94	18	78	63	26	35	30	54	15	57	63
	97	93	53	61	99	12	87	36	46	98	89	89
	97	53	94	42	55	80	99	85	75	23	61	67
	94	44	49	76	37	12	60	57	18	61	78	69

	88	48	74	55	78	76	10	29	40	66	53	24
	86	20	34	45	72	24	42	92	73	69	13	62
	46	12	47	22	33	91	24	98	74	34	37	51
	51	62	78	82	76	80	83	37	39	57	38	12
	62	39	76	15	87	66	74	60	27	100	64	45
	66	54	34	30	37	74	72	64	49	25	70	77
	86	53	17	15	92	27	51	70	78	45	97	12
	61	68	71	17	91	78	44	64	64	28	64	38
	69	77	91	40	93	18	65	27	43	49	31	92
	72	70	97	43	68	21	62	100	64	93	71	86
	29	49	31	99	75	21	88	90	97	47	87	41
	52	52	52	66	28	66	36	78	24	42	90	34
	33	31	91	39	24	77	21	76	24	30	81	51
	68	70	53	96	85	41	55	30	42	92	86	40
	12	70	81	36	93	33	26	100	20	56	86	80
	78	16	64	91	32	35	93	68	50	94	35	90
	68	62	27	35	27	71	27	27	11	41	52	67
	70	97	17	27	28	26	92	11	57	39	53	27
	84	98	11	27	26	38	60	59	44	54	47	72
	76	21	15	68	89	52	35	41	36	91	76	40
	46	66	54	36	70	52	93	74	81	42	66	34
	69	43	36	80	50	23	63	82	15	44	75	99
	22	98	64	50	35	81	14	81	11	28	46	50
	28	33	11	82	45	83	36	48	56	94	66	18
	97	79	42	78	88	31	96	86	62	30	69	94
	52	48	87	26	62	52	65	22	92	85	27	16
	47	15	67	57	52	54	66	63	27	59	84	38
	19	43	16	94	18	63	36	48	88	66	32	91
	97	53	41	34	65	57	99	85	62	43	72	21
	91	80	37	24	28	67	41	99	82	77	33	16

	65	40	90	13	92	56	26	97	74	59	37	80
	65	86	92	77	23	98	57	95	67	69	86	96
	87	46	43	44	32	37	22	48	51	67	66	59
	84	97	48	15	61	12	29	62	52	89	68	67
	83	86	11	74	96	30	17	13	11	11	65	77
	32	89	63	15	78	95	90	87	36	44	64	86
	40	57	64	79	93	78	55	71	88	62	11	22
	95	25	35	39	96	22	47	91	81	44	78	63
	35	61	16	64	47	69	64	63	97	38	85	20
	27	57	15	77	60	68	68	32	12	45	21	85
	19	10	52	34	94	28	47	38	48	57	48	17
	87	48	28	89	85	90	44	81	45	21	24	16
	78	86	92	92	71	91	94	15	96	70	69	32
	83	95	55	41	53	60	46	45	32	61	92	82
	43	98	41	40	37	78	14	16	81	12	58	63
	65	87	29	73	38	56	34	84	17	36	93	31
	23	62	12	91	89	90	24	26	84	64	33	90
	42	45	84	61	69	97	12	50	95	10	42	64
	71	14	38	47	55	29	67	66	35	21	67	86
	66	29	61	24	48	53	17	69	86	65	20	15
	40	75	14	58	83	32	71	96	13	91	34	94
	79	44	95	38	92	35	88	35	16	56	69	15
	65	76	55	67	47	65	11	50	55	95	11	48
	22	58	64	72	73	20	95	28	69	87	13	54
	59	77	86	31	97	51	71	44	70	73	51	61
	80	58	35	86	39	71	90	96	70	95	31	32
	66	69	63	53	41	12	85	31	65	22	72	17
	91	24	79	28	58	24	94	30	77	13	80	76
	74	34	41	31	37	19	17	49	80	25	46	42
	13	75	12	37	35	64	26	34	30	21	34	69

	90	69	94	81	45	13	19	43	63	66	13	10
	64	76	99	72	86	14	15	86	84	77	46	16
	50	68	77	26	23	57	46	84	49	28	85	71
	62	84	63	44	65	64	29	18	63	60	54	55
	30	66	75	75	80	50	44	89	98	26	71	38
	35	71	19	78	59	21	87	50	72	39	51	66
	13	80	62	32	84	47	31	16	27	79	23	21
	39	74	85	49	35	92	65	71	25	80	25	84
	12	34	88	11	63	71	34	44	86	45	44	25
	67	64	78	36	41	66	16	46	83	22	24	70
	11	92	30	53	41	89	64	31	29	39	46	26
	87	12	60	73	21	56	73	81	76	57	50	94
	42	66	89	31	49	45	60	67	22	45	27	11
	45	26	36	93	36	57	95	40	34	57	85	10
	76	60	22	84	95	55	88	17	86	79	59	93
	34	99	66	88	20	88	49	85	46	49	82	58
	91	57	53	44	61	77	78	12	26	96	58	56
	39	95	23	83	68	23	76	17	70	23	24	83
	56	50	61	24	69	80	60	85	93	59	28	14
	44	20	55	89	77	21	27	73	42	72	85	26
	29	73	30	45	88	100	27	65	72	47	64	58
	59	69	27	27	61	79	66	34	54	82	58	54
	89	72	19	21	64	64	83	40	40	35	60	76
	83	99	39	20	87	16	93	77	74	16	25	49
	74	98	83	99	39	74	54	27	87	93	64	92
	45	51	63	16	20	84	95	64	39	63	34	20
	37	85	57	97	52	19	69	94	50	53	92	18
	67	87	44	64	66	49	26	46	96	15	81	45
	20	11	50	61	45	26	72	87	93	57	50	30
	56	66	70	89	94	28	97	66	61	81	100	81

	98	25	65	25	71	62	89	62	86	92	38	34
	81	33	30	83	12	11	55	96	81	35	45	91
	52	22	89	35	80	60	70	67	94	65	32	37
	67	30	28	37	52	17	72	47	10	88	82	70
	31	100	31	13	73	77	87	84	82	96	79	21
	14	66	18	50	43	28	67	96	44	13	26	15
	74	81	56	24	31	32	31	62	89	19	24	87
	57	30	79	80	73	93	46	61	89	30	64	84
	90	19	43	23	14	11	85	95	21	61	67	74
	83	81	99	69	47	31	28	79	11	25	71	55
	84	12	18	63	62	95	62	88	10	19	22	74
	62	60	61	54	50	97	35	27	84	27	34	80
	31	22	48	77	49	32	37	92	75	44	66	28
	49	53	20	52	54	86	19	76	36	97	18	96
	46	62	68	73	90	92	36	59	69	31	100	36
	67	68	25	94	31	89	61	27	32	71	97	99
	13	38	54	94	70	46	74	71	62	39	83	71
	44	81	90	59	28	75	45	62	56	56	54	58
	12	17	85	16	98	92	78	21	20	54	48	60
	50	93	84	86	70	94	94	58	69	15	38	87
	19	90	90	93	68	72	36	17	47	42	47	38
	84	57	41	14	24	43	98	43	84	93	71	45
	90	78	65	49	78	50	33	83	15	73	31	42
	35	76	79	88	50	35	47	85	44	75	65	77
	89	19	64	92	16	72	39	27	74	78	60	51
	31	66	30	12	33	67	71	64	48	23	92	98
	33	35	43	73	26	64	35	76	11	56	65	22
	37	35	92	57	82	83	52	92	33	92	100	63
	67	79	21	30	37	86	45	37	61	58	75	22
	41	48	29	86	17	78	21	16	58	69	24	77

	26	28	31	96	95	26	61	66	44	19	66	12
	12	92	70	91	65	22	67	70	70	27	76	48
	66	40	18	95	97	14	19	33	78	45	37	48
	11	100	18	13	76	23	19	74	56	63	42	58
	19	49	99	74	79	49	48	69	61	33	66	48
	55	57	20	69	95	14	39	93	66	22	32	51
	93	80	39	82	67	58	89	57	70	76	74	28
	62	36	97	32	83	53	69	27	64	92	21	28
	70	40	20	31	50	24	80	66	57	35	15	83
	70	34	37	79	39	26	32	63	22	80	45	34
	26	74	75	70	33	89	19	58	58	46	73	84
	17	49	42	77	91	73	66	66	94	95	52	18
	44	88	44	19	53	42	51	37	57	32	17	22
	42	39	89	61	37	25	87	78	65	29	58	41
	99	49	59	28	76	39	46	82	50	36	30	27
	96	76	45	84	22	35	11	95	25	93	14	74
	59	40	68	81	54	24	24	33	38	14	59	48
	56	12	87	58	86	94	58	30	70	91	80	82
	40	35	53	17	25	20	35	38	70	71	45	72
	68	95	89	85	33	43	78	41	36	11	35	34
	17	30	31	58	27	52	80	66	49	79	92	97
	16	16	81	40	14	58	81	87	82	30	95	55
	60	84	26	56	38	40	88	70	77	67	24	60
	61	25	58	27	83	30	37	53	21	27	20	37
	53	64	40	26	24	82	40	55	16	11	46	71
	96	18	95	72	61	18	21	43	61	75	89	38
	37	38	62	31	70	67	14	57	95	96	97	18
	23	12	97	89	83	58	61	75	97	75	66	40
	76	65	25	44	22	83	32	41	90	42	24	21
	91	29	95	52	54	38	99	97	66	57	40	77

