***** PARAMETERS PRP *****

Number of Customers = 30
Number of Products = 10
Number of Vehicles = 5
Number of Periods = 12

B = Production capacity
	49464

b_p = Time required to produce item p
 	1	1	1	1	1	1	1	1	1	1

c_p = Production cost of item p
 	30	30	30	80	30	80	80	30	80	30

s_p = Setup cost of item p
 	300	300	300	800	300	800	800	300	800	300

M = Big number
	197855

U_pi = Maximum inventory upper bound of item p at site i
 	197855	170	160	328	147	170	233	225	213	273	238	167	287	258	223	203	285	103	115	179	265	243	109	136	98	217	194	103	152	189	197
	197855	104	229	191	178	152	253	143	259	100	207	125	260	237	245	93	280	169	202	172	91	114	138	121	123	101	195	235	330	253	327
	197855	268	285	107	181	281	230	216	257	147	189	98	212	134	120	162	314	142	321	225	148	163	237	254	251	155	154	217	172	195	164
	197855	209	222	298	252	168	141	248	129	117	334	149	258	261	268	214	188	256	167	205	293	140	220	80	240	126	198	200	122	207	129
	197855	114	109	93	237	226	119	216	276	98	140	167	99	316	156	226	113	222	157	186	222	260	259	180	167	230	85	168	165	113	192
	197855	250	140	211	187	256	84	248	115	94	275	228	281	78	80	173	270	286	228	193	120	297	166	231	311	171	291	209	158	311	167
	197855	302	109	310	225	113	237	112	124	140	206	188	229	226	260	259	120	217	118	252	198	102	225	194	337	264	299	180	265	300	336
	197855	194	91	204	212	126	260	151	120	170	301	222	251	145	96	290	322	145	161	126	305	231	114	266	103	261	103	107	321	166	91
	197855	280	320	292	153	126	279	211	342	305	226	147	170	228	99	131	102	192	166	98	97	114	230	108	283	147	231	132	162	207	277
	197855	121	123	217	218	126	288	181	240	190	128	255	127	255	101	199	290	170	103	80	179	267	93	253	308	275	238	270	98	236	94

I_pi0 = Initial inventory of item p at site i
 	0	55	57	134	61	124	52	86	121	189	93	140	142	233	89	133	222	63	47	173	166	217	108	88	71	100	168	89	13	147	165
	0	90	43	110	53	115	39	10	67	44	103	93	107	158	119	79	73	104	99	172	33	97	82	85	82	63	168	151	323	50	320
	0	241	57	94	39	24	197	93	163	74	147	45	58	91	70	80	100	38	112	159	101	151	237	95	98	124	124	35	166	147	142
	0	72	41	198	84	140	102	204	100	46	227	86	151	237	103	176	146	145	163	142	243	130	182	0	94	98	24	164	59	138	95
	0	79	70	68	20	46	98	80	79	60	77	124	44	259	79	31	89	129	93	132	40	140	40	102	100	222	0	16	148	76	93
	0	238	65	175	165	117	78	210	52	47	79	201	99	23	53	131	167	75	169	37	78	33	84	170	126	29	103	79	73	225	112
	0	143	80	186	112	71	94	97	81	79	160	160	62	171	112	190	96	74	109	101	168	74	130	163	232	99	184	47	125	152	194
	0	20	12	90	110	104	130	124	64	154	188	181	110	133	53	111	214	103	86	107	160	230	107	89	58	139	57	72	257	82	47
	0	218	181	95	122	50	247	140	61	173	115	65	154	154	60	57	40	26	19	59	64	92	211	22	218	68	30	87	142	163	111
	0	72	71	112	48	86	148	63	233	79	120	157	91	212	70	184	39	92	83	67	54	122	90	22	123	273	185	87	97	53	40

h_pi = Inventory cost of item p at site i
 	3	8	8	7	5	5	5	2	4	1	2	1	2	7	1	2	3	2	3	5	9	9	1	8	3	7	2	4	4	4	8
	3	1	4	9	1	3	8	4	3	5	2	1	3	9	8	7	5	3	2	1	8	6	2	2	4	4	7	5	4	7	3
	3	5	8	3	5	9	5	9	2	2	4	1	7	9	6	3	1	9	2	5	9	7	3	4	7	8	7	2	7	4	5
	8	3	3	3	4	4	3	1	9	3	6	1	4	8	4	5	2	7	6	1	4	7	2	4	3	7	8	1	3	6	1
	3	4	5	4	7	1	3	4	6	3	6	7	7	3	4	9	2	6	3	9	7	3	8	4	5	8	8	6	3	6	1
	8	5	6	7	6	3	4	6	8	3	9	6	3	7	6	5	1	5	9	6	9	2	6	4	8	9	9	8	7	4	1
	8	7	1	5	2	6	3	5	4	8	4	7	1	1	2	3	3	8	6	9	5	3	1	9	2	6	1	5	9	1	3
	3	4	2	2	6	3	2	4	5	4	7	6	2	6	5	1	1	8	7	4	8	2	1	2	3	2	3	1	1	6	9
	8	8	2	9	3	9	2	2	6	1	5	8	1	8	1	6	3	7	6	1	2	9	7	6	1	7	6	8	7	1	1
	3	4	8	5	6	4	2	2	4	6	7	2	2	9	3	5	9	9	4	3	1	2	3	3	2	6	2	1	6	2	8

C = Vehicle capacity
	3420

f = Fixed transportation cost
	161975

a_ik = Transportation cost for traveling from node i to node k
 	0	2210	2445	1335	1210	1435	1025	1795	2655	945	3530	1995	2995	3045	705	2060	285	2835	265	770	1030	1595	510	1550	1635	1130	2330	1380	1935	1680	1805
	2210	0	4350	1285	3340	1920	2955	595	4615	2325	4860	910	4685	4245	2525	2825	2170	4835	2045	2980	2875	1000	2055	870	815	1140	495	1200	2845	1095	1480
	2445	4350	0	3100	1335	3840	1450	4105	305	2025	1650	3730	735	1600	1870	2125	2675	555	2460	1920	1500	3995	2345	3910	3570	3485	4255	3805	1965	4100	4250
	1335	1285	3100	0	2235	1970	1770	1245	3375	1085	3600	695	3405	2995	1360	1605	1455	3605	1085	2020	1675	1390	960	1215	480	965	1165	1365	1600	1545	1910
	1210	3340	1335	2235	0	2530	550	2985	1490	1250	2735	2925	1995	2410	885	2040	1395	1650	1305	585	675	2805	1300	2750	2655	2325	3370	2585	1865	2885	2980
	1435	1920	3840	1970	2530	0	2455	1325	4015	2265	4955	2315	4420	4445	2130	3305	1175	4170	1530	1965	2460	920	1775	1065	1905	1030	2305	740	3220	850	610
	1025	2955	1450	1770	550	2455	0	2665	1685	725	2550	2450	1970	2125	435	1525	1285	1895	1015	790	130	2545	910	2460	2215	2035	2925	2360	1350	2655	2820
	1795	595	4105	1245	2985	1325	2665	0	4350	2135	4810	1205	4520	4215	2240	2850	1700	4555	1685	2555	2610	410	1765	295	890	665	1015	615	2830	515	915
	2655	4615	305	3375	1490	4015	1685	4350	0	2300	1780	4015	825	1820	2110	2425	2870	255	2690	2070	1745	4225	2590	4145	3845	3720	4535	4025	2265	4320	4455
	945	2325	2025	1085	1250	2265	725	2135	2300	0	2740	1745	2390	2195	410	1120	1215	2525	750	1245	615	2105	495	1980	1550	1580	2245	1965	995	2235	2485
	3530	4860	1650	3600	2735	4955	2550	4810	1780	2740	0	4040	960	635	2830	2060	3805	1925	3430	3265	2515	4835	3210	4695	4055	4310	4605	4700	2020	4970	5225
	1995	910	3730	695	2925	2315	2450	1205	4015	1745	4040	0	3965	3415	2050	1985	2075	4250	1760	2705	2350	1520	1650	1335	425	1300	570	1605	2030	1665	2075
	2995	4685	735	3405	1995	4420	1970	4520	825	2390	960	3965	0	1110	2340	2120	3245	970	2955	2565	1980	4465	2790	4355	3880	3940	4520	4295	2005	4585	4780
	3045	4245	1600	2995	2410	4445	2125	4215	1820	2195	635	3415	1110	0	2340	1435	3325	2025	2915	2890	2065	4260	2680	4120	3440	3745	3980	4145	1400	4400	4675
	705	2525	1870	1360	885	2130	435	2240	2110	410	2830	2050	2340	2340	0	1455	985	2325	620	845	375	2140	480	2045	1795	1620	2505	1960	1310	2250	2440
	2060	2825	2125	1605	2040	3305	1525	2850	2425	1120	2060	1985	2120	1435	1455	0	2325	2675	1850	2260	1405	2950	1585	2790	2030	2455	2550	2870	180	3100	3420
	285	2170	2675	1455	1395	1175	1285	1700	2870	1215	3805	2075	3245	3325	985	2325	0	3040	485	880	1295	1450	755	1435	1685	1045	2350	1220	2205	1515	1590
	2835	4835	555	3605	1650	4170	1895	4555	255	2525	1925	4250	970	2025	2325	2675	3040	0	2885	2210	1960	4415	2800	4345	4070	3915	4765	4210	2520	4510	4625
	265	2045	2460	1085	1305	1530	1015	1685	2690	750	3430	1760	2955	2915	620	1850	485	2885	0	960	985	1540	270	1460	1420	1035	2125	1350	1735	1645	1825
	770	2980	1920	2020	585	1965	790	2555	2070	1245	3265	2705	2565	2890	845	2260	880	2210	960	0	885	2325	1070	2300	2375	1890	3080	2100	2100	2395	2450
	1030	2875	1500	1675	675	2460	130	2610	1745	615	2515	2350	1980	2065	375	1405	1295	1960	985	885	0	2510	850	2415	2125	1990	2835	2325	1235	2620	2800
	1595	1000	3995	1390	2805	920	2545	410	4225	2105	4835	1520	4465	4260	2140	2950	1450	4415	1540	2325	2510	0	1675	190	1150	530	1410	245	2910	160	560
	510	2055	2345	960	1300	1775	910	1765	2590	495	3210	1650	2790	2680	480	1585	755	2800	270	1070	850	1675	0	1575	1355	1155	2070	1510	1470	1795	2015
	1550	870	3910	1215	2750	1065	2460	295	4145	1980	4695	1335	4355	4120	2045	2790	1435	4345	1460	2300	2415	190	1575	0	960	430	1250	335	2755	345	750
	1635	815	3570	480	2655	1905	2215	890	3845	1550	4055	425	3880	3440	1795	2030	1685	4070	1420	2375	2125	1150	1355	960	0	885	720	1205	2040	1300	1705
	1130	1140	3485	965	2325	1030	2035	665	3720	1580	4310	1300	3940	3745	1620	2455	1045	3915	1035	1890	1990	530	1155	430	885	0	1400	420	2405	660	970
	2330	495	4255	1165	3370	2305	2925	1015	4535	2245	4605	570	4520	3980	2505	2550	2350	4765	2125	3080	2835	1410	2070	1250	720	1400	0	1570	2595	1530	1930
	1380	1200	3805	1365	2585	740	2360	615	4025	1965	4700	1605	4295	4145	1960	2870	1220	4210	1350	2100	2325	245	1510	335	1205	420	1570	0	2815	300	555
	1935	2845	1965	1600	1865	3220	1350	2830	2265	995	2020	2030	2005	1400	1310	180	2205	2520	1735	2100	1235	2910	1470	2755	2040	2405	2595	2815	0	3055	3365
	1680	1095	4100	1545	2885	850	2655	515	4320	2235	4970	1665	4585	4400	2250	3100	1515	4510	1645	2395	2620	160	1795	345	1300	660	1530	300	3055	0	415
	1805	1480	4250	1910	2980	610	2820	915	4455	2485	5225	2075	4780	4675	2440	3420	1590	4625	1825	2450	2800	560	2015	750	1705	970	1930	555	3365	415	0

coordXY = Coordinates (x,y): line zero => x line one => y column => customers
 	391	117	362	141	446	492	343	233	405	234	62	37	249	43	314	39	427	442	339	482	319	313	293	281	121	296	32	345	74	335	412
	627	973	139	718	392	895	428	949	97	523	3	810	46	128	509	414	670	63	630	503	435	936	602	916	811	832	923	899	406	958	987

d_pit = Demand of item p at customer i in period t
 	55	42	89	48	98	75	29	51	53	26	86	26
	23	34	96	26	34	64	26	44	87	60	99	45
	58	76	77	83	86	52	11	100	19	41	99	85
	61	80	13	22	93	41	62	50	29	42	34	60
	43	81	99	57	11	13	92	68	21	69	36	91
	23	29	88	25	81	12	72	91	41	30	37	29
	86	34	68	71	16	95	79	26	43	46	60	51
	94	27	45	54	10	85	49	47	68	87	14	58
	91	98	96	94	67	14	85	19	57	61	84	52
	22	38	17	16	73	68	52	12	66	92	76	39
	44	59	37	37	54	93	94	20	75	39	25	90
	64	28	17	33	65	51	82	92	19	80	61	96
	90	81	31	31	60	34	34	20	60	18	59	100
	42	17	30	54	99	62	54	26	86	79	22	98
	93	40	86	38	79	80	76	84	62	60	40	73
	92	31	99	75	37	93	78	70	99	79	91	11
	63	63	59	83	32	47	22	42	43	65	78	19
	36	11	87	75	89	80	55	44	14	83	56	58
	56	24	15	78	12	20	54	27	54	88	36	73
	17	14	76	59	34	79	22	94	58	11	85	88
	93	33	30	61	32	38	33	43	16	34	89	80
	10	98	61	53	98	18	28	35	43	78	97	36
	88	77	83	27	81	84	42	90	75	98	58	15
	71	91	88	62	11	12	19	42	72	43	54	23
	14	86	67	43	54	97	33	69	16	52	60	59
	71	15	29	53	30	47	16	72	67	43	91	49
	89	73	46	53	63	11	45	53	23	73	59	31
	13	91	81	15	53	72	17	96	37	15	94	24
	65	33	36	13	14	34	82	81	45	63	82	19
	81	33	51	32	23	48	38	99	93	31	11	52

	69	21	27	81	73	48	75	42	96	33	14	42
	22	21	99	91	39	67	59	85	93	24	44	44
	52	58	95	22	75	99	55	98	66	73	39	30
	53	80	52	76	94	45	44	88	54	14	47	66
	66	49	27	18	59	89	23	92	64	16	55	49
	39	82	97	57	65	31	32	93	79	74	31	79
	10	34	53	27	32	55	24	75	85	47	93	36
	67	33	10	27	80	64	69	14	73	32	63	90
	19	25	97	95	40	14	80	56	69	76	13	15
	59	44	45	61	72	41	23	48	46	73	75	35
	93	56	74	83	22	62	63	98	17	75	12	93
	16	36	55	75	14	83	74	40	39	34	61	96
	14	100	44	85	39	37	19	71	86	54	71	90
	51	68	10	37	60	30	90	48	65	50	57	23
	79	86	97	27	33	15	86	37	10	19	35	33
	47	26	71	35	73	40	72	63	76	14	80	76
	37	67	77	72	35	94	16	18	96	85	14	66
	99	71	80	96	34	64	100	22	85	21	79	57
	74	98	70	56	17	62	17	57	89	50	46	51
	33	88	20	33	68	26	35	21	69	30	33	88
	84	13	83	16	67	48	74	89	17	74	33	83
	82	93	82	59	92	76	57	26	96	55	28	81
	33	52	65	74	60	25	71	54	83	41	92	74
	82	13	38	55	26	77	91	91	73	58	50	85
	63	53	21	50	78	14	66	64	56	74	45	19
	25	99	44	85	68	75	58	76	61	90	70	27
	16	97	38	28	76	85	22	34	48	27	31	62
	90	62	77	94	50	73	41	31	44	95	42	93
	50	93	34	21	95	57	18	64	22	97	19	37
	87	71	94	68	33	73	92	64	65	38	71	28

	81	67	93	95	97	20	23	46	65	69	71	76
	57	96	48	67	15	38	71	38	18	96	47	92
	60	34	48	47	64	21	18	100	54	15	82	97
	39	74	14	44	80	36	20	14	57	84	52	29
	11	13	46	48	94	63	53	70	90	91	76	20
	71	28	44	54	59	96	67	26	50	68	60	66
	93	87	85	33	16	71	83	20	21	51	11	78
	94	69	43	91	75	94	30	78	70	23	11	94
	22	30	22	11	22	36	12	88	74	31	38	55
	77	70	75	34	25	25	32	56	60	89	12	13
	45	89	66	31	66	21	27	57	89	30	36	31
	58	62	65	57	30	62	88	48	46	43	55	22
	55	36	77	34	36	29	67	23	45	56	34	45
	26	44	68	46	48	77	96	90	85	35	53	52
	80	19	50	97	24	89	91	48	37	15	33	64
	100	86	49	53	90	26	57	55	36	99	88	15
	38	20	63	60	30	59	28	33	16	95	81	45
	78	34	93	11	97	57	96	94	58	43	79	31
	54	45	60	91	19	87	42	85	11	66	36	78
	26	75	52	51	63	51	73	61	16	16	81	25
	88	63	26	65	62	24	46	55	30	71	32	89
	22	93	42	80	32	22	17	79	89	46	11	36
	31	64	73	57	88	31	26	97	32	40	35	36
	80	18	17	64	85	66	49	90	75	70	67	71
	64	12	48	57	10	76	82	56	31	72	82	28
	93	31	80	10	52	49	81	56	16	52	40	55
	35	34	42	91	68	88	71	47	39	35	13	88
	70	96	50	57	30	41	71	59	35	45	95	40
	48	15	84	58	39	25	60	69	55	66	47	19
	16	60	11	55	44	93	87	12	71	29	94	82

	72	73	93	75	78	55	80	67	33	77	78	54
	22	19	36	95	49	59	17	83	73	35	88	91
	84	69	45	39	10	63	56	52	63	87	73	75
	84	76	40	72	39	83	17	68	11	88	82	97
	35	82	23	66	31	62	11	23	42	76	27	26
	54	48	91	29	30	62	59	17	61	74	23	15
	42	79	64	19	72	72	88	57	98	46	27	81
	100	76	88	60	21	23	68	37	90	89	76	45
	46	35	56	98	13	87	91	12	96	25	83	59
	73	65	89	45	13	28	36	96	89	79	96	92
	86	99	11	24	13	75	29	49	81	28	50	52
	75	17	59	80	34	60	62	49	38	88	19	38
	52	75	98	12	54	69	49	28	17	20	76	76
	44	42	17	52	64	92	64	16	52	60	50	90
	93	83	99	34	63	67	34	32	22	30	51	35
	62	84	99	74	85	10	88	53	70	24	77	27
	50	95	55	55	45	91	92	95	34	63	61	32
	74	89	45	91	27	14	17	91	76	92	11	41
	45	97	98	60	96	13	83	98	53	87	12	79
	31	56	97	59	81	25	68	18	71	65	80	51
	88	28	14	57	33	74	91	27	43	55	18	33
	87	26	69	39	79	39	72	44	91	25	38	52
	83	48	12	22	14	34	45	63	57	27	47	27
	42	52	74	41	16	94	99	83	96	25	51	47
	98	72	42	96	34	94	62	22	54	20	87	74
	24	43	46	75	85	20	32	58	61	41	14	94
	11	38	78	37	66	32	38	11	31	65	95	99
	28	31	87	33	95	44	85	74	45	55	95	58
	43	95	21	24	47	20	23	57	82	63	57	88
	95	88	73	68	30	18	65	87	88	31	46	85

	79	61	61	48	85	52	33	71	39	29	87	36
	39	31	35	62	28	98	60	32	96	56	24	90
	68	61	15	21	32	51	68	37	74	26	33	73
	20	71	94	87	58	74	48	76	84	13	44	43
	46	65	51	52	24	76	31	18	83	56	20	20
	98	68	51	100	63	28	61	30	55	91	56	12
	80	72	31	99	91	27	87	99	71	50	77	81
	27	52	69	27	59	12	64	65	44	90	66	87
	60	63	83	25	36	21	32	90	28	21	59	72
	77	56	82	71	24	46	67	99	89	61	77	89
	37	87	47	11	74	95	64	40	55	16	41	100
	44	80	31	73	25	40	29	33	66	90	37	48
	91	76	12	80	48	65	25	97	62	63	87	53
	79	92	56	65	77	20	28	65	21	19	69	31
	31	80	67	80	14	61	17	74	34	75	83	61
	89	98	79	99	60	19	30	64	68	13	45	14
	14	33	12	70	54	92	42	15	46	26	97	32
	28	65	42	70	50	58	48	46	92	18	88	24
	97	35	70	17	82	89	73	85	76	64	27	27
	40	49	73	10	69	85	67	89	66	69	11	38
	35	45	60	31	80	15	65	46	30	96	35	86
	40	67	14	99	30	61	33	44	18	58	60	97
	75	27	97	87	19	88	89	28	44	94	33	39
	57	43	71	84	86	25	46	36	56	81	28	56
	67	96	59	81	61	24	69	91	15	72	31	25
	88	32	52	23	48	91	23	16	54	14	31	35
	16	59	34	84	64	96	38	85	85	24	22	63
	17	94	23	14	22	86	85	86	99	14	76	43
	76	12	99	87	16	89	20	34	75	17	83	69
	93	98	52	58	60	77	93	33	82	28	44	51

	95	65	78	36	16	59	35	79	18	21	52	45
	65	98	29	18	47	14	77	84	16	38	44	30
	91	27	19	38	43	19	99	77	81	91	36	11
	21	15	73	56	85	61	25	20	78	68	32	27
	87	30	96	56	58	71	46	84	14	91	78	57
	78	14	31	19	31	52	13	52	81	21	25	86
	26	90	94	91	85	41	63	82	59	40	12	60
	52	85	80	94	21	54	85	26	41	44	51	59
	47	95	14	38	75	14	45	23	80	71	38	23
	66	13	62	86	69	83	20	29	72	79	24	58
	55	39	30	77	38	40	11	46	59	34	43	75
	36	63	66	34	60	75	45	85	41	75	83	11
	23	71	16	32	16	14	38	99	28	31	28	71
	29	24	32	18	71	21	73	18	51	99	23	18
	81	50	83	22	88	36	97	28	23	82	74	26
	98	46	23	24	62	63	17	57	88	62	85	22
	75	92	46	96	96	29	83	40	48	52	13	17
	30	54	66	19	66	41	51	87	22	65	94	90
	37	59	19	34	50	54	41	45	70	78	69	22
	78	45	97	68	69	64	88	58	38	36	57	20
	33	53	25	27	67	67	87	73	59	61	65	96
	84	83	13	58	24	85	11	25	69	65	57	91
	77	93	35	47	90	46	97	48	63	37	29	30
	32	94	72	74	50	28	48	58	28	78	94	91
	29	10	13	95	35	90	44	79	19	27	44	28
	82	21	56	50	44	21	87	48	97	21	85	86
	79	19	56	92	93	28	20	43	33	65	35	64
	27	46	12	58	65	56	75	64	51	40	91	46
	33	85	80	27	81	83	61	34	93	36	92	42
	69	43	34	77	42	59	59	79	40	98	44	25

	30	29	84	62	62	84	33	32	67	73	98	70
	80	77	57	19	16	70	85	17	71	78	60	23
	80	68	38	89	71	86	97	68	77	98	98	60
	25	87	56	78	83	32	87	78	38	21	52	38
	71	83	20	16	56	39	65	85	74	29	50	88
	28	66	36	56	92	34	30	88	76	96	17	93
	43	54	56	51	73	35	31	96	21	99	85	28
	81	94	88	30	38	88	29	22	97	58	44	73
	79	97	69	56	81	96	82	64	85	51	43	37
	93	52	15	65	76	47	32	63	40	98	21	16
	93	67	48	66	67	93	76	63	27	33	98	21
	62	38	23	42	57	79	14	33	73	15	99	15
	92	79	93	27	58	42	42	13	66	36	96	34
	14	98	49	40	76	78	30	26	14	69	64	67
	74	74	42	69	78	83	74	29	66	98	24	66
	96	66	79	48	10	93	52	69	29	78	54	48
	74	97	84	53	16	61	48	19	13	46	78	63
	45	64	54	40	17	32	62	37	27	48	19	26
	21	80	39	97	49	42	53	55	53	88	91	89
	97	71	55	36	17	31	87	39	36	26	47	53
	74	37	23	79	94	24	30	23	83	39	86	17
	78	52	47	51	16	83	77	33	28	93	62	54
	35	63	37	28	57	39	95	25	42	95	29	36
	47	96	89	64	28	65	78	100	65	17	88	71
	99	74	67	76	43	20	73	88	21	85	84	63
	86	32	66	41	73	81	97	73	91	80	81	95
	47	85	94	59	76	54	41	73	36	46	85	24
	48	77	88	86	50	51	69	30	37	22	17	60
	98	36	18	59	70	91	99	79	71	28	38	32
	45	58	91	96	90	36	92	82	27	14	98	77

	20	64	14	73	94	16	33	47	97	13	69	41
	12	62	38	16	55	94	26	54	72	14	12	91
	26	34	30	44	15	35	13	65	93	75	22	38
	90	20	94	33	20	32	33	35	69	96	33	80
	30	74	61	95	43	69	75	34	81	84	76	31
	96	34	60	51	75	62	14	13	70	72	55	21
	12	60	52	98	40	34	13	57	81	24	100	31
	64	76	97	71	78	54	11	83	69	31	33	55
	80	45	29	86	75	26	88	95	25	12	50	69
	70	31	87	63	75	76	53	83	36	68	30	51
	76	48	57	48	24	86	12	92	51	43	97	31
	27	83	82	95	86	46	84	49	32	79	60	30
	50	83	69	25	41	33	47	73	69	41	23	24
	53	55	12	68	17	43	48	11	99	78	45	44
	41	70	93	96	11	91	37	18	74	96	41	27
	53	66	95	59	59	73	97	26	66	89	30	60
	17	86	57	42	16	53	77	52	45	82	21	32
	86	93	76	19	52	64	27	90	14	13	27	83
	59	10	38	21	85	79	12	82	42	20	43	14
	98	44	18	61	91	81	54	78	49	88	32	39
	79	80	71	31	33	30	10	80	37	55	99	89
	11	17	28	51	98	77	86	15	71	69	93	66
	89	89	76	81	44	21	60	38	20	37	38	45
	58	88	69	31	54	20	89	58	57	27	19	49
	100	39	53	37	59	46	61	89	69	23	38	13
	57	47	55	63	92	10	21	14	36	39	97	87
	72	55	67	65	21	51	16	59	67	45	51	75
	70	97	90	81	38	31	89	51	64	96	18	45
	36	46	40	25	75	65	64	72	47	57	80	58
	32	15	21	94	67	65	14	54	50	66	38	32

	43	43	88	44	18	88	86	70	14	52	43	84
	17	70	80	14	50	88	96	42	45	99	93	73
	95	37	21	68	38	40	15	99	80	68	55	84
	33	89	41	42	98	79	13	47	10	83	20	58
	50	93	49	75	98	49	91	77	61	18	15	80
	83	97	67	38	19	61	85	21	64	32	11	91
	40	76	12	12	35	56	72	44	77	95	95	20
	29	32	77	96	75	89	81	24	92	63	63	100
	96	77	30	78	46	91	29	95	65	36	64	24
	72	43	57	99	46	52	68	37	47	82	17	58
	27	16	22	96	56	21	56	59	74	10	98	52
	62	92	58	46	63	73	62	60	27	39	19	80
	63	91	50	17	46	15	41	68	10	12	51	83
	34	26	36	61	51	64	31	65	86	24	43	72
	57	62	58	49	44	28	38	30	21	52	55	31
	40	80	16	38	39	77	47	65	63	28	63	53
	26	79	21	75	11	32	72	28	75	37	33	87
	19	44	58	29	36	42	12	81	64	26	30	58
	59	86	21	57	10	82	62	55	30	51	27	45
	64	70	23	21	37	59	55	49	47	88	10	60
	92	15	35	49	17	72	96	68	74	80	52	35
	67	45	99	81	13	45	99	43	75	35	43	44
	22	22	95	24	75	52	54	87	77	17	90	35
	67	97	54	100	25	35	71	75	13	14	38	90
	11	39	18	89	28	92	54	94	30	22	41	68
	30	36	17	61	95	82	43	86	86	35	41	80
	45	13	29	63	29	65	37	52	81	59	22	33
	87	43	12	32	20	22	19	56	61	56	44	35
	98	65	86	33	98	98	79	26	28	76	83	57
	94	17	77	29	72	71	35	81	27	58	86	18

	72	93	89	12	80	41	87	38	68	43	26	74
	28	43	43	80	16	26	85	47	34	28	49	12
	41	71	86	82	27	86	61	54	30	30	69	15
	48	34	50	58	50	96	22	31	21	71	21	22
	86	82	89	89	43	38	48	55	76	19	31	98
	52	96	14	13	62	84	88	26	99	59	50	49
	22	31	10	65	50	51	55	75	61	41	66	16
	58	56	57	62	41	68	15	14	64	70	31	40
	79	94	92	21	69	94	67	46	57	27	41	71
	10	16	94	100	68	87	90	74	54	100	17	56
	64	93	60	58	76	19	29	83	71	73	90	50
	18	73	66	40	65	35	99	75	99	53	55	86
	29	85	98	46	93	68	90	15	66	49	33	92
	51	19	58	72	21	21	54	47	75	85	55	50
	86	24	44	30	46	41	86	22	83	76	39	20
	39	94	58	91	21	91	86	96	90	97	76	32
	17	16	36	23	16	61	74	40	77	52	10	89
	83	39	41	70	33	72	32	11	97	12	87	42
	67	77	43	38	14	40	25	39	29	66	25	19
	54	16	24	34	75	19	36	78	40	63	64	35
	75	47	19	52	31	21	69	39	94	89	63	41
	48	42	16	17	65	72	14	70	14	55	61	83
	22	56	58	82	85	68	17	28	32	50	66	42
	25	20	78	51	81	74	72	35	92	23	88	100
	87	84	85	17	74	26	22	63	65	43	32	63
	52	44	14	75	32	65	53	65	32	46	27	66
	87	48	21	54	85	52	76	22	30	36	71	67
	76	21	45	44	69	55	66	32	42	43	79	16
	53	75	21	97	50	14	78	65	93	55	82	25
	40	65	44	67	30	48	45	13	43	80	38	49

