***** PARAMETERS PRP *****

Number of Customers = 30
Number of Products = 10
Number of Vehicles = 5
Number of Periods = 12

B = Production capacity
	49133

b_p = Time required to produce item p
 	1	1	1	1	1	1	1	1	1	1

c_p = Production cost of item p
 	30	80	80	30	30	80	30	30	80	30

s_p = Setup cost of item p
 	300	800	800	300	300	800	300	300	800	300

M = Big number
	196530

U_pi = Maximum inventory upper bound of item p at site i
 	196530	284	158	213	192	93	174	245	143	111	296	116	132	164	126	300	241	199	275	126	256	180	231	156	295	138	250	187	187	115	247
	196530	267	99	144	268	101	260	280	131	220	193	256	157	214	104	258	98	256	224	130	243	224	182	282	241	87	184	281	217	252	209
	196530	219	360	263	134	101	112	278	195	239	188	288	157	141	266	104	306	165	106	232	153	246	250	122	143	90	127	177	174	116	276
	196530	210	288	195	90	211	167	129	156	94	106	233	250	105	209	228	279	228	99	145	191	97	246	228	128	126	80	268	98	318	184
	196530	139	220	204	154	144	117	274	253	268	266	187	275	167	273	95	148	90	103	111	167	157	112	259	286	158	119	120	198	216	194
	196530	243	101	167	245	104	184	191	217	163	298	232	267	213	228	191	195	228	378	148	296	191	285	114	172	253	202	158	167	99	155
	196530	114	288	201	253	271	268	144	181	99	248	232	142	100	260	109	202	168	107	175	137	238	130	210	135	156	208	323	203	251	206
	196530	128	278	173	232	122	123	156	246	188	205	203	199	134	228	141	135	208	261	266	242	167	250	136	104	290	143	224	238	233	113
	196530	196	192	155	165	119	188	108	269	181	174	152	261	106	267	125	136	189	112	206	188	232	250	201	163	284	274	105	252	189	226
	196530	308	324	115	126	114	240	131	77	173	318	277	113	187	261	178	270	246	122	130	159	229	264	203	170	187	288	244	187	160	322

I_pi0 = Initial inventory of item p at site i
 	0	61	77	212	84	23	120	16	35	104	208	67	104	66	73	160	91	50	66	77	216	88	30	155	175	18	115	39	141	99	10
	0	208	54	65	206	59	29	145	56	64	142	134	135	202	23	61	60	139	84	120	175	200	133	251	105	31	67	124	24	79	102
	0	89	266	73	125	24	95	118	107	194	103	175	47	122	41	88	256	145	79	217	50	211	48	39	107	44	28	129	148	79	195
	0	51	187	45	22	97	146	71	122	79	87	48	180	87	208	225	134	182	59	98	124	82	184	91	66	22	35	136	42	77	128
	0	137	72	145	78	144	105	13	43	99	166	118	257	162	49	14	87	75	82	64	58	155	20	195	256	146	102	62	94	71	126
	0	67	40	10	183	62	163	145	153	163	150	166	72	43	76	173	126	225	335	59	34	163	210	79	67	47	113	151	118	64	103
	0	83	21	168	59	31	136	128	66	82	163	197	90	29	25	62	161	91	80	86	126	73	55	54	101	130	51	88	184	153	66
	0	111	225	133	152	67	44	89	194	181	178	124	97	111	113	94	105	132	214	253	160	111	44	61	66	76	74	172	99	182	25
	0	131	185	84	68	77	50	35	143	76	80	80	95	101	214	105	132	151	92	167	97	88	67	190	82	91	93	87	122	126	96
	0	223	155	48	109	114	102	90	29	130	84	171	100	36	154	135	100	162	114	125	114	38	216	37	159	171	186	19	108	88	215

h_pi = Inventory cost of item p at site i
 	3	0	0	0	0	0	0	0	0	0	0	0	0	0	0	0	0	0	0	0	0	0	0	0	0	0	0	0	0	0	0
	8	0	0	0	0	0	0	0	0	0	0	0	0	0	0	0	0	0	0	0	0	0	0	0	0	0	0	0	0	0	0
	8	0	0	0	0	0	0	0	0	0	0	0	0	0	0	0	0	0	0	0	0	0	0	0	0	0	0	0	0	0	0
	3	0	0	0	0	0	0	0	0	0	0	0	0	0	0	0	0	0	0	0	0	0	0	0	0	0	0	0	0	0	0
	3	0	0	0	0	0	0	0	0	0	0	0	0	0	0	0	0	0	0	0	0	0	0	0	0	0	0	0	0	0	0
	8	0	0	0	0	0	0	0	0	0	0	0	0	0	0	0	0	0	0	0	0	0	0	0	0	0	0	0	0	0	0
	3	0	0	0	0	0	0	0	0	0	0	0	0	0	0	0	0	0	0	0	0	0	0	0	0	0	0	0	0	0	0
	3	0	0	0	0	0	0	0	0	0	0	0	0	0	0	0	0	0	0	0	0	0	0	0	0	0	0	0	0	0	0
	8	0	0	0	0	0	0	0	0	0	0	0	0	0	0	0	0	0	0	0	0	0	0	0	0	0	0	0	0	0	0
	3	0	0	0	0	0	0	0	0	0	0	0	0	0	0	0	0	0	0	0	0	0	0	0	0	0	0	0	0	0	0

C = Vehicle capacity
	3780

f = Fixed transportation cost
	30597

a_ik = Transportation cost for traveling from node i to node k
 	0	741	531	449	471	408	481	743	150	921	506	725	656	25	158	777	740	260	424	710	790	987	492	266	132	537	773	565	296	234	720
	741	0	333	595	411	733	425	60	681	285	443	295	190	718	585	250	94	784	332	229	203	296	266	501	611	229	135	192	618	509	22
	531	333	0	263	84	406	93	374	421	404	111	195	161	507	402	253	277	487	156	190	280	484	288	266	406	305	289	165	315	316	315
	449	595	263	0	185	151	171	633	302	632	158	407	421	429	394	482	538	286	324	432	522	722	486	268	368	519	545	415	154	337	576
	471	411	84	185	0	324	22	448	351	483	58	266	244	447	357	330	359	406	165	270	361	565	323	214	353	348	372	231	234	275	392
	408	733	406	151	324	0	313	766	264	782	306	557	566	393	408	632	682	177	434	581	672	872	590	323	371	628	692	546	158	380	713
	481	425	93	171	22	313	0	463	357	484	37	264	253	458	372	331	369	404	186	274	365	569	343	229	366	369	379	247	234	291	406
	743	60	374	633	448	766	463	0	694	337	485	353	242	721	586	309	154	805	350	287	262	337	255	515	616	213	194	221	643	516	67
	150	681	421	302	351	264	357	694	0	824	377	614	565	132	170	674	663	148	350	609	695	898	461	180	125	506	689	493	149	191	659
	921	285	404	632	483	782	484	337	824	0	481	226	266	897	777	153	215	888	501	215	132	98	513	657	791	488	169	371	717	691	293
	506	443	111	158	58	306	37	485	377	481	0	257	264	483	403	329	381	412	222	275	366	568	377	259	394	400	387	273	245	323	425
	725	295	195	407	266	557	264	353	614	226	257	0	130	701	593	78	203	667	327	67	129	317	402	460	599	397	180	241	497	506	286
	656	190	161	421	244	566	253	242	565	266	264	130	0	632	511	135	118	644	235	72	135	334	277	394	525	268	129	118	472	426	177
	25	718	507	429	447	393	458	721	132	897	483	701	632	0	137	753	717	252	401	686	766	963	471	242	108	516	750	542	276	211	697
	158	585	402	394	357	408	372	586	170	777	403	593	511	137	0	638	589	317	277	570	646	838	335	144	45	380	624	414	258	88	564
	777	250	253	482	330	632	331	309	674	153	329	78	135	753	638	0	156	735	364	68	57	241	409	512	648	395	120	252	564	551	246
	740	94	277	538	359	682	369	154	663	215	381	203	118	717	589	156	0	752	318	139	112	253	300	486	609	274	48	176	581	507	92
	260	784	487	286	406	177	404	805	148	888	412	667	644	252	317	735	752	0	456	676	766	970	589	298	273	632	772	592	173	329	763
	424	332	156	324	165	434	186	350	350	501	222	327	235	401	277	364	318	456	0	296	370	563	163	171	293	197	350	144	297	192	311
	710	229	190	432	270	581	274	287	609	215	275	67	72	686	570	68	139	676	296	0	92	296	349	445	581	339	123	189	504	483	220
	790	203	280	522	361	672	365	262	695	132	366	129	135	766	646	57	112	766	370	92	0	205	391	527	660	372	69	243	594	560	202
	987	296	484	722	565	872	569	337	898	98	568	317	334	963	838	241	253	970	563	296	205	0	549	726	855	518	214	425	799	754	310
	492	266	288	486	323	590	343	255	461	513	377	402	277	471	335	409	300	589	163	349	391	549	0	291	368	46	345	161	445	273	247
	266	501	266	268	214	323	229	515	180	657	259	460	394	242	144	512	486	298	171	445	527	726	291	0	140	334	515	314	166	70	480
	132	611	406	368	353	371	366	616	125	791	394	599	525	108	45	648	609	273	293	581	660	855	368	140	0	414	642	434	226	103	590
	537	229	305	519	348	628	369	213	506	488	400	397	268	516	380	395	274	632	197	339	372	518	46	334	414	0	320	159	485	319	211
	773	135	289	545	372	692	379	194	689	169	387	180	129	750	624	120	48	772	350	123	69	214	345	515	642	320	0	211	600	541	136
	565	192	165	415	231	546	247	221	493	371	273	241	118	542	414	252	176	592	144	189	243	425	161	314	434	159	211	0	426	332	172
	296	618	315	154	234	158	234	643	149	717	245	497	472	276	258	564	581	173	297	504	594	799	445	166	226	485	600	426	0	223	597
	234	509	316	337	275	380	291	516	191	691	323	506	426	211	88	551	507	329	192	483	560	754	273	70	103	319	541	332	223	0	489
	720	22	315	576	392	713	406	67	659	293	425	286	177	697	564	246	92	763	311	220	202	310	247	480	590	211	136	172	597	489	0

coordXY = Coordinates (x,y): line zero => x line one => y column => customers
 	457	355	178	63	165	55	144	414	318	94	108	83	212	445	452	109	263	200	326	147	153	138	463	330	420	470	221	312	195	399	354
	936	203	485	721	567	871	571	195	882	90	570	315	328	915	779	242	222	971	533	298	207	3	445	703	810	400	200	390	799	710	224

d_pit = Demand of item p at customer i in period t
 	22	39	50	45	25	88	58	26	94	84	99	52
	58	19	26	43	95	97	36	31	94	36	38	58
	39	11	75	87	52	49	26	23	89	70	35	83
	84	30	97	96	17	82	68	99	15	47	61	70
	23	78	24	36	95	37	48	49	28	19	47	74
	37	83	94	41	78	88	64	36	33	72	10	58
	16	58	81	51	62	86	78	28	94	25	87	70
	35	87	57	20	25	76	71	43	42	24	66	25
	72	32	81	70	39	51	50	98	17	51	77	28
	79	36	93	83	95	22	76	22	24	99	57	24
	46	21	32	39	77	26	20	80	78	91	89	99
	25	79	53	25	90	20	53	50	13	19	42	59
	20	46	45	79	86	56	26	94	54	58	39	53
	73	69	95	11	83	66	18	55	95	34	89	67
	76	84	56	20	61	29	91	42	92	19	89	60
	91	12	92	28	90	66	99	59	26	36	53	71
	37	13	67	91	85	59	53	78	56	72	94	90
	66	57	78	13	81	52	13	33	91	12	87	78
	77	98	96	77	87	62	31	22	41	13	72	77
	32	89	80	15	17	78	84	52	13	55	50	49
	88	92	29	50	29	43	24	59	84	98	57	67
	30	23	58	15	14	41	74	34	34	43	97	91
	97	58	78	19	19	12	13	90	89	33	21	93
	20	96	59	83	87	90	81	41	18	27	44	63
	18	56	97	31	54	26	12	41	30	65	75	46
	56	59	74	89	45	34	11	39	28	66	24	74
	12	27	21	99	23	29	57	62	59	98	37	36
	89	21	31	34	62	75	23	43	77	44	50	12
	32	49	18	88	93	41	59	95	71	20	89	34
	10	15	92	28	95	56	25	41	19	51	81	79

	84	88	36	68	58	48	13	32	34	97	20	63
	54	70	15	90	49	59	42	49	33	18	35	77
	65	87	89	40	95	93	82	79	47	83	83	20
	74	91	41	32	26	18	42	61	96	42	42	79
	43	16	12	47	96	74	98	73	32	63	29	25
	16	13	49	92	47	80	63	67	32	63	82	20
	87	58	78	65	63	41	29	24	59	37	98	32
	36	20	25	15	77	37	19	10	98	72	42	72
	64	50	89	18	53	18	20	44	76	43	35	17
	51	91	65	82	82	54	70	78	51	33	24	89
	34	100	74	69	35	91	47	83	88	16	60	72
	79	56	39	21	57	93	64	95	37	17	11	59
	76	40	86	48	88	18	11	24	61	74	74	42
	23	91	63	87	85	14	83	54	27	36	12	51
	25	25	11	27	69	41	96	70	99	15	81	60
	60	17	51	81	62	48	80	78	13	47	26	22
	80	59	90	26	68	39	85	29	12	21	59	46
	25	59	86	36	75	79	82	77	86	92	97	100
	28	28	49	15	72	28	29	83	76	55	36	21
	21	42	26	86	41	77	48	63	31	19	99	30
	50	11	87	52	35	53	25	84	49	63	99	65
	43	90	21	38	90	81	99	69	33	57	35	73
	95	87	69	37	84	43	98	92	96	69	66	11
	79	26	49	99	69	34	92	57	38	12	76	93
	31	77	23	62	17	36	46	45	24	50	11	97
	67	43	23	75	69	89	70	70	13	40	81	95
	31	93	34	72	54	41	46	74	51	81	86	11
	24	59	40	57	15	28	19	58	48	72	52	48
	13	66	91	22	32	95	99	25	36	49	62	14
	61	41	52	65	14	52	33	43	80	94	25	66

	89	34	84	33	62	73	62	97	49	17	38	20
	97	76	93	80	88	31	81	96	26	17	95	84
	73	64	93	70	62	55	32	41	79	35	100	84
	14	93	18	51	18	60	94	39	40	36	31	40
	24	95	63	12	39	31	47	49	99	79	48	17
	34	61	51	89	69	64	38	74	44	77	22	50
	41	62	15	62	50	69	26	86	24	39	92	100
	29	44	34	39	28	10	22	72	77	82	75	73
	58	90	46	80	21	41	28	48	29	28	71	33
	13	11	79	28	51	42	75	15	21	61	21	34
	53	81	41	59	39	66	76	51	85	84	37	20
	47	85	26	60	20	63	33	91	46	69	19	68
	36	72	14	29	76	21	52	40	33	27	68	97
	41	81	93	26	28	25	21	21	84	77	70	72
	88	88	65	28	62	35	15	65	92	33	33	20
	62	72	68	54	87	45	51	11	90	37	79	79
	46	99	89	90	54	70	60	69	11	26	30	17
	79	49	16	84	23	25	64	95	75	56	13	57
	44	41	90	42	91	51	33	63	55	32	73	82
	50	25	82	75	34	15	67	27	96	35	40	64
	28	89	94	74	84	12	49	21	86	81	87	32
	48	34	66	58	44	54	32	39	33	98	55	40
	39	97	28	53	89	62	25	46	79	60	86	69
	39	68	84	35	65	46	45	87	27	13	44	18
	44	93	36	25	87	49	29	29	83	24	13	27
	28	91	60	68	40	79	84	14	91	81	31	94
	96	33	32	78	44	32	57	90	34	71	73	66
	69	24	55	54	68	77	31	95	90	26	22	84
	79	40	88	18	35	31	96	86	10	64	74	77
	69	71	15	40	50	37	59	23	90	95	77	36

	51	14	40	31	91	43	31	77	19	53	29	26
	23	65	99	73	87	74	80	89	58	77	76	62
	45	60	55	28	32	97	30	54	46	24	14	99
	22	54	34	26	71	32	48	44	46	32	73	57
	97	29	43	78	83	23	15	71	43	50	59	43
	74	28	44	69	25	81	29	62	58	88	45	66
	48	23	62	22	66	27	80	34	83	49	11	11
	51	71	57	17	43	49	81	73	71	20	49	43
	28	41	10	92	63	64	38	44	49	12	89	33
	87	58	45	77	75	26	71	28	65	47	20	36
	36	12	74	38	36	60	24	73	35	34	48	89
	93	36	51	89	82	30	47	22	57	96	70	77
	17	70	83	74	89	10	13	82	50	57	53	31
	17	99	92	96	30	64	98	10	34	15	41	32
	74	100	23	28	72	57	41	41	70	77	76	24
	92	42	78	38	28	12	72	55	79	86	12	75
	95	87	73	41	64	81	27	20	75	20	29	72
	59	76	72	70	38	40	29	87	21	48	28	26
	98	73	27	57	50	34	37	15	70	14	36	70
	63	61	77	73	44	79	54	61	23	87	76	65
	82	23	35	66	86	46	35	15	46	41	35	69
	88	11	85	14	55	17	68	87	32	55	57	21
	12	79	38	82	42	47	70	22	98	67	43	85
	55	11	67	91	80	17	19	15	17	64	18	59
	22	34	59	63	85	66	14	96	89	89	58	79
	21	14	58	55	24	31	65	69	31	26	66	20
	85	51	38	81	36	82	26	26	92	31	68	27
	16	26	60	13	41	51	84	16	94	59	26	100
	77	79	51	70	72	87	62	11	62	71	94	28
	96	32	50	64	13	96	69	89	56	22	87	63

	67	48	22	47	60	22	47	79	23	27	54	59
	11	26	35	57	62	20	62	51	24	45	36	99
	23	20	82	20	31	88	47	53	58	39	60	91
	12	16	50	98	91	57	61	27	28	80	78	18
	43	19	82	49	25	74	27	83	10	66	65	33
	80	25	79	82	54	79	34	53	86	42	65	23
	13	18	16	95	63	48	28	94	26	95	77	84
	43	17	12	86	63	61	82	59	34	56	22	73
	99	17	90	68	57	93	33	85	77	96	64	26
	75	91	38	47	87	28	20	51	37	53	68	43
	36	26	56	26	88	55	34	52	17	25	96	51
	32	81	92	52	36	68	78	15	37	18	73	79
	17	24	31	90	15	92	70	79	53	32	84	79
	49	70	65	81	26	71	74	76	90	76	83	58
	14	18	30	60	61	43	74	16	85	72	57	39
	87	62	61	26	27	69	45	10	51	43	67	45
	29	46	24	56	33	11	53	88	11	85	24	80
	82	28	44	43	16	25	22	65	95	40	95	64
	33	31	52	58	27	22	55	80	92	94	36	85
	58	50	75	46	43	54	74	53	17	100	69	27
	69	86	83	71	70	37	18	15	49	85	21	24
	20	15	88	45	43	55	72	68	16	76	82	92
	44	55	96	87	49	33	99	25	65	34	20	15
	83	89	84	24	12	69	70	30	59	64	18	84
	88	28	30	16	34	98	86	33	58	10	90	61
	11	91	97	13	58	21	79	83	33	84	58	86
	62	89	46	35	68	61	58	53	100	38	23	86
	94	55	62	75	96	20	86	13	73	92	46	81
	38	33	41	61	84	81	54	45	94	46	61	11
	54	40	32	40	93	12	38	17	69	90	30	66

	11	42	14	99	93	25	56	26	14	88	23	91
	40	89	47	67	51	13	60	45	62	40	79	12
	10	33	78	29	65	39	69	29	29	41	49	30
	68	64	51	37	36	22	44	93	11	73	33	56
	62	77	48	14	47	82	37	24	63	84	51	32
	52	16	95	83	40	84	82	70	70	56	17	70
	53	92	57	22	18	48	36	84	59	35	58	11
	56	80	17	91	21	88	41	27	74	40	92	25
	85	78	20	69	29	31	91	36	66	78	15	55
	68	36	46	29	47	100	60	60	54	40	96	78
	48	53	65	85	15	37	22	21	53	91	16	50
	72	95	41	27	34	32	33	86	73	32	71	45
	43	95	75	45	58	15	40	70	38	62	29	69
	27	49	23	50	28	50	99	13	76	84	35	14
	73	51	49	46	65	92	25	76	25	27	31	14
	17	81	28	37	45	16	68	21	79	12	81	100
	37	97	91	26	56	46	74	26	45	75	38	72
	69	73	98	95	96	46	97	62	69	69	65	69
	26	33	11	18	69	98	11	19	78	72	85	72
	34	25	86	74	72	74	71	66	90	36	62	21
	32	73	58	49	24	31	28	88	42	52	34	63
	43	93	74	26	94	91	51	96	19	49	34	13
	79	68	35	85	32	36	42	96	26	74	43	68
	25	19	23	31	46	96	76	78	86	47	95	64
	47	69	91	78	13	51	54	53	88	85	98	33
	90	23	48	36	19	94	39	30	73	59	31	63
	45	13	93	16	47	63	45	86	26	80	87	31
	35	83	70	32	72	51	26	13	89	41	71	86
	29	35	33	84	18	61	30	86	18	55	58	85
	11	92	100	89	97	100	91	35	84	99	64	69

	21	62	49	61	92	87	20	32	73	96	21	69
	21	19	59	83	33	33	76	89	73	31	95	80
	94	54	20	98	24	33	11	58	27	48	47	89
	59	76	43	30	92	56	17	67	59	59	16	33
	31	27	72	62	40	17	84	64	56	58	90	49
	45	81	10	94	33	87	98	29	55	21	62	28
	91	26	11	84	68	49	38	32	79	45	41	11
	66	32	12	58	62	51	13	84	55	12	84	15
	53	29	70	88	32	47	44	97	29	51	34	17
	29	56	78	71	17	50	51	54	37	61	56	34
	85	90	22	68	90	34	88	52	53	37	36	41
	90	68	32	78	87	98	61	93	74	90	56	22
	29	24	88	32	67	96	71	63	47	29	21	34
	25	64	91	55	41	68	85	67	37	27	14	49
	62	56	32	79	71	63	24	92	61	48	13	51
	23	77	61	40	83	29	20	76	30	92	63	12
	79	12	70	86	47	74	87	14	45	45	74	37
	46	34	87	44	78	43	83	44	64	28	37	52
	11	20	55	79	54	41	30	37	59	34	89	15
	89	37	11	61	41	11	28	20	88	26	80	57
	73	76	51	92	31	42	78	51	87	76	38	19
	55	89	76	29	34	30	98	45	89	94	49	91
	54	76	72	71	87	53	69	77	89	62	94	35
	31	13	57	95	72	97	81	96	73	26	90	76
	33	17	80	47	36	20	23	20	28	93	20	50
	51	68	75	98	98	18	49	10	53	27	15	62
	33	55	30	89	50	75	90	62	77	85	59	71
	98	86	24	98	66	37	91	36	68	31	80	96
	73	80	25	22	56	45	21	27	87	75	14	77
	40	26	99	23	46	21	47	63	52	78	49	74

	56	55	63	27	34	93	63	84	83	90	43	76
	78	72	55	20	70	10	26	16	77	99	66	78
	94	27	12	58	77	63	35	97	27	97	89	15
	27	70	55	93	53	11	61	61	13	70	92	90
	50	17	66	56	67	34	59	13	22	27	52	26
	44	83	88	20	83	95	80	11	73	33	40	86
	89	98	24	21	35	71	25	18	47	85	37	73
	58	92	44	70	99	73	44	20	89	62	14	73
	91	90	22	73	27	100	52	83	97	13	22	81
	54	53	71	51	42	26	23	32	94	92	43	35
	28	52	44	69	41	91	46	34	21	13	37	10
	18	79	32	27	64	30	25	43	13	96	13	37
	11	40	48	12	76	14	42	69	87	52	74	10
	31	20	62	39	32	25	20	94	99	27	60	38
	84	10	83	79	13	32	15	22	79	32	41	75
	20	72	13	29	44	24	25	59	59	50	84	61
	50	82	22	82	23	25	80	60	53	28	20	99
	26	98	90	56	53	35	93	66	56	95	49	67
	75	98	30	50	23	17	81	52	82	49	16	65
	13	64	83	70	12	19	39	42	70	89	52	28
	69	31	11	67	96	11	74	88	86	26	48	60
	44	29	68	94	18	27	58	78	43	45	57	40
	61	88	97	99	51	57	31	59	82	55	74	63
	66	82	18	33	44	79	18	49	93	62	37	44
	76	64	98	89	29	69	40	95	33	27	20	57
	74	48	10	17	19	57	90	78	63	79	23	15
	64	84	24	79	89	14	14	97	23	74	93	18
	48	34	17	78	84	26	90	14	62	38	29	52
	36	60	17	69	90	19	36	16	67	12	44	92
	25	65	39	19	23	49	50	40	39	56	27	20

	43	55	33	46	22	75	39	59	79	59	60	18
	87	98	55	63	89	43	75	79	19	55	80	26
	84	18	84	17	63	24	97	16	58	81	15	63
	68	76	55	79	13	45	68	47	62	36	43	67
	77	35	98	89	32	72	63	65	54	35	65	27
	50	69	38	30	74	34	38	58	12	16	61	84
	35	47	44	16	80	49	37	43	61	80	75	80
	60	55	12	16	95	94	76	23	19	66	57	73
	76	70	72	13	60	46	28	53	36	10	32	46
	80	49	11	79	84	17	50	65	70	60	32	99
	10	70	15	46	43	66	50	62	64	44	39	99
	95	88	38	81	65	68	44	69	89	43	39	64
	62	39	95	91	63	97	42	39	33	43	14	18
	66	19	85	44	66	81	86	90	49	92	81	43
	89	16	84	36	86	88	18	65	28	65	98	79
	54	78	78	61	18	10	76	88	97	68	99	91
	72	12	67	57	44	36	46	20	56	78	24	56
	72	20	56	94	35	34	28	25	85	58	67	97
	92	75	96	26	66	54	66	38	92	78	44	95
	97	49	98	14	63	65	41	14	80	85	62	84
	88	44	35	61	76	45	85	16	74	27	84	60
	67	33	96	49	44	46	86	76	22	93	89	48
	94	96	82	26	16	77	89	62	90	57	37	78
	60	22	90	53	83	25	45	42	79	91	22	40
	37	54	88	48	90	44	67	24	64	73	77	16
	69	24	56	77	89	86	51	95	80	72	38	84
	87	39	71	68	72	12	85	22	32	39	73	31
	73	49	93	48	46	82	81	31	67	81	47	58
	91	35	93	22	19	76	30	13	18	42	86	43
	43	33	20	17	84	87	52	18	40	17	73	59

	90	11	79	43	13	93	82	59	78	19	99	73
	81	74	16	86	87	37	74	77	78	22	59	86
	48	88	11	80	75	29	74	20	48	83	88	46
	29	80	98	72	51	71	56	32	36	92	78	61
	48	21	45	94	76	95	65	21	39	40	87	53
	36	48	18	44	65	64	93	74	40	18	33	43
	90	56	60	70	19	99	93	15	90	58	39	97
	29	19	37	48	11	17	58	50	42	15	43	90
	92	26	12	77	27	100	32	98	81	52	32	63
	84	61	56	99	58	19	53	90	66	56	98	23
	80	71	20	11	95	56	63	40	58	51	42	78
	32	25	43	56	94	43	98	86	65	28	61	44
	36	61	81	24	58	46	59	92	56	63	92	81
	73	81	84	75	63	46	38	86	94	20	61	62
	65	70	85	51	72	59	38	38	56	47	92	40
	66	34	77	18	81	62	68	24	23	39	80	75
	50	31	81	33	27	89	38	59	34	61	25	63
	33	81	50	97	12	75	25	99	80	21	86	70
	27	38	60	97	27	97	80	39	46	92	84	91
	30	84	90	12	56	29	59	14	62	40	73	85
	38	34	77	85	62	98	53	35	91	36	18	61
	81	42	93	72	57	86	46	25	67	82	83	57
	37	32	94	76	40	70	70	36	17	83	28	25
	93	66	80	60	56	11	60	96	11	51	58	36
	88	83	61	93	66	54	71	47	45	63	12	66
	33	68	85	34	14	73	24	57	97	59	78	69
	19	39	30	36	28	39	88	38	80	26	78	85
	63	13	14	18	99	50	98	79	95	85	92	40
	88	75	33	61	37	30	91	19	59	18	62	67
	56	27	99	33	63	47	44	90	91	88	82	53

