***** PARAMETERS PRP *****

Number of Customers = 30
Number of Products = 10
Number of Vehicles = 5
Number of Periods = 12

B = Production capacity
	49275

b_p = Time required to produce item p
 	1	1	1	1	1	1	1	1	1	1

c_p = Production cost of item p
 	30	30	30	80	30	30	30	80	80	30

s_p = Setup cost of item p
 	300	300	300	800	300	300	300	800	800	300

M = Big number
	197100

U_pi = Maximum inventory upper bound of item p at site i
 	197100	173	201	242	321	208	122	91	196	113	273	122	211	119	303	264	264	119	264	129	162	245	262	90	109	131	144	234	166	230	155
	197100	217	121	140	238	275	116	140	164	165	256	347	208	139	142	116	246	186	102	116	175	159	141	257	109	349	128	83	145	118	241
	197100	142	150	119	183	184	194	249	165	278	245	217	249	172	88	179	141	296	77	172	312	240	206	278	285	236	176	263	266	127	291
	197100	154	111	224	92	120	230	147	208	126	114	279	222	214	295	130	117	135	171	116	257	184	333	271	100	243	170	100	215	225	116
	197100	266	188	305	254	100	259	203	134	226	111	112	179	113	290	259	307	165	105	120	265	175	111	152	114	323	237	238	156	281	169
	197100	138	97	172	151	258	227	94	184	344	104	239	94	211	121	209	256	261	316	177	118	282	150	338	273	197	116	252	175	110	267
	197100	104	306	117	295	295	230	272	249	117	183	273	123	314	122	127	127	227	310	246	281	270	102	206	197	192	164	204	136	177	138
	197100	190	178	258	304	160	243	104	152	110	284	136	86	150	239	265	219	227	92	247	154	240	294	177	106	248	104	196	270	232	125
	197100	276	183	115	248	249	146	118	210	236	248	140	308	181	206	113	91	184	217	181	177	186	108	166	114	190	231	169	182	207	216
	197100	264	170	211	227	169	268	168	257	214	265	165	175	122	94	112	112	199	157	320	240	188	204	223	213	151	321	300	202	224	114

I_pi0 = Initial inventory of item p at site i
 	0	139	63	22	144	90	84	73	157	99	75	77	119	48	127	208	47	116	169	125	85	46	122	38	65	85	143	13	131	178	135
	0	147	120	124	176	223	105	120	163	98	114	121	94	120	85	116	157	98	67	66	25	122	88	19	40	271	81	57	103	87	234
	0	87	111	95	175	112	147	143	74	221	76	155	79	140	58	36	99	124	12	94	178	188	11	160	230	162	137	69	32	68	272
	0	63	95	62	24	102	158	91	28	124	11	52	179	161	136	56	92	81	122	92	237	162	151	79	87	170	159	83	83	144	58
	0	44	168	15	81	74	136	101	86	110	84	16	103	94	274	165	100	29	63	96	176	164	97	124	67	136	69	159	90	69	162
	0	128	74	104	37	18	94	36	91	241	71	228	30	100	89	164	171	134	40	42	94	154	92	268	256	137	88	187	119	25	194
	0	30	191	53	170	93	26	112	87	25	100	146	70	89	67	89	97	194	142	231	29	98	97	53	69	162	135	61	132	99	81
	0	39	163	140	230	90	100	45	37	62	132	115	0	74	58	23	179	213	75	178	106	229	207	149	35	154	80	179	167	62	82
	0	227	147	32	166	195	15	78	154	219	55	24	166	153	139	90	76	24	43	101	92	137	62	116	84	114	34	94	90	122	138
	0	99	113	128	155	146	142	112	77	35	90	67	140	53	71	28	101	77	87	86	122	97	53	222	75	145	131	138	97	149	103

h_pi = Inventory cost of item p at site i
 	3	0	0	0	0	0	0	0	0	0	0	0	0	0	0	0	0	0	0	0	0	0	0	0	0	0	0	0	0	0	0
	3	0	0	0	0	0	0	0	0	0	0	0	0	0	0	0	0	0	0	0	0	0	0	0	0	0	0	0	0	0	0
	3	0	0	0	0	0	0	0	0	0	0	0	0	0	0	0	0	0	0	0	0	0	0	0	0	0	0	0	0	0	0
	8	0	0	0	0	0	0	0	0	0	0	0	0	0	0	0	0	0	0	0	0	0	0	0	0	0	0	0	0	0	0
	3	0	0	0	0	0	0	0	0	0	0	0	0	0	0	0	0	0	0	0	0	0	0	0	0	0	0	0	0	0	0
	3	0	0	0	0	0	0	0	0	0	0	0	0	0	0	0	0	0	0	0	0	0	0	0	0	0	0	0	0	0	0
	3	0	0	0	0	0	0	0	0	0	0	0	0	0	0	0	0	0	0	0	0	0	0	0	0	0	0	0	0	0	0
	8	0	0	0	0	0	0	0	0	0	0	0	0	0	0	0	0	0	0	0	0	0	0	0	0	0	0	0	0	0	0
	8	0	0	0	0	0	0	0	0	0	0	0	0	0	0	0	0	0	0	0	0	0	0	0	0	0	0	0	0	0	0
	3	0	0	0	0	0	0	0	0	0	0	0	0	0	0	0	0	0	0	0	0	0	0	0	0	0	0	0	0	0	0

C = Vehicle capacity
	3490

f = Fixed transportation cost
	30721

a_ik = Transportation cost for traveling from node i to node k
 	0	375	604	829	849	755	277	73	169	385	93	676	812	102	539	257	609	754	164	690	493	323	830	345	570	203	354	423	390	792	774
	375	0	283	482	585	384	168	434	253	275	287	369	441	473	219	168	236	385	538	325	203	282	469	111	214	173	105	404	127	463	521
	604	283	0	230	310	229	450	645	522	287	533	87	278	688	67	348	182	221	758	159	113	348	252	260	103	417	252	392	215	189	257
	829	482	230	0	274	169	646	873	733	511	754	185	165	916	292	574	277	159	986	176	342	575	78	484	269	636	475	601	441	77	280
	849	585	310	274	0	421	748	873	804	470	796	225	434	916	368	602	467	409	986	390	386	537	351	533	407	690	528	500	488	208	77
	755	384	229	169	421	0	534	809	633	503	670	247	58	850	260	514	150	12	918	74	315	556	108	423	194	553	412	617	387	214	405
	277	168	450	646	748	534	0	348	114	375	185	536	588	378	385	212	385	536	432	482	363	352	626	229	379	131	231	484	268	630	682
	73	434	645	873	873	809	348	0	242	404	163	713	867	44	582	300	666	808	115	743	533	338	879	391	620	263	401	419	434	832	797
	169	253	522	733	804	633	114	242	0	381	85	604	689	268	455	214	484	635	319	577	422	340	721	272	465	118	278	467	317	709	734
	385	275	287	511	470	503	375	404	381	0	347	332	557	446	244	170	396	497	516	430	188	69	539	165	316	266	171	133	157	455	394
	93	287	533	754	796	670	185	163	85	347	0	610	727	195	466	194	523	670	255	608	425	295	750	273	490	119	281	414	319	721	723
	676	369	87	185	225	247	536	713	604	332	610	0	285	756	151	420	249	237	827	193	185	398	232	337	183	496	330	416	291	124	178
	812	441	278	165	434	58	588	867	689	557	727	285	0	908	315	572	206	62	975	130	371	611	90	481	252	611	470	670	445	227	428
	102	473	688	916	916	850	378	44	268	446	195	756	908	0	625	342	706	849	72	784	576	380	921	433	662	301	443	457	476	874	840
	539	219	67	292	368	260	385	582	455	244	466	151	315	625	0	283	170	254	695	187	57	298	304	195	82	350	186	361	150	256	309
	257	168	348	574	602	514	212	300	214	170	194	420	572	342	283	0	376	512	412	446	237	141	580	93	323	98	103	273	134	536	529
	609	236	182	277	467	150	385	666	484	396	523	249	206	706	170	376	0	152	772	102	216	439	244	287	89	407	276	522	258	287	427
	754	385	221	159	409	12	536	808	635	497	670	237	62	849	254	512	152	0	917	68	310	551	101	420	191	553	410	611	384	203	394
	164	538	758	986	986	918	432	115	319	516	255	827	975	72	695	412	772	917	0	852	647	449	991	503	731	366	513	522	546	945	910
	690	325	159	176	390	74	482	743	577	430	608	193	130	784	187	446	102	68	852	0	242	483	145	354	124	490	343	545	316	195	363
	493	203	113	342	386	315	363	533	422	188	425	185	371	576	57	237	216	310	647	242	0	242	359	153	131	312	146	308	106	300	320
	323	282	348	575	537	556	352	338	340	69	295	398	611	380	298	141	439	551	449	483	242	0	599	174	364	231	183	133	184	521	461
	830	469	252	78	351	108	626	879	721	539	750	232	90	921	304	580	244	101	991	145	359	599	0	489	261	632	479	640	448	147	352
	345	111	260	484	533	423	229	391	272	165	273	337	481	433	195	93	287	420	503	354	153	174	489	0	231	159	11	293	47	449	463
	570	214	103	269	407	194	379	620	465	316	490	183	252	662	82	323	89	191	731	124	131	364	261	231	0	372	220	439	193	255	358
	203	173	417	636	690	553	131	263	118	266	119	496	611	301	350	98	407	553	366	490	312	231	632	159	372	0	166	362	206	605	618
	354	105	252	475	528	412	231	401	278	171	281	330	470	443	186	103	276	410	513	343	146	183	479	11	220	166	0	300	40	441	458
	423	404	392	601	500	617	484	419	467	133	414	416	670	457	361	273	522	611	522	545	308	133	640	293	439	362	300	0	290	536	425
	390	127	215	441	488	387	268	434	317	157	319	291	445	476	150	134	258	384	546	316	106	184	448	47	193	206	40	290	0	403	419
	792	463	189	77	208	214	630	832	709	455	721	124	227	874	256	536	287	203	945	195	300	521	147	449	255	605	441	536	403	0	205
	774	521	257	280	77	405	682	797	734	394	723	178	428	840	309	529	427	394	910	363	320	461	352	463	358	618	458	425	419	205	0

coordXY = Coordinates (x,y): line zero => x line one => y column => customers
 	292	419	289	340	67	478	485	231	428	145	348	238	499	232	305	282	469	467	234	430	273	145	417	309	383	355	315	17	298	273	74
	832	480	229	5	14	101	634	871	732	477	758	159	47	914	294	576	250	99	985	156	340	545	12	488	270	640	479	511	443	41	90

d_pit = Demand of item p at customer i in period t
 	30	65	44	49	32	68	19	98	70	48	86	82
	25	26	12	48	79	26	12	19	29	100	59	48
	22	57	38	45	40	91	92	49	22	22	87	15
	27	41	76	96	74	46	73	72	78	50	86	52
	33	57	20	31	50	90	86	23	52	71	87	23
	84	85	12	86	90	20	20	80	74	37	57	89
	73	94	20	25	48	64	13	81	11	27	81	11
	37	82	38	24	52	47	15	46	91	25	43	88
	24	75	44	71	57	39	97	79	23	33	85	53
	75	43	14	47	94	40	83	81	29	25	95	29
	77	90	24	66	37	80	73	59	58	77	25	67
	61	58	75	41	16	15	91	75	66	33	70	32
	48	95	83	57	15	73	38	54	73	92	48	38
	98	29	69	98	11	88	74	70	73	16	70	31
	87	75	46	11	54	23	44	36	56	84	40	78
	47	77	30	57	99	77	56	85	79	88	79	19
	78	38	74	71	67	20	40	66	40	68	55	99
	40	14	21	94	33	79	27	94	20	88	84	40
	27	17	24	57	29	47	85	73	23	64	35	35
	12	18	55	12	19	90	73	56	32	30	23	66
	46	18	20	92	15	77	77	95	81	42	13	13
	69	53	46	66	98	74	24	11	99	29	15	44
	16	22	47	71	27	47	35	79	29	34	53	79
	29	36	72	13	43	32	96	94	68	63	67	40
	14	44	27	78	73	26	26	39	40	76	71	10
	94	49	36	83	68	92	56	84	96	99	19	87
	13	48	32	60	54	37	42	66	85	69	14	41
	42	25	64	83	29	29	34	91	36	97	65	70
	79	99	62	94	62	56	28	57	24	65	45	18
	22	71	42	69	63	81	25	57	39	17	41	93

	64	83	89	48	66	65	36	37	39	36	78	11
	21	66	33	39	36	86	98	94	36	94	95	27
	61	34	10	19	59	13	58	91	57	51	77	31
	60	27	21	68	70	19	74	86	44	32	12	58
	45	97	81	39	77	43	81	21	57	27	50	41
	31	19	55	52	98	88	41	84	96	35	20	74
	92	28	78	20	27	84	59	33	33	49	35	21
	11	60	92	26	54	81	63	68	81	37	30	51
	98	99	53	98	27	14	26	99	34	12	32	69
	14	100	19	73	29	38	24	98	24	78	18	99
	81	40	68	50	95	83	90	58	93	63	56	55
	61	33	15	15	77	26	18	13	82	46	54	60
	21	59	40	64	92	64	39	38	39	26	30	44
	28	57	79	42	23	25	94	30	17	68	55	50
	98	18	70	39	80	83	58	77	54	55	15	51
	15	11	75	56	10	18	76	73	57	71	45	83
	76	22	21	25	48	44	74	84	46	10	88	21
	12	55	80	37	10	75	41	58	98	45	55	44
	66	85	22	94	27	98	86	70	66	26	42	16
	25	93	12	40	67	26	50	87	89	87	58	65
	27	95	63	54	62	12	41	15	82	13	89	81
	13	75	52	36	91	91	22	18	36	17	85	29
	19	43	67	37	78	30	20	86	42	44	53	97
	40	81	92	43	31	28	26	38	84	41	70	82
	48	77	68	78	89	36	81	73	95	51	96	45
	28	17	36	68	83	29	27	29	71	16	74	33
	35	22	45	38	94	25	15	42	63	20	66	32
	21	23	32	27	21	55	40	30	23	38	22	16
	40	47	76	93	65	91	19	66	66	51	84	12
	35	41	86	72	48	80	35	83	59	33	92	59

	87	91	46	45	55	92	91	77	83	75	66	41
	60	51	65	31	46	49	65	10	50	22	50	100
	95	55	72	57	52	33	81	78	29	88	22	51
	95	80	42	47	33	94	85	65	49	71	59	13
	41	22	12	37	27	44	41	94	74	99	29	31
	80	21	46	88	100	18	70	82	93	89	32	55
	97	46	88	43	16	28	76	68	45	69	85	87
	11	33	30	96	65	97	42	83	88	76	26	12
	96	80	45	64	10	63	14	23	98	86	28	61
	76	62	66	22	45	83	21	27	23	30	40	93
	11	65	79	65	90	68	24	93	16	79	35	27
	42	37	95	42	81	38	97	68	19	69	62	97
	24	90	26	34	70	40	23	86	13	28	55	28
	33	25	93	45	32	17	57	54	64	36	20	51
	36	58	82	81	31	35	51	38	70	78	79	76
	99	68	24	14	21	10	61	39	39	68	81	38
	29	58	37	92	83	89	28	80	97	41	13	64
	12	27	46	58	69	31	60	32	51	13	17	43
	94	47	75	22	47	14	32	75	67	81	95	37
	88	74	16	66	42	58	17	92	80	32	90	94
	40	63	85	24	38	19	26	84	37	41	51	69
	11	73	65	27	56	55	29	34	93	49	79	47
	76	84	17	90	16	84	17	80	44	52	55	53
	86	54	90	46	72	91	37	58	36	50	10	53
	81	81	96	76	31	59	87	26	18	25	85	44
	84	53	40	56	32	91	35	97	83	41	74	17
	69	32	41	98	82	83	53	44	35	95	87	70
	32	56	84	29	37	31	94	56	74	91	14	40
	68	72	23	63	20	12	40	28	77	79	13	11
	54	71	58	89	84	47	67	26	81	19	87	15

	63	29	26	60	78	18	72	88	41	97	18	24
	74	21	96	13	60	51	26	92	90	11	75	58
	62	96	37	78	75	13	88	68	31	84	28	11
	24	78	24	30	22	11	16	30	81	75	99	61
	12	61	29	97	68	95	67	16	80	24	81	87
	71	87	73	80	56	60	45	94	46	12	34	33
	19	44	28	38	26	84	87	61	15	54	81	49
	28	16	14	38	58	20	80	65	20	11	69	81
	91	33	16	63	68	40	68	11	26	24	33	32
	11	25	24	95	39	93	54	80	84	99	46	34
	10	42	83	97	62	30	29	59	55	84	87	32
	38	68	73	61	87	70	43	85	72	21	12	35
	39	34	88	20	81	21	50	57	81	21	63	88
	39	21	17	59	83	37	39	38	93	88	100	95
	32	24	97	86	98	13	78	69	75	31	79	96
	92	78	27	91	59	79	64	88	13	18	41	51
	63	18	95	69	34	54	82	50	35	11	16	14
	55	67	70	73	96	83	82	27	33	41	18	37
	92	53	98	89	89	47	18	77	20	55	27	30
	69	60	88	20	38	100	69	77	40	83	31	97
	99	39	24	36	18	15	55	85	63	34	56	29
	88	63	13	67	63	55	97	89	67	84	58	54
	79	89	51	42	99	63	51	48	53	90	66	81
	24	63	36	29	80	22	17	90	38	98	64	40
	92	78	32	56	80	27	99	66	35	34	88	42
	61	45	53	40	11	14	87	11	23	29	88	47
	83	59	26	21	69	69	21	46	59	91	11	44
	83	42	88	41	85	70	29	48	21	53	51	35
	76	68	92	13	46	15	38	53	11	22	81	25
	58	59	45	58	77	14	42	73	96	81	15	76

	44	85	25	89	48	77	74	54	24	11	14	94
	95	73	82	74	86	70	54	39	15	78	38	47
	15	60	92	56	61	88	76	92	57	42	54	38
	81	72	14	50	32	37	72	31	71	94	41	15
	40	34	75	29	38	29	10	98	96	16	57	77
	97	39	71	11	61	54	11	57	39	66	48	68
	74	27	82	68	86	86	70	71	69	85	53	39
	31	55	99	83	81	79	20	67	58	92	88	53
	82	28	82	69	35	29	82	73	68	77	40	13
	84	18	47	90	14	79	15	83	64	12	71	89
	16	91	87	32	19	39	32	57	97	62	72	66
	79	24	32	66	36	63	12	67	13	50	62	32
	94	96	29	58	39	39	27	49	82	59	63	41
	57	46	80	91	12	40	95	81	69	32	43	51
	21	34	52	58	33	70	31	97	42	93	52	38
	100	73	31	28	34	66	50	58	62	57	84	93
	29	73	30	84	76	58	89	11	28	93	38	49
	12	51	43	57	59	42	74	54	75	21	53	89
	96	30	80	61	12	39	65	74	33	53	87	92
	23	90	52	11	77	25	89	57	46	83	25	59
	86	78	14	73	21	33	97	79	77	13	35	94
	97	61	19	72	92	43	32	27	15	70	98	41
	92	32	89	83	96	63	47	94	89	47	87	93
	67	94	90	78	44	26	49	77	57	44	15	40
	75	61	65	37	61	78	74	70	95	47	52	59
	13	35	21	35	88	69	26	80	16	69	63	53
	23	31	22	83	62	65	37	29	13	64	94	47
	90	83	18	29	47	65	53	94	22	14	62	47
	39	30	35	10	43	60	80	80	84	51	62	100
	97	65	38	28	31	46	29	42	78	73	58	89

	89	39	14	22	77	18	48	43	92	16	54	39
	74	52	19	46	93	41	53	82	85	13	13	10
	37	67	91	97	18	36	58	54	67	76	36	52
	37	21	23	53	64	31	36	48	80	34	80	95
	18	46	46	31	25	21	91	92	59	38	66	87
	94	46	19	49	87	25	44	91	41	30	78	77
	14	22	73	33	32	58	75	11	83	23	48	92
	77	14	30	83	67	63	21	30	64	17	38	47
	88	70	83	80	21	89	72	54	31	94	81	63
	71	45	71	72	46	44	20	44	25	69	69	48
	83	86	59	17	20	15	32	62	77	92	96	78
	30	32	14	30	40	40	62	79	54	67	81	33
	26	74	62	76	34	43	15	82	54	16	84	66
	89	55	13	81	22	46	83	17	64	81	98	77
	90	53	21	80	34	15	40	15	90	41	95	52
	72	39	60	23	95	43	50	94	60	11	38	30
	41	81	12	11	81	98	46	64	27	26	84	55
	40	20	70	79	50	18	97	61	76	88	86	74
	42	87	45	87	36	88	81	23	67	63	27	63
	47	47	91	67	88	44	14	36	54	78	61	82
	90	64	97	86	55	27	74	24	16	77	42	24
	19	52	21	12	85	10	44	61	89	20	97	91
	86	85	97	73	21	60	68	12	57	95	97	61
	31	34	93	98	17	64	33	99	59	23	17	86
	22	23	92	71	45	14	44	82	48	20	66	63
	51	17	20	67	49	41	16	35	90	11	28	40
	88	10	89	51	68	18	87	66	26	43	43	16
	24	95	90	52	74	79	37	43	20	51	84	51
	25	30	24	93	13	76	64	96	39	44	89	67
	16	66	75	37	43	95	91	14	90	43	30	41

	30	84	18	56	90	39	52	36	68	48	81	24
	97	83	11	54	15	10	99	68	56	71	94	77
	53	96	76	13	56	98	26	22	83	51	79	46
	84	86	18	70	47	82	37	100	11	63	12	99
	93	50	58	21	48	58	79	19	50	50	96	85
	26	20	20	91	77	96	83	39	52	24	84	77
	18	94	35	67	26	62	95	64	78	14	15	85
	87	84	98	43	52	82	59	14	53	61	66	48
	25	98	87	80	50	94	94	58	11	24	25	56
	100	92	20	68	44	85	40	66	73	76	42	25
	35	44	67	85	92	72	51	87	70	94	24	99
	34	36	100	40	32	88	28	78	67	95	55	86
	89	61	66	60	16	60	70	89	83	53	17	90
	67	66	74	65	30	76	58	73	38	86	50	46
	79	10	57	70	32	33	50	84	23	16	16	39
	97	43	72	92	95	44	28	66	49	91	35	52
	37	79	46	32	26	22	36	93	90	85	65	69
	61	81	82	89	61	82	49	93	29	13	70	34
	66	84	81	72	100	31	57	97	32	15	23	79
	29	28	22	28	100	97	95	37	83	34	26	95
	22	76	19	62	65	54	90	45	23	67	52	72
	38	59	27	15	96	78	70	82	36	49	47	17
	53	67	89	73	73	93	57	92	64	46	33	85
	44	25	59	29	80	62	22	22	52	38	68	91
	75	87	37	16	89	79	90	69	93	30	84	17
	94	41	95	17	18	29	41	16	82	79	92	52
	61	61	81	69	65	18	32	21	45	23	82	53
	37	95	47	29	62	99	65	67	71	76	77	92
	80	19	84	16	24	33	69	36	45	11	57	58
	27	38	16	16	79	42	82	49	40	27	90	47

	15	24	27	66	55	36	79	18	97	37	18	97
	89	19	55	98	39	53	88	42	46	40	86	58
	28	76	36	44	93	16	60	75	35	22	57	76
	50	89	91	75	39	49	75	50	99	75	16	21
	25	65	32	15	98	81	21	61	58	68	59	58
	39	61	52	24	69	15	72	70	47	98	95	87
	45	89	96	18	77	36	11	88	39	30	79	17
	21	16	72	70	29	63	24	10	38	57	32	25
	62	58	42	100	73	89	69	33	41	37	41	14
	62	70	48	56	85	76	37	88	77	25	39	18
	69	46	47	11	77	24	16	87	17	73	46	31
	97	14	11	42	11	59	81	11	34	72	45	40
	74	83	74	66	98	73	67	60	92	72	89	52
	47	11	92	47	83	53	83	32	33	85	86	64
	23	70	74	36	40	65	92	67	59	32	47	32
	88	35	40	16	61	58	28	74	11	11	18	85
	29	17	87	80	42	50	62	88	93	38	60	36
	75	90	13	14	35	22	18	60	43	97	65	17
	86	57	35	65	51	87	95	83	12	81	49	40
	51	14	41	33	76	31	51	23	76	20	24	23
	37	29	83	80	64	22	87	86	10	86	57	80
	52	67	88	98	90	10	84	38	96	30	33	19
	21	30	34	64	26	38	75	30	83	61	34	36
	35	56	60	17	99	84	53	26	36	70	61	38
	47	52	55	34	64	71	100	28	23	17	74	31
	80	47	15	45	40	54	34	58	56	53	57	83
	40	67	72	86	83	68	57	88	34	82	40	66
	83	19	65	42	85	13	90	86	88	96	56	86
	62	69	62	36	74	66	36	59	31	28	76	96
	82	99	79	71	74	37	97	45	40	47	58	19

	93	36	98	16	39	20	82	56	56	52	91	23
	89	58	83	63	10	50	67	22	55	50	89	97
	32	94	54	45	13	22	99	74	96	88	28	43
	71	95	69	80	70	79	27	28	14	87	48	76
	72	78	45	96	43	98	28	63	65	65	40	55
	15	20	51	51	51	70	16	21	62	86	72	68
	78	69	22	14	16	63	98	22	96	69	86	74
	23	86	45	75	92	72	48	41	25	47	56	21
	53	86	80	17	51	36	54	96	49	76	98	11
	55	69	37	46	28	82	79	58	26	11	19	84
	24	83	63	15	41	55	92	78	46	41	11	12
	49	88	15	14	50	44	60	63	96	71	91	99
	100	24	29	60	93	76	13	80	89	84	27	49
	68	71	91	68	90	79	85	68	55	52	42	56
	90	56	57	29	54	16	87	87	70	52	17	62
	76	47	24	45	23	21	17	36	38	77	73	67
	24	50	95	77	92	82	30	35	86	46	92	28
	43	34	14	39	30	98	99	77	97	76	28	17
	75	26	70	99	24	98	48	59	57	80	23	64
	92	21	54	95	21	88	93	97	15	43	59	28
	53	44	40	69	28	13	50	77	60	31	49	44
	18	28	16	11	24	80	13	71	62	30	41	39
	50	66	92	58	48	87	42	26	50	11	69	65
	84	90	68	16	48	47	54	85	16	41	84	51
	16	98	98	56	13	72	96	36	71	98	76	31
	34	74	34	49	95	39	31	25	83	99	40	89
	94	92	56	66	23	11	71	37	44	50	42	88
	90	42	41	82	51	73	29	69	100	70	21	61
	59	63	90	92	80	34	39	87	73	64	91	55
	86	52	25	59	87	23	98	26	86	17	56	33

	99	23	92	95	68	83	30	69	69	89	19	55
	35	32	46	54	82	74	29	60	79	80	55	53
	71	57	86	23	70	74	84	14	23	74	32	26
	19	39	97	72	94	30	43	96	41	69	43	37
	53	93	76	41	49	35	83	72	45	39	16	75
	41	39	62	44	79	48	70	25	59	61	88	26
	93	19	78	27	32	37	37	27	17	63	51	24
	48	29	76	40	31	73	22	32	53	77	95	40
	35	85	31	46	34	48	70	13	94	24	80	82
	64	26	98	32	35	37	30	75	71	71	32	65
	67	58	42	84	10	31	16	27	49	32	45	33
	61	79	83	72	27	22	51	17	65	86	73	62
	53	63	18	96	26	82	70	60	95	98	60	12
	14	57	45	10	55	98	99	55	11	39	20	58
	28	20	70	42	69	11	34	66	63	13	11	22
	76	25	15	11	56	44	16	81	22	13	42	45
	54	23	61	98	95	71	72	50	46	94	78	52
	11	49	27	53	91	52	77	29	21	54	69	93
	86	34	96	61	65	43	28	66	81	50	89	69
	27	69	26	80	17	94	42	63	100	99	33	70
	40	57	99	46	50	56	82	81	33	78	49	79
	38	15	22	96	96	44	70	76	12	79	20	45
	50	88	52	32	26	18	26	13	88	45	81	16
	75	33	95	51	54	17	68	43	50	57	73	23
	82	63	73	31	49	18	70	20	17	26	86	68
	96	35	74	99	31	87	29	81	80	43	95	21
	85	53	62	90	80	43	44	40	76	61	16	69
	61	36	59	38	59	44	58	21	42	14	82	91
	90	59	30	75	38	87	69	61	42	28	38	55
	20	83	52	15	38	53	68	95	57	94	27	84

