***** PARAMETERS PRP *****

Number of Customers = 30
Number of Products = 10
Number of Vehicles = 5
Number of Periods = 12

B = Production capacity
	49065

b_p = Time required to produce item p
 	1	1	1	1	1	1	1	1	1	1

c_p = Production cost of item p
 	30	30	80	30	30	30	30	30	80	80

s_p = Setup cost of item p
 	300	300	800	300	300	300	300	300	800	800

M = Big number
	196261

U_pi = Maximum inventory upper bound of item p at site i
 	196261	180	276	182	160	236	257	290	105	310	92	279	148	194	124	239	111	93	116	155	223	108	291	154	114	125	175	77	255	288	109
	196261	151	132	160	231	223	227	193	144	192	187	165	176	311	93	174	186	213	183	223	193	157	221	175	95	96	261	258	268	174	198
	196261	268	179	201	196	290	135	112	207	158	153	210	245	167	198	236	283	160	214	163	272	247	120	112	187	122	238	95	238	296	330
	196261	107	191	271	167	187	232	227	171	160	98	104	141	194	221	333	161	229	313	135	152	235	130	199	213	270	163	205	132	115	331
	196261	329	248	263	156	82	165	95	310	179	83	203	278	192	172	270	300	271	217	156	113	208	205	297	305	110	316	206	170	105	178
	196261	118	110	165	90	104	266	316	227	194	90	300	202	96	127	181	197	168	140	196	216	119	178	245	194	237	167	241	135	119	170
	196261	225	163	256	302	338	188	131	253	199	110	122	230	94	208	273	197	191	127	144	142	98	125	133	79	149	268	224	121	250	155
	196261	180	94	173	126	100	104	101	115	240	197	171	273	190	357	183	239	143	164	123	209	214	212	240	225	285	170	268	176	175	216
	196261	257	165	124	341	183	243	159	97	216	255	250	224	198	195	143	167	222	196	265	167	89	132	102	115	186	315	137	248	184	103
	196261	111	163	132	275	265	157	98	151	119	291	90	249	253	249	182	169	104	171	232	166	240	174	177	182	249	239	115	113	240	276

I_pi0 = Initial inventory of item p at site i
 	0	125	144	59	106	232	92	194	52	81	60	118	85	28	100	175	66	27	25	116	191	73	138	38	87	62	141	47	238	75	95
	0	17	111	140	14	66	164	91	62	145	114	133	143	163	79	169	27	90	167	78	131	67	213	76	86	44	42	197	183	119	47
	0	78	137	171	177	234	134	105	72	95	128	159	161	145	43	70	74	64	188	155	151	161	92	22	28	53	101	69	70	229	84
	0	46	123	178	154	132	106	182	126	56	93	46	107	177	65	94	89	126	167	51	16	212	48	134	105	233	119	119	93	114	74
	0	156	170	215	55	80	79	81	81	87	26	95	222	117	50	265	192	74	69	124	98	103	144	58	257	99	80	126	72	77	175
	0	91	98	122	57	87	126	194	136	183	16	189	191	31	65	49	185	42	124	120	177	77	83	137	78	200	115	88	127	79	122
	0	182	81	195	67	127	52	110	186	118	55	34	159	0	206	111	96	145	99	67	46	77	117	51	67	127	199	161	83	102	81
	0	173	51	161	63	90	56	101	82	174	185	22	244	117	220	178	197	64	111	50	169	47	19	210	219	134	141	200	60	33	193
	0	238	99	77	262	124	126	86	86	177	168	174	116	65	191	139	134	38	146	50	94	67	125	87	111	126	71	101	103	109	82
	0	83	117	131	193	95	58	69	78	67	110	51	213	66	146	180	122	95	145	151	114	153	64	32	77	173	199	35	95	164	190

h_pi = Inventory cost of item p at site i
 	3	0	0	0	0	0	0	0	0	0	0	0	0	0	0	0	0	0	0	0	0	0	0	0	0	0	0	0	0	0	0
	3	0	0	0	0	0	0	0	0	0	0	0	0	0	0	0	0	0	0	0	0	0	0	0	0	0	0	0	0	0	0
	8	0	0	0	0	0	0	0	0	0	0	0	0	0	0	0	0	0	0	0	0	0	0	0	0	0	0	0	0	0	0
	3	0	0	0	0	0	0	0	0	0	0	0	0	0	0	0	0	0	0	0	0	0	0	0	0	0	0	0	0	0	0
	3	0	0	0	0	0	0	0	0	0	0	0	0	0	0	0	0	0	0	0	0	0	0	0	0	0	0	0	0	0	0
	3	0	0	0	0	0	0	0	0	0	0	0	0	0	0	0	0	0	0	0	0	0	0	0	0	0	0	0	0	0	0
	3	0	0	0	0	0	0	0	0	0	0	0	0	0	0	0	0	0	0	0	0	0	0	0	0	0	0	0	0	0	0
	3	0	0	0	0	0	0	0	0	0	0	0	0	0	0	0	0	0	0	0	0	0	0	0	0	0	0	0	0	0	0
	8	0	0	0	0	0	0	0	0	0	0	0	0	0	0	0	0	0	0	0	0	0	0	0	0	0	0	0	0	0	0
	8	0	0	0	0	0	0	0	0	0	0	0	0	0	0	0	0	0	0	0	0	0	0	0	0	0	0	0	0	0	0

C = Vehicle capacity
	3570

f = Fixed transportation cost
	33728

a_ik = Transportation cost for traveling from node i to node k
 	0	856	875	599	364	195	445	89	565	325	650	365	758	421	179	390	666	395	337	94	307	785	163	547	602	226	105	896	312	403	474
	856	0	42	274	495	885	412	806	425	675	478	496	201	436	944	466	212	638	627	823	550	190	932	312	326	1049	922	42	598	457	445
	875	42	0	284	512	896	435	829	421	706	464	520	186	454	969	487	245	640	634	846	569	169	958	336	325	1064	939	36	609	474	450
	599	274	284	0	237	613	184	563	186	486	286	265	169	184	711	221	177	370	354	581	294	194	698	122	92	781	657	311	325	198	174
	364	495	512	237	0	404	102	328	258	303	373	82	400	60	478	46	321	257	201	347	58	427	465	195	255	556	429	535	142	40	156
	195	885	896	613	404	0	503	273	520	488	574	443	748	463	364	444	724	301	273	284	359	775	349	599	586	190	124	923	288	436	452
	445	412	435	184	102	503	0	395	279	304	399	86	351	53	536	60	225	344	296	412	147	376	524	102	237	648	519	453	241	82	193
	89	806	829	563	328	273	395	0	556	237	653	311	727	380	156	344	609	417	352	21	271	754	141	495	578	311	194	847	312	367	458
	565	425	421	186	258	520	279	556	0	559	120	329	245	242	712	276	362	230	248	577	303	270	697	280	103	704	595	454	254	230	103
	325	675	706	486	303	488	304	237	559	0	675	233	653	323	306	286	464	515	445	239	270	676	301	381	538	547	429	716	384	329	458
	650	478	464	286	373	574	399	653	120	675	0	446	279	360	808	394	460	274	316	673	413	297	792	393	195	763	664	500	342	348	218
	365	496	520	265	82	443	86	311	329	233	446	0	433	91	451	54	302	335	275	327	90	459	439	185	307	575	445	537	212	99	230
	758	201	186	169	400	748	351	727	245	653	279	433	0	350	877	388	260	472	477	746	457	28	863	276	162	925	806	221	464	361	297
	421	436	454	184	60	463	53	380	242	323	360	91	350	0	528	39	262	291	244	398	115	376	515	136	217	616	488	476	191	30	148
	179	944	969	711	478	364	536	156	712	306	808	451	877	528	0	491	739	565	503	136	422	903	17	633	732	313	248	985	466	517	613
	390	466	487	221	46	444	60	344	276	286	394	54	388	39	491	0	284	300	245	362	87	414	478	160	255	590	461	507	187	47	178
	666	212	245	177	321	724	225	609	362	464	460	302	260	262	739	284	0	523	492	624	370	272	729	126	267	873	743	253	448	290	332
	395	638	640	370	257	301	344	417	230	515	274	335	472	291	565	300	523	0	71	437	257	498	549	407	316	490	395	671	132	263	196
	337	627	634	354	201	273	296	352	248	445	316	275	477	244	503	245	492	71	0	372	192	504	486	370	316	457	351	662	64	215	184
	94	823	846	581	347	284	412	21	577	239	673	327	746	398	136	362	624	437	372	0	290	773	121	512	598	309	197	864	332	386	478
	307	550	569	294	58	359	147	271	303	270	413	90	457	115	422	87	370	257	192	290	0	484	408	246	310	503	375	590	128	97	200
	785	190	169	194	427	775	376	754	270	676	297	459	28	376	903	414	272	498	504	773	484	0	890	298	190	953	834	205	492	388	324
	163	932	958	698	465	349	524	141	697	301	792	439	863	515	17	478	729	549	486	121	408	890	0	622	717	303	234	974	451	503	598
	547	312	336	122	195	599	102	495	280	381	393	185	276	136	633	160	126	407	370	512	246	298	622	0	205	749	620	353	324	164	224
	602	326	325	92	255	586	237	578	103	538	195	307	162	217	732	255	267	316	316	598	310	190	717	205	0	764	647	357	303	219	135
	226	1049	1064	781	556	190	648	311	704	547	763	575	925	616	313	590	873	490	457	309	503	953	303	749	764	0	131	1088	462	592	630
	105	922	939	657	429	124	519	194	595	429	664	445	806	488	248	461	743	395	351	197	375	834	234	620	647	131	0	962	345	466	513
	896	42	36	311	535	923	453	847	454	716	500	537	221	476	985	507	253	671	662	864	590	205	974	353	357	1088	962	0	635	497	480
	312	598	609	325	142	288	241	312	254	384	342	212	464	191	466	187	448	132	64	332	128	492	451	324	303	462	345	635	0	162	169
	403	457	474	198	40	436	82	367	230	329	348	99	361	30	517	47	290	263	215	386	97	388	503	164	219	592	466	497	162	0	132
	474	445	450	174	156	452	193	458	103	458	218	230	297	148	613	178	332	196	184	478	200	324	598	224	135	630	513	480	169	132	0

coordXY = Coordinates (x,y): line zero => x line one => y column => customers
 	198	478	449	317	285	12	368	283	133	493	35	362	285	316	328	328	493	29	88	291	278	291	318	407	227	16	98	483	151	289	186
	865	57	27	278	512	809	454	839	304	731	236	539	113	461	988	498	268	509	547	858	569	86	975	360	264	998	897	16	557	473	392

d_pit = Demand of item p at customer i in period t
 	35	90	27	45	21	71	100	80	68	94	78	11
	71	73	58	50	14	30	88	77	30	70	59	42
	34	25	91	64	20	29	53	52	93	26	34	26
	79	27	76	33	24	82	72	29	31	65	29	93
	78	65	36	53	95	79	60	57	43	72	55	16
	92	97	34	63	83	56	47	15	22	43	49	16
	25	42	95	32	40	62	71	77	94	71	28	58
	25	27	62	41	41	17	67	98	36	50	63	100
	81	77	13	68	39	54	42	93	85	61	54	78
	38	22	93	34	48	33	67	93	37	12	13	62
	99	19	18	34	27	55	82	53	88	38	83	74
	85	74	40	29	15	24	60	11	33	76	98	47
	28	13	15	94	37	74	53	29	50	53	41	94
	15	37	13	35	56	69	41	27	13	86	21	84
	17	80	78	66	83	34	68	43	42	61	78	68
	66	50	64	87	56	71	30	53	31	52	55	53
	27	80	33	33	86	45	23	38	40	52	41	60
	25	98	49	52	28	56	50	78	69	81	54	57
	18	98	82	47	63	62	18	52	25	22	41	90
	76	77	38	24	64	38	83	48	44	52	84	41
	73	24	23	67	29	69	26	64	90	77	70	35
	50	88	29	76	59	75	21	53	87	81	31	48
	38	43	72	94	80	15	72	43	27	17	40	73
	47	40	48	16	52	99	37	70	69	23	88	95
	62	54	63	82	57	67	61	65	27	82	61	70
	86	44	11	37	28	28	32	90	74	100	77	93
	47	28	79	69	12	17	15	26	25	90	25	29
	94	68	76	73	17	47	52	19	21	28	90	27
	75	12	61	62	33	33	70	98	88	42	69	48
	95	61	33	54	74	83	11	17	18	71	79	60

	17	29	42	85	63	58	75	60	60	18	35	62
	53	22	36	83	30	33	35	22	36	57	45	74
	20	69	51	54	12	70	55	56	87	47	98	22
	14	92	71	81	13	74	80	51	87	22	11	97
	19	14	17	16	58	80	83	51	18	71	81	26
	29	39	96	27	39	59	92	66	97	11	46	80
	91	12	32	24	15	73	67	49	66	14	39	97
	24	38	73	46	73	68	33	74	38	30	10	68
	48	97	87	42	56	55	100	91	54	24	35	79
	28	86	62	46	86	80	15	77	35	75	68	88
	25	73	35	97	18	13	33	72	34	52	30	13
	74	16	33	20	24	78	78	63	55	11	50	27
	58	37	33	35	57	93	54	62	91	49	98	80
	67	12	30	51	55	31	95	56	18	83	17	45
	94	75	98	55	13	33	78	55	20	74	37	62
	27	16	45	69	81	36	90	93	81	89	75	40
	90	10	54	61	40	82	30	43	51	27	99	53
	85	68	14	91	92	99	66	28	67	84	28	10
	78	23	11	36	88	72	59	98	27	56	30	91
	42	89	36	37	23	79	34	46	33	88	16	55
	67	15	68	82	91	79	13	77	59	31	10	36
	66	31	40	76	33	23	97	43	58	83	88	24
	62	14	60	26	52	24	44	98	19	11	99	16
	62	24	20	15	80	26	74	67	45	55	75	24
	44	92	77	59	32	59	17	19	30	37	97	12
	42	50	17	80	32	79	92	88	100	83	88	31
	30	48	92	27	63	49	83	93	91	59	93	45
	64	87	32	17	38	58	49	12	59	75	90	61
	37	82	95	61	63	45	33	90	42	82	34	30
	47	11	75	92	18	12	52	41	54	22	89	80

	10	68	29	98	79	75	42	12	39	29	89	72
	55	82	44	62	24	48	69	84	79	48	62	59
	31	24	58	58	84	55	88	83	87	99	88	49
	47	80	50	75	92	12	93	85	57	96	39	57
	24	83	63	64	51	72	68	45	99	62	32	33
	15	22	97	15	49	17	39	14	41	11	37	48
	26	79	22	77	29	71	27	73	73	30	100	64
	72	45	71	11	97	91	80	82	92	83	59	43
	35	60	35	19	99	72	31	56	100	30	22	74
	33	95	58	17	58	34	31	62	74	67	68	15
	70	19	70	45	53	82	51	53	12	54	80	41
	70	91	18	77	53	57	11	30	24	39	90	27
	62	83	37	39	82	49	64	67	55	36	41	54
	43	93	43	25	89	83	24	19	26	46	71	31
	70	50	57	83	16	73	66	90	97	15	41	50
	51	23	86	89	26	58	98	32	40	89	21	67
	31	17	16	54	61	87	65	64	64	95	55	30
	97	30	13	48	40	90	48	36	85	34	37	83
	39	21	58	37	94	83	58	29	65	50	97	19
	35	20	38	58	53	97	62	76	14	58	70	71
	45	61	55	19	52	52	29	51	39	95	14	80
	65	27	39	32	86	94	67	76	49	94	38	53
	22	55	20	88	38	27	96	76	73	54	69	56
	28	83	12	24	49	24	28	57	96	86	40	33
	53	90	18	55	46	89	76	63	84	88	41	27
	57	44	12	72	72	45	67	28	48	42	55	29
	22	22	25	68	24	40	97	45	50	78	76	23
	70	48	22	100	26	38	86	54	36	91	78	64
	12	69	61	87	51	88	29	71	78	71	65	28
	84	56	98	99	96	12	72	62	88	42	52	32

	46	78	30	24	52	44	30	88	14	95	98	40
	38	85	19	57	35	42	14	37	99	42	41	65
	77	54	47	77	19	52	48	13	83	87	13	81
	83	71	25	75	70	17	11	24	66	80	52	93
	56	33	43	33	43	15	60	21	46	79	66	67
	62	44	92	26	58	42	97	16	88	67	93	12
	42	21	95	24	86	78	12	90	47	89	71	25
	85	41	15	20	16	99	41	70	43	78	87	87
	56	62	37	95	16	14	51	35	49	81	93	49
	72	21	47	21	71	40	39	68	33	19	95	63
	46	83	42	27	55	69	29	14	70	33	59	94
	25	82	78	96	68	99	99	60	86	58	77	18
	68	76	33	84	49	23	95	88	72	68	79	40
	38	27	35	36	55	62	49	84	87	49	41	99
	94	78	37	100	93	36	64	45	41	93	55	62
	47	42	70	75	35	26	90	18	100	47	26	67
	73	53	15	56	69	79	32	65	54	42	66	84
	69	77	21	40	91	40	17	18	97	98	99	84
	34	17	45	63	49	53	71	90	28	29	38	21
	16	87	93	41	14	65	18	68	42	28	50	84
	21	32	97	62	47	32	87	43	47	98	67	73
	34	14	27	16	47	24	64	51	92	36	77	37
	46	60	28	81	63	84	41	46	42	21	51	34
	56	23	26	11	34	79	38	87	32	89	16	20
	68	85	80	56	13	56	56	74	32	33	16	80
	23	96	20	71	63	43	76	74	90	61	20	13
	71	10	38	16	78	81	20	90	91	32	35	54
	22	71	39	78	28	98	92	98	32	70	79	86
	84	30	66	31	45	64	52	76	42	75	89	38
	74	79	45	47	85	45	64	82	96	53	67	57

	19	56	81	63	99	53	46	62	70	92	73	75
	96	23	51	19	88	45	92	13	60	44	28	35
	97	19	99	59	66	49	69	43	57	82	67	81
	11	44	89	19	27	21	65	66	62	74	69	76
	80	23	69	12	68	44	47	49	27	16	40	17
	39	40	89	47	65	84	52	30	57	23	73	61
	13	68	61	27	64	56	27	96	16	37	59	48
	81	71	98	23	55	26	46	93	23	93	97	39
	19	68	90	67	48	83	27	68	81	39	29	98
	26	83	35	36	83	15	36	20	20	46	71	28
	95	12	31	90	35	89	83	44	68	88	88	90
	80	55	87	43	58	28	70	69	17	56	86	18
	17	59	41	28	16	42	26	44	92	74	86	51
	40	10	91	76	35	27	72	18	59	41	19	29
	82	98	85	93	75	96	60	50	22	10	48	92
	85	67	40	28	59	95	25	46	16	74	90	95
	40	34	32	16	55	88	18	52	62	71	97	85
	43	13	13	42	85	36	50	65	86	58	69	90
	59	36	29	70	23	74	50	83	42	87	56	15
	49	49	90	87	74	60	50	36	71	55	35	22
	35	68	64	22	66	73	21	64	16	79	58	57
	48	96	42	39	54	25	33	68	67	13	92	39
	58	39	91	77	53	62	48	15	79	68	82	41
	86	53	30	88	13	64	89	92	29	89	86	12
	99	51	21	95	57	39	58	27	70	57	51	35
	80	80	71	38	96	52	28	99	74	67	30	43
	63	40	23	18	99	87	26	57	11	95	83	15
	72	89	11	52	26	29	38	84	99	99	62	20
	33	44	23	74	53	27	70	89	82	14	61	57
	34	87	54	34	68	88	62	79	10	74	69	54

	91	94	64	68	54	81	47	23	59	49	35	45
	35	63	28	52	70	10	23	99	74	53	91	63
	33	89	13	52	23	14	28	75	15	87	43	23
	41	16	94	29	13	58	90	77	30	19	61	12
	43	44	39	11	60	18	85	100	98	68	16	42
	33	42	51	90	21	27	94	85	43	83	45	24
	52	65	60	17	76	51	90	96	71	42	94	45
	30	41	65	72	57	77	23	92	91	65	32	37
	93	90	48	62	38	32	67	11	60	21	11	48
	16	77	29	22	81	47	43	27	31	86	36	44
	30	77	82	56	34	81	59	53	97	63	66	22
	53	18	74	46	63	85	34	81	28	60	36	27
	31	85	13	81	37	20	80	36	41	60	43	50
	65	73	88	99	20	75	98	89	44	30	53	30
	49	77	98	81	88	44	61	91	21	65	11	39
	80	82	23	52	66	19	99	19	99	94	94	59
	42	14	95	84	84	52	65	61	66	44	18	46
	91	33	56	98	67	45	11	34	31	26	30	39
	12	21	87	41	24	28	61	40	98	28	58	90
	23	70	84	86	85	33	68	18	82	70	20	10
	77	84	61	40	46	79	52	43	85	40	73	36
	83	80	89	68	92	76	22	43	76	15	37	29
	58	67	12	18	61	70	69	72	29	21	48	63
	33	45	11	40	94	81	60	28	11	42	63	75
	37	30	59	74	80	83	52	31	90	51	25	98
	78	37	80	39	81	87	34	88	50	38	12	43
	40	48	79	70	91	11	82	84	45	76	39	57
	35	92	91	84	97	72	40	55	85	33	73	54
	79	99	69	43	92	73	37	68	98	14	25	19
	69	53	81	65	68	52	37	84	40	25	63	41

	20	72	90	68	74	75	85	16	64	28	25	59
	81	45	22	19	82	38	72	44	70	74	30	76
	15	73	49	58	68	66	42	17	68	15	51	92
	67	60	52	48	99	48	89	31	56	79	41	55
	99	28	11	83	100	62	60	69	83	98	84	33
	32	20	67	85	80	59	35	96	27	72	85	92
	15	68	12	15	32	14	70	74	60	61	63	38
	20	97	69	81	20	57	17	34	62	16	42	93
	79	39	87	42	70	79	49	63	86	99	94	10
	55	71	38	30	20	13	94	90	80	10	75	85
	34	90	83	78	73	67	30	31	41	54	83	70
	66	12	54	27	13	96	31	41	10	16	86	99
	95	18	15	33	37	62	52	43	17	95	55	44
	82	98	26	77	45	79	100	80	74	50	79	41
	97	14	32	80	89	60	32	46	33	52	32	88
	96	22	52	70	52	11	55	94	11	92	16	19
	87	58	90	54	80	26	62	14	84	56	75	79
	99	64	32	63	79	75	15	13	73	69	88	90
	32	35	47	51	43	69	70	62	91	14	27	33
	22	24	19	45	20	48	75	26	65	33	94	98
	51	26	63	48	21	100	30	40	40	57	63	46
	18	99	87	27	42	91	76	40	25	99	87	59
	51	97	88	29	38	86	66	17	69	93	92	71
	67	40	76	17	12	11	98	28	19	62	19	25
	43	84	60	16	27	21	57	97	56	13	71	50
	14	98	87	53	37	37	90	53	93	98	61	84
	67	69	25	97	81	54	26	61	37	67	38	49
	51	32	96	90	30	95	44	37	66	72	88	27
	54	48	20	62	70	44	62	11	44	53	71	60
	11	20	21	29	95	52	89	92	57	90	52	12

	38	61	74	64	35	96	16	23	39	17	29	47
	51	46	24	20	47	35	62	78	42	25	49	85
	93	38	30	54	85	44	39	59	98	65	30	57
	63	43	93	96	85	86	35	68	12	88	47	39
	32	58	30	88	70	21	64	54	40	72	58	12
	56	96	63	39	96	23	67	67	64	20	16	14
	48	53	73	29	70	35	64	38	40	66	43	45
	82	70	75	31	73	72	64	83	52	24	17	46
	66	49	59	45	31	23	67	84	36	50	15	50
	97	88	73	45	93	28	50	16	67	69	62	100
	22	27	48	44	73	53	74	70	66	95	43	68
	90	73	81	37	36	90	53	62	78	88	46	84
	25	92	23	22	40	20	78	82	74	39	16	59
	90	34	96	92	51	76	58	64	43	94	72	86
	95	71	12	45	33	13	28	50	53	37	30	82
	88	63	26	20	32	36	84	80	28	89	73	98
	64	91	88	96	100	96	50	29	78	81	58	24
	65	46	85	54	23	10	59	14	79	80	80	60
	16	34	60	76	45	14	28	35	65	49	41	29
	11	98	60	86	77	92	62	88	55	39	93	76
	24	23	46	63	21	36	53	80	39	70	40	18
	19	58	46	56	74	37	99	42	28	81	49	46
	33	40	71	66	26	74	88	79	43	15	18	24
	91	79	49	68	38	71	37	61	50	16	51	65
	51	69	14	76	80	53	38	58	96	14	88	46
	64	65	12	72	82	25	70	99	42	31	51	66
	25	94	81	39	86	47	55	11	75	55	49	26
	60	45	35	97	27	18	44	91	91	92	16	88
	33	28	19	63	94	68	77	52	82	59	73	51
	19	86	73	15	99	46	50	43	37	37	67	75

	54	28	72	84	20	45	72	18	29	64	53	77
	22	77	87	22	17	40	21	86	73	77	55	82
	77	62	68	54	42	93	55	72	44	68	76	33
	18	99	54	91	90	26	66	78	91	20	94	91
	27	36	29	32	46	54	24	94	34	28	17	19
	64	62	67	48	45	42	46	47	74	42	19	28
	67	19	93	97	13	60	22	84	42	43	38	57
	18	68	58	13	64	94	73	33	55	25	59	21
	47	35	39	56	42	61	65	17	53	11	40	53
	13	67	44	44	76	48	37	40	82	40	22	99
	80	79	15	91	60	45	84	12	26	10	83	15
	60	24	32	95	15	51	75	31	15	58	39	43
	65	54	33	86	16	86	43	80	38	11	30	53
	92	26	73	82	20	65	25	26	11	50	29	85
	73	66	47	26	28	21	57	18	79	32	37	88
	56	64	14	48	91	69	10	86	32	48	97	52
	38	83	19	47	76	97	92	14	77	27	12	84
	12	37	97	78	30	77	76	21	70	32	30	28
	50	90	39	42	93	94	97	41	90	36	61	62
	54	40	37	97	26	60	54	100	37	63	78	23
	18	49	43	87	10	18	28	22	33	93	95	36
	45	67	13	44	57	37	74	14	63	27	60	27
	56	31	46	83	12	93	15	53	79	46	30	66
	40	71	78	75	57	11	48	49	77	12	99	70
	28	62	19	17	74	55	100	85	87	61	58	98
	71	81	40	71	43	81	40	43	39	80	79	89
	20	81	32	12	77	89	16	32	37	49	35	66
	30	18	29	26	33	65	72	32	78	57	86	69
	42	67	91	76	41	51	92	26	52	81	34	82
	82	31	95	20	90	18	50	25	58	45	53	53

	43	40	77	29	55	90	36	17	57	82	69	68
	60	57	73	41	88	35	50	49	56	63	21	58
	33	42	56	12	86	52	47	19	33	15	94	37
	97	96	86	29	19	28	54	20	28	22	84	96
	95	34	76	25	26	38	54	63	70	47	38	70
	20	38	86	83	56	17	53	11	29	21	39	19
	27	42	37	36	28	75	64	47	43	88	33	68
	78	48	24	92	55	99	20	57	28	38	14	51
	67	70	37	49	88	54	72	99	53	15	25	85
	10	18	82	25	85	81	82	19	99	55	64	79
	51	75	43	87	43	17	13	77	65	29	25	12
	89	49	75	100	18	45	69	48	65	91	68	30
	40	26	47	72	81	92	94	39	22	77	73	96
	96	50	39	42	81	66	95	61	57	48	14	99
	80	100	55	63	93	29	21	83	64	69	48	23
	86	36	59	28	85	58	23	67	40	73	78	41
	95	13	27	50	70	22	35	78	46	58	49	83
	41	51	53	46	85	66	62	68	62	25	93	30
	61	19	71	86	20	27	71	69	74	78	94	26
	35	79	58	48	54	46	40	81	60	59	12	92
	73	80	53	97	29	12	77	55	47	33	92	72
	64	99	42	12	20	44	81	22	27	64	23	24
	32	79	63	14	67	34	22	25	63	11	35	85
	27	50	31	70	98	39	24	62	51	11	66	17
	53	34	27	59	21	90	64	98	71	80	73	77
	41	96	62	70	11	39	65	59	84	63	74	53
	35	93	64	69	72	31	79	69	56	29	11	80
	95	88	82	11	12	17	28	74	77	41	96	56
	49	34	81	91	23	90	54	56	73	21	88	59
	88	29	73	48	67	43	41	84	24	25	53	87

