***** PARAMETERS PRP *****

Number of Customers = 30
Number of Products = 10
Number of Vehicles = 5
Number of Periods = 12

B = Production capacity
	50200

b_p = Time required to produce item p
 	1	1	1	1	1	1	1	1	1	1

c_p = Production cost of item p
 	30	30	80	30	80	80	80	30	30	80

s_p = Setup cost of item p
 	300	300	800	300	800	800	800	300	300	800

M = Big number
	200801

U_pi = Maximum inventory upper bound of item p at site i
 	200801	250	286	202	222	238	165	237	279	99	266	339	309	219	274	113	309	206	261	280	257	245	260	160	104	217	215	238	277	278	195
	200801	203	133	394	179	197	331	109	226	189	89	236	343	179	283	216	118	309	237	223	175	100	262	196	242	149	279	134	165	253	240
	200801	174	315	107	133	232	191	140	128	202	118	210	231	98	109	215	233	136	122	144	213	204	216	119	251	212	134	284	250	120	147
	200801	168	198	76	84	179	185	190	130	240	102	84	132	290	166	147	184	201	271	247	210	122	102	187	293	226	350	226	121	307	200
	200801	185	170	194	272	202	329	170	140	273	147	243	151	251	165	107	129	129	189	278	131	103	160	233	227	208	258	202	119	133	204
	200801	96	113	191	157	159	281	172	112	282	298	317	174	164	221	108	232	113	232	79	218	162	292	253	171	307	190	111	249	181	209
	200801	237	154	89	251	200	284	221	126	122	150	256	165	237	212	165	126	365	131	340	303	100	210	232	267	169	238	121	125	220	305
	200801	147	216	206	106	313	179	257	290	209	229	184	106	115	99	148	108	103	117	121	258	99	207	270	210	228	251	131	156	175	212
	200801	297	169	197	177	236	158	256	262	265	210	147	171	159	120	302	260	195	201	216	301	237	249	85	272	110	183	151	190	246	190
	200801	130	219	198	218	238	146	141	260	277	281	136	173	138	188	153	123	124	335	229	200	215	152	278	108	181	92	110	230	107	165

I_pi0 = Initial inventory of item p at site i
 	0	75	111	98	99	187	118	68	156	63	134	136	85	214	247	66	202	15	39	180	245	13	116	130	57	177	134	191	257	263	161
	0	158	110	180	134	38	97	91	42	118	69	161	134	155	24	165	26	88	107	137	140	94	156	68	138	77	79	44	68	159	76
	0	137	148	81	60	97	66	27	84	127	14	196	200	46	77	31	137	89	73	62	160	104	150	52	139	110	91	177	204	93	99
	0	56	129	50	67	100	150	173	114	99	56	26	72	150	82	46	173	150	111	19	172	69	64	132	118	110	118	172	44	13	55
	0	163	71	79	169	98	220	167	130	222	138	126	110	37	93	82	55	92	112	140	118	86	121	93	102	112	168	181	93	113	188
	0	0	45	151	97	139	183	138	23	72	227	208	173	161	157	34	12	26	133	30	150	160	201	158	120	97	138	81	91	95	190
	0	132	112	77	123	151	247	183	21	121	98	70	94	179	153	147	46	209	108	125	127	19	145	130	71	167	63	109	64	49	65
	0	124	168	184	100	165	107	208	61	120	55	46	55	46	60	33	42	99	72	104	35	64	207	195	135	57	218	75	45	34	87
	0	160	156	100	52	80	118	205	177	204	133	122	139	74	68	216	154	114	148	122	222	81	191	11	271	71	109	125	183	96	165
	0	128	212	167	165	139	67	92	22	205	199	110	23	98	183	143	56	81	58	220	90	185	86	158	77	152	63	79	102	87	99

h_pi = Inventory cost of item p at site i
 	3	0	0	0	0	0	0	0	0	0	0	0	0	0	0	0	0	0	0	0	0	0	0	0	0	0	0	0	0	0	0
	3	0	0	0	0	0	0	0	0	0	0	0	0	0	0	0	0	0	0	0	0	0	0	0	0	0	0	0	0	0	0
	8	0	0	0	0	0	0	0	0	0	0	0	0	0	0	0	0	0	0	0	0	0	0	0	0	0	0	0	0	0	0
	3	0	0	0	0	0	0	0	0	0	0	0	0	0	0	0	0	0	0	0	0	0	0	0	0	0	0	0	0	0	0
	8	0	0	0	0	0	0	0	0	0	0	0	0	0	0	0	0	0	0	0	0	0	0	0	0	0	0	0	0	0	0
	8	0	0	0	0	0	0	0	0	0	0	0	0	0	0	0	0	0	0	0	0	0	0	0	0	0	0	0	0	0	0
	8	0	0	0	0	0	0	0	0	0	0	0	0	0	0	0	0	0	0	0	0	0	0	0	0	0	0	0	0	0	0
	3	0	0	0	0	0	0	0	0	0	0	0	0	0	0	0	0	0	0	0	0	0	0	0	0	0	0	0	0	0	0
	3	0	0	0	0	0	0	0	0	0	0	0	0	0	0	0	0	0	0	0	0	0	0	0	0	0	0	0	0	0	0
	8	0	0	0	0	0	0	0	0	0	0	0	0	0	0	0	0	0	0	0	0	0	0	0	0	0	0	0	0	0	0

C = Vehicle capacity
	3940

f = Fixed transportation cost
	30380

a_ik = Transportation cost for traveling from node i to node k
 	0	396	503	877	645	859	199	520	305	842	288	358	746	901	390	498	511	736	860	399	489	452	980	176	189	430	159	758	591	629	279
	396	0	304	527	277	510	310	168	122	449	378	44	351	505	453	383	116	364	474	120	321	350	591	232	257	44	305	368	244	245	236
	503	304	0	418	269	400	313	443	388	572	283	288	439	592	279	106	309	340	480	187	36	106	592	421	316	276	347	527	207	306	225
	877	527	418	0	251	19	711	543	649	380	699	548	293	338	691	498	430	175	184	481	449	519	232	744	693	484	735	411	290	297	612
	645	277	269	251	0	234	499	308	399	307	515	301	172	323	539	373	181	92	226	248	304	373	345	500	469	234	516	276	66	63	400
	859	510	400	19	234	0	692	529	632	377	681	531	284	339	673	481	414	161	183	462	431	501	241	726	675	466	717	404	273	282	594
	199	310	313	711	499	692	0	471	281	745	107	267	631	792	214	299	409	589	724	257	295	253	843	206	63	327	44	671	438	500	100
	520	168	443	543	308	529	471	0	215	342	544	208	290	413	620	535	143	369	434	275	467	507	537	344	413	174	459	251	310	251	402
	305	122	388	649	399	632	281	215	0	543	374	109	461	607	468	448	231	485	590	207	397	408	705	130	219	166	260	456	364	365	244
	842	449	572	380	307	377	745	342	543	0	788	490	135	80	830	677	338	270	199	494	607	672	242	670	699	421	749	91	366	269	655
	288	378	283	699	515	681	107	544	374	788	0	337	664	826	108	235	460	600	739	295	256	195	857	312	164	385	149	721	450	528	143
	358	44	288	548	301	531	267	208	109	490	337	0	389	545	415	358	154	390	506	102	301	323	624	200	213	73	262	410	260	276	195
	746	351	439	293	172	284	631	290	461	135	664	389	0	162	701	543	235	146	147	375	473	539	249	582	590	317	639	123	232	138	536
	901	505	592	338	323	339	792	413	607	80	826	545	162	0	859	695	391	264	156	537	627	695	168	733	750	474	799	168	387	298	698
	390	453	279	691	539	673	214	620	468	830	108	415	701	859	0	196	519	616	757	353	245	174	870	417	269	451	256	772	474	564	225
	498	383	106	498	373	481	299	535	448	677	235	358	543	695	196	0	406	439	578	264	73	47	687	452	322	363	340	632	312	411	235
	511	116	309	430	181	414	409	143	231	338	460	154	235	391	519	406	0	259	360	167	336	385	476	348	362	84	411	264	170	136	322
	736	364	340	175	92	161	589	369	485	270	600	390	146	264	616	439	259	0	141	340	375	445	258	590	560	321	606	267	152	124	489
	860	474	480	184	226	183	724	434	590	199	739	506	147	156	757	578	360	141	0	470	515	586	120	705	691	434	738	245	290	232	625
	399	120	187	481	248	462	257	275	207	494	295	102	375	537	353	264	167	340	470	0	202	233	590	269	222	102	269	426	193	244	161
	489	321	36	449	304	431	295	467	397	607	256	301	473	627	245	73	336	375	515	202	0	72	626	419	304	297	332	560	241	339	213
	452	350	106	519	373	501	253	507	408	672	195	323	539	695	174	47	385	445	586	233	72	0	698	407	276	334	294	622	309	404	190
	980	591	592	232	345	241	843	537	705	242	857	624	249	168	870	687	476	258	120	590	626	698	0	822	811	552	858	316	408	351	744
	176	232	421	744	500	726	206	344	130	670	312	200	582	733	417	452	348	590	705	269	419	407	822	0	149	271	170	585	454	475	219
	189	257	316	693	469	675	63	413	219	699	164	213	590	750	269	322	362	560	691	222	304	276	811	149	0	279	50	622	411	463	92
	430	44	276	484	234	466	327	174	166	421	385	73	317	474	451	363	84	321	434	102	297	334	552	271	279	0	328	345	200	204	244
	159	305	347	735	516	717	44	459	260	749	149	262	639	799	256	340	411	606	738	269	332	294	858	170	50	328	0	671	457	511	125
	758	368	527	411	276	404	671	251	456	91	721	410	123	168	772	632	264	267	245	426	560	622	316	585	622	345	671	0	327	225	584
	591	244	207	290	66	273	438	310	364	366	450	260	232	387	474	312	170	152	290	193	241	309	408	454	411	200	457	327	0	102	339
	629	245	306	297	63	282	500	251	365	269	528	276	138	298	564	411	136	124	232	244	339	404	351	475	463	204	511	225	102	0	403
	279	236	225	612	400	594	100	402	244	655	143	195	536	698	225	235	322	489	625	161	213	190	744	219	92	244	125	584	339	403	0

coordXY = Coordinates (x,y): line zero => x line one => y column => customers
 	421	368	67	0	184	7	252	480	451	373	147	354	290	314	40	5	338	153	175	253	55	47	154	446	300	335	295	410	171	246	229
	11	403	368	780	610	763	116	527	314	851	97	362	745	905	91	283	515	696	835	372	335	264	953	185	156	432	107	768	546	615	213

d_pit = Demand of item p at customer i in period t
 	75	44	80	54	47	16	78	89	18	29	37	34
	94	17	73	77	54	53	94	44	34	14	71	62
	98	23	65	20	33	34	21	42	64	12	49	24
	37	62	19	91	64	64	81	67	61	56	16	48
	94	93	31	71	68	86	57	13	47	70	63	20
	49	20	49	51	42	92	70	42	95	48	54	47
	68	61	67	31	53	92	93	45	47	36	73	45
	10	47	26	73	98	27	91	63	95	49	69	21
	63	96	18	99	75	36	63	49	16	12	33	31
	64	19	51	79	69	92	100	97	79	14	73	60
	40	96	68	100	75	91	59	36	65	97	45	41
	45	11	29	71	65	56	49	91	51	99	91	83
	73	12	94	35	97	93	29	33	28	80	47	36
	22	87	94	44	97	51	76	98	81	81	50	41
	66	90	93	26	20	53	95	46	98	25	51	16
	53	89	60	55	83	31	68	27	54	89	81	52
	15	68	47	82	70	65	90	17	18	18	55	73
	39	80	43	92	66	83	94	76	49	54	34	74
	53	22	31	74	84	68	45	75	21	77	78	45
	81	94	37	33	88	32	22	85	95	85	88	32
	13	33	72	32	14	37	76	86	55	31	41	99
	99	17	91	22	51	49	35	71	34	64	38	52
	34	96	50	30	66	20	30	26	78	83	81	44
	57	54	67	62	42	28	57	35	91	72	15	46
	85	73	19	71	30	11	60	37	76	99	54	37
	72	62	69	93	53	21	13	31	39	60	65	68
	99	81	11	31	20	26	28	26	31	84	59	74
	62	61	95	39	92	99	66	41	43	93	49	92
	48	90	36	89	67	52	32	57	59	39	44	54
	63	41	57	52	76	64	21	68	30	41	32	41

	91	67	81	58	22	14	79	92	89	74	98	48
	21	89	27	31	27	49	37	47	80	24	57	43
	82	98	67	61	39	99	88	94	77	95	98	47
	51	83	93	38	15	34	89	22	89	77	67	59
	38	93	77	21	88	21	84	97	69	75	61	64
	97	97	96	21	29	89	91	57	68	15	62	72
	22	69	20	100	71	19	99	37	84	19	27	84
	42	94	18	59	13	51	80	10	98	89	70	54
	84	23	11	42	17	80	54	70	66	22	53	46
	49	20	83	20	89	21	40	37	86	36	40	13
	18	99	44	57	16	34	78	43	17	38	72	51
	63	71	38	92	91	92	96	19	98	42	99	23
	76	79	87	76	15	15	46	74	67	79	92	11
	24	50	42	40	100	20	72	89	22	86	76	57
	14	44	53	54	99	50	27	40	87	44	59	76
	26	63	73	20	61	71	73	31	100	72	16	100
	88	15	91	85	76	83	89	59	96	49	97	99
	33	74	56	75	41	18	66	62	40	42	29	33
	60	16	61	100	13	75	33	10	35	31	36	64
	66	74	92	84	63	26	64	89	22	45	53	20
	63	31	40	84	53	83	75	17	14	13	74	55
	53	39	64	34	40	48	20	72	69	87	89	13
	68	82	42	26	38	84	22	92	17	19	83	14
	38	59	41	18	46	88	85	92	75	37	94	54
	31	46	43	31	12	47	89	14	35	74	81	93
	79	13	62	37	67	88	22	87	75	60	34	45
	44	94	62	31	90	65	33	92	100	59	61	72
	22	46	48	50	33	94	14	65	100	62	63	63
	75	84	73	33	26	95	73	80	84	65	25	47
	76	89	17	39	52	70	68	73	80	98	12	45

	34	79	24	95	56	57	59	87	21	82	81	21
	69	79	27	34	68	62	40	69	73	98	100	38
	63	18	25	37	62	87	19	69	52	70	60	82
	60	82	70	85	86	94	47	98	62	21	16	75
	97	42	46	14	39	12	50	80	93	97	89	38
	66	18	18	94	40	48	87	51	19	77	46	10
	27	61	47	18	27	57	30	84	65	16	81	47
	84	55	82	70	47	88	38	99	47	18	85	52
	73	54	92	12	16	88	23	13	30	52	82	72
	14	57	17	36	83	52	63	44	95	77	73	99
	43	68	85	96	12	79	25	79	25	72	13	33
	82	96	22	44	41	40	41	60	85	61	88	33
	22	24	53	78	17	60	60	18	80	54	84	39
	56	21	85	81	61	21	62	48	86	42	70	20
	31	47	45	82	46	22	20	12	69	29	91	23
	65	27	45	22	79	33	22	25	63	94	60	24
	89	29	71	66	85	54	58	26	93	61	100	86
	16	15	42	97	55	86	53	75	60	54	93	87
	47	15	87	23	61	79	52	81	32	31	38	28
	85	75	70	66	33	44	32	80	24	25	28	76
	50	54	64	48	42	38	84	62	73	20	30	46
	52	27	71	73	41	87	59	53	77	43	23	41
	52	74	85	88	80	24	55	75	94	13	46	30
	15	32	39	53	86	81	85	77	57	35	27	16
	93	17	19	78	14	98	36	92	19	37	93	40
	91	71	92	73	31	46	88	81	63	53	98	14
	78	99	26	16	79	43	98	56	68	45	19	55
	84	96	24	75	22	84	29	45	66	76	65	85
	93	30	34	35	52	14	78	91	84	71	37	99
	99	12	48	78	24	23	19	87	93	36	30	40

	44	12	38	59	76	34	36	82	61	98	79	52
	58	27	44	78	94	80	77	80	92	34	88	40
	50	27	43	39	57	68	37	25	20	30	38	20
	55	12	48	37	71	22	45	19	26	15	81	70
	75	25	86	56	65	20	55	77	41	83	51	81
	80	70	75	39	95	11	67	12	72	71	77	71
	91	82	20	54	65	70	15	62	18	21	20	53
	22	33	59	74	49	84	90	71	87	56	79	77
	99	27	17	86	90	29	100	96	54	45	38	40
	56	12	44	13	97	81	12	85	55	19	59	81
	15	11	36	56	25	69	46	64	33	99	31	18
	16	56	95	93	99	71	46	87	88	62	48	29
	37	20	93	61	82	96	12	25	71	77	63	59
	82	95	21	90	32	59	14	72	39	28	65	68
	26	20	75	21	18	92	87	25	44	85	35	60
	68	62	43	73	53	91	62	83	40	92	29	41
	87	63	65	90	95	85	79	24	38	35	74	70
	43	68	26	40	35	90	21	19	87	90	94	38
	19	96	73	37	75	39	25	59	60	46	40	24
	75	26	71	42	54	72	38	39	34	65	79	36
	69	98	81	53	39	92	46	52	85	52	15	51
	64	94	41	37	73	13	30	63	53	88	22	34
	50	82	65	39	65	38	30	76	80	42	88	94
	30	21	51	16	84	67	71	90	77	67	92	36
	33	77	54	42	87	36	69	47	51	37	76	69
	58	60	86	82	78	98	49	80	51	83	64	50
	78	32	19	43	79	70	17	95	64	76	48	58
	44	68	99	59	58	66	13	67	92	47	60	55
	13	81	53	87	31	95	36	78	64	82	18	99
	26	29	49	61	77	19	48	21	75	41	93	62

	90	73	52	83	91	44	87	55	32	38	69	25
	17	15	39	53	76	94	73	77	57	27	78	74
	67	12	46	41	37	66	25	80	67	99	32	11
	86	83	28	23	21	56	34	80	97	58	50	36
	30	11	57	24	95	38	83	81	89	32	39	27
	99	46	75	32	74	78	78	74	41	63	58	72
	82	85	47	12	76	19	33	18	51	17	34	36
	87	43	68	12	59	79	15	25	31	46	37	57
	21	64	72	65	67	16	19	82	43	61	57	88
	77	61	34	41	93	96	55	96	95	82	98	54
	44	82	56	42	39	54	18	65	44	27	54	58
	26	30	54	40	60	47	13	63	85	80	41	66
	37	73	70	32	49	54	89	61	22	100	92	75
	93	40	77	22	25	40	95	53	58	18	99	39
	82	41	44	74	51	92	34	51	80	24	44	25
	55	83	74	56	32	91	48	66	90	29	69	81
	40	29	23	98	52	53	19	33	55	67	26	20
	20	92	68	45	69	96	99	72	16	95	40	45
	72	68	100	62	35	27	50	12	14	90	63	74
	35	83	43	57	56	32	74	53	12	35	12	33
	22	64	34	91	76	46	54	23	23	90	51	41
	72	49	71	99	39	22	67	42	50	46	49	32
	93	46	70	96	13	10	34	85	46	86	60	61
	15	87	58	14	44	19	82	27	80	86	91	77
	66	46	21	68	51	82	42	31	17	43	16	15
	80	88	25	61	98	46	93	80	99	27	43	34
	87	94	90	47	12	94	87	71	91	19	35	80
	93	58	23	33	82	66	54	85	22	89	37	72
	33	80	81	96	67	80	63	82	69	97	24	24
	86	91	11	29	75	23	89	97	94	97	66	58

	97	20	60	32	88	13	26	60	43	52	68	16
	30	15	96	60	66	71	83	46	85	13	36	76
	79	72	69	38	71	60	46	56	28	89	66	90
	58	39	68	24	30	37	20	21	41	39	16	77
	72	67	21	36	38	40	15	81	57	26	94	90
	34	27	34	88	95	89	79	88	72	95	46	97
	86	23	29	87	48	78	35	60	64	94	11	71
	23	38	43	61	29	63	60	19	88	95	75	76
	72	16	98	94	33	81	100	11	97	76	89	78
	53	81	93	97	75	98	92	88	79	27	55	56
	100	98	10	37	15	97	80	31	54	74	69	95
	32	29	87	25	85	89	78	30	14	62	73	93
	33	40	88	70	54	28	69	40	53	32	86	62
	49	68	10	30	77	12	38	56	68	100	75	80
	34	83	31	17	51	89	45	73	58	11	85	72
	12	31	99	26	38	21	41	95	50	18	89	37
	26	94	54	90	63	64	29	46	12	89	73	39
	40	12	81	58	77	93	37	89	36	70	86	16
	30	56	46	63	57	76	37	16	23	30	18	23
	83	67	78	94	41	43	17	13	34	38	90	55
	81	59	20	36	50	59	31	62	27	94	70	59
	48	38	51	64	19	86	74	62	33	65	70	90
	82	76	66	68	85	52	37	68	44	93	65	23
	31	89	65	83	89	41	10	57	88	13	83	34
	46	51	51	46	12	97	57	99	41	96	94	47
	83	55	96	44	53	84	90	19	50	35	87	62
	44	22	15	98	40	97	53	69	35	40	87	64
	62	29	85	99	69	23	31	19	73	79	12	16
	95	35	52	80	79	85	59	84	19	47	32	57
	30	82	78	92	23	46	18	22	18	58	86	73

	74	58	89	11	44	28	20	97	42	28	15	62
	82	30	47	40	12	56	87	49	26	69	92	25
	15	62	52	41	26	50	73	44	64	56	27	26
	26	97	72	37	28	46	76	71	46	15	18	71
	21	79	51	65	76	45	37	40	58	42	22	63
	81	83	83	29	64	20	48	86	12	25	80	71
	33	79	28	43	23	56	24	46	17	60	61	60
	21	90	63	21	56	69	13	27	43	18	53	28
	57	64	16	24	97	96	91	74	29	79	49	58
	27	28	43	52	29	58	61	86	46	89	48	33
	70	89	19	61	34	83	77	26	34	47	47	28
	94	82	30	88	63	16	54	52	36	34	18	94
	73	24	82	65	83	77	22	11	89	32	82	70
	53	41	59	27	68	32	33	26	69	17	14	69
	83	64	67	94	19	79	24	93	13	54	15	54
	46	79	88	96	10	47	79	64	51	83	15	98
	54	56	99	90	93	84	48	96	72	72	65	46
	74	34	79	82	72	28	22	68	86	57	88	95
	92	33	81	62	42	49	41	89	92	95	86	53
	18	84	25	71	97	59	40	63	51	74	81	65
	19	84	84	24	63	62	13	46	75	98	16	16
	50	95	28	85	97	56	50	43	78	92	97	67
	33	97	67	38	92	59	30	80	86	35	13	66
	24	47	76	82	40	51	67	26	76	41	35	76
	47	60	60	56	83	54	90	69	27	35	47	49
	34	19	10	14	21	71	24	97	83	61	88	49
	27	82	16	45	94	92	56	97	79	27	22	88
	64	44	10	98	78	62	96	29	83	23	92	71
	49	38	80	64	46	22	25	47	32	29	54	43
	65	46	67	34	75	95	65	19	51	84	41	91

	98	26	56	81	76	84	93	90	55	92	59	74
	47	42	79	93	37	11	79	27	65	62	26	79
	68	70	46	62	46	84	19	67	82	36	25	13
	27	73	63	57	57	30	40	90	45	65	12	76
	52	15	98	78	75	95	53	36	48	68	71	63
	24	70	13	48	27	12	92	58	62	26	91	15
	66	73	69	99	57	61	59	92	96	32	20	47
	61	73	21	95	58	13	51	84	40	78	26	96
	61	59	99	90	18	18	29	73	53	63	36	28
	55	64	55	92	14	46	15	91	87	12	59	96
	46	54	80	15	95	67	79	97	49	63	55	34
	55	61	54	92	41	25	30	46	63	56	31	79
	46	39	83	55	73	57	91	73	92	14	39	25
	23	37	48	25	31	22	28	24	28	24	87	17
	33	36	79	81	15	46	10	62	60	25	95	49
	42	11	26	12	37	36	24	43	26	79	62	35
	57	42	67	49	58	24	35	49	47	21	96	70
	72	88	18	40	72	95	38	60	20	51	65	85
	28	76	75	66	67	85	26	57	41	87	52	68
	35	36	65	32	93	27	33	66	77	49	17	88
	64	50	12	31	51	35	31	92	96	54	28	48
	93	26	63	25	87	20	15	57	55	56	85	38
	80	67	48	82	97	32	50	21	13	34	69	56
	57	78	83	97	28	21	96	77	100	66	84	51
	31	26	40	81	60	23	57	63	99	77	68	60
	13	96	39	70	23	25	75	58	75	87	95	96
	75	84	43	35	42	74	95	75	83	69	84	26
	45	34	67	25	19	75	99	33	15	95	66	49
	34	67	46	30	73	22	48	69	53	84	86	89
	33	54	78	79	50	91	16	77	21	33	51	53

	86	74	11	50	60	74	35	77	96	76	52	22
	51	16	89	53	97	97	17	38	28	64	76	51
	26	50	24	45	80	79	92	72	19	13	73	19
	52	61	87	58	29	27	60	72	84	51	66	59
	80	74	66	30	71	55	30	73	20	80	64	66
	44	74	11	49	22	79	63	41	59	60	40	90
	12	74	61	58	17	29	82	100	48	27	66	41
	20	21	86	50	59	30	47	67	29	77	65	78
	99	52	28	25	98	68	26	81	18	60	50	30
	92	41	78	60	47	66	88	12	24	62	32	27
	44	29	49	61	45	82	49	35	29	28	70	67
	29	22	69	19	92	49	18	18	60	28	66	43
	64	10	15	87	18	34	95	55	75	73	96	14
	68	98	35	69	85	85	68	26	18	42	42	86
	96	53	67	55	32	92	32	12	73	95	41	77
	67	25	62	98	82	90	57	97	41	70	58	34
	56	58	52	29	26	61	15	73	31	73	85	25
	84	30	34	93	28	87	20	18	89	44	37	38
	19	28	16	59	85	91	96	26	13	58	61	97
	45	23	76	78	15	53	85	88	76	43	57	84
	42	39	99	30	56	93	57	77	78	51	28	62
	92	99	64	36	98	26	18	64	87	12	94	58
	11	49	24	37	22	46	65	69	60	78	22	29
	42	83	79	67	23	42	86	11	75	41	20	84
	71	25	86	59	98	43	31	27	35	56	85	41
	41	68	88	64	90	36	78	81	14	39	93	40
	86	24	15	73	72	66	32	99	48	21	47	22
	88	52	25	18	18	38	95	43	57	50	43	43
	96	93	93	58	11	62	66	44	75	70	21	50
	89	18	58	93	94	35	61	43	87	98	27	57

	59	69	40	93	59	23	45	86	100	93	60	50
	77	41	10	84	39	51	91	39	60	30	44	92
	11	61	95	20	50	35	12	73	61	49	55	72
	27	39	99	83	22	51	75	62	33	15	59	88
	58	35	46	22	91	64	30	82	57	90	95	44
	41	26	32	14	29	73	93	64	65	37	89	20
	12	56	24	15	82	22	39	77	51	82	66	36
	22	98	18	74	63	64	85	96	88	88	15	68
	24	98	49	34	92	89	63	88	66	11	14	36
	90	60	49	90	59	60	70	79	80	71	39	96
	14	35	29	32	56	15	41	16	52	88	98	66
	23	37	79	22	38	31	16	50	54	68	70	30
	98	24	17	50	27	27	60	33	22	82	69	43
	84	48	11	40	67	88	62	89	49	58	87	70
	27	48	68	25	55	17	48	92	40	78	47	66
	42	14	10	27	51	59	61	54	56	34	59	24
	81	50	57	65	47	74	96	11	68	77	53	62
	58	35	93	21	50	76	17	82	99	95	94	84
	25	97	47	51	84	52	79	53	31	45	90	32
	90	92	94	81	29	43	42	50	86	89	70	32
	61	73	51	76	75	19	46	78	48	39	14	66
	18	68	97	28	32	47	27	72	78	21	81	40
	66	92	23	75	63	63	14	29	74	67	29	72
	77	86	36	30	20	74	46	96	68	63	25	29
	14	93	45	29	28	56	40	47	21	14	17	31
	36	27	41	25	42	47	91	11	62	55	54	62
	79	44	46	42	91	93	73	66	13	25	17	71
	14	88	97	43	18	47	37	66	62	90	91	38
	34	53	81	91	15	58	53	97	79	25	20	38
	73	15	11	35	46	57	100	89	54	43	88	48

