***** PARAMETERS PRP *****

Number of Customers = 30
Number of Products = 10
Number of Vehicles = 5
Number of Periods = 12

B = Production capacity
	49152

b_p = Time required to produce item p
 	1	1	1	1	1	1	1	1	1	1

c_p = Production cost of item p
 	30	80	80	80	30	80	30	80	30	30

s_p = Setup cost of item p
 	300	800	800	800	300	800	300	800	300	300

M = Big number
	196606

U_pi = Maximum inventory upper bound of item p at site i
 	196606	215	159	167	163	295	320	234	128	174	338	308	184	200	179	199	192	121	242	154	126	196	121	225	214	149	308	187	288	231	111
	196606	227	305	234	185	117	241	156	209	153	325	96	225	203	100	273	87	102	267	93	197	213	110	127	150	208	229	148	152	86	114
	196606	219	235	211	250	75	110	210	94	230	133	151	134	208	253	228	123	109	113	104	81	289	143	130	204	232	289	223	334	255	225
	196606	105	243	227	301	113	83	104	145	311	159	283	248	110	193	134	116	155	224	216	105	172	209	205	195	221	115	259	332	226	103
	196606	73	234	360	89	181	114	117	325	188	183	196	113	261	194	105	99	253	245	201	278	104	107	208	259	167	214	250	113	344	188
	196606	99	267	235	227	162	199	127	152	213	341	112	235	114	237	171	139	350	189	109	181	211	201	107	195	176	112	251	175	156	265
	196606	175	246	194	275	127	174	122	198	245	118	239	176	280	86	249	164	139	288	250	264	301	181	349	194	201	84	265	166	110	262
	196606	96	91	376	140	123	102	122	170	231	122	230	154	125	124	223	197	209	238	194	303	168	330	164	289	151	171	247	110	254	153
	196606	123	279	108	158	96	244	190	161	154	111	213	92	323	228	112	126	311	258	136	208	157	156	224	180	258	199	312	255	192	176
	196606	282	98	287	185	164	130	82	90	156	150	164	125	167	113	230	192	93	116	190	232	181	113	144	295	258	229	233	103	209	86

I_pi0 = Initial inventory of item p at site i
 	0	82	77	84	92	194	165	170	17	73	76	225	173	79	160	93	166	95	238	98	49	56	87	49	146	71	183	166	83	187	81
	0	174	96	34	161	80	217	115	83	134	186	30	74	161	88	185	54	37	101	16	48	154	51	115	121	144	205	125	131	34	100
	0	34	94	55	147	64	91	81	86	187	125	140	95	15	90	201	73	46	66	37	57	200	71	61	126	38	44	30	255	193	202
	0	82	219	78	85	90	72	87	125	84	54	203	129	34	171	81	82	46	44	173	62	89	182	79	93	206	50	139	192	153	45
	0	64	144	150	17	84	38	65	49	52	161	91	79	194	47	79	26	91	129	153	29	49	71	36	187	140	194	13	71	222	128
	0	69	70	186	141	82	172	60	79	177	222	71	200	72	142	134	125	54	170	85	168	16	58	72	155	91	44	169	125	65	66
	0	76	108	47	82	36	84	115	156	54	69	234	42	127	50	233	159	52	57	198	141	68	162	141	58	162	60	28	71	93	174
	0	79	83	94	114	110	80	88	67	37	95	42	13	100	117	187	183	165	21	115	101	151	65	149	207	131	141	51	88	175	137
	0	83	158	50	110	17	176	153	159	103	58	161	91	185	11	76	61	258	257	114	138	26	87	79	87	207	134	103	162	99	149
	0	211	87	86	159	116	58	78	54	155	18	50	82	119	60	107	128	77	64	79	59	166	111	118	37	199	166	217	45	131	77

h_pi = Inventory cost of item p at site i
 	3	0	0	0	0	0	0	0	0	0	0	0	0	0	0	0	0	0	0	0	0	0	0	0	0	0	0	0	0	0	0
	8	0	0	0	0	0	0	0	0	0	0	0	0	0	0	0	0	0	0	0	0	0	0	0	0	0	0	0	0	0	0
	8	0	0	0	0	0	0	0	0	0	0	0	0	0	0	0	0	0	0	0	0	0	0	0	0	0	0	0	0	0	0
	8	0	0	0	0	0	0	0	0	0	0	0	0	0	0	0	0	0	0	0	0	0	0	0	0	0	0	0	0	0	0
	3	0	0	0	0	0	0	0	0	0	0	0	0	0	0	0	0	0	0	0	0	0	0	0	0	0	0	0	0	0	0
	8	0	0	0	0	0	0	0	0	0	0	0	0	0	0	0	0	0	0	0	0	0	0	0	0	0	0	0	0	0	0
	3	0	0	0	0	0	0	0	0	0	0	0	0	0	0	0	0	0	0	0	0	0	0	0	0	0	0	0	0	0	0
	8	0	0	0	0	0	0	0	0	0	0	0	0	0	0	0	0	0	0	0	0	0	0	0	0	0	0	0	0	0	0
	3	0	0	0	0	0	0	0	0	0	0	0	0	0	0	0	0	0	0	0	0	0	0	0	0	0	0	0	0	0	0
	3	0	0	0	0	0	0	0	0	0	0	0	0	0	0	0	0	0	0	0	0	0	0	0	0	0	0	0	0	0	0

C = Vehicle capacity
	3760

f = Fixed transportation cost
	27900

a_ik = Transportation cost for traveling from node i to node k
 	0	300	444	461	435	660	603	216	673	595	277	227	158	154	516	100	571	444	613	534	76	174	523	548	517	451	109	229	110	387	154
	300	0	168	318	149	566	391	196	464	383	347	501	359	196	279	206	353	380	406	256	368	325	353	455	447	157	211	395	258	206	397
	444	168	0	231	30	468	240	364	310	232	513	659	524	362	126	360	202	332	257	91	502	492	236	371	380	58	370	562	372	142	559
	461	318	231	0	257	250	167	488	225	162	637	687	593	455	156	417	151	116	170	253	490	579	67	143	150	288	439	651	356	112	609
	435	149	30	257	0	497	269	342	338	262	490	645	507	344	155	348	231	355	286	108	496	474	265	398	405	32	356	543	369	162	544
	660	566	468	250	497	0	281	727	269	285	871	873	807	687	360	639	303	217	267	463	667	802	234	116	144	525	663	872	551	361	813
	603	391	240	167	269	281	0	583	74	9	735	829	718	566	115	542	39	267	18	198	641	696	103	230	264	289	560	768	504	216	742
	216	196	364	488	342	727	583	0	656	575	153	346	187	66	474	134	545	521	597	449	290	143	534	612	594	343	113	205	255	382	238
	673	464	310	225	338	269	74	656	0	82	809	900	790	639	186	615	112	310	61	257	709	769	158	249	290	356	633	841	573	288	814
	595	383	232	162	262	285	9	575	82	0	727	822	710	558	107	535	31	264	25	192	635	688	100	230	263	282	552	760	498	209	734
	277	347	513	637	490	871	735	153	809	727	0	290	149	185	626	242	698	660	750	596	334	108	685	756	735	488	216	106	358	533	200
	227	501	659	687	645	873	829	346	900	822	290	0	161	311	740	299	797	660	839	749	207	210	749	765	731	657	290	186	331	613	109
	158	359	524	593	507	807	718	187	790	710	149	161	0	163	618	177	683	591	730	613	197	50	650	693	665	514	158	72	261	503	56
	154	196	362	455	344	687	566	66	639	558	185	311	163	0	462	70	529	476	579	451	229	132	507	572	551	351	48	204	192	356	205
	516	279	126	156	155	360	115	474	186	107	626	740	618	462	0	446	77	271	132	104	563	593	130	278	298	177	461	665	426	137	647
	100	206	360	417	348	639	542	134	615	535	242	299	177	70	446	0	508	425	554	451	173	163	474	524	499	361	26	235	123	327	202
	571	353	202	151	231	303	39	545	112	31	698	797	683	529	77	508	0	260	55	166	612	660	96	238	268	252	525	732	475	184	708
	444	380	332	116	355	217	267	521	310	264	660	660	591	476	271	425	260	0	265	366	455	586	165	106	75	386	449	656	335	194	597
	613	406	257	170	286	267	18	597	61	25	750	839	730	579	132	554	55	265	0	216	650	708	104	221	257	306	572	781	513	228	753
	534	256	91	253	108	463	198	449	257	192	596	749	613	451	104	451	166	366	216	0	591	581	234	381	400	110	461	650	459	199	649
	76	368	502	490	496	667	641	290	709	635	334	207	197	229	563	173	612	455	650	591	0	227	555	561	525	514	184	268	138	430	171
	174	325	492	579	474	802	696	143	769	688	108	210	50	132	593	163	660	586	708	581	227	0	633	687	661	479	141	73	266	484	105
	523	353	236	67	265	234	103	534	158	100	685	749	650	507	130	474	96	165	104	234	555	633	0	149	174	293	494	705	420	152	668
	548	455	371	143	398	116	230	612	249	230	756	765	693	572	278	524	238	106	221	381	561	687	149	0	46	428	548	757	439	252	701
	517	447	380	150	405	144	264	594	290	263	735	731	665	551	298	499	268	75	257	400	525	661	174	46	0	437	524	731	408	251	670
	451	157	58	288	32	525	289	343	356	282	488	657	514	351	177	361	252	386	306	110	514	479	293	428	437	0	367	546	391	194	554
	109	211	370	439	356	663	560	113	633	552	216	290	158	48	461	26	525	449	572	461	184	141	494	548	524	367	0	213	148	346	189
	229	395	562	651	543	872	768	205	841	760	106	186	72	204	665	235	732	656	781	650	268	73	705	757	731	546	213	0	330	557	108
	110	258	372	356	369	551	504	255	573	498	358	331	261	192	426	123	475	335	513	459	138	266	420	439	408	391	148	330	0	293	263
	387	206	142	112	162	361	216	382	288	209	533	613	503	356	137	327	184	194	228	199	430	484	152	252	251	194	346	557	293	0	526
	154	397	559	609	544	813	742	238	814	734	200	109	56	205	647	202	708	597	753	649	171	105	668	701	670	554	189	108	263	526	0

coordXY = Coordinates (x,y): line zero => x line one => y column => customers
 	388	132	75	265	62	391	134	175	125	134	184	473	326	235	110	293	129	380	143	19	463	278	224	363	396	32	280	288	385	213	381
	257	413	571	701	544	916	803	222	876	795	70	47	112	247	691	285	765	700	818	642	253	123	753	804	773	533	263	51	366	602	104

d_pit = Demand of item p at customer i in period t
 	22	60	79	86	58	30	75	36	41	36	76	46
	77	95	55	69	71	96	44	50	13	32	10	24
	17	67	40	15	55	26	41	95	75	87	87	63
	92	30	25	60	23	71	73	73	89	56	41	19
	64	91	39	39	19	61	67	100	49	90	28	62
	89	76	86	96	61	96	21	91	90	84	83	86
	54	52	64	83	21	81	21	75	43	17	94	98
	17	46	67	28	23	73	50	63	11	29	10	94
	73	19	13	34	72	42	94	76	54	37	95	85
	76	91	72	80	28	26	50	91	88	83	34	91
	50	85	90	91	55	81	26	87	40	80	31	22
	33	55	66	19	66	91	17	93	77	92	83	42
	79	75	73	89	53	93	50	36	88	63	82	17
	64	34	62	75	71	67	78	48	32	61	71	51
	93	71	79	59	27	13	44	62	60	54	16	19
	56	87	23	65	96	13	22	42	32	78	22	39
	95	59	59	24	29	13	80	64	29	77	99	96
	66	83	89	93	65	38	55	49	17	87	37	48
	37	61	92	74	16	75	62	38	74	11	26	48
	16	33	85	48	85	12	10	10	89	87	18	10
	45	11	96	11	84	72	79	98	71	78	97	40
	87	16	78	49	43	77	91	64	80	60	72	11
	49	72	70	17	20	59	20	44	96	69	11	13
	34	35	64	13	65	41	82	26	25	72	35	21
	11	60	84	77	37	51	13	11	17	90	98	48
	100	28	55	79	46	16	73	86	43	67	66	79
	17	61	88	86	30	24	36	31	46	51	50	40
	83	29	55	29	66	66	89	61	39	43	81	49
	57	59	71	35	43	95	24	15	52	74	90	79
	13	68	67	20	39	13	49	25	22	61	20	47

	40	91	43	25	72	47	25	89	74	88	63	24
	85	11	17	89	86	94	69	60	82	27	21	90
	19	15	59	61	50	80	93	55	71	32	74	94
	60	45	56	76	23	55	69	27	14	90	20	21
	47	33	89	65	60	18	26	98	43	39	96	88
	29	93	95	82	58	38	21	94	54	14	54	91
	30	21	64	97	53	79	37	53	33	95	47	13
	13	70	68	89	26	83	71	13	48	42	31	74
	50	84	52	19	71	32	23	100	27	42	73	40
	76	22	88	75	39	98	71	78	84	27	91	32
	30	13	44	69	10	59	43	54	37	77	46	94
	74	53	57	10	18	74	30	94	56	25	24	24
	67	94	43	89	76	19	27	20	47	64	40	22
	60	11	17	47	23	77	64	62	60	77	74	25
	92	93	12	10	11	42	98	40	80	96	40	42
	54	52	29	53	73	26	71	17	35	73	21	17
	37	82	47	10	87	65	98	27	14	41	47	54
	53	48	19	15	71	21	84	87	58	71	96	17
	16	58	95	18	24	48	53	13	77	30	64	61
	48	58	38	63	92	74	36	40	14	52	13	63
	56	98	89	87	30	49	81	48	86	89	75	63
	51	68	75	64	72	75	46	79	12	53	17	48
	89	26	54	14	77	42	19	19	97	38	15	17
	30	91	86	15	33	63	79	20	43	58	71	12
	49	95	91	27	40	74	11	22	53	55	50	56
	95	44	66	50	77	33	37	17	18	31	58	23
	31	94	24	73	11	30	41	75	55	16	55	85
	37	94	50	81	81	60	13	17	83	18	58	17
	34	57	29	24	29	31	51	29	46	39	84	61
	66	34	14	11	95	79	82	60	59	60	78	46

	19	15	71	89	30	59	24	39	70	12	46	51
	94	40	50	29	50	59	37	22	96	58	82	87
	13	42	66	91	28	39	17	69	85	61	80	41
	80	67	22	84	11	66	30	42	93	81	93	81
	64	53	77	19	13	19	11	99	12	34	41	10
	91	21	35	83	77	76	35	20	26	75	86	35
	81	30	74	20	86	24	56	85	52	93	20	10
	21	65	43	38	39	72	49	95	13	17	26	85
	36	80	61	10	76	64	84	45	69	14	76	76
	27	98	86	33	14	72	77	84	85	78	97	47
	83	57	34	28	34	92	11	85	42	28	62	46
	35	60	63	23	45	25	49	19	55	78	71	13
	15	100	14	96	71	16	78	54	52	55	28	45
	39	51	21	74	20	86	28	81	24	85	70	27
	22	44	95	40	70	23	29	52	50	17	55	49
	73	90	24	46	31	71	88	38	97	61	98	18
	32	14	86	62	65	33	87	72	89	25	37	53
	66	49	73	79	28	12	94	38	53	74	99	12
	18	19	75	27	33	22	39	49	37	27	44	24
	39	18	79	24	29	17	64	39	30	31	35	81
	46	95	12	47	34	71	63	88	51	70	91	26
	19	52	73	56	50	48	27	33	34	33	66	80
	32	29	55	58	42	50	15	21	54	35	99	31
	54	36	36	93	75	46	30	19	99	87	22	14
	38	68	64	51	76	69	29	88	93	17	85	19
	44	51	53	39	86	50	67	25	49	58	96	75
	30	82	59	51	13	48	21	60	27	78	52	14
	75	89	32	59	50	65	63	90	72	65	89	52
	58	71	64	91	26	15	11	76	30	61	35	74
	26	25	83	68	52	21	15	16	53	14	89	79

	10	54	18	61	71	93	42	98	46	26	84	25
	85	78	56	95	40	54	32	79	79	39	56	35
	35	43	27	68	38	98	48	56	81	70	46	72
	85	12	84	62	42	51	38	67	94	53	61	74
	22	68	73	74	36	98	43	60	46	35	61	60
	72	65	50	34	30	29	14	23	21	41	48	72
	87	95	23	21	30	22	11	85	10	85	70	87
	42	83	41	60	52	22	50	13	60	64	12	79
	45	39	93	77	70	68	12	85	83	86	73	16
	54	89	35	95	28	32	51	96	13	35	53	54
	44	21	51	87	92	33	33	94	86	67	54	16
	61	68	22	60	57	36	25	23	89	72	63	18
	34	42	59	79	36	90	32	26	94	22	79	68
	67	68	15	21	58	81	31	71	21	11	95	41
	12	69	36	38	35	18	40	60	67	25	61	74
	82	81	47	69	81	75	50	47	58	13	28	65
	14	32	36	48	21	64	75	99	66	32	42	90
	13	31	73	11	49	63	70	97	94	66	87	19
	65	41	17	50	75	55	61	35	19	35	47	19
	62	88	40	19	74	14	51	18	90	20	68	84
	68	21	13	73	13	64	93	98	54	87	67	38
	25	86	71	65	35	40	27	43	59	63	23	89
	79	95	97	72	30	20	98	69	48	80	74	59
	93	82	80	54	68	32	63	28	53	76	55	95
	98	60	48	80	36	84	18	25	70	14	38	93
	50	80	83	41	78	36	72	45	68	83	26	28
	35	66	38	53	16	17	50	89	72	65	86	35
	71	22	99	76	35	36	97	78	77	83	26	96
	31	55	27	40	58	57	49	96	82	54	70	58
	45	74	69	14	50	73	12	77	82	11	27	83

	24	40	71	34	12	45	97	27	33	15	27	11
	47	31	66	16	29	26	93	82	61	34	60	16
	59	91	64	92	87	66	43	89	71	66	97	40
	17	67	17	92	38	41	39	15	24	96	14	71
	84	64	83	22	28	37	63	84	63	72	71	54
	38	77	66	71	34	84	91	68	16	46	78	17
	65	68	87	86	48	12	94	54	19	36	96	39
	49	76	35	84	67	78	57	59	34	97	84	59
	11	41	15	83	30	39	42	77	96	61	11	58
	69	92	51	63	91	62	53	93	37	52	54	14
	75	16	53	20	21	26	30	91	45	39	83	88
	79	14	25	55	85	78	62	35	47	40	89	71
	86	20	88	41	36	36	97	85	67	22	28	21
	47	32	32	17	40	65	81	92	23	79	61	13
	79	78	70	80	81	59	18	52	12	62	16	24
	26	99	19	22	82	66	12	52	11	97	67	39
	60	31	68	20	53	11	52	94	94	33	80	11
	32	97	33	38	90	74	95	67	16	83	98	11
	63	17	73	50	53	38	79	18	15	96	14	87
	29	68	95	89	11	51	22	29	63	98	87	26
	49	59	80	66	79	16	67	39	79	13	39	40
	71	89	30	64	92	24	92	25	23	20	22	91
	36	81	32	27	33	14	83	74	64	87	33	60
	40	10	64	73	32	38	54	38	77	61	70	64
	43	97	95	53	59	12	46	16	13	86	69	80
	83	99	12	78	98	93	56	83	90	11	70	82
	13	58	78	61	20	59	94	46	17	62	38	55
	71	90	76	31	16	54	19	63	75	69	17	95
	72	59	60	31	77	96	94	78	55	97	37	70
	11	53	38	26	70	94	76	49	51	21	45	31

	69	45	74	18	40	69	26	66	61	32	84	11
	70	89	15	92	85	59	91	31	12	10	30	56
	59	58	69	51	46	39	83	24	65	63	70	78
	28	57	44	12	64	79	22	73	53	86	83	79
	82	27	16	79	100	43	10	23	93	58	78	40
	86	86	82	100	67	56	95	68	57	10	16	71
	60	84	79	59	90	23	86	32	71	41	55	83
	29	50	100	14	22	28	76	48	45	53	88	53
	92	18	45	22	98	68	68	17	95	18	84	15
	60	65	73	24	58	83	82	39	76	94	93	71
	22	49	35	88	64	59	93	22	99	29	16	93
	72	69	59	58	24	48	87	86	50	41	22	89
	72	77	41	38	14	83	51	60	41	70	37	99
	96	21	25	73	92	48	78	35	53	96	45	50
	90	44	80	68	41	61	64	45	51	10	58	71
	97	13	15	11	72	99	51	12	14	65	34	73
	54	80	82	61	50	58	54	64	84	90	94	70
	77	78	15	50	18	72	26	48	81	56	15	31
	85	54	90	15	11	50	75	34	100	20	24	98
	68	100	60	91	58	42	56	25	91	17	97	17
	16	95	29	96	65	34	12	60	81	89	29	28
	34	24	59	34	98	45	74	58	25	50	69	33
	72	82	20	31	20	10	66	41	59	99	65	76
	14	99	42	11	74	43	79	15	51	68	24	66
	43	48	86	45	42	58	51	78	46	44	72	89
	44	30	65	29	17	52	63	27	17	67	18	18
	90	79	22	43	64	70	59	96	86	81	28	34
	43	82	69	15	97	23	67	43	24	80	69	89
	65	94	12	83	27	52	10	80	16	87	86	13
	66	67	69	47	50	11	83	34	87	34	73	16

	76	100	21	76	53	51	63	28	75	74	22	59
	78	30	98	88	11	98	46	31	100	68	14	76
	47	97	40	84	17	32	82	85	40	97	83	71
	32	50	72	48	19	93	51	46	74	61	61	54
	36	95	60	91	72	74	82	68	36	63	72	12
	19	50	15	75	10	69	66	58	84	31	22	24
	34	81	96	44	44	85	86	87	35	20	74	46
	47	37	72	50	38	80	83	14	38	37	12	87
	42	12	94	72	87	76	88	62	59	26	58	60
	69	95	54	41	57	79	81	54	13	22	59	86
	99	62	73	97	31	59	43	72	31	40	92	17
	42	73	59	95	40	49	72	55	47	70	22	80
	29	77	21	56	35	25	95	15	95	66	82	75
	50	15	84	11	91	50	25	13	10	42	88	37
	58	43	46	86	16	100	96	95	12	33	80	82
	71	88	18	26	16	80	55	47	95	92	52	16
	52	31	61	41	78	38	19	48	41	68	47	32
	57	95	56	44	25	15	12	47	84	79	99	78
	85	18	95	77	64	80	22	97	58	45	49	61
	68	73	83	18	26	34	60	49	38	51	85	48
	68	78	13	16	74	26	82	68	93	98	20	87
	93	49	20	41	22	44	88	65	87	60	96	57
	95	46	59	70	95	65	79	56	82	54	98	39
	58	36	62	22	17	66	23	33	18	66	28	36
	90	72	44	60	18	52	22	22	54	47	84	38
	60	19	60	70	24	75	28	11	66	41	18	32
	28	71	88	20	27	25	85	53	52	39	78	70
	15	56	17	53	42	29	81	75	87	94	75	39
	45	48	75	96	63	32	11	43	74	25	64	81
	80	32	62	66	25	57	28	82	45	41	57	54

	79	78	29	46	23	44	16	43	73	43	11	91
	83	33	41	17	27	73	33	56	62	13	89	18
	94	80	73	90	71	65	21	94	86	90	96	42
	86	28	22	46	36	83	96	74	25	17	11	36
	24	86	63	52	58	53	96	86	50	15	67	85
	80	66	83	25	16	42	88	76	10	18	70	36
	27	37	24	81	92	18	85	60	34	87	86	99
	18	49	19	64	64	36	69	54	49	29	39	19
	16	21	97	73	35	44	63	95	38	86	42	83
	95	89	66	70	63	62	52	21	67	98	18	31
	22	20	82	14	14	91	92	45	59	96	93	63
	13	11	97	41	74	29	31	66	30	100	65	58
	35	65	31	39	40	96	91	48	61	89	90	62
	81	36	50	95	58	25	73	33	76	76	49	89
	25	65	46	51	52	10	21	32	44	80	57	53
	20	90	73	64	43	85	21	87	94	74	69	68
	90	75	53	73	62	62	78	82	94	55	66	46
	21	75	48	52	97	77	91	29	93	98	16	16
	43	72	97	47	47	19	70	37	98	56	90	99
	44	57	70	16	85	76	40	11	59	78	93	97
	53	98	92	36	32	55	48	51	48	37	34	88
	65	27	81	92	74	89	48	40	77	56	97	45
	55	94	44	41	53	35	62	61	40	96	22	54
	87	41	79	40	43	71	66	53	56	84	55	18
	78	53	19	58	45	67	86	50	99	16	12	20
	73	12	56	21	82	56	57	55	89	91	68	25
	21	30	11	99	98	74	81	84	99	38	48	57
	88	58	56	55	53	41	26	17	13	63	94	97
	18	63	94	32	98	15	43	51	26	30	69	71
	39	29	69	47	36	98	60	39	42	30	99	23

	46	37	91	86	56	94	38	52	73	23	95	45
	92	66	51	22	31	64	24	69	24	62	88	77
	50	36	78	23	90	96	31	41	72	30	27	74
	85	25	75	89	14	35	93	12	38	87	45	33
	17	86	87	54	51	35	10	75	50	15	16	79
	72	50	54	74	40	70	90	94	17	58	63	49
	37	77	39	77	68	38	60	91	86	41	51	95
	89	70	78	11	94	19	33	25	83	42	83	16
	27	48	11	17	66	76	56	75	56	60	33	91
	58	95	50	39	44	81	91	20	40	91	49	10
	95	66	98	45	13	10	11	28	99	60	29	85
	45	46	48	33	96	95	36	14	30	46	22	42
	88	97	54	75	86	15	77	15	90	72	31	75
	11	35	69	94	69	83	59	86	32	92	15	39
	76	59	56	77	42	67	13	20	87	76	33	68
	61	58	83	93	80	17	13	99	68	89	49	43
	86	27	49	96	76	43	57	21	66	80	87	59
	100	74	83	87	39	31	64	84	27	74	53	59
	75	39	40	37	77	82	81	53	77	89	94	69
	14	89	35	14	31	65	66	34	91	95	63	26
	26	49	20	29	47	85	84	96	65	10	34	83
	87	99	72	85	21	36	33	79	24	19	28	41
	36	43	40	53	99	25	55	46	86	82	80	28
	87	23	94	61	26	36	55	93	54	38	82	71
	62	53	50	42	39	98	19	94	37	12	78	35
	24	41	35	34	34	41	33	21	20	38	94	63
	25	78	98	69	47	80	76	29	24	74	52	97
	79	83	32	55	43	58	30	31	32	47	41	82
	11	88	62	18	13	14	35	80	85	51	85	34
	44	12	75	18	18	45	45	14	69	51	46	90

	40	64	29	78	42	42	95	56	76	42	98	15
	42	11	34	48	71	26	61	21	94	97	47	34
	86	19	89	69	32	92	86	67	19	55	22	52
	36	55	68	81	83	88	13	23	55	97	83	59
	47	14	55	85	64	80	96	99	49	14	10	42
	45	13	90	87	34	43	45	15	45	27	13	61
	35	43	11	27	68	23	56	44	31	32	52	69
	34	20	44	19	98	62	25	53	28	66	52	40
	98	57	72	33	54	57	74	30	11	18	57	64
	18	95	88	19	32	27	73	19	82	61	23	61
	50	24	45	54	100	66	15	90	99	30	66	17
	29	53	52	79	20	98	45	43	79	79	87	83
	32	72	15	83	96	42	11	35	76	43	84	79
	60	72	83	95	21	59	49	39	52	34	81	31
	63	44	77	50	18	28	72	77	69	68	52	72
	55	36	21	16	98	44	48	52	54	95	11	47
	77	62	21	42	31	87	60	38	37	22	47	33
	18	46	87	75	83	73	62	39	65	99	39	11
	13	52	14	78	100	99	70	76	75	88	75	18
	59	89	10	40	20	76	60	60	66	78	43	94
	44	49	73	57	54	41	81	94	41	96	65	30
	83	28	50	37	55	14	90	34	79	69	94	43
	34	84	55	53	16	77	41	86	23	60	10	37
	37	29	84	34	94	35	69	67	44	30	86	100
	49	81	69	94	20	60	28	70	24	99	92	89
	16	20	77	53	96	55	95	94	31	41	11	99
	76	45	14	82	37	78	58	17	48	13	62	28
	45	60	48	36	21	71	20	85	66	34	45	87
	98	33	97	45	98	70	54	99	17	39	100	84
	17	60	17	33	78	37	96	34	12	21	93	15

