***** PARAMETERS PRP *****

Number of Customers = 30
Number of Products = 10
Number of Vehicles = 5
Number of Periods = 12

B = Production capacity
	50195

b_p = Time required to produce item p
 	1	1	1	1	1	1	1	1	1	1

c_p = Production cost of item p
 	30	30	30	30	30	80	30	30	30	80

s_p = Setup cost of item p
 	300	300	300	300	300	800	300	300	300	800

M = Big number
	200781

U_pi = Maximum inventory upper bound of item p at site i
 	200781	267	238	276	194	370	137	195	248	194	223	175	231	119	245	244	136	279	221	149	176	120	250	371	194	97	224	144	105	298	122
	200781	265	187	183	283	166	213	155	242	216	174	248	334	135	128	272	129	193	270	139	224	254	122	238	149	323	275	103	87	106	169
	200781	121	247	155	162	181	233	207	228	99	238	201	279	81	89	164	180	185	133	138	175	131	118	182	175	97	250	263	273	119	227
	200781	141	159	188	292	181	196	271	111	254	263	194	88	205	154	106	103	175	157	163	204	218	226	236	152	221	190	114	238	117	194
	200781	97	311	111	218	281	108	209	115	185	186	261	183	320	199	285	120	193	315	299	174	232	166	320	123	283	163	169	186	191	208
	200781	200	244	157	229	269	105	101	335	234	189	236	238	293	312	118	86	214	180	102	227	172	121	172	180	106	248	305	327	266	253
	200781	232	205	186	100	95	164	160	133	295	134	204	136	122	90	199	210	287	233	192	317	273	175	116	180	97	278	288	161	99	174
	200781	270	240	232	264	186	123	164	174	175	241	232	282	322	309	202	119	205	274	218	132	100	162	308	318	223	159	349	297	335	345
	200781	291	175	165	271	103	107	186	170	192	145	184	130	188	237	173	165	247	254	104	215	303	241	275	293	103	186	278	137	115	168
	200781	108	193	166	115	129	162	214	291	167	180	102	106	187	109	175	194	105	280	323	168	166	133	287	285	294	330	254	222	141	220

I_pi0 = Initial inventory of item p at site i
 	0	99	194	247	155	333	119	19	204	15	209	162	208	73	218	181	135	106	162	107	147	93	55	240	108	90	203	55	60	82	96
	0	76	95	121	68	108	188	149	239	211	101	44	299	78	105	146	117	115	21	20	205	111	41	188	79	150	68	94	86	96	99
	0	92	166	153	143	76	139	197	115	50	59	174	246	31	61	113	160	140	119	76	124	113	83	135	141	44	191	79	78	88	127
	0	73	126	84	235	94	195	160	51	222	251	157	30	48	63	19	69	123	49	99	138	141	91	168	144	148	97	67	73	80	188
	0	62	241	59	145	208	95	169	71	121	17	133	128	174	176	195	92	82	180	167	21	219	108	159	115	155	49	77	162	108	38
	0	163	94	11	73	184	61	57	64	183	151	144	38	201	228	103	36	64	53	67	16	58	95	161	163	25	93	148	158	188	150
	0	86	61	149	96	82	110	52	26	178	134	11	99	110	82	109	125	17	213	152	138	46	128	101	85	84	103	276	86	42	30
	0	246	11	191	252	72	87	43	87	105	153	102	233	157	213	47	61	143	152	83	78	100	24	169	88	168	156	313	197	201	63
	0	121	86	108	213	88	79	57	85	131	123	113	97	148	225	51	81	196	244	47	59	166	43	122	127	65	115	145	73	52	140
	0	72	104	77	48	122	100	154	33	156	121	37	94	130	93	161	164	11	96	252	71	96	80	137	240	202	92	187	150	91	146

h_pi = Inventory cost of item p at site i
 	3	0	0	0	0	0	0	0	0	0	0	0	0	0	0	0	0	0	0	0	0	0	0	0	0	0	0	0	0	0	0
	3	0	0	0	0	0	0	0	0	0	0	0	0	0	0	0	0	0	0	0	0	0	0	0	0	0	0	0	0	0	0
	3	0	0	0	0	0	0	0	0	0	0	0	0	0	0	0	0	0	0	0	0	0	0	0	0	0	0	0	0	0	0
	3	0	0	0	0	0	0	0	0	0	0	0	0	0	0	0	0	0	0	0	0	0	0	0	0	0	0	0	0	0	0
	3	0	0	0	0	0	0	0	0	0	0	0	0	0	0	0	0	0	0	0	0	0	0	0	0	0	0	0	0	0	0
	8	0	0	0	0	0	0	0	0	0	0	0	0	0	0	0	0	0	0	0	0	0	0	0	0	0	0	0	0	0	0
	3	0	0	0	0	0	0	0	0	0	0	0	0	0	0	0	0	0	0	0	0	0	0	0	0	0	0	0	0	0	0
	3	0	0	0	0	0	0	0	0	0	0	0	0	0	0	0	0	0	0	0	0	0	0	0	0	0	0	0	0	0	0
	3	0	0	0	0	0	0	0	0	0	0	0	0	0	0	0	0	0	0	0	0	0	0	0	0	0	0	0	0	0	0
	8	0	0	0	0	0	0	0	0	0	0	0	0	0	0	0	0	0	0	0	0	0	0	0	0	0	0	0	0	0	0

C = Vehicle capacity
	3710

f = Fixed transportation cost
	30349

a_ik = Transportation cost for traveling from node i to node k
 	0	348	122	169	395	411	240	263	176	487	491	241	177	340	427	531	449	336	515	466	506	372	307	176	276	279	176	393	285	399	336
	348	0	466	281	109	751	491	601	318	817	239	566	309	430	769	877	741	14	299	804	846	213	47	172	594	605	511	659	65	386	286
	122	466	0	276	516	290	258	181	272	403	611	186	276	413	305	422	401	455	632	345	408	489	427	296	224	214	119	371	405	492	443
	169	281	276	0	281	556	211	351	39	550	348	305	30	200	568	633	462	267	360	612	589	219	235	150	326	343	266	379	220	234	168
	395	109	516	281	0	805	485	627	313	830	131	584	304	382	821	908	735	107	190	860	868	128	112	228	607	622	539	647	133	314	221
	411	751	290	556	805	0	456	257	544	323	899	312	549	648	24	224	431	740	915	57	271	773	713	583	328	300	306	467	691	747	717
	240	491	258	211	485	456	0	204	175	355	529	147	184	197	460	466	252	477	521	509	407	397	444	344	147	172	161	170	429	307	311
	263	601	181	351	627	257	204	0	327	226	697	57	334	400	259	283	231	588	701	308	246	566	557	431	74	49	90	228	537	506	493
	176	318	272	39	313	544	175	327	0	519	371	279	10	172	554	608	426	305	376	600	561	239	272	187	297	315	246	342	258	224	174
	487	817	403	550	830	323	355	226	519	0	883	251	528	534	308	162	160	804	875	346	78	751	771	650	224	212	312	245	753	650	665
	491	239	611	348	131	899	529	697	371	883	0	649	363	382	912	978	770	238	69	954	930	133	241	341	665	685	614	675	259	283	223
	241	566	186	305	584	312	147	57	279	251	649	0	287	343	315	331	217	553	650	364	284	517	521	400	39	40	70	192	502	450	441
	177	309	276	30	304	549	184	334	10	528	363	287	0	176	560	616	435	295	369	605	570	232	263	179	306	323	253	351	249	223	169
	340	430	413	200	382	648	197	400	172	534	382	343	176	0	654	658	400	418	356	703	594	264	389	343	342	368	344	303	383	117	165
	427	769	305	568	821	24	460	259	554	308	912	315	560	654	0	203	422	758	927	50	252	786	730	600	328	300	314	462	708	755	728
	531	877	422	633	908	224	466	283	608	162	978	331	616	658	203	0	317	864	979	224	84	847	834	705	320	296	370	393	813	771	770
	449	741	401	462	735	431	252	231	426	160	770	217	435	400	422	317	0	727	753	468	236	641	694	587	179	189	287	98	678	516	548
	336	14	455	267	107	740	477	588	305	804	238	553	295	418	758	864	727	0	296	793	833	205	33	160	581	592	498	646	52	376	274
	515	299	632	360	190	915	521	701	376	875	69	650	369	356	927	979	753	296	0	971	926	144	294	379	662	684	621	657	310	247	211
	466	804	345	612	860	57	509	308	600	346	954	364	605	703	50	224	468	793	971	0	285	829	767	637	378	349	362	511	745	803	773
	506	846	408	589	868	271	407	246	561	78	930	284	570	594	252	84	236	833	926	285	0	798	802	676	266	247	335	316	782	709	716
	372	213	489	219	128	773	397	566	239	751	133	517	232	264	786	847	641	205	144	829	798	0	189	243	533	553	483	548	198	186	100
	307	47	427	235	112	713	444	557	272	771	241	521	263	389	730	834	694	33	294	767	802	189	0	132	548	560	467	613	23	352	250
	176	172	296	150	228	583	344	431	187	650	341	400	179	343	600	705	587	160	379	637	676	243	132	0	430	438	341	513	110	348	254
	276	594	224	326	607	328	147	74	297	224	665	39	306	342	328	320	179	581	662	378	266	533	548	430	0	29	109	157	530	453	452
	279	605	214	343	622	300	172	49	315	212	685	40	323	368	300	296	189	592	684	349	247	553	560	438	29	0	105	180	541	478	474
	176	511	119	266	539	306	161	90	246	312	614	70	253	344	314	370	287	498	621	362	335	483	467	341	109	105	0	253	447	442	417
	393	659	371	379	647	467	170	228	342	245	675	192	351	303	462	393	98	646	657	511	316	548	613	513	157	180	253	0	599	419	453
	285	65	405	220	133	691	429	537	258	753	259	502	249	383	708	813	678	52	310	745	782	198	23	110	530	541	447	599	0	353	251
	399	386	492	234	314	747	307	506	224	650	283	450	223	117	755	771	516	376	247	803	709	186	352	348	453	478	442	419	353	0	102
	336	286	443	168	221	717	311	493	174	665	223	441	169	165	728	770	548	274	211	773	716	100	250	254	452	474	417	453	251	102	0

coordXY = Coordinates (x,y): line zero => x line one => y column => customers
 	97	55	77	218	154	28	328	218	247	350	263	250	242	417	43	223	442	63	331	7	291	267	80	80	285	265	192	441	75	423	323
	532	877	412	649	922	127	470	299	624	116	994	346	632	645	109	17	246	866	990	75	65	862	838	707	330	310	385	343	816	761	780

d_pit = Demand of item p at customer i in period t
 	99	70	73	94	96	93	31	29	72	16	38	89
	26	93	64	11	29	21	23	53	50	69	34	99
	86	69	92	79	30	38	56	11	18	21	73	90
	36	12	85	22	42	45	62	38	74	81	23	62
	63	98	80	92	21	96	60	90	56	76	89	66
	17	17	85	76	15	72	51	44	14	40	56	59
	19	68	22	57	68	92	32	98	66	75	89	93
	92	99	13	88	84	11	13	49	78	23	22	24
	15	87	62	60	97	55	13	15	39	62	38	39
	46	82	81	28	84	68	29	75	22	30	40	83
	82	61	19	48	85	71	91	13	69	99	27	34
	56	97	55	88	28	85	51	17	60	88	15	52
	29	44	69	78	60	17	77	72	96	77	55	38
	43	83	63	29	39	20	48	88	56	19	39	60
	50	58	73	50	79	42	25	83	40	39	30	16
	58	77	93	92	76	45	82	65	46	32	66	86
	14	92	99	40	100	67	65	15	40	18	91	28
	93	69	69	90	69	34	40	24	58	27	81	10
	17	36	29	25	80	23	68	87	43	99	23	67
	37	41	69	90	99	39	87	49	61	74	45	13
	15	36	42	86	88	52	76	47	44	86	51	95
	27	28	100	62	56	49	84	34	50	99	84	78
	85	78	77	97	65	85	68	64	76	92	44	59
	70	38	18	73	60	19	90	13	50	17	55	78
	90	61	11	27	75	51	59	25	47	32	92	11
	25	68	55	55	32	54	31	77	19	92	75	90
	55	93	82	98	14	93	46	72	79	94	51	85
	60	32	70	61	44	76	79	18	82	42	54	13
	82	87	80	72	88	96	17	22	73	46	15	37
	96	41	72	74	31	65	58	57	67	15	98	56

	76	50	13	23	90	26	45	97	91	30	48	47
	95	93	35	57	18	70	86	33	69	47	58	87
	45	76	45	14	27	83	14	29	46	20	29	12
	42	26	50	86	20	37	95	92	59	72	64	37
	31	77	89	94	50	20	13	81	81	30	44	52
	75	78	35	32	93	66	34	19	55	24	69	60
	24	77	48	67	43	33	23	26	70	84	71	52
	96	92	35	16	25	87	73	37	76	94	30	65
	57	85	69	25	33	96	51	22	35	78	67	29
	13	88	80	100	65	73	22	65	10	68	56	55
	44	53	36	81	95	87	19	98	40	69	53	69
	60	94	59	86	76	99	54	48	91	33	37	64
	78	54	48	59	60	66	70	90	61	63	99	61
	60	45	69	23	94	44	97	98	99	71	13	55
	72	74	87	48	97	33	94	96	54	60	13	88
	19	98	22	96	71	16	95	50	93	99	30	87
	19	35	29	32	82	14	85	14	34	26	63	31
	21	59	92	60	32	78	24	91	20	38	76	57
	20	29	35	58	44	18	99	77	84	46	22	23
	96	40	31	38	88	36	79	48	71	75	56	13
	21	90	30	32	95	57	95	99	70	10	96	66
	41	81	61	67	60	73	69	20	67	85	81	24
	79	54	35	20	11	65	27	11	83	46	80	59
	79	97	50	99	80	66	95	76	72	81	86	14
	78	42	30	77	88	59	53	77	93	90	60	28
	68	85	99	38	75	39	64	55	95	80	85	43
	94	32	69	11	42	58	11	91	65	39	54	52
	52	23	11	21	13	73	68	84	44	59	38	33
	41	55	96	29	57	56	65	40	47	10	61	78
	26	73	87	62	18	29	36	47	27	33	57	13

	92	87	47	18	88	61	78	39	93	17	36	71
	16	97	53	92	27	40	21	88	11	81	42	25
	27	40	86	67	24	94	43	100	12	90	24	13
	34	66	43	16	39	22	99	63	72	43	80	72
	25	51	90	42	18	25	52	93	47	16	32	53
	55	45	39	64	38	22	42	88	35	94	12	26
	24	74	57	42	37	70	34	70	65	20	98	30
	67	20	28	17	64	47	25	31	42	97	90	18
	35	15	68	50	42	10	27	91	30	99	77	47
	31	28	21	57	86	70	71	64	71	40	92	83
	90	84	84	20	94	50	97	25	41	93	28	97
	26	70	78	72	18	77	58	76	99	56	26	13
	31	38	44	13	32	67	87	59	10	39	26	38
	11	50	73	19	41	77	23	98	44	45	39	11
	98	15	61	67	33	57	47	78	42	64	73	19
	64	81	15	43	76	84	48	57	60	31	63	99
	49	41	50	63	61	85	60	61	96	36	53	83
	35	84	74	97	49	32	90	37	96	81	34	91
	76	70	72	55	72	71	91	41	22	81	85	93
	56	68	93	65	36	35	23	64	40	43	86	91
	19	19	57	18	36	29	44	27	59	57	13	16
	83	55	32	95	66	15	25	89	68	57	62	63
	16	79	40	60	60	33	77	19	34	52	42	35
	47	94	91	15	81	50	65	27	13	77	54	85
	44	90	92	15	81	55	65	13	20	26	53	27
	97	94	99	31	44	62	57	64	46	14	84	58
	79	25	26	51	89	60	85	74	95	97	94	15
	23	55	48	72	21	55	84	14	80	54	58	92
	88	46	90	63	23	11	67	71	26	78	81	71
	23	22	32	50	12	37	59	88	56	25	51	90

	13	60	76	97	95	35	74	97	84	68	77	68
	31	22	73	55	20	46	80	87	20	98	10	95
	84	88	76	67	81	88	17	27	72	48	37	68
	95	85	55	87	94	13	73	46	12	27	75	38
	41	53	95	37	98	45	69	23	65	55	77	67
	69	12	83	31	71	22	26	43	83	92	11	44
	77	83	83	40	15	46	68	22	88	95	16	17
	51	30	15	46	58	16	85	54	68	71	79	91
	60	71	70	21	52	94	31	63	14	58	12	64
	65	60	67	59	63	88	60	67	79	84	84	14
	74	83	36	69	34	33	35	73	21	26	15	83
	30	57	12	10	64	18	82	18	64	55	52	66
	48	34	55	76	82	39	88	23	60	16	76	19
	63	69	92	40	25	41	32	86	64	47	42	14
	19	95	14	89	68	77	11	29	52	32	82	65
	51	18	42	67	40	17	66	41	89	57	62	70
	35	29	59	89	43	60	85	77	43	73	31	76
	49	51	18	49	63	31	72	44	49	56	79	65
	99	31	13	68	69	83	11	81	12	14	79	92
	84	54	48	68	79	83	84	100	43	63	58	50
	25	69	47	73	15	94	37	92	35	41	76	50
	91	64	50	48	39	65	65	54	43	95	50	14
	97	71	90	71	42	40	51	52	16	76	31	72
	52	92	52	89	10	48	44	25	55	19	59	61
	18	64	27	39	33	73	86	47	84	87	19	85
	97	82	87	97	96	58	67	17	15	77	11	57
	67	51	21	22	14	13	63	39	20	39	94	12
	73	76	70	17	67	62	80	19	81	91	46	32
	80	44	76	64	24	24	97	77	25	69	39	80
	79	18	91	18	27	74	68	23	18	56	83	26

	62	64	41	65	11	64	56	22	61	40	19	74
	90	38	17	96	20	80	68	27	77	84	59	91
	59	53	86	54	64	74	12	86	44	20	100	14
	33	34	66	12	43	22	64	50	45	16	48	89
	92	81	35	78	53	65	32	18	49	64	42	66
	95	99	22	72	38	17	60	12	80	47	82	21
	65	28	76	65	32	47	33	68	52	81	54	27
	56	15	64	20	12	13	24	72	50	21	66	46
	42	79	71	68	74	59	55	97	58	100	11	25
	17	35	21	15	96	20	45	75	55	49	53	76
	63	70	55	45	38	48	32	81	70	51	28	46
	77	51	73	23	98	65	73	93	60	54	37	28
	93	81	99	64	45	61	74	45	84	56	25	42
	26	35	21	94	35	57	87	30	97	57	19	39
	49	65	81	47	57	98	40	30	66	18	51	82
	92	87	17	82	58	24	25	64	95	15	99	64
	12	70	22	89	95	54	81	56	33	16	31	19
	45	38	97	52	61	58	66	99	39	64	47	89
	55	58	54	41	77	30	66	98	82	53	49	54
	21	37	98	59	26	97	42	76	87	49	31	74
	41	95	83	80	45	53	17	85	67	83	31	15
	37	71	69	65	95	22	54	55	45	43	22	87
	19	74	66	16	81	67	86	81	76	90	86	25
	65	50	71	62	40	64	97	76	49	45	58	61
	99	56	11	70	96	95	27	53	20	13	63	75
	49	80	82	43	11	40	36	34	71	75	92	37
	23	54	35	49	89	35	81	90	62	43	62	52
	52	82	28	35	73	10	17	44	81	85	35	16
	53	55	14	38	33	22	88	49	69	69	67	15
	38	35	56	40	70	93	85	70	39	25	20	54

	39	48	76	25	35	63	77	75	45	14	17	85
	94	65	43	74	66	91	53	45	71	78	21	31
	11	66	85	27	41	92	81	51	21	43	67	42
	73	65	38	99	91	49	50	25	49	15	69	63
	42	81	61	44	70	17	43	77	85	21	75	30
	61	97	44	67	99	14	41	31	46	59	46	23
	57	64	65	26	23	40	48	86	42	26	58	73
	64	58	57	36	79	63	69	58	46	98	88	88
	79	88	16	34	68	61	60	23	65	84	96	27
	85	66	89	53	29	88	81	55	43	43	96	29
	19	32	93	18	94	35	84	86	84	79	24	61
	38	21	66	98	27	93	59	34	62	95	34	86
	76	64	61	53	85	29	85	78	23	15	44	91
	64	12	60	92	77	84	83	52	85	94	17	28
	17	62	24	70	19	96	53	11	39	30	32	20
	36	72	20	32	14	86	16	22	98	68	40	13
	49	15	12	56	40	30	73	77	28	12	63	58
	23	13	17	46	70	28	100	34	36	34	83	56
	67	55	23	50	94	56	10	16	36	58	84	60
	16	29	44	13	22	96	24	94	33	56	46	72
	58	35	64	93	72	40	55	66	71	58	13	62
	95	87	79	34	80	70	78	30	17	86	36	33
	94	67	53	100	81	39	13	91	11	51	57	32
	96	67	15	81	40	83	83	29	79	98	34	13
	25	86	60	58	20	83	31	94	33	37	57	53
	17	76	54	83	82	29	33	86	71	87	65	60
	82	66	89	16	30	67	90	94	59	32	22	85
	83	75	34	79	67	86	85	48	96	46	23	63
	95	93	94	42	44	51	88	36	42	93	87	34
	40	75	35	94	18	90	82	97	19	73	65	72

	16	70	22	23	55	75	48	67	67	66	24	24
	61	85	61	84	50	85	76	90	72	32	31	92
	61	13	75	68	88	100	72	25	89	83	16	53
	96	39	30	76	45	92	18	52	11	68	28	47
	31	51	37	88	15	48	71	48	19	73	66	23
	92	18	64	83	74	49	27	30	14	91	63	51
	52	27	82	64	37	53	18	94	32	88	77	17
	26	27	14	72	28	57	82	29	17	87	70	22
	96	43	39	91	44	34	74	77	49	20	83	58
	67	67	59	40	39	45	65	69	99	84	81	88
	11	87	36	30	69	17	38	70	33	15	11	72
	30	69	12	86	21	37	12	67	87	37	46	38
	88	22	92	67	86	88	27	59	82	17	39	62
	21	28	33	32	39	72	41	70	54	31	71	45
	73	36	77	78	78	94	82	31	30	77	61	78
	31	42	52	55	79	26	19	44	100	38	79	64
	17	66	99	36	93	99	32	81	23	76	13	54
	67	80	21	45	48	46	14	66	62	27	12	72
	12	65	75	42	12	40	47	26	93	97	49	19
	68	70	68	89	80	91	38	74	15	88	35	44
	22	24	32	98	42	86	14	60	90	41	46	100
	64	64	84	24	39	60	58	76	85	27	36	82
	33	39	29	45	92	99	25	84	87	46	71	43
	49	36	37	51	41	31	93	97	51	59	88	86
	70	14	36	17	75	21	60	18	66	81	66	60
	76	27	54	40	41	67	86	94	76	22	30	53
	88	62	46	80	59	70	14	26	35	38	89	85
	86	54	52	21	79	61	18	71	28	36	70	68
	42	58	93	61	10	20	24	46	45	95	26	73
	30	84	14	62	83	18	96	25	54	90	67	71

	98	84	41	23	96	79	23	20	61	24	68	30
	11	75	99	10	61	35	20	94	72	71	71	100
	78	93	20	72	51	74	45	88	94	41	28	12
	70	94	88	43	79	56	50	57	86	23	91	56
	41	31	98	97	66	54	96	32	42	32	75	78
	12	75	38	32	77	57	65	26	33	28	11	37
	43	38	89	63	57	52	54	45	68	74	33	39
	22	12	53	60	61	82	97	83	26	91	83	27
	47	58	13	53	59	81	12	29	10	100	37	27
	89	13	11	40	47	78	11	45	90	89	18	47
	53	35	14	33	19	49	23	57	48	81	98	46
	94	55	84	33	62	11	72	14	67	28	99	57
	92	65	27	67	62	90	72	64	85	31	82	36
	94	14	59	46	69	70	92	77	59	94	41	26
	47	38	89	50	81	30	100	22	26	13	11	98
	61	95	44	59	91	31	47	31	70	61	73	51
	56	52	35	76	51	79	30	30	74	21	95	17
	29	48	75	19	83	90	78	54	80	94	88	85
	55	28	54	95	54	71	45	25	37	65	91	33
	34	44	88	38	32	10	85	24	52	68	38	16
	100	12	72	35	92	99	14	19	42	20	36	61
	24	14	52	52	89	19	58	48	89	80	66	57
	40	18	34	77	98	92	86	77	79	35	34	70
	88	98	90	14	69	90	37	55	84	59	11	68
	62	30	76	42	60	67	41	78	12	64	94	44
	42	42	34	38	52	89	67	62	42	31	58	77
	91	57	100	65	96	87	80	55	32	55	91	29
	30	75	21	71	57	67	85	91	98	48	38	31
	65	97	39	29	89	64	77	34	98	51	87	75
	63	34	89	69	77	96	72	52	99	51	30	96

	94	27	10	58	91	31	94	32	80	55	30	97
	86	61	48	51	49	37	68	40	81	72	72	33
	56	52	58	53	95	84	49	65	28	46	40	35
	93	39	81	64	99	35	81	63	14	86	59	99
	22	66	97	63	50	11	20	83	52	62	57	32
	29	50	52	84	35	21	83	54	96	59	16	62
	22	35	58	62	34	19	36	75	10	28	11	56
	23	62	92	39	27	45	54	48	32	98	80	78
	66	65	88	75	66	33	61	35	80	36	72	89
	34	89	43	31	26	41	64	50	56	19	53	73
	31	82	42	72	44	74	56	87	86	68	11	83
	24	73	98	60	24	72	30	75	90	93	72	69
	35	61	52	84	67	62	73	40	84	96	72	26
	63	50	81	31	74	74	84	34	48	80	52	39
	51	60	15	90	55	64	27	78	100	53	79	20
	81	75	29	12	77	95	62	43	60	61	24	42
	39	61	11	85	42	87	51	14	37	99	54	12
	73	72	99	29	94	95	89	16	51	48	79	18
	47	80	77	12	100	52	47	11	57	12	87	41
	59	14	75	54	60	74	94	42	26	40	78	29
	68	50	48	23	56	62	97	79	41	62	82	59
	22	21	54	56	73	93	89	88	14	62	72	78
	34	88	91	62	91	38	40	33	12	78	57	36
	78	23	26	82	77	14	93	53	59	97	84	17
	65	50	74	96	59	52	95	52	12	22	27	14
	61	54	60	34	83	86	42	90	65	53	75	42
	48	26	71	38	28	100	78	64	73	64	35	41
	73	53	22	42	45	15	43	23	31	63	54	84
	52	99	95	96	18	82	36	22	91	28	15	56
	75	25	40	58	51	13	25	78	75	38	96	97

	72	65	52	97	32	26	70	83	29	25	23	71
	16	18	70	80	83	82	90	81	99	96	36	22
	24	12	41	98	32	95	53	70	13	15	11	33
	48	90	83	26	43	80	95	17	77	15	66	52
	60	62	46	70	87	34	36	85	85	76	98	35
	52	48	76	92	63	10	21	55	51	94	70	16
	96	48	10	10	43	57	21	82	27	77	12	31
	33	59	49	12	50	82	67	92	49	74	55	77
	14	77	19	46	63	82	20	14	52	23	47	44
	31	90	79	97	55	17	60	30	54	19	98	90
	37	10	72	15	76	89	41	63	49	89	15	57
	58	36	61	79	11	80	77	69	89	11	50	16
	54	25	51	32	74	80	46	74	85	44	96	87
	34	59	97	24	20	16	93	27	68	77	62	74
	61	64	36	55	66	29	38	83	94	83	49	43
	84	80	60	30	55	50	67	81	48	61	79	82
	11	26	69	67	38	56	75	38	63	31	67	87
	33	63	94	37	39	80	37	89	46	81	32	41
	99	74	44	35	45	94	65	100	26	67	74	52
	71	75	72	31	88	83	48	17	12	61	77	36
	96	76	17	40	19	41	92	22	70	55	81	56
	80	96	92	15	60	91	77	34	57	29	73	94
	58	38	41	51	88	73	76	48	42	53	36	85
	21	51	72	96	35	91	12	61	54	73	95	24
	91	50	61	58	47	88	18	58	50	35	55	95
	92	76	42	100	92	43	64	61	14	51	65	91
	94	19	74	76	82	69	46	68	26	74	47	86
	26	11	29	84	76	68	85	18	26	91	76	76
	78	13	69	64	85	20	20	59	32	86	17	22
	75	71	30	49	98	56	40	32	60	27	58	65

