***** PARAMETERS PRP *****

Number of Customers = 30
Number of Products = 10
Number of Vehicles = 5
Number of Periods = 12

B = Production capacity
	49123

b_p = Time required to produce item p
 	1	1	1	1	1	1	1	1	1	1

c_p = Production cost of item p
 	80	30	80	80	80	30	80	80	80	80

s_p = Setup cost of item p
 	800	300	800	800	800	300	800	800	800	800

M = Big number
	196493

U_pi = Maximum inventory upper bound of item p at site i
 	196493	227	105	151	156	172	138	251	150	124	275	109	175	113	255	168	100	213	187	87	155	196	239	141	197	116	112	276	156	101	245
	196493	85	112	126	306	98	205	253	281	281	249	266	167	105	171	169	285	175	271	253	314	245	197	157	118	189	163	114	346	299	184
	196493	285	193	86	287	237	96	242	257	190	110	289	299	184	248	115	264	121	117	220	202	240	151	325	219	217	122	217	251	135	154
	196493	260	115	214	213	283	109	275	264	182	268	315	163	252	172	134	110	163	327	181	148	149	287	107	271	127	116	235	203	142	224
	196493	171	116	161	302	167	213	159	262	163	150	284	280	203	125	242	209	104	110	221	201	236	329	105	271	181	180	126	158	257	293
	196493	125	180	213	133	89	106	140	148	304	328	249	176	132	125	184	253	174	316	267	260	158	126	117	237	100	132	386	140	179	259
	196493	154	98	245	148	220	156	262	103	128	110	242	120	185	191	150	246	152	200	213	90	245	306	95	200	306	211	127	166	105	124
	196493	289	212	99	88	182	167	180	106	136	121	138	254	110	182	83	347	233	212	163	167	148	93	229	107	234	313	261	301	266	209
	196493	158	324	77	257	249	243	169	268	335	110	108	101	216	211	154	192	188	190	269	211	132	281	186	260	337	225	100	232	211	245
	196493	120	127	209	259	91	257	236	137	216	231	118	151	218	269	96	117	224	118	228	215	307	294	137	295	121	130	95	268	144	159

I_pi0 = Initial inventory of item p at site i
 	0	201	78	119	96	145	133	162	88	69	243	12	115	92	83	94	87	72	187	39	90	67	112	73	127	109	77	157	13	99	135
	0	62	106	67	159	22	74	90	15	272	70	82	152	45	87	127	40	121	56	204	126	150	141	52	108	64	27	82	299	94	137
	0	71	30	85	113	58	39	219	83	135	37	70	87	48	170	53	95	116	94	194	96	220	112	208	123	49	53	178	218	78	44
	0	146	115	47	137	260	95	63	130	158	108	28	156	131	151	37	86	138	74	146	98	73	262	23	122	101	99	118	14	94	110
	0	132	91	54	235	120	175	133	96	16	86	209	69	105	116	124	147	84	110	38	165	214	97	95	133	80	150	117	109	97	180
	0	91	16	47	95	89	99	35	60	115	32	83	167	65	52	119	209	21	232	189	147	137	113	73	235	81	100	90	106	82	95
	0	153	91	36	19	173	14	205	88	58	46	170	56	72	17	69	23	118	136	202	60	182	96	47	175	186	158	85	138	78	71
	0	154	168	61	63	156	119	169	40	136	55	20	68	104	59	74	57	97	23	29	78	101	59	182	84	113	194	211	193	148	144
	0	116	151	36	166	98	86	94	29	293	54	34	78	178	21	64	87	149	128	163	51	96	62	95	30	189	177	71	186	72	121
	0	89	121	182	76	76	84	199	93	158	62	38	106	112	255	82	25	100	32	107	196	14	265	68	202	106	112	86	43	119	14

h_pi = Inventory cost of item p at site i
 	8	2	8	5	5	1	5	2	5	7	8	5	6	2	1	6	8	9	3	7	9	2	5	2	2	7	3	3	1	7	5
	3	2	8	7	2	5	9	5	2	4	4	7	1	4	6	5	5	7	7	1	7	5	9	6	6	9	1	8	9	8	1
	8	2	5	9	4	7	1	2	7	1	2	6	4	1	9	9	5	8	8	8	4	2	2	7	3	2	1	8	5	9	5
	8	2	9	8	8	6	4	6	1	5	6	6	3	6	5	8	1	9	7	8	1	8	7	4	9	1	5	5	7	1	2
	8	1	2	1	9	5	6	9	9	2	9	6	1	4	3	5	9	6	3	1	1	9	5	2	7	4	2	9	8	5	6
	3	7	8	9	4	3	3	1	2	1	1	8	5	6	3	7	4	5	8	8	6	3	2	6	2	5	9	3	1	2	6
	8	5	2	7	1	8	6	2	1	2	3	4	3	1	6	9	8	1	3	4	4	2	1	6	1	3	5	4	8	4	8
	8	6	5	9	3	6	8	1	1	3	4	3	8	2	9	6	8	8	9	2	4	2	6	8	4	7	9	3	6	4	4
	8	9	8	4	1	9	6	4	5	6	8	2	2	8	3	8	1	7	9	3	5	5	7	3	5	6	4	6	8	4	6
	8	2	5	5	5	6	6	7	3	3	3	6	4	2	1	7	6	5	3	2	9	6	5	2	2	5	9	8	1	7	6

C = Vehicle capacity
	3860

f = Fixed transportation cost
	29140

a_ik = Transportation cost for traveling from node i to node k
 	0	369	382	213	469	308	180	395	621	90	47	569	392	321	565	258	499	625	430	94	112	109	447	577	499	541	248	609	464	418	367
	369	0	196	464	149	80	282	183	260	380	323	209	561	303	286	409	254	398	461	299	258	431	132	209	149	173	474	275	293	561	260
	382	196	0	377	337	239	388	374	306	347	338	263	415	145	476	290	449	592	281	290	285	394	324	329	196	285	372	442	485	406	76
	213	464	377	0	599	433	380	556	674	128	218	626	184	249	718	105	661	799	275	195	252	113	578	665	553	623	38	735	645	214	323
	469	149	337	599	0	168	334	119	259	500	429	223	707	451	140	552	125	258	609	418	367	550	23	155	208	151	612	140	194	708	406
	308	80	239	433	168	0	204	144	336	333	265	286	552	315	288	394	238	383	477	251	202	383	146	273	228	242	448	307	253	558	290
	180	282	388	380	334	204	0	236	539	254	163	489	546	393	404	394	334	451	538	195	145	287	313	468	430	442	410	466	289	566	407
	395	183	374	556	119	144	236	0	373	444	361	332	689	458	171	530	106	245	620	364	308	489	105	274	300	264	576	235	111	697	431
	621	260	306	674	259	336	539	373	0	616	574	52	719	450	348	593	373	470	570	541	509	667	269	115	123	110	673	253	452	706	378
	90	380	347	128	500	333	254	444	616	0	92	565	304	257	611	171	549	683	348	83	137	52	479	588	493	549	160	640	525	329	315
	47	323	338	218	429	265	163	361	574	92	0	523	389	286	530	243	466	596	407	55	66	130	407	532	453	496	249	569	437	411	326
	569	209	263	626	223	286	489	332	52	565	523	0	678	407	327	548	342	451	534	490	458	616	230	99	73	75	626	242	417	667	337
	392	561	415	184	707	552	546	689	719	304	389	678	0	272	838	160	789	933	181	352	406	296	688	739	610	695	147	834	789	39	342
	321	303	145	249	451	315	393	458	450	257	286	407	272	0	588	152	549	694	163	232	256	295	434	468	338	424	237	571	567	265	76
	565	286	476	718	140	288	404	171	348	611	530	327	838	588	0	681	73	125	747	530	475	657	154	234	333	253	735	112	152	842	545
	258	409	290	105	552	394	394	530	593	171	243	548	160	152	681	0	631	774	181	200	251	187	533	598	476	554	86	684	629	174	227
	499	254	449	661	125	238	334	106	373	549	466	342	789	549	73	631	0	146	710	469	413	594	130	261	333	268	680	168	88	796	513
	625	398	592	799	258	383	451	245	470	683	596	451	933	694	125	774	146	0	856	606	548	725	268	356	457	378	820	222	163	940	658
	430	461	281	275	609	477	538	620	570	348	407	534	181	163	747	181	710	856	0	356	395	367	593	608	472	565	244	722	728	153	206
	94	299	290	195	418	251	195	364	541	83	55	490	352	232	530	200	469	606	356	0	58	133	396	508	419	470	220	558	451	371	274
	112	258	285	252	367	202	145	308	509	137	66	458	406	256	475	251	413	548	395	58	0	184	345	467	388	430	277	507	393	423	284
	109	431	394	113	550	383	287	489	667	52	130	616	296	295	657	187	594	725	367	133	184	0	528	639	544	600	150	689	566	326	358
	447	132	324	578	23	146	313	105	269	479	407	230	688	434	154	533	130	268	593	396	345	528	0	170	207	160	592	163	191	690	392
	577	209	329	665	155	273	468	274	115	588	532	99	739	468	234	598	261	356	608	508	467	639	170	0	138	45	671	144	342	732	404
	499	149	196	553	208	228	430	300	123	493	453	73	610	338	333	476	333	457	472	419	388	544	207	138	0	96	554	269	397	601	271
	541	173	285	623	151	242	442	264	110	549	496	75	695	424	253	554	268	378	565	470	430	600	160	45	96	0	628	176	344	688	360
	248	474	372	38	612	448	410	576	673	160	249	626	147	237	735	86	680	820	244	220	277	150	592	671	554	628	0	748	668	177	312
	609	275	442	735	140	307	466	235	253	640	569	242	834	571	112	684	168	222	722	558	507	689	163	144	269	176	748	0	255	833	516
	464	293	485	645	194	253	289	111	452	525	437	417	789	567	152	629	88	163	728	451	393	566	191	342	397	344	668	255	0	799	542
	418	561	406	214	708	558	566	697	706	329	411	667	39	265	842	174	796	940	153	371	423	326	690	732	601	688	177	833	799	0	331
	367	260	76	323	406	290	407	431	378	315	326	337	342	76	545	227	513	658	206	274	284	358	392	404	271	360	312	516	542	331	0

coordXY = Coordinates (x,y): line zero => x line one => y column => customers
 	76	281	419	223	227	207	32	120	485	150	110	449	382	395	150	313	114	43	493	164	147	127	220	374	418	377	258	260	34	420	430
	328	634	496	174	772	606	502	720	794	278	360	757	83	354	888	227	825	952	225	359	414	232	751	821	691	777	161	908	790	91	421

d_pit = Demand of item p at customer i in period t
 	86	76	39	97	62	67	63	14	42	25	18	92
	78	76	45	55	60	32	27	76	69	14	69	28
	37	82	42	59	62	17	27	35	78	57	10	98
	49	47	66	12	56	15	66	79	82	52	53	46
	14	88	43	92	92	80	21	16	11	15	26	17
	77	56	33	18	24	78	13	11	49	69	39	84
	78	84	15	20	84	95	18	78	91	79	61	50
	88	52	32	21	15	48	46	80	12	67	82	58
	69	61	94	57	15	78	57	31	80	55	85	62
	87	63	93	49	99	58	42	54	99	61	31	90
	12	64	64	56	41	49	60	89	89	60	34	34
	17	69	29	92	51	97	76	37	45	86	81	18
	92	41	51	67	36	89	49	89	20	20	99	23
	20	63	60	69	28	91	33	40	44	36	87	42
	94	80	83	82	67	43	30	11	36	67	16	63
	87	65	37	24	74	82	11	23	91	40	42	24
	72	59	75	59	22	32	93	25	84	31	64	24
	86	55	46	25	50	12	44	24	54	74	60	31
	39	56	27	39	64	65	56	18	39	81	27	10
	17	73	76	61	81	76	66	47	18	18	30	56
	19	48	44	53	79	45	67	30	71	16	28	88
	68	44	41	59	46	11	38	100	24	62	58	23
	33	40	17	34	15	43	71	61	61	49	85	56
	33	94	42	28	23	55	32	69	61	32	95	28
	35	74	61	16	47	14	74	88	50	65	80	92
	40	37	57	31	10	11	64	74	97	76	91	85
	42	51	64	82	84	42	47	74	37	80	17	42
	13	17	53	39	64	74	50	34	76	99	16	90
	99	44	24	14	18	68	92	34	19	93	54	44
	82	53	41	51	12	11	86	28	75	54	64	31

	62	77	18	44	15	52	43	67	45	19	40	29
	12	50	13	31	50	29	25	58	21	44	63	50
	67	89	18	12	40	14	51	29	57	34	80	13
	91	68	63	94	46	60	48	18	59	78	56	53
	22	23	34	73	29	51	33	58	69	61	95	42
	74	92	46	79	96	28	63	76	94	63	63	45
	90	58	45	54	40	97	24	39	33	56	41	29
	15	61	94	87	94	30	42	33	82	41	36	59
	98	91	83	81	31	98	85	87	95	25	48	20
	70	68	60	66	16	81	81	11	33	24	31	56
	82	52	28	90	98	62	33	87	82	51	50	83
	11	89	52	70	76	14	74	80	50	13	52	85
	27	18	90	77	42	66	52	58	55	27	76	41
	73	14	87	46	57	36	88	37	55	72	79	38
	62	65	53	89	44	86	56	48	97	42	22	10
	40	95	76	12	98	63	29	79	39	79	36	39
	24	10	87	63	23	49	70	25	30	85	33	25
	56	40	23	54	19	88	86	92	48	59	15	70
	77	43	84	74	31	17	12	45	85	50	78	11
	99	27	73	66	55	17	46	66	92	65	80	67
	60	90	13	87	25	44	10	44	19	41	83	73
	27	54	60	63	44	16	98	35	43	89	20	43
	17	35	91	81	72	26	34	21	71	69	49	61
	71	37	39	33	66	23	91	21	96	92	56	82
	13	51	71	28	86	29	27	95	61	36	44	25
	27	73	62	30	66	64	90	43	32	74	11	79
	82	35	94	37	20	16	93	87	53	29	81	58
	40	99	95	65	87	62	44	98	57	20	74	89
	94	80	94	78	13	46	58	30	14	45	81	84
	27	26	84	77	19	13	24	26	60	57	93	45

	71	18	92	21	33	91	92	60	53	64	66	23
	30	70	40	46	87	80	57	29	13	88	11	27
	57	13	15	61	73	48	44	40	47	47	26	46
	46	67	16	43	58	78	66	92	31	70	60	62
	36	22	80	72	46	42	22	39	39	37	91	43
	39	60	65	28	27	23	70	10	69	81	49	54
	33	52	61	73	38	14	17	68	67	68	50	39
	83	91	13	77	18	81	26	40	58	38	67	25
	29	61	45	30	89	82	58	78	30	93	67	97
	37	81	75	64	44	27	60	43	69	47	31	80
	70	41	76	57	49	16	97	95	38	58	49	48
	87	41	42	62	47	97	47	72	73	42	80	28
	48	87	48	89	59	53	81	93	68	17	23	70
	76	94	85	18	83	66	74	35	27	91	83	12
	33	20	95	58	94	13	76	96	55	81	16	55
	95	51	43	69	26	92	57	88	76	79	55	62
	60	56	11	31	68	62	44	31	19	72	20	10
	94	58	36	33	92	21	89	67	11	93	56	51
	95	52	47	51	49	44	92	66	33	66	35	30
	60	21	15	13	80	40	27	16	92	90	63	89
	50	38	52	80	72	45	30	98	49	17	13	31
	99	13	59	74	16	15	20	69	61	33	60	86
	61	71	76	93	44	59	76	66	62	66	90	15
	18	25	80	68	51	26	81	82	44	28	58	97
	49	72	62	69	68	28	75	77	32	42	66	12
	53	75	55	39	95	91	99	26	17	64	79	41
	91	87	91	33	37	58	15	72	20	63	32	53
	36	55	32	95	60	22	50	40	59	16	42	95
	14	64	18	49	22	50	49	52	77	75	48	21
	44	18	97	24	59	72	48	38	99	16	59	40

	83	50	13	97	83	50	77	21	24	17	89	19
	53	62	28	24	40	94	51	53	57	87	65	78
	47	66	73	27	11	52	100	47	78	13	42	85
	61	22	54	80	61	15	61	13	46	92	55	79
	90	62	64	44	71	52	12	30	52	92	78	31
	40	55	42	43	79	97	63	82	43	22	66	22
	11	52	35	55	90	62	85	74	33	31	73	59
	69	30	31	33	65	44	42	22	91	98	50	58
	24	83	51	90	64	83	44	84	43	47	77	37
	51	41	16	43	93	83	78	29	44	32	95	39
	28	76	67	88	19	83	17	96	91	18	83	89
	36	77	43	47	66	49	25	17	36	37	10	47
	36	68	27	42	32	18	43	76	67	57	67	71
	54	31	31	35	52	99	56	12	24	85	25	12
	17	20	43	97	61	80	27	33	25	81	37	16
	86	45	40	95	29	31	18	36	80	52	59	91
	96	42	51	24	88	73	10	40	78	74	29	47
	17	57	98	90	61	67	95	30	84	88	75	22
	22	75	49	43	15	47	93	41	58	88	98	94
	65	33	79	76	23	40	35	32	20	23	85	79
	73	78	59	44	20	65	13	12	91	87	17	37
	37	80	56	89	11	52	47	44	89	65	36	82
	23	18	76	19	54	78	89	25	28	95	38	98
	35	55	32	95	86	44	97	17	16	41	88	45
	79	22	91	70	58	22	80	94	31	69	52	95
	99	95	76	69	75	61	69	75	34	12	11	21
	98	20	41	65	54	58	49	59	88	82	62	28
	14	89	66	42	96	14	61	97	95	92	60	84
	67	27	96	30	34	27	96	39	15	34	78	23
	58	26	26	23	53	62	84	83	21	24	43	35

	65	67	89	70	15	93	41	41	12	39	55	96
	91	83	41	61	90	26	41	12	50	68	56	78
	54	26	88	43	47	47	95	42	27	47	99	27
	58	97	56	24	13	62	73	45	68	100	93	36
	96	24	48	63	54	13	59	64	44	72	71	60
	65	39	28	43	63	58	41	94	52	72	73	12
	36	97	61	46	54	88	15	65	28	65	25	57
	96	85	53	71	45	52	100	89	78	29	65	23
	16	15	67	48	44	63	84	36	77	56	49	96
	86	59	19	91	19	55	75	28	41	68	33	24
	91	43	75	97	73	62	40	82	92	98	55	43
	22	47	44	86	65	14	90	100	79	49	13	64
	10	95	48	54	90	36	61	97	14	30	53	20
	100	16	43	23	50	54	45	13	11	85	12	47
	72	37	15	64	36	69	37	39	76	19	41	75
	35	14	98	76	69	57	49	14	90	54	23	47
	25	59	73	84	19	47	41	13	85	35	97	48
	27	83	97	22	41	44	21	87	66	34	46	89
	38	45	52	100	65	31	27	21	31	61	34	25
	87	78	99	86	76	79	42	39	84	99	15	19
	35	76	91	12	73	25	79	11	84	81	47	95
	97	88	28	44	25	55	91	61	100	92	92	17
	95	31	65	36	40	97	29	25	66	49	69	29
	49	84	94	57	82	96	74	26	14	13	31	30
	80	19	44	98	62	19	94	35	21	91	94	65
	16	76	58	28	74	85	77	31	66	61	92	56
	62	22	33	18	42	54	29	46	46	47	60	46
	44	65	63	89	60	14	91	35	33	29	76	34
	97	64	67	100	93	49	35	91	38	59	50	27
	16	60	74	30	37	62	80	76	54	97	27	89

	91	63	18	67	90	31	52	34	95	19	98	93
	16	14	88	82	50	59	59	43	60	71	90	86
	47	83	61	88	26	43	16	91	31	96	19	38
	95	85	100	71	72	12	85	71	44	66	72	24
	31	23	35	57	31	38	83	68	34	76	49	11
	99	46	29	49	36	25	76	43	77	69	12	72
	35	33	33	28	53	38	23	65	78	70	70	33
	60	11	89	93	28	86	24	41	19	90	13	39
	96	19	55	73	73	81	87	55	70	18	15	87
	32	71	49	71	95	76	20	93	37	86	66	90
	83	36	15	84	95	21	50	60	18	24	36	75
	22	69	76	87	78	61	82	95	21	65	33	13
	13	52	79	97	26	96	69	83	68	94	80	35
	14	38	25	31	52	13	45	35	60	41	54	90
	76	24	19	50	54	34	74	34	28	95	16	47
	60	50	99	51	24	61	17	81	20	26	33	84
	21	89	68	80	99	11	45	29	66	66	27	94
	55	49	60	68	48	91	67	69	61	56	51	83
	90	51	14	34	51	95	96	74	78	57	96	66
	73	74	36	25	22	26	66	86	99	18	59	39
	65	72	41	58	39	80	54	13	99	22	54	36
	57	56	79	91	64	22	98	87	16	38	97	52
	73	91	42	96	78	23	28	71	14	58	68	59
	58	93	22	62	81	43	63	31	82	88	73	15
	44	16	21	20	84	78	80	98	87	42	13	17
	100	60	72	96	96	89	26	51	34	58	35	73
	90	53	83	65	92	78	88	76	62	87	76	76
	45	61	56	80	79	55	52	14	17	65	13	24
	51	31	65	14	100	33	21	24	33	87	12	67
	95	65	39	91	95	69	60	28	64	62	55	53

	19	83	51	95	54	51	59	24	68	12	75	25
	91	19	11	17	77	72	97	21	19	78	14	73
	36	77	53	80	65	92	14	84	15	75	81	62
	19	92	56	18	12	85	77	99	44	20	38	31
	75	14	84	59	58	81	41	46	51	45	54	51
	14	31	95	51	72	31	61	26	66	60	18	98
	20	90	95	64	91	28	80	50	20	16	26	48
	50	38	38	77	66	94	88	17	50	31	53	13
	58	82	71	49	39	97	60	65	41	76	55	76
	11	35	96	34	56	62	27	88	50	82	77	43
	79	20	71	82	93	44	50	56	46	56	62	67
	17	39	74	70	30	29	59	84	64	63	98	95
	72	81	93	54	25	84	21	62	53	70	53	71
	17	87	60	75	49	53	44	27	56	26	59	20
	69	66	60	38	57	42	61	65	34	42	14	50
	23	49	94	45	95	21	35	68	26	89	16	29
	52	50	16	44	58	58	27	83	70	35	89	24
	38	67	31	74	70	64	78	86	88	90	33	79
	29	94	79	68	61	22	70	33	61	76	14	33
	17	21	22	48	30	18	69	67	35	49	87	74
	39	20	89	34	24	59	60	18	74	79	80	12
	39	57	59	31	92	41	94	93	14	96	62	57
	47	67	84	42	81	16	38	14	23	49	37	73
	83	15	77	96	11	21	97	33	30	27	86	24
	80	46	60	100	59	25	29	98	79	37	59	63
	80	78	64	34	25	22	68	61	46	77	54	25
	85	23	88	79	86	71	27	56	98	77	34	39
	47	10	18	63	12	77	75	78	64	60	100	59
	61	17	20	21	49	44	80	99	39	74	99	26
	15	56	67	40	40	86	51	95	90	25	84	95

	87	67	89	32	13	43	64	40	81	90	74	13
	69	99	75	68	59	78	44	70	67	89	77	51
	61	99	38	43	68	43	12	64	24	62	33	49
	63	46	14	36	18	84	62	28	72	23	64	16
	32	87	37	66	26	67	100	26	40	64	89	95
	100	19	100	46	38	43	21	98	12	77	57	58
	22	72	75	93	92	37	30	96	91	20	27	65
	40	60	43	11	63	96	38	73	43	74	70	23
	93	43	46	43	27	29	12	99	13	25	87	26
	55	56	48	94	94	22	90	51	25	83	30	79
	20	12	48	32	14	73	77	51	67	38	52	69
	13	55	86	26	52	39	61	34	86	43	92	23
	33	51	20	77	85	71	52	90	46	70	50	12
	24	35	27	94	36	27	34	62	93	57	37	20
	30	44	77	67	20	24	38	98	12	20	22	46
	57	65	86	100	70	98	17	79	91	25	91	53
	43	54	72	79	23	11	79	52	83	77	28	97
	23	34	55	13	67	46	82	69	63	44	67	74
	29	97	76	30	11	66	64	98	57	68	16	38
	78	50	89	16	52	33	65	63	58	92	22	49
	11	16	74	26	13	67	55	75	11	51	20	24
	59	80	16	26	60	77	21	61	62	17	18	62
	41	75	66	100	98	13	51	37	20	60	71	55
	18	66	63	20	54	27	94	57	79	25	60	78
	57	56	99	25	56	43	42	45	93	73	37	77
	94	53	47	56	72	66	54	69	29	24	93	94
	68	34	10	99	53	59	55	80	21	52	60	36
	19	61	24	89	81	55	77	58	46	47	89	76
	37	28	83	23	30	89	12	98	41	79	51	67
	49	95	45	38	40	48	18	33	36	62	79	84

	55	49	12	60	16	12	36	64	59	46	52	12
	73	78	79	93	93	70	40	94	21	94	11	31
	36	26	16	32	53	19	75	17	86	46	37	21
	72	49	45	39	68	96	87	43	73	81	58	60
	98	95	35	97	71	29	90	53	50	53	32	45
	86	95	61	59	34	65	35	52	68	90	43	42
	22	72	72	93	68	11	60	48	53	13	71	91
	29	47	92	37	95	31	12	11	86	72	89	41
	62	63	81	87	85	22	18	51	93	48	94	100
	54	79	59	64	15	46	84	74	26	20	38	100
	34	96	12	27	14	58	53	35	90	54	78	98
	78	26	72	91	57	14	16	67	22	21	61	79
	64	55	59	24	30	28	87	76	19	52	93	60
	21	45	97	55	86	64	38	53	91	23	46	13
	64	86	57	13	23	73	26	59	19	91	90	13
	15	41	31	73	56	92	63	36	29	37	49	53
	11	19	31	88	38	54	62	98	73	16	46	28
	65	63	79	14	72	69	32	61	80	89	83	52
	35	87	41	50	46	98	53	24	70	19	59	63
	51	47	12	70	34	79	49	88	39	66	28	71
	96	98	59	31	35	82	53	66	64	89	67	51
	62	76	50	51	69	90	54	42	43	58	61	18
	95	92	29	66	30	86	72	33	63	23	86	69
	13	17	92	72	92	24	83	96	46	61	94	90
	70	54	65	80	95	84	86	81	12	71	67	43
	16	37	91	33	22	63	15	90	14	31	98	29
	16	55	33	79	70	57	59	62	67	45	30	28
	65	80	41	69	34	15	68	96	38	96	41	52
	19	42	11	86	19	19	48	21	76	60	75	31
	83	38	87	44	51	63	10	80	22	87	81	88

	89	72	28	20	38	97	100	75	33	75	77	13
	30	91	79	49	99	29	91	77	75	26	71	44
	96	86	94	90	76	22	63	28	81	92	49	60
	76	28	23	100	34	17	98	59	50	61	61	15
	32	44	35	54	78	12	63	60	16	31	51	68
	52	32	80	56	26	25	29	52	32	94	60	79
	49	20	96	34	77	33	81	98	42	88	31	58
	17	76	66	77	34	90	86	83	84	62	94	54
	28	53	77	22	42	85	82	57	88	24	48	42
	38	24	57	62	13	71	41	19	24	87	36	82
	38	13	91	89	59	69	66	69	12	46	70	83
	74	32	91	64	74	89	93	97	100	60	89	42
	54	45	13	15	64	45	86	16	26	30	84	46
	82	87	86	68	18	10	22	98	45	68	29	33
	82	23	42	29	18	22	32	75	35	94	43	82
	25	96	79	15	32	92	42	65	52	37	92	72
	66	34	44	69	67	44	56	100	48	25	72	46
	32	58	67	23	52	53	24	25	17	22	54	44
	78	29	30	34	83	17	56	43	46	68	44	20
	82	69	45	21	51	94	16	56	79	22	49	61
	14	72	38	85	60	18	48	98	57	89	80	77
	34	66	97	68	78	89	88	80	49	84	91	59
	68	84	10	92	14	19	38	12	56	28	46	80
	66	50	28	58	89	65	90	45	66	49	84	17
	85	21	55	47	79	81	44	90	28	53	100	40
	37	75	48	55	82	32	58	20	22	42	24	25
	86	61	17	20	37	97	70	41	22	31	39	51
	43	83	63	78	63	12	31	16	65	94	80	15
	46	73	48	16	18	93	18	43	68	24	98	32
	14	84	26	12	31	44	59	79	15	54	20	40

