***** PARAMETERS PRP *****

Number of Customers = 30
Number of Products = 10
Number of Vehicles = 5
Number of Periods = 12

B = Production capacity
	49587

b_p = Time required to produce item p
 	1	1	1	1	1	1	1	1	1	1

c_p = Production cost of item p
 	80	80	80	80	80	30	80	30	30	30

s_p = Setup cost of item p
 	800	800	800	800	800	300	800	300	300	300

M = Big number
	198348

U_pi = Maximum inventory upper bound of item p at site i
 	198348	125	117	281	218	110	151	127	208	248	102	321	207	140	201	89	220	263	224	123	228	111	241	178	111	350	258	275	167	190	255
	198348	133	183	225	107	310	213	216	312	266	292	211	180	98	180	181	119	215	105	119	117	91	92	87	140	118	119	124	205	209	217
	198348	160	206	127	335	152	157	246	167	186	231	235	213	202	194	236	108	145	102	208	230	123	173	117	155	225	166	190	251	100	268
	198348	195	210	260	177	177	243	201	182	109	177	184	254	265	152	211	121	357	87	182	255	107	125	279	167	117	154	136	283	244	274
	198348	105	92	98	335	285	226	258	197	253	244	236	248	239	87	227	160	323	299	252	107	221	203	220	231	300	193	99	236	310	102
	198348	200	272	180	111	242	128	305	297	190	272	153	111	146	257	168	218	115	116	179	152	130	154	186	270	151	221	268	122	207	291
	198348	114	196	161	290	261	243	118	316	123	132	272	243	193	250	338	296	188	184	112	131	157	268	95	229	258	119	212	206	107	256
	198348	112	135	99	128	235	213	115	178	263	200	144	93	218	246	200	161	95	121	113	213	246	275	191	229	213	172	220	98	104	243
	198348	120	241	188	267	320	100	244	118	290	184	359	279	232	182	80	190	115	118	178	149	131	275	110	118	205	116	258	98	327	255
	198348	164	131	249	107	168	221	152	128	311	111	328	233	253	247	164	315	298	117	208	198	188	99	137	147	202	128	160	145	312	165

I_pi0 = Initial inventory of item p at site i
 	0	81	65	125	108	106	99	34	95	174	66	202	127	140	179	56	91	159	63	88	106	89	46	110	27	220	74	221	124	20	38
	0	131	120	77	21	246	111	127	125	28	145	149	55	87	138	162	12	206	65	36	90	0	48	55	70	104	38	68	64	185	147
	0	49	148	33	156	24	79	36	104	77	88	148	165	65	149	11	89	131	86	164	62	73	30	82	149	185	162	72	67	85	136
	0	127	169	127	111	94	46	166	83	102	42	97	217	137	85	94	112	191	34	122	239	40	23	73	116	70	20	80	62	22	52
	0	75	48	90	261	131	124	213	163	148	13	168	91	119	14	61	52	59	97	80	82	154	161	169	28	217	23	21	58	96	57
	0	29	57	111	81	241	88	137	166	141	59	51	47	72	144	88	144	85	10	59	34	111	43	131	137	31	147	186	83	18	96
	0	89	64	123	117	61	158	93	174	94	109	76	49	65	121	313	92	185	140	89	118	76	208	82	176	168	87	182	160	86	185
	0	79	90	66	121	105	203	101	162	197	126	101	54	122	88	10	145	20	83	98	140	153	135	24	182	130	127	143	35	12	67
	0	91	190	71	122	256	33	85	93	58	59	57	59	30	82	18	166	95	37	170	146	97	60	86	53	199	25	106	17	183	26
	0	161	82	181	94	136	114	30	102	268	79	59	105	234	173	104	137	258	23	61	61	156	99	109	66	13	113	112	88	32	138

h_pi = Inventory cost of item p at site i
 	8	0	0	0	0	0	0	0	0	0	0	0	0	0	0	0	0	0	0	0	0	0	0	0	0	0	0	0	0	0	0
	8	0	0	0	0	0	0	0	0	0	0	0	0	0	0	0	0	0	0	0	0	0	0	0	0	0	0	0	0	0	0
	8	0	0	0	0	0	0	0	0	0	0	0	0	0	0	0	0	0	0	0	0	0	0	0	0	0	0	0	0	0	0
	8	0	0	0	0	0	0	0	0	0	0	0	0	0	0	0	0	0	0	0	0	0	0	0	0	0	0	0	0	0	0
	8	0	0	0	0	0	0	0	0	0	0	0	0	0	0	0	0	0	0	0	0	0	0	0	0	0	0	0	0	0	0
	3	0	0	0	0	0	0	0	0	0	0	0	0	0	0	0	0	0	0	0	0	0	0	0	0	0	0	0	0	0	0
	8	0	0	0	0	0	0	0	0	0	0	0	0	0	0	0	0	0	0	0	0	0	0	0	0	0	0	0	0	0	0
	3	0	0	0	0	0	0	0	0	0	0	0	0	0	0	0	0	0	0	0	0	0	0	0	0	0	0	0	0	0	0
	3	0	0	0	0	0	0	0	0	0	0	0	0	0	0	0	0	0	0	0	0	0	0	0	0	0	0	0	0	0	0
	3	0	0	0	0	0	0	0	0	0	0	0	0	0	0	0	0	0	0	0	0	0	0	0	0	0	0	0	0	0	0

C = Vehicle capacity
	3590

f = Fixed transportation cost
	30535

a_ik = Transportation cost for traveling from node i to node k
 	0	334	69	906	444	461	511	744	120	325	361	478	410	380	100	433	106	426	807	317	865	353	726	734	139	909	931	909	675	217	146
	334	0	280	864	135	406	489	540	272	105	106	378	76	320	253	484	350	328	721	127	737	25	599	510	235	821	865	861	459	256	205
	69	280	0	928	399	471	529	730	132	289	296	479	355	383	95	463	155	424	820	250	870	301	729	716	132	923	948	930	657	222	121
	906	864	928	0	789	469	400	467	797	762	969	487	871	562	834	477	807	540	166	982	240	849	304	517	800	126	66	18	517	710	823
	444	135	399	789	0	364	449	421	357	127	214	320	92	296	351	474	435	283	636	252	637	110	505	387	322	731	782	784	339	306	302
	461	406	471	469	364	0	86	336	344	302	511	60	430	93	377	144	375	82	350	517	405	395	268	349	340	453	482	469	296	250	359
	511	489	529	400	449	86	0	362	398	385	593	134	515	171	435	113	416	167	300	597	374	479	252	385	400	401	421	402	339	310	424
	744	540	730	467	421	336	362	0	625	463	633	289	512	379	646	468	679	329	303	665	250	517	175	51	606	368	433	455	82	531	610
	120	272	132	797	357	344	398	625	0	231	331	358	343	261	42	332	80	306	692	301	747	284	607	617	38	794	818	799	558	97	70
	325	105	289	762	127	302	385	463	231	0	210	276	142	216	229	384	309	224	622	221	645	95	504	440	197	723	765	759	385	182	180
	361	106	296	969	214	511	593	633	331	210	0	484	124	423	302	582	404	433	826	54	839	122	702	600	296	925	970	966	552	340	261
	478	378	479	487	320	60	134	289	358	276	484	0	393	98	387	203	400	57	352	496	392	364	250	297	348	454	491	484	242	262	362
	410	76	355	871	92	430	515	512	343	142	124	393	0	351	327	524	423	349	721	168	726	60	592	478	306	818	866	867	431	317	278
	380	320	383	562	296	93	171	379	261	216	423	98	351	0	291	179	303	51	439	426	487	311	347	381	252	543	574	562	323	164	269
	100	253	95	834	351	377	435	646	42	229	302	387	327	291	0	372	102	333	726	268	777	269	637	635	40	829	854	836	576	128	50
	433	484	463	477	474	144	113	468	332	384	582	203	524	179	372	0	331	205	401	575	483	479	364	487	343	497	507	481	436	260	373
	106	350	155	807	435	375	416	679	80	309	404	400	423	303	102	331	0	352	715	369	779	363	643	675	117	816	834	811	616	153	147
	426	328	424	540	283	82	167	329	306	224	433	57	349	51	333	205	352	0	407	443	447	316	305	330	294	510	546	538	272	209	306
	807	721	820	166	636	350	300	303	692	622	826	352	721	439	726	401	715	407	0	843	110	704	139	352	689	104	146	155	351	599	707
	317	127	250	982	252	517	597	665	301	221	54	496	168	426	268	575	369	443	843	0	862	149	723	635	268	944	985	979	584	324	232
	865	737	870	240	637	405	374	250	747	645	839	392	726	487	777	483	779	447	110	862	0	718	143	300	739	123	192	224	317	651	753
	353	25	301	849	110	395	479	517	284	95	122	364	60	311	269	479	363	316	704	149	718	0	580	487	247	803	848	845	436	260	219
	726	599	729	304	505	268	252	175	607	504	702	250	592	347	637	364	643	305	139	723	143	580	0	222	598	227	282	294	214	510	611
	734	510	716	517	387	349	385	51	617	440	600	297	478	381	635	487	675	330	352	635	300	487	222	0	596	418	483	505	60	525	596
	139	235	132	800	322	340	400	606	38	197	296	348	306	252	40	343	117	294	689	268	739	247	598	596	0	792	819	802	536	91	36
	909	821	923	126	731	453	401	368	794	723	925	454	818	543	829	497	816	510	104	944	123	803	227	418	792	0	70	109	429	702	810
	931	865	948	66	782	482	421	433	818	765	970	491	866	574	854	507	834	546	146	985	192	848	282	483	819	70	0	49	490	728	840
	909	861	930	18	784	469	402	455	799	759	966	484	867	562	836	481	811	538	155	979	224	845	294	505	802	109	49	0	506	711	824
	675	459	657	517	339	296	339	82	558	385	552	242	431	323	576	436	616	272	351	584	317	436	214	60	536	429	490	506	0	465	538
	217	256	222	710	306	250	310	531	97	182	340	262	317	164	128	260	153	209	599	324	651	260	510	525	91	702	728	711	465	0	115
	146	205	121	823	302	359	424	610	70	180	261	362	278	269	50	373	147	306	707	232	753	219	611	596	36	810	840	824	538	115	0

coordXY = Coordinates (x,y): line zero => x line one => y column => customers
 	420	109	353	473	47	341	405	76	380	169	61	282	39	315	358	482	458	279	342	104	241	98	245	38	343	348	413	456	73	350	312
	958	837	974	54	718	504	448	299	845	752	931	501	809	593	880	530	860	557	155	963	112	815	254	332	843	52	28	50	380	753	861

d_pit = Demand of item p at customer i in period t
 	81	58	89	38	48	47	45	83	65	74	30	93
	65	54	96	59	72	80	86	30	29	52	61	18
	31	94	60	45	15	25	11	73	81	62	79	99
	49	25	34	100	23	88	72	11	82	69	13	89
	90	16	91	67	88	51	17	66	31	25	63	56
	17	21	61	62	92	43	26	50	27	61	57	85
	34	41	36	70	55	50	13	12	95	45	23	32
	95	50	10	99	83	92	99	32	97	21	59	94
	87	87	96	68	10	91	29	49	35	97	61	33
	19	47	74	34	26	17	88	95	72	34	86	19
	36	78	72	16	86	13	79	41	80	97	76	96
	43	84	85	83	22	76	39	72	64	98	65	95
	62	78	17	58	81	64	83	79	58	64	94	99
	48	97	34	82	18	97	20	12	83	18	25	70
	56	89	14	21	87	98	28	11	25	25	41	36
	91	35	35	16	64	44	48	85	84	48	15	94
	45	92	22	90	14	57	43	45	20	34	73	96
	15	48	35	92	71	49	85	69	47	89	55	16
	75	13	68	84	70	71	23	57	73	61	92	49
	46	26	34	47	27	99	76	94	40	56	68	72
	40	49	65	37	52	61	61	71	45	78	58	46
	46	50	84	29	98	42	65	92	44	86	13	73
	43	31	36	73	82	93	98	36	98	53	30	39
	27	27	69	87	85	57	39	34	86	75	29	49
	82	74	64	91	66	77	96	59	68	46	74	43
	74	38	11	32	49	36	53	82	32	62	50	99
	72	78	71	75	13	10	12	74	46	69	91	48
	10	53	61	63	77	53	38	60	94	18	93	47
	20	18	58	57	61	23	91	61	88	45	14	33
	38	67	60	17	85	57	90	36	12	30	97	24

	64	67	42	59	64	49	11	25	90	21	27	11
	45	75	25	18	80	15	38	36	67	53	15	82
	58	19	26	79	52	31	46	74	26	18	37	74
	21	64	60	72	24	34	51	77	55	67	82	32
	75	64	67	40	24	79	25	46	99	86	87	51
	33	55	23	77	58	31	38	34	41	45	11	65
	30	97	42	72	79	14	38	36	61	82	65	33
	12	38	75	82	75	55	92	43	66	77	59	75
	17	11	98	20	12	94	44	84	94	51	99	14
	88	57	77	75	70	44	64	84	56	88	84	90
	61	88	91	45	52	65	47	47	23	53	41	20
	55	78	90	62	51	22	86	34	41	91	80	30
	11	32	44	64	36	77	15	25	19	88	87	87
	12	19	60	47	77	76	22	56	70	97	91	91
	52	33	41	36	86	38	87	79	71	94	11	95
	12	79	16	78	49	85	61	48	75	42	71	96
	72	98	36	65	26	89	13	17	53	89	72	14
	65	63	70	17	54	48	95	40	29	44	38	66
	19	17	90	32	42	56	46	91	81	94	67	77
	90	70	61	64	47	10	89	32	38	80	90	32
	93	15	49	97	30	14	17	15	46	71	58	39
	48	11	72	15	52	45	95	49	58	54	22	31
	55	14	12	39	98	13	23	71	35	83	18	61
	70	93	82	42	80	58	93	22	84	97	42	75
	56	22	26	85	75	73	63	40	44	52	94	79
	38	68	27	32	19	82	84	49	94	72	59	87
	68	70	51	55	71	95	99	51	24	12	97	51
	18	46	26	55	50	78	92	59	26	47	47	72
	88	97	92	78	14	81	85	21	34	80	87	79
	59	88	96	17	40	43	42	20	81	25	95	44

	49	58	83	95	44	29	58	36	88	22	48	30
	73	75	67	48	18	16	93	21	77	34	83	14
	33	58	83	14	27	21	40	81	41	13	41	54
	71	85	62	79	49	28	81	82	67	79	68	52
	24	30	49	35	11	74	86	91	27	83	50	49
	79	25	27	15	50	80	68	35	12	15	16	50
	36	66	72	81	25	88	86	40	87	81	39	38
	46	58	97	20	56	59	60	17	44	59	85	67
	77	53	17	46	18	98	58	72	32	28	30	28
	14	74	32	81	92	74	24	83	47	79	76	16
	96	52	41	38	72	58	52	92	55	30	38	81
	15	67	28	55	23	12	27	33	57	30	95	69
	65	18	79	33	45	42	79	48	33	41	93	30
	87	62	90	41	22	91	64	23	62	79	96	57
	11	76	82	33	67	22	44	64	35	34	30	69
	21	68	34	59	84	83	58	16	52	49	39	83
	39	92	42	31	18	98	59	20	51	10	54	65
	86	92	88	18	12	23	10	47	81	15	94	46
	89	56	19	10	83	84	66	25	40	12	97	44
	34	10	18	83	43	35	16	27	85	91	45	65
	73	73	47	51	14	15	97	56	74	50	91	99
	30	16	69	22	70	65	87	29	86	40	79	98
	82	79	18	87	62	75	64	24	23	82	37	66
	51	43	55	37	29	63	69	10	90	30	95	46
	90	15	80	73	64	14	79	72	28	72	51	37
	70	92	24	93	72	33	98	37	16	48	19	62
	72	77	73	54	74	35	65	95	77	50	44	43
	67	87	58	96	78	75	38	22	90	81	23	38
	85	23	44	36	45	15	73	43	93	73	56	11
	61	75	52	68	57	51	11	83	86	52	30	16

	20	83	24	23	16	71	98	23	34	38	61	95
	49	55	65	90	46	59	49	33	76	33	55	21
	66	61	84	53	76	25	46	35	36	20	30	93
	18	30	42	21	21	31	38	59	25	61	91	94
	94	36	77	25	62	91	48	87	52	54	11	69
	46	71	15	77	84	30	16	69	38	17	57	63
	44	100	22	93	23	19	11	37	47	78	81	48
	58	25	72	56	63	84	47	74	81	23	78	68
	28	74	55	27	15	81	89	50	71	72	47	43
	42	74	56	69	85	71	62	21	37	69	60	60
	97	97	39	64	33	65	23	66	58	83	69	41
	52	95	70	48	32	88	86	76	47	74	37	57
	68	16	53	75	31	82	58	19	67	42	57	69
	32	53	69	49	54	51	46	56	63	59	17	59
	25	46	23	82	90	39	86	65	33	82	33	30
	24	88	12	99	62	85	67	61	44	45	54	86
	46	52	93	48	74	74	51	83	85	58	97	95
	11	23	88	38	85	59	32	67	28	34	32	26
	82	40	66	65	72	41	82	83	78	18	66	33
	91	57	91	32	72	24	16	12	55	88	18	55
	40	82	95	66	17	12	40	34	71	87	71	28
	23	96	26	92	86	74	32	95	85	24	98	16
	30	43	81	49	75	30	46	62	85	40	71	57
	53	63	83	51	64	61	28	66	43	19	44	94
	70	87	30	78	93	40	82	24	24	37	73	63
	20	25	23	78	15	76	69	52	83	88	29	57
	80	36	23	12	74	75	35	90	18	46	39	14
	62	95	36	84	11	21	58	51	75	45	79	63
	22	39	25	86	24	50	95	35	48	23	64	75
	52	92	15	17	36	21	56	47	82	92	71	76

	75	46	47	57	32	98	64	77	73	29	22	12
	48	21	57	17	11	56	60	65	49	34	74	59
	48	42	17	98	15	43	39	26	77	64	32	88
	100	48	97	16	24	77	81	33	86	75	93	75
	97	23	11	14	66	48	80	79	58	15	99	94
	33	16	75	55	26	92	47	59	49	77	61	88
	31	13	79	90	69	17	29	61	53	72	30	74
	38	95	30	55	74	99	59	44	26	98	80	88
	39	36	73	31	75	14	11	48	78	89	31	82
	13	35	56	82	64	33	39	10	34	43	78	99
	60	34	29	45	98	30	42	27	42	80	59	21
	67	24	70	81	75	87	55	18	39	33	22	23
	70	49	19	49	38	61	30	44	80	12	82	40
	14	29	13	46	43	15	41	12	74	65	82	85
	61	73	72	14	52	55	94	63	84	48	15	49
	14	38	42	40	26	52	77	50	16	12	23	90
	59	27	35	77	65	88	87	57	76	90	79	35
	77	20	13	65	92	52	76	42	88	17	76	99
	80	17	86	66	42	18	15	32	70	78	23	77
	82	76	18	51	50	58	78	31	68	13	71	46
	64	58	32	77	31	29	98	19	33	22	13	55
	48	13	72	28	89	20	64	98	43	21	45	68
	77	54	38	86	24	67	48	61	73	32	21	79
	28	25	34	52	66	46	59	81	83	88	38	93
	63	95	59	18	32	97	42	60	85	73	43	53
	23	47	53	92	85	15	42	17	23	25	100	58
	21	24	37	84	24	41	59	47	80	16	88	73
	58	51	72	46	59	85	28	21	18	15	51	62
	27	69	72	77	82	96	79	47	47	50	54	43
	57	69	70	33	49	54	40	21	24	51	75	70

	29	25	69	88	13	72	27	42	77	73	29	56
	57	98	67	92	98	56	54	75	98	34	20	66
	38	73	80	27	79	34	37	92	68	66	69	58
	81	50	93	40	57	69	21	40	80	66	54	17
	83	63	95	99	48	21	35	50	91	31	62	47
	88	61	86	79	53	31	92	70	42	24	72	71
	34	16	87	20	96	90	89	77	37	89	25	73
	68	98	59	94	68	53	34	40	27	62	75	35
	71	70	98	73	67	48	13	81	35	92	39	74
	38	21	91	56	50	79	75	61	70	20	58	34
	51	72	57	28	43	63	84	46	43	25	51	49
	47	92	83	67	54	40	56	28	35	27	49	90
	31	41	44	65	37	24	70	62	46	40	42	80
	79	65	46	81	84	63	55	71	56	83	49	40
	88	55	35	43	100	78	65	74	41	22	21	50
	12	38	94	28	78	66	54	60	72	42	23	86
	85	87	60	29	35	66	30	12	100	86	49	50
	10	91	58	79	13	14	65	85	97	72	90	19
	21	38	21	14	75	52	61	11	27	53	45	12
	34	30	16	96	96	54	11	26	39	92	33	80
	40	71	81	59	38	96	99	66	14	80	82	55
	43	93	58	37	55	54	39	70	25	17	41	83
	43	88	87	13	71	47	96	52	50	80	73	45
	87	33	17	53	67	34	65	76	95	81	25	14
	31	57	71	12	15	82	15	43	85	72	49	71
	13	69	49	16	47	96	70	58	82	44	25	95
	62	56	68	31	77	27	89	99	11	26	66	30
	83	92	32	35	54	22	89	83	41	22	84	92
	18	76	70	21	88	16	54	40	49	52	69	67
	46	50	80	60	25	71	16	84	83	86	69	28

	89	31	38	20	59	47	61	44	29	73	91	100
	64	80	78	77	11	48	13	30	54	64	25	43
	55	68	99	34	92	32	63	25	13	63	45	54
	90	27	64	14	93	18	74	87	94	51	71	12
	26	35	92	94	56	20	55	15	42	39	90	62
	64	51	21	22	90	34	21	68	42	68	87	16
	42	51	72	58	14	82	81	97	81	16	71	45
	93	81	42	33	92	87	59	35	56	39	52	89
	83	11	94	78	55	13	94	94	65	72	15	61
	49	60	46	86	99	82	66	41	65	11	89	96
	76	94	11	65	15	28	68	16	59	65	98	57
	49	53	22	31	90	35	34	100	27	31	95	15
	65	57	91	33	52	28	36	97	57	70	88	97
	49	28	44	64	30	69	70	48	16	20	64	98
	93	76	91	53	66	97	54	25	96	61	69	31
	37	55	81	80	28	73	73	62	79	78	32	32
	82	45	58	28	68	43	86	88	70	45	79	61
	18	69	53	19	79	24	59	20	10	80	64	58
	30	59	91	53	68	42	19	50	66	94	32	66
	58	60	46	13	26	42	35	37	13	45	83	64
	51	25	39	86	90	80	42	39	14	31	63	67
	74	63	71	51	37	74	92	56	26	76	87	97
	82	81	20	99	39	17	17	10	63	27	89	24
	42	67	67	80	12	23	93	53	73	46	62	70
	80	16	72	95	45	79	13	64	64	41	11	38
	87	39	22	24	65	89	39	46	80	57	87	80
	40	25	58	59	66	65	40	27	76	37	60	84
	90	70	51	81	11	97	97	68	40	64	85	70
	86	47	54	72	67	69	41	60	46	11	42	46
	24	73	88	77	27	75	44	62	10	25	16	94

	79	82	60	62	44	69	16	44	73	44	66	34
	90	56	68	92	39	87	59	90	48	83	23	76
	40	26	29	29	77	59	28	92	16	56	64	80
	86	19	16	17	24	81	32	27	68	31	26	84
	76	29	79	57	92	13	14	63	66	72	89	55
	15	78	80	30	10	76	100	15	43	44	93	56
	57	44	46	22	13	43	11	28	86	11	71	28
	69	93	57	45	26	40	78	62	34	73	85	48
	28	83	86	67	33	87	39	59	43	25	18	62
	41	85	11	90	73	11	73	24	73	34	15	71
	44	57	88	64	96	86	21	79	80	81	87	80
	54	31	69	72	84	34	93	24	45	20	23	11
	79	43	97	20	83	18	30	64	72	40	24	85
	88	16	29	20	53	70	95	61	19	28	29	82
	10	91	17	36	27	75	16	53	72	57	66	81
	48	97	71	31	82	30	16	86	31	71	63	19
	20	87	17	10	75	40	80	14	77	78	52	18
	83	91	99	79	42	39	36	59	84	56	33	23
	98	99	42	15	35	86	27	60	31	97	53	35
	46	29	41	24	67	56	27	51	60	62	79	96
	26	43	84	37	64	22	47	40	67	88	21	51
	96	19	20	24	11	78	90	44	74	87	29	89
	24	64	29	54	38	65	29	14	70	66	38	82
	46	19	86	31	34	14	26	67	99	27	59	41
	51	43	36	91	16	41	30	73	36	41	35	17
	28	27	72	50	27	38	39	11	81	79	45	20
	51	34	58	13	21	26	11	51	84	87	74	19
	35	72	35	85	21	25	22	85	50	62	11	82
	12	99	44	82	55	23	31	72	38	82	33	50
	67	80	86	26	31	91	45	29	43	15	24	47

	91	31	96	24	61	16	51	11	69	95	78	94
	92	64	34	93	13	66	57	77	17	93	89	28
	71	80	18	12	73	17	56	12	32	25	98	71
	73	26	23	55	40	81	48	27	72	97	75	23
	81	83	92	96	42	62	47	18	20	70	83	75
	33	59	26	42	68	25	56	88	36	22	67	80
	85	40	38	88	79	74	21	48	82	30	98	50
	93	89	51	54	92	13	62	91	30	36	68	30
	25	33	17	88	94	58	77	31	60	73	86	53
	59	60	49	22	75	52	16	51	37	48	26	56
	57	53	64	92	85	40	93	81	48	90	85	73
	59	42	68	23	77	70	66	66	41	27	47	84
	30	13	42	87	90	86	65	49	47	68	68	50
	48	34	53	100	88	75	37	64	77	22	31	97
	18	39	52	32	19	35	40	36	87	76	24	24
	95	71	66	59	28	56	69	39	77	95	61	42
	27	68	35	67	52	48	71	89	56	91	69	17
	37	80	84	97	27	46	58	77	84	50	24	42
	19	87	64	61	63	37	79	88	23	22	99	68
	90	56	37	62	27	91	47	36	29	50	17	55
	19	78	14	45	58	96	70	100	61	100	68	77
	60	61	75	32	48	78	64	37	59	45	64	37
	86	51	69	50	38	61	29	60	51	71	83	11
	53	90	85	90	33	80	53	55	25	67	26	51
	100	99	83	56	75	92	73	20	40	95	11	75
	10	15	94	12	92	58	90	73	53	71	61	67
	23	83	96	44	27	73	37	40	55	37	87	17
	17	40	85	51	45	86	13	40	58	66	52	32
	13	93	77	93	13	58	25	26	99	99	96	93
	26	27	24	70	13	46	70	59	60	93	34	91

	72	89	74	29	30	47	72	74	72	61	20	17
	82	84	87	34	98	27	58	96	40	86	55	40
	19	83	38	41	55	100	38	32	23	40	31	97
	94	69	55	85	64	56	15	30	48	65	47	14
	68	35	33	26	60	27	85	84	88	73	69	23
	18	20	76	75	52	74	98	17	74	80	59	19
	30	57	33	17	52	57	28	98	12	41	86	95
	83	19	68	95	67	89	40	59	89	55	38	63
	92	62	75	39	80	68	15	45	89	83	63	36
	79	84	46	16	22	30	14	44	67	81	97	84
	59	23	93	90	82	79	72	93	43	72	28	53
	76	15	14	64	16	90	92	96	87	77	44	28
	61	26	78	69	13	88	21	16	65	84	40	47
	31	92	50	64	66	40	84	34	99	58	71	52
	19	85	24	39	82	16	56	86	50	92	43	62
	56	81	82	37	93	59	62	70	46	51	52	68
	95	96	67	59	53	45	97	70	95	66	64	87
	23	95	19	94	63	86	49	49	45	53	35	89
	20	41	66	18	10	97	56	74	84	13	68	77
	61	90	64	26	41	91	53	50	31	11	61	16
	96	60	56	97	49	31	11	82	19	94	66	92
	23	76	15	92	15	27	32	61	42	90	29	91
	25	84	75	96	73	73	97	88	33	57	36	82
	66	88	40	13	20	30	41	35	48	75	47	85
	13	57	10	92	99	57	69	50	10	37	18	94
	29	84	72	74	93	22	96	95	34	19	62	90
	84	28	85	69	41	82	11	85	33	36	68	19
	55	33	77	35	14	43	48	68	56	46	44	61
	32	96	86	67	36	30	36	84	95	92	45	49
	96	26	16	60	24	71	38	36	66	24	23	16

