***** PARAMETERS PRP *****

Number of Customers = 30
Number of Products = 10
Number of Vehicles = 5
Number of Periods = 12

B = Production capacity
	49542

b_p = Time required to produce item p
 	1	1	1	1	1	1	1	1	1	1

c_p = Production cost of item p
 	30	80	30	30	80	80	80	80	30	30

s_p = Setup cost of item p
 	300	800	300	300	800	800	800	800	300	300

M = Big number
	198167

U_pi = Maximum inventory upper bound of item p at site i
 	198167	172	220	152	131	163	167	295	115	135	116	223	246	97	114	259	318	218	103	216	243	217	91	288	90	253	177	239	134	181	148
	198167	118	163	115	309	268	210	100	186	124	180	217	250	173	322	242	119	285	233	214	113	164	271	274	179	252	185	255	121	171	250
	198167	297	96	182	291	234	350	218	178	127	188	131	212	155	216	191	133	167	163	202	200	315	222	110	123	175	263	228	194	94	260
	198167	185	265	207	276	232	197	124	156	341	269	229	196	271	244	244	211	242	277	118	218	151	239	119	300	205	345	165	136	219	190
	198167	275	78	270	98	249	211	202	211	234	202	93	198	237	224	152	157	101	111	150	100	328	93	211	222	293	98	91	119	142	120
	198167	288	121	180	142	207	199	193	248	348	199	117	153	102	272	228	287	231	117	263	217	268	318	127	228	112	216	195	104	190	240
	198167	232	260	187	313	295	247	303	130	288	229	164	195	220	202	129	235	240	100	253	212	289	200	186	181	237	162	94	216	240	300
	198167	273	236	159	92	191	148	193	243	119	229	159	188	179	280	166	129	137	113	166	165	230	102	183	178	167	249	202	296	275	89
	198167	133	196	161	103	254	335	66	312	210	276	173	274	106	259	281	194	122	186	164	254	298	283	252	186	225	305	297	216	243	175
	198167	268	282	109	101	267	109	86	293	186	127	149	162	307	242	160	254	241	103	282	166	245	101	265	145	274	162	290	168	172	226

I_pi0 = Initial inventory of item p at site i
 	0	96	180	69	89	124	123	144	88	81	108	206	109	65	87	228	285	154	64	105	124	191	77	261	73	94	146	76	80	133	91
	0	67	158	72	245	180	105	68	144	48	144	207	75	155	149	171	11	209	80	47	66	16	61	124	41	225	91	213	99	123	146
	0	99	0	165	13	111	260	176	155	122	33	97	130	23	164	123	20	39	153	44	72	103	92	43	74	120	217	95	133	73	217
	0	96	168	33	250	10	126	40	94	266	199	202	186	74	128	122	187	210	246	80	19	106	192	70	207	32	313	120	42	99	173
	0	215	40	194	82	182	58	89	163	134	35	19	140	195	139	118	125	10	78	62	51	100	55	71	210	99	91	78	38	30	86
	0	163	120	52	73	77	142	118	59	138	138	91	116	73	173	117	147	177	46	130	10	109	235	90	157	112	153	67	99	135	205
	0	181	129	184	112	153	194	94	83	161	21	82	158	126	179	116	197	35	62	134	46	152	92	173	75	217	99	19	10	52	247
	0	236	85	85	74	189	88	123	30	62	156	114	35	154	104	164	101	43	112	36	144	90	50	70	16	138	160	31	163	162	62
	0	97	101	72	98	199	237	30	73	198	32	108	100	99	149	68	169	105	150	153	188	76	108	87	115	54	201	24	205	147	144
	0	68	239	65	66	173	23	60	175	93	17	139	122	199	150	97	114	102	57	89	160	177	30	118	125	170	96	234	97	156	144

h_pi = Inventory cost of item p at site i
 	3	0	0	0	0	0	0	0	0	0	0	0	0	0	0	0	0	0	0	0	0	0	0	0	0	0	0	0	0	0	0
	8	0	0	0	0	0	0	0	0	0	0	0	0	0	0	0	0	0	0	0	0	0	0	0	0	0	0	0	0	0	0
	3	0	0	0	0	0	0	0	0	0	0	0	0	0	0	0	0	0	0	0	0	0	0	0	0	0	0	0	0	0	0
	3	0	0	0	0	0	0	0	0	0	0	0	0	0	0	0	0	0	0	0	0	0	0	0	0	0	0	0	0	0	0
	8	0	0	0	0	0	0	0	0	0	0	0	0	0	0	0	0	0	0	0	0	0	0	0	0	0	0	0	0	0	0
	8	0	0	0	0	0	0	0	0	0	0	0	0	0	0	0	0	0	0	0	0	0	0	0	0	0	0	0	0	0	0
	8	0	0	0	0	0	0	0	0	0	0	0	0	0	0	0	0	0	0	0	0	0	0	0	0	0	0	0	0	0	0
	8	0	0	0	0	0	0	0	0	0	0	0	0	0	0	0	0	0	0	0	0	0	0	0	0	0	0	0	0	0	0
	3	0	0	0	0	0	0	0	0	0	0	0	0	0	0	0	0	0	0	0	0	0	0	0	0	0	0	0	0	0	0
	3	0	0	0	0	0	0	0	0	0	0	0	0	0	0	0	0	0	0	0	0	0	0	0	0	0	0	0	0	0	0

C = Vehicle capacity
	3500

f = Fixed transportation cost
	31000

a_ik = Transportation cost for traveling from node i to node k
 	0	316	714	559	355	534	708	246	561	508	320	759	130	816	430	184	606	166	325	207	302	405	131	536	63	192	178	55	379	541	474
	316	0	399	310	247	220	394	247	268	206	125	493	260	568	277	479	319	157	572	112	379	116	411	276	333	277	390	270	64	236	215
	714	399	0	306	499	181	24	579	205	244	428	298	640	387	457	875	204	551	936	510	690	322	799	286	725	649	773	666	336	219	311
	559	310	306	0	239	223	286	349	116	339	241	201	447	262	174	741	104	402	694	398	428	197	601	39	545	581	681	505	271	344	96
	355	247	499	239	0	344	483	117	298	408	123	433	229	475	77	538	322	232	456	265	194	207	371	234	327	440	509	303	261	430	190
	534	220	181	223	344	0	175	409	114	124	255	333	462	422	321	698	159	371	762	331	528	148	619	187	545	481	601	486	157	123	174
	708	394	24	286	483	175	0	566	187	250	417	275	631	365	439	872	183	544	923	505	676	312	790	267	718	650	772	660	331	226	294
	246	247	579	349	117	409	566	0	389	443	154	546	117	590	193	426	421	158	358	214	132	262	255	337	212	362	411	196	287	470	283
	561	268	205	116	298	114	187	389	0	236	248	233	467	317	252	737	53	396	745	373	491	159	626	86	560	544	657	509	213	236	109
	508	206	244	339	408	124	250	443	236	0	295	455	465	545	404	652	282	359	777	303	572	202	613	301	534	414	540	468	156	33	273
	320	125	428	241	123	255	417	154	248	295	0	440	220	502	158	502	289	162	509	167	279	108	379	217	314	353	443	267	142	320	154
	759	493	298	201	433	333	275	546	233	455	440	0	647	93	360	941	180	600	881	590	612	378	799	224	745	769	875	705	442	446	288
	130	260	640	447	229	462	631	117	467	465	220	647	0	698	305	310	507	112	313	178	188	319	160	429	99	272	300	83	316	496	370
	816	568	387	262	475	422	365	590	317	545	502	93	698	0	399	1000	266	663	909	660	640	453	845	293	797	842	943	762	521	537	356
	430	277	457	174	77	321	439	193	252	404	158	360	305	399	0	613	267	297	523	320	255	205	447	177	403	502	578	377	274	422	150
	184	479	875	741	538	698	872	426	737	652	502	941	310	1000	613	0	783	342	368	368	457	579	218	718	217	254	139	238	542	684	654
	606	319	204	104	322	159	183	421	53	282	289	180	507	266	267	783	0	442	775	422	515	207	665	91	602	596	707	553	265	278	139
	166	157	551	402	232	371	544	158	396	359	162	600	112	663	297	342	442	0	424	67	275	240	255	377	176	210	284	116	218	391	313
	325	572	936	694	456	762	923	358	745	777	509	881	313	909	523	368	775	424	0	488	270	615	195	688	271	516	465	336	625	808	639
	207	112	510	398	265	331	505	214	373	303	167	590	178	660	320	368	422	67	488	0	337	216	313	368	232	186	286	166	175	335	304
	302	379	690	428	194	528	676	132	491	572	279	612	188	640	255	457	515	275	270	337	0	383	247	426	247	459	479	267	416	598	383
	405	116	322	197	207	148	312	262	159	202	108	378	319	453	205	579	207	240	615	216	383	0	478	161	408	392	500	354	78	223	103
	131	411	799	601	371	619	790	255	626	613	379	799	160	845	447	218	665	255	195	313	247	478	0	586	82	321	282	149	470	645	527
	536	276	286	39	234	187	267	337	86	301	217	224	429	293	177	718	91	377	688	368	426	161	586	0	526	549	652	483	234	307	65
	63	333	725	545	327	545	718	212	560	534	314	745	99	797	403	217	602	176	271	232	247	408	82	526	0	251	237	68	394	565	465
	192	277	649	581	440	481	650	362	544	414	353	769	272	842	502	254	596	210	516	186	459	392	321	549	251	0	127	200	333	445	486
	178	390	773	681	509	601	772	411	657	540	443	875	300	943	578	139	707	284	465	286	479	500	282	652	237	127	0	217	450	571	588
	55	270	666	505	303	486	660	196	509	468	267	705	83	762	377	238	553	116	336	166	267	354	149	483	68	200	217	0	332	500	420
	379	64	336	271	261	157	331	287	213	156	142	442	316	521	274	542	265	218	625	175	416	78	470	234	394	333	450	332	0	184	179
	541	236	219	344	430	123	226	470	236	33	320	446	496	537	422	684	278	391	808	335	598	223	645	307	565	445	571	500	184	0	285
	474	215	311	96	190	174	294	283	109	273	154	288	370	356	150	654	139	313	639	304	383	103	527	65	465	486	588	420	179	285	0

coordXY = Coordinates (x,y): line zero => x line one => y column => customers
 	307	365	409	154	119	376	386	150	267	487	241	113	219	27	96	382	235	306	15	363	34	298	192	190	245	488	473	289	369	496	215
	170	480	876	707	471	699	873	359	729	645	483	903	265	936	544	2	771	335	28	369	297	574	108	693	170	232	106	221	543	676	634

d_pit = Demand of item p at customer i in period t
 	96	97	75	32	81	31	71	13	84	48	48	13
	73	71	36	26	14	40	14	85	30	41	23	76
	39	30	84	10	45	62	77	73	80	16	24	67
	34	35	20	69	18	15	23	14	90	74	50	80
	73	14	23	14	95	17	63	67	13	60	33	16
	23	27	73	72	14	39	69	53	77	94	91	36
	52	67	25	62	78	42	66	52	66	96	65	36
	88	64	19	98	74	76	67	49	86	11	30	27
	81	33	33	15	36	18	49	93	15	93	35	38
	82	26	83	46	99	45	21	82	95	13	29	75
	59	48	99	42	63	76	22	59	46	46	39	71
	66	43	84	18	13	86	87	50	92	71	75	53
	19	46	87	59	21	66	27	100	29	11	40	76
	87	33	25	95	49	52	30	95	14	68	36	98
	82	48	98	79	63	69	52	35	83	54	95	18
	88	87	21	89	71	29	47	84	44	71	39	93
	75	79	52	26	71	90	84	81	40	96	81	95
	64	85	63	34	32	69	14	74	18	93	27	43
	21	84	67	18	39	58	55	32	72	85	91	26
	96	28	30	45	89	61	14	12	69	72	35	33
	79	72	40	75	27	45	34	71	36	92	38	43
	77	36	40	93	92	38	34	26	42	19	22	29
	79	84	98	35	59	62	92	15	21	66	63	18
	51	22	74	74	94	16	22	41	30	16	42	59
	94	19	98	18	45	17	67	39	67	75	43	26
	44	22	80	49	95	64	65	34	69	55	49	83
	66	10	85	23	83	66	43	89	47	82	27	95
	80	50	80	87	76	94	94	77	24	87	16	40
	51	82	93	39	90	74	25	83	76	48	29	33
	22	69	10	67	40	34	97	68	13	37	69	66

	67	27	87	100	59	95	22	35	41	79	64	30
	74	65	19	31	76	15	40	76	92	27	73	62
	72	65	95	93	18	93	52	11	16	16	71	85
	95	52	98	17	16	93	53	58	52	58	65	84
	69	14	97	60	59	47	76	82	32	32	11	63
	42	31	15	17	18	91	41	11	76	74	10	79
	31	37	57	24	91	52	44	39	92	51	39	40
	15	63	66	40	64	41	45	97	90	73	56	95
	48	98	63	51	90	78	12	85	37	67	57	57
	13	61	70	47	31	27	14	25	36	42	79	96
	64	54	89	66	95	35	25	52	26	14	54	78
	75	46	52	63	62	59	93	87	34	74	91	13
	13	10	44	88	37	27	37	31	82	57	47	45
	67	82	76	14	70	99	39	12	94	31	94	94
	44	23	17	87	73	60	51	89	85	89	68	39
	11	21	27	87	42	74	82	58	97	53	79	83
	60	79	70	86	93	99	92	33	53	76	60	54
	80	63	77	18	16	64	11	26	24	80	71	29
	21	26	84	31	14	76	42	97	36	72	74	69
	37	29	77	68	85	89	88	20	23	68	54	42
	16	61	43	78	52	61	84	27	91	54	49	40
	61	30	11	51	73	80	91	27	76	17	96	38
	56	68	38	81	75	60	38	17	43	92	65	25
	12	29	48	33	15	64	40	39	57	25	91	83
	88	63	74	39	94	58	69	36	92	21	26	95
	18	15	58	95	25	81	19	83	10	51	21	78
	44	94	75	54	31	90	36	36	39	14	79	19
	99	66	42	47	28	31	20	24	19	10	32	67
	24	99	41	95	60	18	82	58	19	90	43	54
	58	64	24	33	43	78	30	10	92	24	95	49

	99	74	81	37	72	77	64	89	49	80	99	69
	97	21	24	70	30	42	84	10	34	54	28	84
	81	48	36	55	44	57	91	60	43	42	82	88
	13	87	43	67	90	97	13	99	19	42	65	63
	24	74	13	76	12	98	99	75	69	57	20	84
	86	86	88	13	98	67	87	62	91	12	79	70
	65	29	37	45	15	17	48	47	51	91	13	64
	21	38	47	49	57	39	85	12	81	38	40	28
	62	41	19	28	30	32	57	34	74	71	20	40
	18	15	14	51	98	89	13	37	85	42	41	60
	82	15	100	32	36	84	66	64	72	76	87	74
	97	33	24	34	37	81	39	32	81	78	81	19
	23	31	69	91	89	67	63	51	47	44	14	32
	80	84	30	50	60	74	51	63	34	26	59	36
	81	42	53	70	51	90	68	86	60	16	55	93
	20	65	16	23	64	18	32	27	22	48	26	39
	39	43	50	49	77	55	80	32	43	91	39	71
	87	17	49	63	82	25	93	57	62	37	34	44
	27	17	76	76	95	82	93	22	58	81	98	82
	23	27	22	20	81	32	51	58	13	93	26	34
	57	46	100	95	72	12	90	18	89	59	87	30
	14	78	30	35	80	13	48	41	24	25	53	91
	43	38	43	63	62	24	74	64	80	41	91	37
	74	52	83	97	91	51	80	38	40	65	50	18
	73	47	41	18	61	98	79	97	32	35	66	53
	96	31	60	30	62	26	41	53	56	98	34	43
	95	29	38	72	83	40	14	59	23	12	62	20
	62	71	86	50	92	84	39	52	33	96	14	95
	73	88	48	47	58	24	34	49	32	72	13	24
	88	88	41	28	66	57	72	39	49	17	62	18

	96	78	83	27	16	61	75	41	86	56	63	59
	13	64	38	53	10	44	63	89	84	80	54	43
	13	20	66	66	34	19	18	26	20	88	72	55
	68	92	90	65	86	99	96	58	59	11	38	65
	10	86	35	96	75	18	73	64	65	88	60	26
	28	57	41	87	50	96	96	71	41	99	62	61
	40	93	86	33	67	50	77	65	58	53	95	26
	46	48	82	40	16	28	21	20	75	86	96	64
	96	31	58	81	36	67	63	99	57	76	56	99
	88	90	21	17	52	48	14	17	78	41	93	87
	23	70	76	33	36	54	35	96	35	84	99	47
	34	60	92	31	38	18	33	96	13	18	73	82
	74	82	95	31	36	10	61	55	28	96	41	42
	24	34	70	62	77	72	49	53	97	58	38	98
	62	60	63	95	68	59	39	42	83	21	62	77
	91	96	78	17	35	28	30	37	56	97	14	55
	62	66	82	54	36	95	31	39	78	51	89	44
	69	87	75	15	86	17	32	18	98	39	66	62
	27	53	31	83	85	44	78	61	52	68	37	91
	19	52	92	22	71	13	14	55	51	34	88	11
	58	48	76	22	63	20	19	19	14	60	20	34
	53	45	62	32	39	61	19	81	23	21	77	61
	70	88	64	85	17	50	69	60	72	29	66	45
	24	88	95	16	95	97	32	80	58	52	15	68
	32	82	41	78	25	50	92	90	84	54	99	92
	75	60	92	86	84	34	90	63	23	56	98	67
	90	30	54	60	97	38	14	75	85	55	40	20
	42	12	32	63	64	36	13	35	50	60	55	80
	99	88	80	52	22	53	62	48	11	43	40	58
	93	80	60	82	72	85	100	33	15	29	41	68

	70	68	77	73	22	79	82	17	99	74	85	79
	24	16	48	47	11	78	41	23	44	16	77	41
	24	62	65	43	63	24	97	20	95	44	46	64
	82	66	44	71	76	24	37	61	27	15	55	28
	90	12	80	56	97	23	37	97	42	100	78	35
	58	99	69	94	98	38	74	85	10	79	91	48
	89	65	70	79	97	59	42	43	85	50	55	75
	19	47	97	69	49	88	60	72	15	40	63	15
	49	31	54	68	64	43	45	84	74	38	59	94
	13	22	62	31	55	41	22	51	40	69	42	36
	19	86	22	58	67	15	72	68	12	11	36	89
	75	65	60	39	34	31	76	37	10	28	60	78
	45	98	52	87	96	27	98	47	43	12	37	68
	94	32	13	77	55	99	57	52	12	59	62	60
	80	38	62	14	25	63	50	79	62	50	22	63
	86	39	66	28	60	83	60	73	13	50	53	16
	10	67	77	23	23	23	96	17	32	93	58	87
	29	49	54	43	72	16	49	27	62	99	86	78
	62	98	37	41	80	24	53	14	70	52	19	49
	51	61	80	24	44	59	13	74	40	36	48	68
	16	84	62	74	82	74	85	65	50	97	34	65
	55	63	33	23	46	22	27	87	11	77	16	99
	71	80	61	88	53	54	35	65	29	25	16	57
	83	80	47	48	13	58	37	65	92	64	25	54
	99	89	13	47	84	23	60	99	89	54	14	31
	91	77	45	47	57	10	36	50	49	67	46	15
	17	61	32	46	35	99	37	64	49	22	48	38
	38	89	57	57	59	37	40	84	99	16	62	76
	30	12	55	14	22	64	23	82	52	20	29	24
	86	95	44	55	53	50	42	92	15	96	18	71

	99	39	25	63	34	80	77	57	60	26	93	37
	41	79	41	88	74	79	16	65	54	85	87	14
	52	65	89	100	78	87	60	53	46	15	25	51
	73	99	55	94	31	51	28	47	18	28	18	25
	77	35	15	73	69	23	37	53	48	17	21	29
	53	38	21	30	30	67	32	63	33	23	34	54
	26	92	99	92	86	40	28	37	94	38	89	51
	59	75	13	30	44	60	57	83	21	45	87	22
	79	36	23	93	72	90	53	60	45	93	92	99
	67	71	78	85	39	60	83	26	51	38	97	100
	91	99	45	63	27	81	84	29	27	14	41	99
	61	29	15	11	33	76	70	22	46	77	93	77
	23	18	32	87	60	31	78	18	99	65	74	25
	73	41	59	46	57	68	15	91	63	82	30	28
	89	28	55	94	62	26	10	33	64	94	43	85
	75	50	22	96	19	47	20	46	55	92	72	94
	22	86	69	72	22	68	47	22	91	86	79	30
	12	34	79	81	88	90	20	72	78	71	63	11
	54	76	26	25	71	40	10	99	39	81	30	81
	10	90	64	93	41	16	92	46	11	56	99	32
	43	66	47	48	79	13	28	75	80	29	100	36
	40	81	55	59	31	75	46	89	58	100	77	51
	90	77	63	12	72	70	34	53	32	100	68	89
	88	69	76	91	81	88	90	79	59	43	87	59
	99	13	53	87	88	15	61	43	35	93	16	70
	69	84	15	18	27	70	42	43	18	77	18	37
	67	60	54	37	66	82	26	31	16	42	76	27
	50	49	55	29	14	92	90	14	79	90	13	46
	45	90	27	65	58	81	88	46	10	61	96	93
	59	62	84	84	95	17	13	45	90	65	12	93

	49	53	79	38	38	32	65	75	84	66	27	90
	83	16	30	54	79	61	64	17	75	29	74	43
	100	15	69	87	99	40	15	54	68	50	76	73
	41	71	78	88	81	87	25	50	74	42	16	99
	80	73	60	77	99	82	68	88	65	61	46	86
	99	95	79	91	32	44	61	41	34	60	16	90
	66	28	52	24	20	96	41	11	99	100	89	100
	83	85	16	70	64	56	91	86	26	99	63	40
	88	73	49	46	75	33	16	17	77	71	94	52
	21	93	76	27	76	14	82	69	79	33	98	18
	82	86	34	12	66	22	46	68	27	89	78	45
	71	87	79	34	94	91	22	55	60	58	52	75
	40	86	34	39	36	76	19	39	12	40	89	17
	36	30	16	97	22	99	48	80	81	11	52	34
	80	36	80	55	61	14	54	74	90	99	73	60
	70	31	39	57	21	56	52	29	33	70	28	77
	35	54	25	85	99	27	84	71	55	75	54	55
	62	71	81	74	46	15	14	44	31	84	48	29
	50	84	57	55	38	17	18	88	62	30	29	78
	46	15	25	87	98	44	76	29	50	88	16	62
	14	28	13	97	88	74	93	92	47	24	83	41
	76	16	13	24	42	70	26	98	42	29	16	27
	92	81	16	27	87	76	62	54	81	22	75	71
	75	60	42	99	50	56	34	38	39	50	80	100
	47	57	32	81	85	11	20	64	53	24	61	34
	15	84	32	38	26	30	33	28	31	12	68	88
	19	98	15	23	75	57	37	42	62	47	59	27
	10	88	99	37	96	98	60	26	73	22	17	23
	52	88	93	19	37	61	83	36	49	93	92	17
	91	77	79	92	41	95	85	96	23	60	80	81

	85	88	63	56	17	37	76	19	89	26	46	54
	85	57	92	16	70	52	79	39	15	62	83	58
	85	97	42	15	72	11	59	19	12	67	70	85
	54	20	49	52	30	89	39	14	45	41	29	89
	15	25	58	91	58	62	11	95	99	18	15	25
	65	23	21	41	47	64	70	21	96	32	17	93
	75	48	12	27	34	30	66	46	11	11	32	71
	30	82	71	73	15	52	92	62	15	19	26	47
	62	27	19	48	17	34	63	24	15	45	60	63
	69	87	45	78	60	65	43	64	12	43	80	40
	33	81	69	34	23	68	57	11	86	82	15	77
	35	87	62	73	75	26	13	89	22	54	12	17
	88	66	48	36	73	44	32	87	77	63	68	34
	19	85	68	94	55	84	48	34	25	37	26	96
	62	84	18	66	49	32	53	47	33	57	81	82
	90	11	52	47	82	76	99	31	68	98	63	57
	43	13	40	72	30	32	28	56	72	29	72	61
	43	69	66	86	29	57	82	71	46	87	11	28
	36	29	10	41	57	80	95	50	56	21	94	94
	76	68	51	78	47	49	25	15	22	51	87	90
	90	80	21	26	80	62	65	76	42	22	86	40
	50	82	28	75	36	62	36	13	94	16	50	70
	70	53	51	83	74	71	20	19	71	87	38	93
	16	76	53	28	46	15	45	90	23	18	32	93
	63	75	68	38	51	20	26	88	64	14	71	91
	70	90	10	98	17	50	68	59	89	92	73	32
	31	47	50	32	77	24	35	76	43	20	88	83
	97	28	38	95	39	80	89	92	17	84	34	18
	94	37	31	87	71	20	20	84	59	43	15	99
	42	20	78	72	44	12	24	89	19	59	58	14

	13	65	19	54	83	19	50	46	71	54	45	13
	38	39	24	50	67	82	36	31	96	21	81	24
	29	43	13	25	67	45	25	71	41	49	62	12
	98	40	86	10	21	80	23	29	86	48	30	67
	37	62	100	90	51	16	69	65	60	77	57	77
	91	55	13	78	85	96	44	65	70	46	70	91
	30	47	23	33	59	32	24	59	20	15	18	38
	21	52	66	23	74	79	71	57	51	91	67	96
	90	91	17	40	93	11	55	28	34	14	77	80
	32	99	91	100	83	91	87	24	21	72	100	29
	38	70	31	91	11	89	49	33	80	42	87	70
	100	58	97	51	36	94	38	50	83	86	66	63
	99	15	70	48	45	38	51	67	46	20	63	73
	62	28	59	78	96	52	76	32	84	98	72	39
	68	46	86	57	10	81	88	29	22	15	87	86
	79	90	64	88	69	34	14	38	91	64	64	80
	71	34	23	83	74	42	49	47	96	62	83	67
	53	78	19	70	75	57	88	56	39	81	77	52
	93	27	33	19	22	60	85	22	81	91	70	52
	46	30	61	51	29	39	31	84	20	100	49	70
	76	93	71	68	98	49	99	91	95	42	94	19
	76	32	53	75	83	95	17	22	29	51	79	68
	27	49	11	82	55	70	67	10	39	66	50	79
	43	72	58	58	45	55	87	88	70	80	47	40
	36	18	67	32	64	40	92	36	13	21	61	59
	83	75	43	100	81	22	46	12	92	60	32	85
	24	76	12	74	82	75	96	77	39	16	61	81
	84	85	36	73	30	74	65	11	80	11	73	27
	79	68	100	79	30	20	50	97	84	86	23	13
	62	82	19	98	49	74	94	52	98	24	12	36

	68	64	38	31	14	68	86	33	71	82	41	47
	72	69	98	51	48	89	46	14	93	92	80	95
	65	51	60	28	28	60	78	98	11	52	61	63
	66	66	22	34	47	70	86	61	37	24	58	34
	55	10	40	68	51	42	59	28	70	90	43	85
	23	45	64	84	54	75	68	36	82	69	37	15
	40	20	16	39	84	92	26	11	39	61	21	66
	86	40	49	14	80	73	90	23	75	46	38	89
	63	30	98	34	19	42	98	96	46	28	96	94
	17	57	28	53	50	48	12	10	59	70	18	84
	39	84	16	12	20	36	73	40	38	31	39	18
	64	58	46	75	72	15	27	60	64	100	24	43
	45	60	16	78	69	83	21	55	98	83	31	98
	94	56	44	93	56	67	11	42	53	83	51	76
	13	84	86	52	55	31	22	40	79	86	17	74
	22	16	76	55	11	55	51	85	79	39	65	56
	60	42	67	24	84	61	89	50	13	10	40	38
	57	70	47	25	49	29	86	72	27	18	64	74
	89	90	99	77	89	17	62	99	31	23	81	90
	66	94	83	15	30	91	54	79	50	30	25	46
	19	94	64	94	96	67	98	89	13	37	22	42
	30	83	78	47	84	50	35	38	23	33	55	52
	55	49	14	42	71	53	64	97	11	28	75	77
	48	59	18	21	12	79	27	42	64	98	67	44
	60	70	40	80	46	70	36	53	88	24	30	61
	18	15	29	34	10	99	77	51	63	94	78	79
	82	71	81	20	32	62	66	68	28	64	36	85
	97	96	92	29	43	58	71	27	24	44	44	46
	79	21	56	56	91	81	32	47	35	70	46	75
	52	46	34	12	98	26	46	97	16	70	96	84

