***** PARAMETERS PRP *****

Number of Customers = 30
Number of Products = 10
Number of Vehicles = 5
Number of Periods = 12

B = Production capacity
	49742

b_p = Time required to produce item p
 	1	1	1	1	1	1	1	1	1	1

c_p = Production cost of item p
 	30	80	80	80	30	30	30	30	80	80

s_p = Setup cost of item p
 	300	800	800	800	300	300	300	300	800	800

M = Big number
	198967

U_pi = Maximum inventory upper bound of item p at site i
 	198967	282	309	188	164	254	182	241	103	107	298	264	195	313	253	247	246	149	177	148	258	194	198	241	168	264	249	242	307	213	132
	198967	283	209	201	130	160	173	116	308	236	263	289	260	219	107	127	221	121	311	245	101	108	243	189	185	154	134	185	107	206	278
	198967	231	259	233	267	264	223	354	95	242	149	256	194	290	131	345	267	105	249	308	273	270	147	175	116	177	107	240	222	230	272
	198967	95	211	174	145	118	127	94	187	286	212	270	318	93	112	149	94	230	322	157	207	168	164	209	151	187	230	219	228	226	140
	198967	222	276	247	306	123	133	255	197	168	255	243	160	164	291	133	238	181	121	308	109	140	97	108	243	127	271	214	205	164	285
	198967	206	132	211	194	197	235	220	280	166	162	201	194	304	296	116	189	94	195	294	170	133	114	184	305	122	312	129	281	279	226
	198967	230	204	272	198	210	98	112	195	184	226	204	213	257	129	222	268	276	157	176	110	219	224	183	148	95	255	319	95	125	102
	198967	326	301	107	289	313	276	110	133	158	166	135	181	193	147	330	199	247	202	290	237	211	236	293	177	240	104	233	161	90	183
	198967	246	280	201	163	171	75	222	156	268	342	147	101	268	76	170	198	167	212	224	121	122	203	189	111	182	185	212	74	335	97
	198967	120	68	87	208	290	166	177	199	147	271	164	203	118	187	122	243	226	117	115	96	200	165	232	241	247	172	341	192	144	113

I_pi0 = Initial inventory of item p at site i
 	0	275	183	146	90	155	78	65	54	54	83	35	190	166	245	149	145	62	125	97	54	62	175	186	54	231	182	96	88	210	33
	0	125	152	196	99	138	38	41	298	66	236	38	29	158	94	107	182	106	81	144	13	92	116	145	183	110	83	78	84	22	167
	0	175	47	70	165	154	209	163	68	135	118	138	175	78	122	254	74	68	163	182	216	204	75	171	44	29	92	176	51	24	52
	0	92	73	173	79	73	123	29	11	100	192	164	87	42	96	43	83	181	164	31	181	81	100	192	36	104	106	35	205	99	107
	0	171	202	69	228	114	100	200	130	159	208	171	17	85	98	49	71	145	68	258	72	70	69	100	35	64	164	159	184	147	113
	0	95	98	157	191	147	109	24	68	126	147	200	151	56	90	85	76	76	178	98	142	104	73	184	228	25	287	90	83	260	160
	0	87	198	193	166	162	43	92	46	158	88	157	187	180	101	129	203	17	96	78	11	185	64	23	98	84	221	188	93	37	99
	0	256	188	51	178	209	201	99	99	13	87	79	72	43	132	174	189	89	172	193	233	193	195	194	90	140	64	185	108	34	160
	0	240	102	60	92	148	12	75	141	189	300	118	58	50	61	151	138	119	210	217	86	87	173	86	86	142	145	129	31	213	64
	0	97	24	62	147	209	100	83	13	75	35	63	187	61	22	95	200	181	104	86	83	18	143	82	119	169	64	73	165	109	57

h_pi = Inventory cost of item p at site i
 	3	0	0	0	0	0	0	0	0	0	0	0	0	0	0	0	0	0	0	0	0	0	0	0	0	0	0	0	0	0	0
	8	0	0	0	0	0	0	0	0	0	0	0	0	0	0	0	0	0	0	0	0	0	0	0	0	0	0	0	0	0	0
	8	0	0	0	0	0	0	0	0	0	0	0	0	0	0	0	0	0	0	0	0	0	0	0	0	0	0	0	0	0	0
	8	0	0	0	0	0	0	0	0	0	0	0	0	0	0	0	0	0	0	0	0	0	0	0	0	0	0	0	0	0	0
	3	0	0	0	0	0	0	0	0	0	0	0	0	0	0	0	0	0	0	0	0	0	0	0	0	0	0	0	0	0	0
	3	0	0	0	0	0	0	0	0	0	0	0	0	0	0	0	0	0	0	0	0	0	0	0	0	0	0	0	0	0	0
	3	0	0	0	0	0	0	0	0	0	0	0	0	0	0	0	0	0	0	0	0	0	0	0	0	0	0	0	0	0	0
	3	0	0	0	0	0	0	0	0	0	0	0	0	0	0	0	0	0	0	0	0	0	0	0	0	0	0	0	0	0	0
	8	0	0	0	0	0	0	0	0	0	0	0	0	0	0	0	0	0	0	0	0	0	0	0	0	0	0	0	0	0	0
	8	0	0	0	0	0	0	0	0	0	0	0	0	0	0	0	0	0	0	0	0	0	0	0	0	0	0	0	0	0	0

C = Vehicle capacity
	3540

f = Fixed transportation cost
	29729

a_ik = Transportation cost for traveling from node i to node k
 	0	124	585	171	50	198	284	186	307	214	246	575	395	192	300	216	402	414	276	416	264	198	137	316	214	357	202	189	464	551	421
	124	0	469	191	77	217	275	228	249	162	206	461	289	188	214	183	279	306	388	485	240	316	189	196	309	368	229	176	356	479	373
	585	469	0	527	536	645	653	672	552	535	569	20	203	490	320	568	251	181	857	926	454	783	644	275	775	749	545	478	138	309	389
	171	191	527	0	157	363	441	355	437	346	387	512	324	39	208	359	415	346	408	581	107	322	307	300	371	523	38	49	391	413	269
	50	77	536	157	0	208	285	204	289	196	234	526	347	170	255	205	355	366	324	449	237	247	158	267	255	367	193	163	416	512	389
	198	217	645	363	208	0	92	40	169	117	106	641	491	377	430	88	411	505	276	282	443	249	69	378	173	160	397	370	552	695	587
	284	275	653	441	285	92	0	126	116	126	85	651	520	451	478	96	406	531	349	291	512	335	161	400	248	100	477	442	575	741	646
	186	228	672	355	204	40	126	0	209	153	145	666	510	373	441	125	442	525	237	260	441	211	49	401	133	175	387	367	573	705	591
	307	249	552	437	289	169	116	209	0	94	67	552	441	436	422	96	302	448	445	406	486	414	224	318	342	201	474	424	488	675	600
	214	162	535	346	196	117	126	153	94	0	46	532	395	348	355	34	295	406	382	393	402	339	149	276	281	225	383	337	451	616	527
	246	206	569	387	234	106	85	145	67	46	0	567	437	391	400	31	324	447	381	365	446	348	157	316	278	184	424	380	491	660	572
	575	461	20	512	526	641	651	666	552	532	567	0	189	476	305	565	253	167	848	922	438	773	638	267	767	748	530	464	122	290	370
	395	289	203	324	347	491	520	510	441	395	437	189	0	288	118	427	198	23	671	769	256	592	475	123	597	619	343	276	70	243	235
	192	188	490	39	170	377	451	373	436	348	391	476	288	0	171	365	389	310	442	607	73	356	325	272	399	536	59	16	354	377	235
	300	214	320	208	255	430	478	441	422	355	400	305	118	171	0	383	259	140	574	698	143	492	401	143	510	575	226	159	184	265	182
	216	183	568	359	205	88	96	125	96	34	31	565	427	365	383	0	328	439	359	360	422	321	130	308	256	194	396	354	484	645	552
	402	279	251	415	355	411	406	442	302	295	324	253	198	389	259	328	0	192	652	687	392	588	423	120	559	500	446	374	215	437	424
	414	306	181	346	366	505	531	525	448	406	447	167	23	310	140	439	192	0	690	784	278	612	491	132	614	630	365	298	50	245	250
	276	388	857	408	324	276	349	237	445	382	381	848	671	442	574	359	652	690	0	238	514	87	235	584	104	348	422	444	739	817	676
	416	485	926	581	449	282	291	260	406	393	365	922	769	607	698	360	687	784	238	0	679	299	298	658	214	222	605	604	832	959	836
	264	240	454	107	237	443	512	441	486	402	446	438	256	73	143	422	392	278	514	679	0	428	394	273	472	601	103	76	316	308	163
	198	316	783	322	247	249	335	211	414	339	348	773	592	356	492	321	588	612	87	299	428	0	192	512	103	357	336	359	661	731	590
	137	189	644	307	158	69	161	49	224	149	157	638	475	325	401	130	423	491	235	298	394	192	0	371	137	222	338	319	540	663	545
	316	196	275	300	267	378	400	401	318	276	316	267	123	272	143	308	120	132	584	658	273	512	371	0	501	499	330	257	176	361	318
	214	309	775	371	255	173	248	133	342	281	278	767	597	399	510	256	559	614	104	214	472	103	137	501	0	258	394	399	664	764	633
	357	368	749	523	367	160	100	175	201	225	184	748	619	536	575	194	500	630	348	222	601	357	222	499	258	0	556	528	674	839	740
	202	229	545	38	193	397	477	387	474	383	424	530	343	59	226	396	446	365	422	605	103	336	338	330	394	556	0	74	408	409	259
	189	176	478	49	163	370	442	367	424	337	380	464	276	16	159	354	374	298	444	604	76	359	319	257	399	528	74	0	342	373	235
	464	356	138	391	416	552	575	573	488	451	491	122	70	354	184	484	215	50	739	832	316	661	540	176	664	674	408	342	0	229	265
	551	479	309	413	512	695	741	705	675	616	660	290	243	377	265	645	437	245	817	959	308	731	663	361	764	839	409	373	229	0	156
	421	373	389	269	389	587	646	591	600	527	572	370	235	235	182	552	424	250	676	836	163	590	545	318	633	740	259	235	265	156	0

coordXY = Coordinates (x,y): line zero => x line one => y column => customers
 	168	257	452	76	195	324	414	289	472	381	407	433	308	94	217	377	473	325	88	283	82	82	258	354	178	434	40	109	341	146	77
	566	481	55	423	525	687	706	706	606	585	622	56	197	389	271	618	305	183	830	965	317	744	669	311	779	803	411	387	136	16	155

d_pit = Demand of item p at customer i in period t
 	55	70	87	63	23	41	85	45	44	92	30	41
	82	77	11	13	89	92	100	26	41	49	80	82
	49	97	72	99	71	74	21	75	82	17	29	67
	74	16	55	58	14	96	26	44	29	14	22	45
	13	97	45	58	49	55	94	59	56	99	66	72
	59	19	79	96	40	49	99	13	89	83	83	17
	65	99	48	68	46	56	44	30	72	84	24	86
	16	38	54	25	35	35	22	94	79	98	99	23
	16	38	73	87	28	53	99	31	84	32	26	72
	83	91	98	68	76	58	15	99	63	84	88	72
	35	64	86	39	52	28	75	43	27	17	98	69
	57	34	30	69	31	81	29	34	32	89	75	25
	72	51	43	51	66	57	71	68	90	99	54	29
	78	81	86	56	34	78	72	57	28	97	45	47
	62	30	31	26	49	29	96	52	53	86	66	12
	95	50	16	72	47	21	93	22	97	68	78	78
	62	34	34	45	75	67	16	25	58	76	57	46
	94	31	92	41	50	69	60	70	73	43	43	41
	43	11	43	62	23	68	46	21	85	91	36	61
	54	49	79	65	64	43	91	46	29	51	34	13
	62	71	38	73	79	42	91	23	18	88	97	93
	81	94	48	45	98	98	40	53	83	77	50	25
	46	57	83	79	13	56	98	68	19	83	92	29
	54	53	26	91	58	32	62	70	81	52	63	31
	45	90	15	81	33	59	31	94	14	80	77	14
	100	44	38	98	22	70	99	74	58	78	30	37
	46	50	80	93	75	84	54	61	31	29	60	64
	24	11	53	89	86	85	92	85	53	79	23	56
	82	50	78	14	20	54	30	71	45	26	22	20
	33	33	50	30	21	32	96	13	48	45	92	35

	38	87	24	21	71	81	61	65	49	94	27	62
	41	68	43	25	85	50	78	95	96	98	76	79
	100	68	28	12	63	18	29	45	37	95	14	93
	99	91	68	21	18	94	56	59	99	71	12	92
	54	68	16	71	29	76	100	74	31	50	31	38
	19	19	78	47	53	96	41	16	65	18	56	12
	41	79	94	80	38	53	13	75	67	14	83	58
	56	65	94	83	19	32	32	79	86	58	60	74
	16	50	66	43	49	35	69	57	35	23	60	63
	35	68	47	86	43	43	44	52	89	13	32	78
	38	68	41	95	98	59	61	27	74	13	28	92
	17	12	57	33	78	32	71	94	99	91	25	14
	30	74	34	20	67	24	79	11	99	98	41	81
	94	48	22	14	78	85	31	73	37	46	32	83
	92	15	24	82	37	93	50	92	95	73	95	13
	46	38	98	97	78	36	87	80	77	96	81	70
	68	38	27	53	63	33	81	53	95	95	29	92
	81	37	91	51	64	86	80	26	32	93	67	39
	21	51	72	19	60	15	30	88	67	29	53	82
	13	60	29	33	20	53	41	65	89	74	37	90
	92	31	46	63	34	50	77	73	25	80	41	36
	50	66	56	35	81	93	38	51	45	19	30	20
	11	59	62	13	39	58	49	73	80	47	29	48
	33	77	73	57	42	60	96	93	54	66	68	19
	17	93	94	11	55	52	12	54	15	69	89	56
	83	51	27	11	25	54	19	20	74	68	77	27
	78	24	37	78	98	55	36	10	96	63	96	70
	84	22	41	13	35	58	95	30	91	61	96	18
	22	64	61	90	16	70	69	43	44	21	27	90
	13	80	74	38	95	29	13	42	41	97	76	68

	39	96	18	22	30	57	31	28	27	57	95	55
	23	24	73	74	82	74	13	47	45	91	21	54
	70	33	83	19	73	87	27	71	72	84	59	21
	87	20	58	70	87	59	93	24	93	59	78	73
	19	61	74	22	47	45	17	81	11	90	100	67
	52	69	88	55	37	55	85	50	12	91	50	25
	53	69	41	79	56	91	84	78	96	72	65	66
	45	23	38	31	60	78	84	26	82	42	32	29
	29	46	60	38	99	38	15	41	41	90	32	51
	41	77	67	70	16	64	12	56	20	22	71	80
	40	98	71	67	39	57	41	70	68	84	41	91
	34	82	59	63	95	14	20	27	75	20	69	24
	78	90	73	10	69	28	46	77	75	51	12	86
	26	96	40	74	34	13	14	47	100	43	18	19
	65	56	46	87	55	82	31	85	88	85	75	74
	46	28	65	61	74	43	58	33	48	67	42	75
	68	62	30	62	66	39	94	32	36	48	42	49
	17	100	13	33	94	46	60	65	40	43	15	71
	32	94	56	76	67	90	58	38	19	90	85	33
	84	31	84	17	71	20	99	49	69	13	76	42
	58	50	47	49	66	91	18	74	15	53	56	70
	75	83	38	44	66	20	32	43	71	25	61	28
	53	72	46	75	70	49	96	15	93	25	86	18
	44	90	97	99	54	67	37	40	18	94	14	40
	29	26	47	16	19	30	95	81	11	97	36	44
	59	33	50	23	94	85	63	59	73	42	36	23
	83	93	94	53	97	28	76	66	42	26	42	20
	51	29	86	95	16	64	74	12	75	62	55	47
	24	74	66	83	98	70	81	21	61	54	33	24
	11	17	24	53	81	88	88	62	59	73	64	32

	92	55	23	27	83	44	73	12	31	37	59	31
	51	22	38	40	41	24	50	89	26	13	21	91
	55	62	56	76	77	29	63	60	70	48	76	24
	21	58	78	22	61	78	25	14	98	88	13	22
	73	66	100	89	83	26	19	95	13	34	80	29
	46	77	29	22	89	96	88	84	44	21	80	85
	29	70	39	22	17	92	12	53	43	19	87	82
	11	30	94	30	97	85	66	50	58	52	88	88
	39	61	90	10	73	11	70	26	96	92	98	20
	33	64	95	89	73	98	82	53	31	65	99	67
	69	75	20	33	78	78	52	95	19	18	26	86
	87	67	83	70	78	97	61	60	56	24	15	64
	42	89	22	17	25	11	47	45	39	81	49	88
	48	48	95	62	95	35	47	65	75	11	10	82
	43	36	63	61	25	62	50	21	35	96	56	49
	83	94	74	33	30	37	21	97	15	26	27	24
	83	81	17	63	100	21	70	98	30	17	50	60
	87	77	64	79	91	45	30	66	85	71	60	17
	31	41	53	28	11	45	25	53	71	34	35	44
	31	47	32	71	61	27	58	36	90	79	13	76
	59	22	50	86	28	58	86	57	63	43	38	80
	49	18	33	44	71	78	77	38	14	64	90	78
	86	45	61	23	79	67	46	29	26	99	11	56
	12	24	99	17	87	14	92	45	40	26	91	58
	40	43	21	29	59	74	51	21	42	78	30	73
	93	13	70	87	41	86	34	65	69	37	58	36
	35	38	33	46	22	94	53	55	32	23	54	41
	24	49	64	68	22	50	91	51	88	56	67	53
	41	28	30	32	15	72	90	41	29	79	54	31
	31	76	47	19	81	30	22	69	59	65	33	28

	17	65	89	92	46	83	73	100	73	92	96	61
	45	33	50	74	94	27	63	14	97	18	58	90
	39	30	64	33	86	17	41	24	40	67	66	86
	27	53	83	65	89	34	36	83	91	55	87	32
	68	46	47	66	80	84	78	15	46	90	97	20
	26	74	70	90	95	59	46	87	59	78	78	33
	29	30	70	71	11	31	67	45	73	42	85	58
	66	64	88	51	47	11	39	12	40	74	20	80
	77	82	19	20	56	70	69	37	18	93	39	91
	68	50	90	72	26	50	35	64	70	69	76	95
	46	59	66	91	82	25	15	33	54	23	39	49
	17	47	71	51	50	52	70	21	91	57	51	60
	64	21	44	52	26	81	64	93	18	99	71	24
	98	88	20	27	29	93	76	62	83	94	17	11
	49	95	96	11	86	70	27	33	97	74	97	64
	71	62	79	25	36	19	48	55	68	39	10	60
	94	51	70	77	64	85	46	33	43	74	27	59
	68	59	55	28	100	52	39	44	47	93	48	91
	47	73	50	88	73	20	81	39	53	81	92	42
	72	52	11	26	97	90	34	71	95	33	26	45
	70	96	61	60	98	75	82	19	36	91	83	71
	24	45	33	54	68	67	90	22	11	37	87	45
	77	23	46	22	48	52	52	31	96	64	49	90
	35	91	56	16	39	49	13	32	43	74	70	64
	64	64	90	43	74	56	45	41	78	73	76	59
	73	91	39	56	88	60	31	17	68	66	28	34
	74	41	44	64	52	17	65	34	55	67	78	50
	93	91	90	78	58	68	36	82	48	92	16	69
	72	75	13	90	36	85	48	41	19	87	44	45
	27	33	35	18	44	73	71	66	88	96	96	38

	34	45	16	64	64	58	18	31	54	23	24	64
	98	94	75	56	42	60	69	18	78	37	83	81
	38	83	36	20	16	32	27	64	35	55	58	42
	32	61	98	75	92	62	89	68	92	82	13	12
	72	75	89	59	24	42	15	63	77	25	11	38
	96	13	34	38	77	70	25	33	29	13	82	53
	24	36	48	58	96	13	38	20	95	13	19	69
	68	78	52	85	28	67	67	43	70	20	23	70
	62	13	51	68	38	87	71	14	36	28	20	10
	99	48	46	95	26	50	35	41	49	34	34	89
	23	54	26	97	12	96	61	22	71	68	10	62
	68	83	64	66	71	22	94	49	66	73	21	99
	56	39	99	80	71	70	95	27	18	37	97	41
	90	17	81	42	46	35	93	75	33	67	49	83
	85	55	23	57	21	59	72	65	26	86	61	87
	76	59	90	80	10	31	99	66	74	64	68	40
	27	49	58	46	94	57	38	71	44	14	39	24
	57	81	40	85	85	69	36	95	67	43	39	81
	98	47	50	35	32	27	73	90	62	65	29	98
	42	79	21	93	39	99	59	66	20	94	20	49
	27	77	94	83	81	76	56	45	17	73	69	98
	73	21	83	41	45	86	65	51	50	73	43	51
	60	37	87	99	16	87	20	32	80	65	63	91
	10	98	28	92	54	66	16	66	95	68	88	51
	25	49	98	39	94	87	28	21	69	42	99	79
	42	87	78	80	17	68	65	77	72	98	36	29
	90	62	71	61	21	67	79	66	87	12	90	65
	35	48	76	73	87	73	39	86	95	84	54	94
	81	80	99	78	43	21	76	38	23	36	62	32
	44	46	70	41	84	83	18	39	76	89	63	26

	39	27	21	64	29	82	61	28	50	45	83	22
	42	74	82	35	21	60	83	90	95	88	56	88
	99	20	74	95	73	96	78	32	71	35	98	45
	62	69	35	86	30	47	16	23	81	53	48	43
	90	24	48	62	50	88	76	24	37	21	65	44
	43	82	62	14	79	65	56	20	53	20	30	62
	12	80	69	62	87	40	97	44	14	17	90	60
	46	83	34	19	50	92	15	96	57	46	21	27
	67	91	45	29	53	98	99	37	81	14	72	48
	33	55	18	35	46	99	64	76	15	58	85	93
	80	77	68	87	72	35	75	11	83	94	55	80
	76	67	12	32	19	37	11	93	93	80	98	21
	88	92	82	54	44	46	43	89	57	58	46	71
	55	46	78	14	88	97	48	99	68	79	75	29
	97	32	98	77	15	18	77	25	60	29	64	73
	48	71	84	32	34	72	34	35	31	40	79	84
	17	36	24	77	79	43	85	28	94	74	53	52
	35	36	25	28	29	83	44	13	82	22	24	50
	63	15	69	89	79	75	74	87	58	14	17	64
	11	99	16	27	45	26	30	37	27	28	59	34
	84	64	37	55	60	95	59	56	17	32	49	49
	64	94	61	91	41	40	24	95	12	26	96	28
	23	77	33	17	15	97	95	50	54	30	33	25
	20	78	93	84	53	24	14	27	31	99	18	50
	26	58	48	42	87	34	11	71	32	35	78	49
	81	57	66	17	67	95	88	38	68	16	73	100
	26	71	91	61	85	76	94	52	11	90	72	37
	93	43	16	97	18	77	13	41	30	54	72	15
	37	93	88	63	64	90	80	17	90	83	14	33
	99	34	93	52	22	39	56	16	22	59	90	28

	73	95	88	81	57	23	16	56	87	67	71	69
	51	56	81	12	64	86	17	58	91	69	65	72
	51	60	45	87	42	44	18	38	41	39	95	79
	98	80	70	73	86	67	33	93	85	75	64	44
	81	94	34	92	72	80	20	67	96	47	34	34
	100	72	29	47	38	26	75	54	97	28	81	16
	23	48	28	61	76	19	12	25	87	87	99	94
	12	64	23	85	53	49	29	93	12	53	22	38
	13	12	46	89	26	62	91	75	40	76	14	87
	19	68	88	27	86	12	43	40	99	57	39	85
	79	68	46	42	17	30	69	41	46	31	33	36
	17	55	50	97	42	97	93	71	65	71	26	41
	43	79	25	37	23	18	80	52	72	76	41	32
	91	41	45	50	38	96	19	50	72	30	21	33
	45	90	39	38	77	92	70	50	83	84	97	26
	95	94	89	39	79	36	40	76	11	94	89	53
	56	33	19	74	58	33	37	37	98	63	33	52
	14	84	61	13	83	26	59	31	37	92	45	61
	93	51	23	26	64	80	10	80	71	54	83	60
	88	26	71	48	51	73	59	62	69	36	57	71
	94	99	58	80	49	60	72	87	56	75	15	98
	77	60	58	98	77	97	51	32	26	69	31	31
	57	87	50	42	25	48	91	43	65	94	42	59
	11	79	45	71	65	14	10	82	80	41	14	18
	52	88	46	86	91	80	45	51	28	45	51	56
	64	75	37	29	43	73	39	32	54	73	21	84
	50	20	18	97	100	43	15	82	32	40	11	50
	46	62	56	19	93	36	50	88	76	45	31	42
	34	80	16	50	75	98	64	21	33	11	34	21
	60	100	43	14	29	92	68	65	31	87	55	86

	95	47	98	65	70	98	25	31	62	47	31	70
	84	18	95	52	29	11	41	19	70	96	72	86
	60	26	90	22	63	30	83	65	97	97	88	84
	58	34	82	98	80	98	36	73	30	17	29	16
	79	69	25	26	96	83	57	42	16	67	26	98
	12	47	61	58	12	25	20	34	69	40	53	17
	75	46	79	32	20	53	30	97	19	19	17	46
	29	77	35	25	11	88	54	59	52	81	15	99
	69	32	88	50	78	95	12	45	19	11	66	77
	99	55	67	79	92	70	71	34	32	59	70	92
	26	92	46	16	50	29	43	15	31	64	89	87
	58	26	69	34	20	55	92	52	56	46	30	70
	50	76	77	70	17	80	34	16	28	96	47	51
	61	17	42	19	69	41	12	60	50	34	38	15
	53	30	68	89	68	31	50	71	75	81	53	11
	43	42	53	98	23	24	45	22	29	60	83	72
	28	91	26	94	78	76	19	76	61	74	12	32
	98	76	36	25	15	75	95	70	17	33	61	34
	39	86	47	45	62	30	91	70	72	16	38	75
	86	74	15	91	91	50	78	48	42	55	34	64
	87	54	82	64	45	52	16	38	45	93	79	76
	90	83	86	65	86	22	79	41	76	68	23	94
	86	89	81	15	75	48	82	58	62	89	36	36
	86	36	49	19	68	51	32	76	85	35	87	44
	95	47	94	45	89	14	54	53	56	73	21	86
	30	42	73	88	14	66	47	90	85	80	87	39
	63	66	69	89	41	23	41	14	75	91	15	50
	31	72	90	16	13	42	16	26	63	16	15	45
	93	76	44	68	27	55	48	67	84	87	65	91
	64	96	37	13	52	33	36	17	56	96	62	22

	97	84	60	95	74	44	29	54	56	16	47	61
	24	58	54	34	13	26	60	27	25	25	13	51
	52	10	20	26	78	48	27	24	10	67	87	75
	55	68	24	25	73	26	66	38	57	71	36	84
	46	93	13	57	63	25	18	80	62	99	86	54
	23	77	99	22	91	22	50	11	11	42	13	38
	38	45	34	42	18	100	81	43	18	65	31	15
	13	62	47	70	27	19	58	39	98	81	52	32
	75	12	24	91	82	23	96	25	61	22	28	47
	35	54	87	72	24	14	80	58	38	82	82	24
	35	28	13	73	15	97	95	86	35	19	66	94
	56	90	18	23	85	56	64	18	19	21	63	96
	61	79	73	81	21	84	65	11	90	42	41	61
	22	87	72	61	79	37	91	22	76	28	94	80
	71	24	95	82	37	15	97	51	60	72	80	47
	56	35	67	42	70	36	29	40	81	17	21	89
	85	96	41	48	23	16	91	98	19	39	27	94
	80	24	73	73	24	96	13	80	62	77	40	58
	86	19	93	73	48	45	35	71	69	41	84	27
	83	81	20	62	17	26	34	32	33	71	42	75
	18	23	56	33	57	36	35	37	38	26	53	69
	61	18	64	35	53	48	18	22	85	22	52	16
	35	47	82	58	30	40	79	70	81	64	40	70
	84	35	79	20	14	52	88	80	49	63	95	64
	34	87	48	44	28	84	96	62	20	17	15	58
	14	50	62	63	78	22	93	11	76	46	88	85
	73	92	71	80	72	34	78	65	72	37	61	83
	89	23	29	24	99	69	24	21	52	57	29	59
	20	89	64	51	13	12	53	63	61	20	95	34
	57	69	70	11	36	92	86	72	25	90	37	35

