***** PARAMETERS PRP *****

Number of Customers = 30
Number of Products = 10
Number of Vehicles = 5
Number of Periods = 12

B = Production capacity
	49563

b_p = Time required to produce item p
 	1	1	1	1	1	1	1	1	1	1

c_p = Production cost of item p
 	30	30	30	80	30	80	30	80	80	80

s_p = Setup cost of item p
 	300	300	300	800	300	800	300	800	800	800

M = Big number
	198250

U_pi = Maximum inventory upper bound of item p at site i
 	198250	115	267	118	170	138	223	180	239	110	288	96	226	132	177	246	148	291	125	192	167	159	247	95	130	175	254	164	133	290	258
	198250	350	181	267	240	104	228	152	112	117	176	227	136	149	86	99	223	166	193	186	185	182	168	90	115	169	234	151	183	243	102
	198250	173	338	226	291	305	128	295	103	220	251	237	209	165	194	101	168	283	170	235	183	266	86	105	168	209	224	240	243	303	121
	198250	310	273	161	158	280	277	165	101	119	162	162	169	221	224	160	244	221	199	251	216	258	177	67	197	176	290	100	298	210	104
	198250	161	148	146	279	195	175	143	171	337	135	271	186	83	188	189	162	266	226	183	243	153	319	114	223	122	96	155	182	176	182
	198250	148	133	115	184	122	128	278	111	304	307	306	274	120	184	98	95	144	149	245	150	211	146	254	85	272	221	188	156	95	120
	198250	170	268	152	121	259	253	111	148	175	139	145	256	276	250	110	103	164	164	109	221	179	260	184	165	83	160	111	249	300	248
	198250	302	296	153	141	134	207	85	185	79	181	121	192	305	206	217	289	309	216	173	92	104	171	119	338	125	183	102	187	80	321
	198250	247	113	194	106	263	268	118	230	187	154	113	140	121	162	120	160	256	159	205	299	248	116	202	88	120	195	251	271	230	202
	198250	198	88	157	109	98	174	121	86	200	181	112	171	169	97	290	327	183	177	92	196	204	291	115	220	215	90	205	192	233	87

I_pi0 = Initial inventory of item p at site i
 	0	93	80	61	88	110	193	172	70	54	276	20	121	24	43	193	119	71	69	186	48	26	72	17	40	144	91	153	106	206	216
	0	299	179	230	116	95	49	29	82	93	111	217	120	117	79	75	190	84	157	73	134	153	66	30	60	76	159	86	70	235	25
	0	34	182	226	223	64	92	234	61	150	251	69	146	143	142	48	142	57	121	39	122	46	29	78	144	159	185	97	130	150	88
	0	178	213	37	63	176	39	101	60	74	86	81	110	16	190	109	112	27	39	76	92	213	131	48	143	154	219	96	180	98	52
	0	148	84	63	253	137	94	131	154	118	96	152	85	0	15	151	104	40	112	130	166	98	129	104	155	60	76	132	126	104	17
	0	86	41	89	136	85	98	75	33	153	131	262	92	118	152	41	67	126	136	179	25	210	123	174	50	97	155	149	99	39	105
	0	44	99	149	107	176	189	102	140	155	73	81	60	135	141	15	15	144	39	98	138	174	82	121	89	63	96	78	157	211	69
	0	183	222	105	107	78	155	42	164	58	118	92	89	183	113	180	93	68	122	159	57	19	91	80	125	111	165	43	74	68	147
	0	116	97	173	83	28	166	26	52	114	135	98	71	121	64	77	130	79	138	59	256	84	42	110	69	99	29	94	160	195	197
	0	48	39	82	34	95	108	66	25	104	112	88	110	127	96	153	255	101	71	70	134	141	184	38	76	124	64	205	125	222	65

h_pi = Inventory cost of item p at site i
 	3	5	6	6	8	2	1	2	1	4	5	1	8	1	9	9	3	3	9	9	9	5	2	2	2	8	3	9	5	9	1
	3	6	5	9	1	4	9	1	8	7	4	5	7	5	3	6	8	9	5	4	2	1	8	2	7	3	3	3	2	7	5
	3	7	9	5	9	4	8	9	5	9	4	7	2	5	5	4	8	5	5	3	2	4	6	5	1	8	4	8	7	8	4
	8	4	8	2	6	7	7	5	9	4	3	4	5	2	3	4	4	7	5	1	8	8	1	7	4	2	3	7	8	6	7
	3	8	4	6	3	4	8	1	3	3	9	3	2	5	9	7	8	8	7	2	5	9	1	1	8	2	1	1	1	9	1
	8	9	7	9	3	5	6	4	4	8	8	8	1	8	4	1	7	8	8	5	6	7	4	1	1	6	5	1	2	5	6
	3	1	6	4	6	7	3	6	5	6	6	9	7	7	3	1	7	1	8	5	8	7	9	2	5	8	7	6	6	5	9
	8	8	9	3	6	7	4	7	5	2	2	7	1	9	4	5	7	6	1	4	9	8	8	1	1	5	8	8	9	2	3
	8	3	8	7	2	7	8	8	9	7	9	8	5	2	9	3	4	7	7	6	5	7	1	3	6	8	5	5	4	5	4
	8	1	4	9	6	7	5	1	6	2	6	7	4	6	3	6	8	4	9	4	4	9	9	6	3	2	5	1	1	2	4

C = Vehicle capacity
	3500

f = Fixed transportation cost
	155465

a_ik = Transportation cost for traveling from node i to node k
 	0	2315	1275	1230	315	3750	1860	4400	435	595	3605	785	630	1885	2535	530	540	3225	1220	1655	3915	3160	3950	3295	1380	3175	415	3415	2190	460	1400
	2315	0	3095	1345	2380	1545	1540	2105	2295	2675	1595	2070	1850	1070	420	2535	1780	1055	2705	690	1630	1560	2025	1185	1175	1090	1905	1115	1215	2625	2345
	1275	3095	0	2375	980	4265	1955	5015	1685	1665	3975	1030	1855	2260	3425	1685	1630	3760	470	2570	4525	3375	4225	4225	1930	3660	1540	4185	2440	1525	975
	1230	1345	2375	0	1430	2885	1820	3415	1045	1410	2885	1450	620	1535	1435	1270	750	2385	2140	680	2955	2660	3295	2120	1110	2395	850	2350	1865	1395	2030
	315	2380	980	1430	0	3750	1710	4435	745	855	3560	565	880	1810	2645	820	690	3225	910	1760	3940	3070	3885	3420	1335	3160	580	3490	2090	710	1125
	3750	1545	4265	2885	3750	0	2350	800	3795	4175	520	3315	3360	2010	1590	4040	3240	530	3820	2220	405	1180	820	1575	2420	605	3360	930	1855	4110	3350
	1860	1540	1955	1820	1710	2350	0	3130	2125	2435	2025	1160	1840	475	1955	2335	1550	1875	1495	1430	2655	1425	2275	2710	710	1755	1620	2465	495	2315	1010
	4400	2105	5015	3415	4435	800	3130	0	4395	4775	1270	4040	3950	2755	2010	4640	3875	1260	4575	2790	495	1965	1400	1640	3125	1380	4000	1110	2635	4725	4120
	435	2295	1685	1045	745	3795	2125	4395	0	385	3705	1160	450	2070	2450	245	605	3275	1650	1610	3920	3335	4080	3160	1545	3250	515	3360	2395	355	1800
	595	2675	1665	1410	855	4175	2435	4775	385	0	4080	1375	830	2415	2830	145	960	3655	1730	1990	4300	3690	4445	3525	1895	3625	855	3740	2735	150	1980
	3605	1595	3975	2885	3560	520	2025	1270	3705	4080	0	3085	3290	1760	1770	3950	3125	590	3520	2210	925	705	440	1950	2235	510	3240	1330	1540	3995	3030
	785	2070	1030	1450	565	3315	1160	4040	1160	1375	3085	0	1085	1330	2395	1310	770	2800	700	1550	3545	2555	3385	3195	920	2715	750	3170	1575	1240	655
	630	1850	1855	620	880	3360	1840	3950	450	830	3290	1085	0	1710	2010	690	325	2845	1705	1165	3475	2955	3675	2725	1195	2825	340	2915	2045	790	1730
	1885	1070	2260	1535	1810	2010	475	2755	2070	2415	1760	1330	1710	0	1480	2300	1465	1505	1820	1035	2270	1280	2075	2240	525	1405	1565	2020	340	2315	1380
	2535	420	3425	1435	2645	1590	1955	2010	2450	2830	1770	2395	2010	1480	0	2690	2000	1185	3055	885	1570	1875	2205	810	1535	1275	2125	920	1630	2795	2725
	530	2535	1685	1270	820	4040	2335	4640	245	145	3950	1310	690	2300	2690	0	835	3520	1715	1850	4160	3565	4320	3385	1775	3495	735	3600	2620	180	1930
	540	1780	1630	750	690	3240	1550	3875	605	960	3125	770	325	1465	2000	835	0	2715	1425	1120	3390	2735	3490	2760	945	2675	130	2875	1795	875	1415
	3225	1055	3760	2385	3225	530	1875	1260	3275	3655	590	2800	2845	1505	1185	3520	2715	0	3320	1710	780	940	1025	1410	1895	175	2835	835	1385	3585	2865
	1220	2705	470	2140	910	3820	1495	4575	1650	1730	3520	700	1705	1820	3055	1715	1425	3320	0	2235	4090	2910	3760	3860	1530	3215	1365	3780	1980	1585	515
	1655	690	2570	680	1760	2220	1430	2790	1610	1990	2210	1550	1165	1035	885	1850	1120	1710	2235	0	2315	2015	2620	1670	805	1720	1245	1765	1325	1945	1970
	3915	1630	4525	2955	3940	405	2655	495	3920	4300	925	3545	3475	2270	1570	4160	3390	780	4090	2315	0	1575	1190	1350	2635	915	3515	730	2165	4245	3640
	3160	1560	3375	2660	3070	1180	1425	1965	3335	3690	705	2555	2955	1280	1875	3565	2735	940	2910	2015	1575	0	855	2305	1795	770	2835	1775	985	3585	2405
	3950	2025	4225	3295	3885	820	2275	1400	4080	4445	440	3385	3675	2075	2205	4320	3490	1025	3760	2620	1190	855	0	2355	2575	945	3600	1720	1815	4355	3260
	3295	1185	4225	2120	3420	1575	2710	1640	3160	3525	1950	3195	2725	2240	810	3385	2760	1410	3860	1670	1350	2305	2355	0	2340	1565	2885	645	2330	3510	3525
	1380	1175	1930	1110	1335	2420	710	3125	1545	1895	2235	920	1195	525	1535	1775	945	1895	1530	805	2635	1795	2575	2340	0	1830	1045	2255	855	1795	1195
	3175	1090	3660	2395	3160	605	1755	1380	3250	3625	510	2715	2825	1405	1275	3495	2675	175	3215	1720	915	770	945	1565	1830	0	2795	1005	1260	3550	2750
	415	1905	1540	850	580	3360	1620	4000	515	855	3240	750	340	1565	2125	735	130	2835	1365	1245	3515	2835	3600	2885	1045	2795	0	3005	1885	760	1400
	3415	1115	4185	2350	3490	930	2465	1110	3360	3740	1330	3170	2915	2020	920	3600	2875	835	3780	1765	730	1775	1720	645	2255	1005	3005	0	2020	3700	3380
	2190	1215	2440	1865	2090	1855	495	2635	2395	2735	1540	1575	2045	340	1630	2620	1795	1385	1980	1325	2165	985	1815	2330	855	1260	1885	2020	0	2625	1500
	460	2625	1525	1395	710	4110	2315	4725	355	150	3995	1240	790	2315	2795	180	875	3585	1585	1945	4245	3585	4355	3510	1795	3550	760	3700	2625	0	1835
	1400	2345	975	2030	1125	3350	1010	4120	1800	1980	3030	655	1730	1380	2725	1930	1415	2865	515	1970	3640	2405	3260	3525	1195	2750	1400	3380	1500	1835	0

coordXY = Coordinates (x,y): line zero => x line one => y column => customers
 	266	319	27	402	204	209	53	298	352	359	115	137	353	134	396	361	290	215	23	338	282	35	46	495	189	183	286	379	84	331	8
	889	430	975	685	891	142	585	10	887	963	185	801	798	536	399	935	784	247	882	566	107	301	131	272	625	260	809	216	491	954	781

d_pit = Demand of item p at customer i in period t
 	93	33	19	62	68	43	91	62	93	66	37	23
	80	70	64	53	20	44	25	94	11	85	37	57
	61	98	54	44	54	57	49	12	66	69	100	46
	27	61	51	37	38	95	67	29	80	59	66	68
	76	34	20	79	20	48	78	25	18	64	63	26
	95	98	59	26	80	25	49	20	74	34	88	20
	89	39	44	99	55	44	30	31	99	34	77	80
	70	38	44	51	28	46	45	41	52	70	68	20
	54	19	51	86	93	60	53	59	24	57	41	63
	70	78	44	84	82	70	35	46	45	24	21	93
	20	64	44	43	50	16	95	20	50	92	39	44
	38	83	28	67	85	53	76	20	43	66	52	67
	24	35	16	27	90	15	37	14	43	94	66	65
	43	16	16	98	25	90	78	88	63	75	47	69
	43	73	77	32	88	25	59	11	14	84	64	21
	70	24	25	59	19	69	93	53	36	47	87	10
	71	12	56	81	47	68	24	89	93	14	46	97
	69	92	82	15	75	40	63	30	60	66	71	87
	55	93	38	85	53	53	58	41	35	21	20	25
	48	19	62	84	49	63	72	69	77	17	40	66
	14	12	43	47	35	83	62	88	67	39	79	66
	37	35	18	63	66	35	91	16	46	65	64	57
	17	94	84	41	27	31	23	54	38	32	65	63
	40	70	72	97	48	79	26	86	51	66	85	60
	17	49	38	40	84	78	88	34	87	61	91	33
	91	20	43	79	17	80	24	100	16	50	57	33
	92	61	59	69	39	74	43	43	31	42	48	55
	58	48	90	44	54	68	73	64	71	78	81	71
	50	44	30	82	18	63	100	19	82	72	52	84
	73	80	63	79	83	74	70	17	79	48	62	47

	61	92	82	64	56	90	63	45	55	55	80	96
	82	97	65	85	25	51	84	41	70	25	27	72
	70	54	95	11	40	32	82	56	95	95	91	80
	22	56	38	37	97	41	27	39	39	30	68	83
	58	37	81	46	81	54	24	18	23	71	87	44
	25	24	48	14	42	59	51	55	81	76	24	48
	29	22	24	95	60	58	82	67	16	86	13	54
	56	26	78	99	71	20	29	44	99	49	47	51
	37	56	49	79	38	97	50	20	48	64	86	77
	60	51	97	68	25	36	22	87	88	27	61	80
	61	67	89	61	40	99	41	50	29	62	54	29
	45	31	44	98	13	84	35	37	22	26	36	74
	22	95	43	23	40	11	91	85	16	57	74	40
	79	22	13	38	85	64	34	51	19	80	13	19
	52	23	11	96	75	91	55	30	35	19	69	36
	16	89	47	38	78	16	95	64	42	66	54	63
	84	14	98	61	78	97	64	51	17	61	12	28
	52	56	49	41	21	16	76	73	35	37	96	28
	15	58	65	82	47	98	19	93	71	71	34	92
	90	44	89	67	38	24	90	31	63	60	90	55
	94	59	71	73	91	78	76	69	16	35	45	21
	54	12	17	31	89	58	39	22	63	25	17	78
	30	90	25	86	12	41	68	25	52	29	62	21
	60	76	70	59	70	23	65	96	61	74	18	15
	32	21	23	55	13	70	75	69	18	67	11	53
	28	50	81	87	11	56	59	32	70	92	97	38
	86	20	60	68	63	21	36	26	63	87	30	44
	33	37	96	43	51	52	27	64	30	41	35	41
	67	80	88	10	92	72	20	99	29	27	94	51
	25	86	47	56	64	84	37	17	30	67	16	80

	34	20	18	38	27	39	79	33	71	61	59	39
	88	94	85	60	91	61	76	78	58	51	33	36
	99	70	57	84	21	82	22	63	40	83	33	25
	85	74	64	74	62	28	95	84	96	93	64	53
	64	99	26	60	85	42	40	40	88	89	78	21
	92	16	23	54	15	33	95	35	37	33	29	49
	82	68	84	76	64	66	28	59	90	50	14	27
	61	84	86	80	45	25	25	29	16	74	24	67
	40	92	18	73	43	84	66	94	22	62	53	14
	67	26	64	94	84	100	28	36	39	37	86	91
	69	31	17	91	72	24	84	37	84	58	48	97
	73	39	34	14	33	74	34	91	98	65	18	55
	76	11	42	14	79	95	71	35	83	74	16	65
	80	38	24	85	39	91	89	99	56	90	14	69
	48	44	38	36	63	88	65	46	39	54	19	65
	90	52	67	23	52	42	34	67	77	27	52	88
	57	90	36	24	48	36	70	79	53	44	49	94
	59	10	52	87	99	74	26	92	49	22	96	13
	39	58	11	70	32	81	74	77	92	73	29	68
	57	65	24	72	29	14	48	52	62	75	18	32
	46	26	14	59	73	17	95	70	17	89	67	66
	29	26	89	29	12	46	23	14	81	29	75	60
	78	64	51	86	68	17	31	46	37	75	63	15
	53	91	48	16	57	38	64	69	21	90	84	42
	87	72	92	27	66	86	78	20	48	74	85	99
	92	53	40	30	66	91	30	43	34	46	52	94
	97	29	81	50	64	57	27	83	64	91	39	37
	81	22	27	73	70	39	93	74	88	93	19	51
	79	71	20	58	85	71	32	36	88	91	22	74
	23	65	77	27	58	39	13	35	49	31	12	55

	48	81	49	88	82	53	48	77	31	35	77	75
	85	48	37	43	74	38	50	15	30	73	81	81
	37	70	81	39	55	77	25	15	57	22	84	80
	47	16	53	11	45	40	69	46	89	50	92	75
	24	97	55	95	57	81	96	56	35	88	75	82
	39	91	52	11	57	72	11	90	82	44	20	96
	62	39	57	86	78	55	84	63	47	29	46	12
	60	89	27	16	40	17	17	38	54	10	12	23
	74	91	46	71	60	26	49	92	50	26	46	84
	86	41	23	61	90	67	22	67	44	85	11	49
	81	97	18	17	92	17	80	63	40	48	14	82
	31	79	75	91	53	26	31	66	96	13	62	53
	16	79	48	65	73	60	98	57	59	30	24	54
	29	83	36	42	24	51	21	58	99	73	58	98
	89	20	72	31	29	49	84	52	69	20	86	39
	21	38	53	22	64	42	28	99	42	77	83	17
	27	37	71	47	59	85	16	76	66	70	23	86
	39	18	32	47	99	34	23	97	76	38	72	23
	76	68	43	27	51	71	62	16	74	32	59	24
	36	56	81	26	79	19	97	58	17	31	88	61
	65	49	84	15	89	68	87	97	48	55	91	25
	89	42	47	51	58	61	65	82	78	15	40	81
	15	16	17	37	16	19	53	45	31	20	98	35
	25	41	77	27	20	92	39	19	70	44	53	84
	57	97	31	24	33	60	62	82	72	86	72	29
	68	52	24	75	83	13	49	52	87	80	50	64
	62	34	80	20	17	47	43	89	42	16	100	49
	85	82	13	84	53	71	40	96	27	53	87	25
	98	49	12	94	38	30	38	38	74	39	80	41
	52	62	50	54	57	35	69	25	45	59	54	63

	19	48	26	55	61	71	48	70	70	50	29	98
	84	80	34	32	46	58	13	42	45	25	39	94
	63	89	42	42	22	11	87	19	76	55	57	19
	87	38	78	50	97	84	96	70	71	52	33	80
	79	58	65	70	95	58	78	46	77	43	19	93
	31	63	37	90	83	95	62	58	42	89	28	20
	38	93	77	91	49	61	100	76	66	92	45	67
	50	35	69	77	55	11	52	39	79	88	65	65
	26	92	57	58	82	97	37	12	86	91	97	73
	51	34	11	60	23	32	69	62	24	73	45	56
	80	72	62	52	86	86	85	85	41	29	78	58
	85	31	70	96	14	24	58	72	74	56	85	77
	86	42	14	15	58	51	44	24	19	11	38	94
	15	50	20	25	19	37	47	69	78	82	29	94
	68	14	69	95	84	20	57	58	76	85	69	59
	53	51	89	62	25	62	77	38	22	28	88	54
	40	44	25	93	54	74	62	47	75	87	98	99
	44	20	48	90	86	83	55	30	98	20	17	87
	61	69	93	89	89	40	20	64	19	78	36	74
	84	82	81	65	23	99	92	20	48	48	21	67
	88	10	21	19	11	71	40	35	85	94	80	58
	38	91	19	99	97	63	85	56	90	74	28	26
	23	51	30	87	39	69	78	93	19	94	58	45
	60	12	83	61	69	65	42	97	21	41	26	92
	60	70	33	88	92	30	75	15	35	58	87	90
	76	33	50	97	72	54	39	13	12	51	32	47
	49	83	36	11	37	29	95	75	44	70	25	67
	22	78	26	63	54	80	16	93	97	89	18	91
	16	71	17	69	87	100	10	27	14	16	57	45
	17	22	65	48	94	49	38	47	21	32	17	97

	61	25	75	19	53	95	40	13	66	68	17	58
	41	76	48	10	84	28	34	58	19	19	61	54
	12	77	94	39	28	22	52	81	74	67	92	54
	73	63	86	34	72	98	22	17	79	57	41	94
	85	45	27	84	86	89	42	93	37	19	31	92
	27	71	26	96	54	75	79	88	15	74	78	83
	75	25	79	40	76	95	93	56	48	58	93	96
	33	86	72	65	22	94	25	50	46	58	30	84
	94	59	65	77	34	43	55	19	79	47	68	89
	83	48	74	57	90	82	79	65	75	92	91	85
	70	99	53	40	85	58	54	64	94	13	29	75
	92	45	74	100	21	70	26	91	41	72	94	96
	66	52	69	43	27	78	57	23	20	97	100	89
	75	77	73	91	90	42	50	92	28	29	58	30
	41	88	51	59	63	54	17	37	34	11	41	89
	67	44	27	44	45	47	22	32	28	79	60	74
	60	66	18	84	99	13	19	16	46	50	47	58
	17	47	72	15	33	51	93	33	71	79	74	11
	90	89	70	70	39	36	27	51	34	91	95	42
	25	24	35	41	23	23	28	11	26	26	47	50
	64	92	54	78	59	93	57	73	65	35	80	95
	34	89	89	47	30	40	26	17	18	64	71	57
	11	12	86	65	12	100	41	50	89	52	23	69
	29	21	29	23	47	65	40	23	87	15	92	40
	27	70	89	82	50	98	88	32	96	72	26	85
	59	34	62	15	58	28	29	51	85	40	52	17
	69	80	46	65	33	62	87	40	44	95	94	38
	36	63	94	97	72	89	97	67	88	54	96	80
	39	62	68	35	47	13	25	70	98	77	15	23
	95	10	92	100	61	51	20	52	37	84	23	94

	17	27	37	37	92	51	31	43	22	11	86	55
	75	24	78	12	47	10	41	54	100	53	69	79
	55	94	43	47	43	75	11	41	88	18	37	54
	34	73	38	89	98	72	57	74	51	40	89	13
	71	19	68	18	56	80	97	63	57	12	54	27
	43	89	57	81	69	32	97	68	32	19	82	89
	33	69	98	85	71	46	29	52	79	69	23	12
	45	71	24	81	52	11	93	53	28	60	65	10
	15	97	43	58	36	90	87	96	35	24	59	60
	51	22	69	28	81	46	66	31	34	46	54	26
	81	76	85	67	19	12	94	75	24	14	10	24
	60	81	33	55	100	28	39	100	84	29	67	92
	11	70	54	11	81	55	82	51	98	87	52	11
	25	27	89	94	32	75	56	80	81	49	68	73
	15	47	21	63	90	53	79	79	28	95	15	75
	15	89	52	86	24	32	77	48	24	52	77	39
	75	11	58	41	46	16	23	78	15	22	71	35
	39	49	73	62	30	87	18	79	45	18	61	95
	98	78	19	13	59	90	40	91	41	23	88	13
	87	51	25	51	11	73	23	91	98	98	36	20
	82	33	59	84	35	92	40	90	82	22	62	36
	82	50	66	12	67	49	91	22	32	15	50	89
	26	16	79	87	84	45	92	64	72	65	67	37
	69	20	85	73	12	33	23	34	94	76	80	59
	63	30	30	19	25	53	41	46	13	68	92	15
	20	58	18	65	90	75	16	16	39	57	89	96
	78	61	39	30	38	84	50	34	69	26	62	95
	86	20	51	100	59	42	28	10	84	49	49	20
	38	57	67	49	75	42	34	65	74	82	99	37
	69	39	27	67	91	84	97	87	50	20	42	71

	71	98	14	35	36	92	70	78	60	36	92	42
	93	75	25	29	38	95	55	69	46	83	33	69
	53	35	17	96	74	55	75	38	25	78	40	25
	21	69	17	52	11	11	43	97	84	50	82	25
	18	48	12	72	25	44	65	23	40	40	96	53
	84	71	64	61	59	25	46	62	48	49	17	34
	25	17	62	27	66	23	49	53	43	62	20	65
	64	61	21	18	22	68	87	21	53	13	97	29
	41	17	31	27	25	60	23	42	24	17	82	87
	66	52	53	61	16	43	59	27	48	48	19	50
	52	40	50	63	34	91	61	64	71	14	95	92
	89	69	88	42	69	16	72	80	22	76	99	47
	92	39	52	85	72	91	13	96	41	72	26	53
	37	76	95	51	99	90	56	51	58	69	44	98
	92	88	48	41	76	67	42	95	82	80	70	86
	43	50	64	50	84	32	98	44	11	57	79	82
	10	58	73	41	78	99	94	80	15	77	90	27
	78	44	25	68	46	34	28	98	18	89	89	31
	12	100	20	27	37	53	44	38	18	18	38	11
	32	25	84	30	73	40	33	24	12	94	51	53
	19	39	29	28	33	57	89	81	33	98	40	80
	91	98	65	78	72	29	66	29	46	45	52	13
	80	77	78	60	82	63	22	95	20	42	15	77
	34	58	33	75	62	98	40	77	95	73	88	78
	21	67	23	77	34	70	81	78	63	97	71	65
	17	80	68	60	88	90	66	46	19	58	44	95
	43	64	43	66	87	16	43	83	63	14	57	34
	74	97	86	59	22	58	72	26	98	20	93	44
	68	13	91	14	21	53	51	21	45	57	22	21
	50	97	80	59	48	24	83	60	86	78	72	33

	72	44	41	79	62	72	59	97	53	27	88	48
	19	78	26	46	92	10	97	83	33	64	100	30
	66	12	95	86	68	72	57	78	69	13	87	74
	83	68	29	51	34	98	60	25	52	62	40	34
	28	70	30	93	26	74	27	53	64	67	43	55
	95	71	12	56	63	98	22	69	76	96	47	98
	26	52	43	22	97	60	90	85	29	56	94	51
	40	12	20	39	29	80	20	98	60	12	99	42
	60	38	16	37	13	51	41	36	37	68	75	90
	41	65	29	29	56	29	75	59	20	87	75	50
	98	16	95	94	70	11	29	66	74	68	12	42
	71	30	20	63	56	20	88	58	50	14	59	32
	57	64	93	13	63	20	89	69	68	38	85	68
	64	62	64	45	19	30	70	79	100	13	23	77
	65	12	94	73	53	94	81	48	97	51	12	40
	23	50	57	72	95	18	73	71	66	38	59	19
	79	43	97	28	86	30	94	65	74	41	42	88
	64	74	55	19	57	57	36	59	31	68	91	24
	59	62	42	83	28	78	59	45	13	15	54	76
	20	78	90	68	92	32	46	91	70	18	18	94
	84	79	73	77	64	43	23	87	46	68	75	26
	42	81	17	19	22	90	90	90	49	49	62	86
	22	88	10	83	38	20	43	58	66	94	15	69
	58	11	21	34	28	26	39	72	45	50	75	67
	99	27	76	82	27	60	24	86	34	31	93	82
	29	59	35	53	35	35	49	52	60	94	50	34
	24	70	96	71	77	91	59	55	36	46	55	74
	78	69	13	34	65	55	10	61	69	55	90	51
	49	65	81	92	32	88	80	24	12	12	71	84
	31	69	71	26	87	79	87	72	92	61	82	49

	48	45	85	85	37	34	69	73	97	61	91	68
	39	63	51	96	40	72	13	39	48	18	31	20
	26	26	30	66	70	77	50	24	91	89	59	20
	34	53	90	76	26	18	56	84	13	86	32	84
	95	97	57	34	36	24	50	19	33	42	56	46
	27	81	80	92	33	29	91	78	47	48	58	32
	34	32	72	96	78	59	46	91	80	61	36	43
	25	46	96	82	69	31	25	50	11	33	18	31
	19	15	70	34	85	73	22	41	13	33	62	13
	87	25	99	34	84	54	19	80	93	25	57	65
	88	62	49	45	63	75	21	38	23	100	27	80
	76	13	21	96	81	73	28	85	80	50	52	27
	50	15	62	39	39	21	88	71	88	95	93	14
	96	16	30	89	12	29	29	91	47	51	33	59
	64	19	70	59	46	38	51	69	85	37	67	90
	79	97	79	32	92	79	41	72	77	13	83	41
	50	51	100	74	61	65	50	12	75	71	59	63
	71	12	83	19	85	57	29	18	26	51	50	29
	70	80	62	50	48	14	13	28	64	34	71	17
	89	45	70	99	37	39	61	79	50	69	96	51
	91	18	32	25	23	65	31	98	54	68	90	18
	79	31	74	65	81	46	81	24	77	84	35	22
	38	97	52	61	62	77	47	41	44	61	89	23
	46	30	44	50	13	90	58	99	60	77	56	37
	38	61	25	29	42	22	51	94	78	99	27	79
	37	27	66	67	15	16	92	35	49	60	28	47
	14	99	54	38	65	38	47	73	64	43	13	67
	100	25	99	66	25	17	33	38	85	52	10	25
	88	76	58	70	49	46	50	18	51	83	53	56
	11	12	42	38	64	57	37	30	61	96	35	41

