***** PARAMETERS PRP *****

Number of Customers = 30
Number of Products = 10
Number of Vehicles = 5
Number of Periods = 12

B = Production capacity
	49204

b_p = Time required to produce item p
 	1	1	1	1	1	1	1	1	1	1

c_p = Production cost of item p
 	80	80	80	30	80	30	80	30	80	30

s_p = Setup cost of item p
 	800	800	800	300	800	300	800	300	800	300

M = Big number
	196814

U_pi = Maximum inventory upper bound of item p at site i
 	196814	179	259	216	91	316	111	139	248	225	98	171	220	315	237	223	134	151	116	129	223	143	226	254	182	179	306	216	178	149	205
	196814	238	136	95	175	141	266	186	217	177	90	242	94	317	222	210	176	274	105	220	228	210	132	140	227	269	111	94	331	169	117
	196814	97	184	178	274	106	146	263	112	101	105	115	226	173	226	201	115	240	113	230	167	297	159	89	227	198	228	148	98	328	180
	196814	204	285	127	185	285	247	109	212	122	250	99	188	273	319	208	233	244	240	294	301	141	148	284	140	238	271	315	171	250	286
	196814	225	169	231	205	221	182	108	128	167	99	124	240	242	80	366	193	288	95	185	293	249	139	358	226	141	172	92	128	130	273
	196814	112	152	74	172	308	285	248	289	290	167	210	204	80	182	171	111	304	74	257	164	97	178	122	293	308	113	199	212	119	113
	196814	175	211	118	224	113	333	251	129	118	170	94	159	196	142	179	128	131	184	112	171	318	230	227	288	126	108	251	265	313	125
	196814	137	310	105	184	144	222	259	155	298	174	273	298	169	202	236	214	107	163	239	110	298	210	234	234	279	135	213	147	173	286
	196814	163	111	102	208	211	151	164	122	178	261	215	106	202	119	190	200	252	137	94	158	285	142	289	233	183	309	97	188	165	117
	196814	134	140	221	196	172	278	111	236	192	164	240	226	154	188	201	279	237	242	135	193	106	164	234	228	128	320	239	180	112	196

I_pi0 = Initial inventory of item p at site i
 	0	40	97	57	89	89	75	59	73	85	29	147	182	209	103	21	110	89	102	128	108	26	71	224	158	156	188	96	158	131	164
	0	192	80	88	169	104	125	170	147	14	44	191	84	170	98	158	88	59	57	45	88	100	55	73	212	159	96	32	135	113	46
	0	84	55	63	122	67	52	134	88	46	75	59	111	152	71	40	44	197	13	141	100	141	47	52	68	143	30	117	95	212	136
	0	69	172	90	86	29	151	100	146	89	74	48	136	216	165	80	104	43	202	19	245	13	78	50	128	191	144	95	54	98	285
	0	51	109	200	163	173	158	99	64	47	77	58	83	152	10	336	46	72	64	159	107	193	78	130	146	86	89	42	84	45	231
	0	98	81	0	137	254	118	115	82	213	105	60	172	73	72	166	86	166	45	245	120	64	94	96	252	196	113	56	158	82	95
	0	103	208	96	27	25	261	78	124	73	84	78	40	23	75	41	107	128	138	89	70	43	75	55	197	87	69	154	237	138	114
	0	131	160	87	98	138	85	104	69	97	45	204	74	72	156	189	181	71	97	131	103	260	206	176	37	219	113	94	144	54	23
	0	107	11	26	75	64	129	72	38	153	81	171	56	52	73	173	171	222	105	79	16	29	110	122	144	153	87	66	43	53	50
	0	72	104	39	142	84	237	65	58	163	56	39	16	93	71	69	229	98	169	21	178	46	114	37	197	91	144	76	129	56	181

h_pi = Inventory cost of item p at site i
 	8	0	0	0	0	0	0	0	0	0	0	0	0	0	0	0	0	0	0	0	0	0	0	0	0	0	0	0	0	0	0
	8	0	0	0	0	0	0	0	0	0	0	0	0	0	0	0	0	0	0	0	0	0	0	0	0	0	0	0	0	0	0
	8	0	0	0	0	0	0	0	0	0	0	0	0	0	0	0	0	0	0	0	0	0	0	0	0	0	0	0	0	0	0
	3	0	0	0	0	0	0	0	0	0	0	0	0	0	0	0	0	0	0	0	0	0	0	0	0	0	0	0	0	0	0
	8	0	0	0	0	0	0	0	0	0	0	0	0	0	0	0	0	0	0	0	0	0	0	0	0	0	0	0	0	0	0
	3	0	0	0	0	0	0	0	0	0	0	0	0	0	0	0	0	0	0	0	0	0	0	0	0	0	0	0	0	0	0
	8	0	0	0	0	0	0	0	0	0	0	0	0	0	0	0	0	0	0	0	0	0	0	0	0	0	0	0	0	0	0
	3	0	0	0	0	0	0	0	0	0	0	0	0	0	0	0	0	0	0	0	0	0	0	0	0	0	0	0	0	0	0
	8	0	0	0	0	0	0	0	0	0	0	0	0	0	0	0	0	0	0	0	0	0	0	0	0	0	0	0	0	0	0
	3	0	0	0	0	0	0	0	0	0	0	0	0	0	0	0	0	0	0	0	0	0	0	0	0	0	0	0	0	0	0

C = Vehicle capacity
	3660

f = Fixed transportation cost
	30287

a_ik = Transportation cost for traveling from node i to node k
 	0	710	977	707	120	928	452	525	365	722	369	396	441	935	830	352	389	682	907	405	921	671	141	913	704	554	130	544	877	421	557
	710	0	268	111	659	298	272	265	393	44	546	403	376	258	212	364	486	31	230	401	223	180	680	203	277	186	665	186	167	290	168
	977	268	0	296	925	231	534	500	649	263	792	656	614	141	244	631	732	296	166	645	110	375	945	66	416	437	927	442	102	557	426
	707	111	296	0	674	234	256	205	360	154	601	455	319	228	135	383	543	101	314	351	291	284	699	241	167	154	643	165	212	304	153
	120	659	925	674	0	903	424	513	366	664	253	303	452	899	803	296	280	633	838	419	859	594	35	860	699	524	221	511	824	373	521
	928	298	231	234	903	0	481	406	568	325	832	686	508	91	101	616	773	308	363	544	311	471	929	230	253	380	851	394	234	537	385
	452	272	534	256	424	481	0	107	125	295	404	269	144	484	381	151	355	242	494	152	494	313	451	471	287	103	394	93	437	86	108
	525	265	500	205	513	406	107	0	163	299	510	374	115	425	310	256	461	236	494	146	482	362	542	443	187	87	446	97	411	191	114
	365	393	649	360	366	568	125	163	0	419	423	316	88	585	472	179	388	363	617	61	616	433	398	588	340	212	285	209	554	167	226
	722	44	263	154	664	325	295	299	419	0	536	396	408	275	246	372	475	66	199	431	202	146	683	198	320	217	683	214	162	301	196
	369	546	792	601	253	832	404	510	423	536	0	147	504	803	735	257	61	528	673	484	706	424	245	728	685	478	438	461	694	321	462
	396	403	656	455	303	686	269	374	316	396	147	0	387	659	589	137	90	384	548	374	576	299	312	591	543	334	422	317	556	184	317
	441	376	614	319	452	508	144	115	88	408	504	387	0	535	416	252	465	346	605	38	596	451	484	558	267	192	348	196	526	217	215
	935	258	141	228	899	91	484	425	585	275	803	659	535	0	124	605	743	276	278	569	223	416	923	143	302	382	869	392	154	527	380
	830	212	244	135	803	101	381	310	472	246	735	589	416	124	0	515	676	217	333	451	290	391	829	214	179	280	756	294	203	437	285
	352	364	631	383	296	616	151	256	179	372	257	137	252	605	515	0	214	338	555	237	570	325	318	566	437	239	336	224	530	79	231
	389	486	732	543	280	773	355	461	388	475	61	90	465	743	676	214	0	469	614	448	646	365	279	668	632	424	442	406	633	271	407
	682	31	296	101	633	308	242	236	363	66	528	384	346	276	217	338	469	0	259	371	253	184	655	232	261	156	635	155	196	263	138
	907	230	166	314	838	363	494	494	617	199	673	548	605	278	333	555	614	259	0	629	57	250	853	135	473	414	878	412	132	491	394
	405	401	645	351	419	544	152	146	61	431	484	374	38	569	451	237	448	371	629	0	623	464	451	587	304	216	311	218	555	214	236
	921	223	110	291	859	311	494	482	616	202	706	576	596	223	290	570	646	253	57	623	0	283	876	82	441	408	884	408	88	502	390
	671	180	375	284	594	471	313	362	433	146	424	299	451	416	391	325	365	184	250	464	283	0	607	314	439	277	660	265	282	277	249
	141	680	945	699	35	929	451	542	398	683	245	312	484	923	829	318	279	655	853	451	876	607	0	880	729	550	252	536	843	396	546
	913	203	66	241	860	230	471	443	588	198	728	591	558	143	214	566	668	232	135	587	82	314	880	0	376	377	865	381	37	493	364
	704	277	416	167	699	253	287	187	340	320	685	543	267	302	179	437	632	261	473	304	441	439	729	376	0	210	614	228	355	365	231
	554	186	437	154	524	380	103	87	212	217	478	334	192	382	280	239	424	156	414	216	408	277	550	377	210	0	492	18	343	162	29
	130	665	927	643	221	851	394	446	285	683	438	422	348	869	756	336	442	635	878	311	884	660	252	865	614	492	0	486	830	388	501
	544	186	442	165	511	394	93	97	209	214	461	317	196	392	294	224	406	155	412	218	408	265	536	381	228	18	486	0	346	146	19
	877	167	102	212	824	234	437	411	554	162	694	556	526	154	203	530	633	196	132	555	88	282	843	37	355	343	830	346	0	456	330
	421	290	557	304	373	537	86	191	167	301	321	184	217	527	437	79	271	263	491	214	502	277	396	493	365	162	388	146	456	0	153
	557	168	426	153	521	385	108	114	226	196	462	317	215	380	285	231	407	138	394	236	390	249	546	364	231	29	501	19	330	153	0

coordXY = Coordinates (x,y): line zero => x line one => y column => customers
 	376	220	173	330	262	402	344	422	430	177	51	120	486	312	381	254	64	237	49	483	96	68	236	176	496	341	478	327	180	270	313
	960	268	5	255	925	33	510	438	600	267	787	658	533	28	131	630	728	293	115	570	83	364	947	70	267	408	880	419	106	553	407

d_pit = Demand of item p at customer i in period t
 	40	49	65	92	95	89	59	45	82	29	57	14
	26	56	15	65	15	44	45	93	85	82	28	67
	57	43	73	68	27	24	65	86	91	46	53	14
	15	74	29	62	63	12	55	78	95	15	21	25
	77	12	74	96	98	25	63	45	63	98	90	17
	75	25	81	46	53	85	24	36	97	23	64	58
	59	24	81	69	12	10	62	44	26	86	50	33
	46	27	70	30	59	72	92	65	67	82	59	74
	85	86	79	27	70	28	60	28	19	26	69	98
	29	54	67	36	88	30	28	33	82	28	62	51
	68	79	52	16	64	17	79	87	35	87	81	18
	23	92	17	50	76	43	31	87	56	84	55	45
	66	50	93	63	71	36	93	21	62	72	32	97
	14	89	88	60	57	76	48	72	43	73	38	54
	21	54	21	72	59	70	82	92	19	48	97	33
	18	39	53	14	45	59	35	56	29	79	81	26
	89	90	31	91	73	98	88	66	66	88	45	79
	28	56	18	41	66	56	38	15	63	33	18	30
	54	74	51	82	43	17	27	83	70	90	97	88
	47	20	41	27	16	72	77	25	56	42	78	33
	26	66	13	39	44	69	79	47	16	82	45	46
	40	31	93	74	89	18	76	38	60	57	17	84
	71	58	95	88	81	73	15	34	77	65	20	84
	86	45	27	97	74	84	49	17	33	41	78	98
	21	75	42	18	99	17	28	90	41	27	55	24
	11	76	54	47	85	87	42	96	26	78	34	98
	29	67	99	80	65	16	40	49	77	14	99	13
	77	81	90	32	15	76	64	29	54	83	46	65
	33	23	75	30	44	71	17	59	74	61	17	90
	54	65	45	83	36	92	98	98	61	67	93	27

	72	80	40	12	73	21	81	55	28	81	79	91
	48	32	15	52	15	47	26	81	16	23	29	25
	25	50	13	20	79	78	52	72	96	14	15	57
	51	72	46	51	56	100	45	97	74	55	39	12
	44	60	31	58	46	41	41	55	59	16	56	57
	38	87	14	88	66	28	21	93	38	61	18	87
	32	51	87	40	84	49	46	18	97	47	100	93
	49	33	65	74	58	75	22	13	17	82	90	74
	14	86	85	45	25	35	48	69	48	31	14	32
	44	36	19	55	46	21	62	75	31	38	33	77
	66	42	83	33	56	59	48	14	84	89	60	93
	25	59	51	22	22	89	93	10	40	14	69	68
	85	52	33	24	61	78	51	100	37	71	77	91
	47	37	14	79	88	10	32	49	86	33	92	98
	81	77	37	91	41	27	23	36	72	13	59	73
	64	24	12	99	13	24	87	45	10	88	25	38
	59	60	14	27	55	65	49	57	70	71	85	46
	57	80	23	75	51	69	52	16	93	34	43	34
	45	30	43	64	33	40	56	44	32	58	36	46
	88	72	33	37	78	86	34	64	44	70	65	14
	82	18	27	50	85	20	74	60	53	80	69	11
	55	98	62	91	12	93	66	22	94	14	98	87
	73	85	94	91	99	15	17	85	97	94	78	13
	86	35	63	28	66	95	51	95	29	42	55	35
	71	31	57	46	24	75	73	75	28	13	56	97
	54	31	11	94	39	82	25	80	50	63	55	81
	32	13	21	28	17	78	11	87	91	37	88	62
	82	53	40	80	54	32	100	93	77	67	54	63
	34	79	76	43	18	85	93	18	19	82	42	85
	46	81	78	65	81	42	99	11	64	28	31	76

	24	60	97	79	40	15	19	81	36	13	62	57
	55	93	57	29	66	95	99	30	60	43	83	26
	63	37	81	91	68	67	100	95	26	49	17	19
	71	32	19	86	44	86	52	53	24	26	65	99
	67	83	27	46	92	77	50	12	70	35	25	49
	52	40	60	46	28	20	82	13	63	66	82	33
	62	72	89	76	14	96	86	72	34	46	77	66
	88	10	27	96	75	51	76	26	58	90	59	18
	20	26	50	48	91	37	31	85	90	74	37	14
	75	48	30	89	20	67	79	26	26	67	16	86
	38	21	79	71	81	43	90	52	86	54	42	32
	48	46	17	99	39	43	83	76	54	74	36	64
	71	81	56	51	58	54	24	61	58	92	40	44
	61	10	66	35	42	29	53	43	25	57	78	43
	40	46	87	22	12	26	64	82	98	36	55	34
	44	87	42	34	14	48	80	73	79	28	99	61
	99	32	15	51	82	57	90	76	40	97	38	43
	13	16	49	97	60	70	94	46	10	94	48	82
	34	12	42	53	26	74	81	100	99	83	65	22
	39	61	93	98	66	19	86	44	38	33	77	14
	60	81	35	52	87	47	31	54	90	85	31	59
	28	19	97	41	36	39	34	54	10	44	15	60
	52	45	47	22	14	47	49	65	29	46	23	93
	20	48	38	14	63	19	67	69	66	51	50	40
	62	56	25	74	67	77	42	14	50	87	16	25
	30	35	76	35	54	82	47	50	56	66	67	87
	11	73	33	60	89	39	30	67	62	78	34	16
	95	39	28	97	17	27	19	38	55	35	99	41
	11	87	65	49	49	69	67	46	100	98	98	47
	40	96	76	23	62	76	39	17	36	67	90	97

	69	23	32	75	25	42	63	74	27	35	57	90
	31	76	53	12	18	79	84	50	99	77	45	61
	34	35	21	98	67	39	64	17	44	30	37	22
	45	12	29	17	74	13	17	50	79	64	66	88
	29	75	17	79	41	94	52	26	75	52	100	44
	75	76	55	42	72	64	95	40	80	76	32	35
	24	25	51	72	36	64	60	22	76	85	81	59
	57	62	27	84	78	11	62	31	59	64	25	77
	89	37	77	97	18	50	60	11	94	74	51	76
	51	23	86	55	65	34	47	43	73	78	12	33
	48	89	78	11	14	23	30	23	98	67	57	53
	36	52	48	76	51	11	24	13	74	37	47	94
	93	46	77	89	73	99	40	71	85	20	98	27
	15	37	34	79	82	88	88	48	82	55	75	82
	58	22	75	52	85	78	16	61	64	19	22	71
	90	14	29	50	28	11	74	88	54	31	13	77
	43	21	98	96	97	15	55	89	19	68	65	67
	77	89	36	98	43	38	91	45	40	79	55	30
	19	48	28	80	84	22	76	98	50	65	75	61
	93	93	59	69	13	66	88	48	68	25	31	70
	13	87	11	22	25	45	31	26	16	48	51	49
	78	31	80	32	52	11	91	19	54	20	53	70
	50	85	80	85	31	90	12	77	93	51	13	15
	33	95	24	58	41	22	55	63	28	16	69	54
	65	25	90	11	56	88	92	59	100	36	77	16
	47	97	35	95	68	14	37	35	15	99	63	46
	95	87	92	95	52	97	17	56	23	11	42	89
	42	12	89	44	67	93	46	81	11	23	93	83
	13	42	43	12	79	58	57	79	97	50	54	15
	71	92	44	78	13	78	45	23	67	63	69	44

	51	68	11	79	92	40	22	28	47	69	71	96
	73	36	94	81	19	89	38	62	58	51	29	47
	85	35	80	20	37	63	65	81	94	56	12	66
	40	39	74	10	16	89	56	86	96	18	49	43
	47	28	98	67	29	16	43	81	78	85	62	30
	82	20	56	16	37	35	12	93	52	67	58	18
	99	86	23	48	35	68	12	88	52	59	15	62
	64	64	13	91	13	99	93	59	73	72	92	36
	29	18	82	58	33	69	47	61	83	90	38	58
	27	50	35	28	57	61	92	92	74	20	20	37
	58	78	16	60	43	86	95	80	74	55	78	22
	53	18	12	30	19	62	91	56	48	100	66	21
	23	13	66	50	49	84	91	29	67	16	75	18
	10	95	31	17	39	74	54	15	17	59	33	36
	82	87	84	83	53	37	93	75	97	72	35	81
	46	52	13	87	36	49	63	70	94	34	22	14
	59	13	73	42	77	51	78	44	98	35	35	87
	64	55	44	33	78	43	53	13	37	76	61	12
	45	85	29	94	17	42	25	39	53	68	36	21
	75	32	66	74	80	63	23	28	88	93	60	22
	71	40	12	70	31	19	48	10	49	98	98	51
	78	62	82	94	78	64	78	13	91	71	56	64
	74	56	69	93	61	29	79	33	88	97	100	80
	50	81	15	64	35	67	52	72	70	98	41	33
	73	13	80	31	22	57	88	29	16	83	44	29
	89	84	67	57	29	60	94	57	36	21	37	55
	42	44	99	37	25	42	28	25	80	69	24	37
	84	55	55	49	73	64	42	35	75	74	97	64
	45	48	43	81	48	95	65	93	94	54	50	63
	81	63	39	48	29	58	85	69	75	39	39	31

	98	88	59	54	92	39	82	12	25	40	59	24
	29	52	43	46	81	22	36	37	97	29	95	41
	96	10	42	17	13	26	43	11	14	38	58	74
	58	79	81	45	97	15	51	15	57	35	63	92
	12	82	95	65	19	36	57	77	84	99	53	60
	76	42	20	45	32	43	49	98	64	38	78	98
	66	34	15	35	63	62	87	31	29	95	35	43
	82	50	97	15	93	50	99	38	20	21	100	29
	95	57	19	42	95	13	61	55	50	67	79	62
	30	75	44	57	74	96	54	66	44	30	20	78
	42	18	88	23	68	87	24	70	48	87	60	15
	38	85	27	22	55	27	32	74	40	10	54	26
	35	38	17	45	66	71	47	13	16	50	71	12
	16	56	55	88	22	86	68	89	82	67	17	81
	27	98	41	58	59	68	32	93	98	12	32	64
	86	27	94	72	16	12	23	86	68	26	98	56
	31	48	11	76	52	82	72	72	99	87	44	56
	26	19	43	27	29	34	44	47	18	61	58	38
	86	84	15	60	82	11	18	89	33	36	36	67
	30	90	48	24	60	71	66	46	52	59	40	70
	21	43	93	73	69	41	44	72	12	19	42	51
	94	48	71	15	18	48	52	77	98	62	65	63
	96	63	16	24	98	71	88	26	27	96	44	81
	92	47	65	48	34	40	61	74	53	46	97	45
	34	94	68	83	12	92	96	83	35	72	46	25
	40	73	55	82	19	42	69	53	31	82	40	94
	56	53	42	35	31	28	84	32	44	17	96	80
	70	74	14	62	43	91	32	71	25	68	60	25
	82	40	68	38	40	84	85	55	36	47	50	87
	95	29	35	94	88	62	75	66	22	39	29	42

	89	14	73	52	37	84	32	18	94	97	98	13
	74	39	13	82	52	77	75	38	20	24	41	98
	96	25	91	61	70	59	69	44	67	30	13	84
	27	71	19	47	45	85	19	46	53	43	31	52
	25	77	64	23	19	47	98	62	91	45	80	45
	97	87	77	95	16	51	74	73	69	75	65	19
	26	52	67	22	40	98	14	14	89	66	69	45
	49	75	49	38	54	70	91	18	81	88	68	90
	18	55	68	29	85	88	24	65	57	99	87	31
	84	34	64	25	94	100	55	67	43	15	76	21
	78	61	35	79	88	13	19	52	22	11	70	33
	40	93	20	49	32	17	61	47	87	80	17	92
	23	66	90	40	77	77	53	60	95	47	79	75
	11	64	65	37	44	88	37	56	75	44	37	11
	41	20	22	93	55	11	42	58	78	48	20	49
	14	93	88	29	79	11	81	88	56	85	72	74
	44	84	77	65	31	46	65	83	88	65	81	55
	97	41	99	39	60	70	63	21	75	21	96	53
	89	78	36	42	81	50	55	32	83	39	22	62
	70	21	93	66	12	94	29	70	86	13	51	80
	43	58	80	92	77	28	30	55	66	94	89	50
	35	40	73	52	58	69	11	56	68	24	32	33
	55	24	36	27	70	62	64	13	68	80	34	11
	55	54	40	48	97	30	35	65	58	57	54	99
	87	40	20	61	14	43	21	37	21	36	34	90
	69	40	41	54	50	79	24	83	80	23	21	84
	81	61	12	99	72	43	10	78	20	67	38	21
	73	92	37	35	72	72	95	62	74	36	69	79
	64	74	72	77	25	86	97	55	38	25	43	94
	100	14	89	62	50	60	92	27	38	52	66	97

	14	76	41	46	73	28	82	84	16	22	19	45
	61	70	29	43	90	82	55	96	83	27	16	93
	87	87	22	27	75	80	26	10	55	78	48	33
	98	89	77	46	73	67	78	72	18	31	12	76
	92	46	97	83	69	96	10	96	54	51	87	81
	36	49	73	76	46	30	29	64	19	83	92	69
	16	88	60	65	15	19	46	78	21	84	40	90
	69	21	87	84	25	14	64	27	69	88	32	38
	97	24	17	49	91	97	23	18	73	80	52	95
	45	46	46	27	13	92	25	88	23	66	27	25
	27	96	81	56	68	69	15	15	49	81	38	60
	74	91	92	75	52	19	55	39	21	79	79	38
	72	82	25	60	62	30	77	97	48	33	34	56
	55	11	78	12	46	58	91	18	88	17	80	52
	32	16	78	63	36	49	64	26	67	52	68	16
	68	51	62	56	56	22	11	54	35	59	76	91
	49	22	66	29	58	51	21	83	87	53	85	40
	97	70	52	20	24	57	26	24	73	91	45	74
	54	54	23	59	68	40	81	16	92	19	42	25
	67	36	19	76	32	84	49	77	62	46	67	44
	78	35	59	88	39	61	19	69	59	84	27	97
	75	24	13	94	22	44	64	57	25	36	88	88
	87	89	34	68	58	22	66	29	91	13	97	47
	37	68	73	43	16	40	57	94	43	11	18	62
	73	33	41	72	73	88	12	90	41	43	21	83
	97	16	97	100	96	70	49	40	71	50	40	85
	94	37	28	53	60	90	47	63	19	64	17	68
	23	80	41	29	51	10	34	61	91	56	33	79
	54	43	55	83	30	66	71	42	18	71	90	69
	23	84	13	22	61	31	19	96	78	94	80	86

	33	74	18	61	56	56	46	94	71	77	24	41
	11	64	52	100	36	97	22	99	81	21	45	40
	26	66	22	14	45	54	63	66	53	19	94	90
	75	78	25	29	20	19	11	69	39	41	44	48
	25	39	88	27	23	90	57	85	31	82	16	69
	15	24	90	61	31	29	31	41	13	78	96	93
	72	10	78	76	81	31	21	95	60	95	21	16
	38	87	51	74	87	60	16	70	65	83	38	61
	94	59	91	13	63	24	86	46	95	16	87	38
	81	42	80	77	98	69	18	75	61	37	88	56
	84	87	85	15	87	40	11	36	49	30	94	26
	56	52	85	76	52	14	49	48	16	89	42	55
	52	80	36	11	35	46	99	65	74	56	31	22
	73	70	86	38	52	61	34	28	52	94	46	78
	67	14	54	38	67	85	72	18	68	35	22	31
	20	76	75	87	28	22	13	22	81	23	89	64
	39	77	96	10	54	66	35	32	65	26	41	63
	91	14	53	71	95	17	66	14	54	11	20	40
	79	34	11	86	23	20	15	17	77	86	54	60
	16	93	50	50	63	39	38	59	15	38	71	98
	29	74	45	73	36	25	96	62	49	87	32	77
	36	74	28	68	20	17	48	77	52	20	53	73
	33	22	67	87	76	92	14	83	51	26	92	51
	84	60	72	82	96	90	71	24	49	11	30	31
	88	31	34	43	38	34	11	57	55	48	67	44
	87	35	98	88	96	13	11	33	96	58	63	63
	24	42	92	82	10	37	61	35	24	54	66	56
	43	48	58	79	52	69	30	45	84	96	70	76
	53	80	67	76	69	24	22	72	54	46	36	59
	50	74	97	45	80	41	56	21	71	99	49	20

	72	79	57	86	86	86	43	32	90	54	82	38
	66	38	73	22	99	79	29	45	26	10	42	29
	39	90	12	80	86	39	35	80	69	29	83	20
	66	65	11	93	89	67	89	77	32	87	46	62
	34	50	68	77	91	72	22	67	68	33	27	80
	68	75	37	57	54	35	76	80	30	50	17	87
	17	30	18	76	88	33	37	93	97	69	11	95
	17	41	66	24	51	48	17	52	82	52	32	84
	98	65	74	84	30	96	68	69	38	24	31	91
	22	34	83	23	36	95	25	95	74	27	77	65
	39	22	31	83	18	39	39	47	76	16	68	97
	16	49	76	83	22	88	72	100	81	12	37	43
	93	73	78	46	44	96	14	11	77	27	28	27
	71	18	59	95	78	73	84	41	76	36	95	25
	69	23	72	37	61	32	13	34	17	77	80	89
	50	92	87	77	71	93	55	52	71	60	31	99
	17	19	21	41	66	80	32	78	60	34	80	41
	46	84	39	67	90	39	42	42	65	32	81	98
	21	91	68	39	98	67	82	35	86	97	51	77
	71	91	16	83	45	43	62	88	91	58	94	31
	13	33	86	13	70	67	52	39	17	97	65	85
	37	77	77	21	52	86	49	19	82	72	71	14
	22	15	82	96	10	17	75	90	58	44	20	32
	56	14	49	78	73	51	46	31	61	50	11	28
	20	32	39	45	50	66	78	28	10	34	50	59
	99	45	57	87	91	25	19	82	46	90	51	77
	76	73	94	16	50	45	47	55	53	92	27	89
	59	40	30	87	48	45	43	15	66	19	44	45
	56	79	66	50	53	34	90	72	26	75	22	46
	24	45	55	57	77	42	44	29	67	60	40	47

