***** PARAMETERS PRP *****

Number of Customers = 30
Number of Products = 10
Number of Vehicles = 5
Number of Periods = 12

B = Production capacity
	49910

b_p = Time required to produce item p
 	1	1	1	1	1	1	1	1	1	1

c_p = Production cost of item p
 	80	30	30	30	30	30	30	80	30	30

s_p = Setup cost of item p
 	800	300	300	300	300	300	300	800	300	300

M = Big number
	199638

U_pi = Maximum inventory upper bound of item p at site i
 	199638	298	263	79	122	126	216	262	186	197	182	120	131	317	212	191	186	265	117	170	189	222	99	176	140	249	143	254	153	228	227
	199638	204	196	239	295	179	219	91	90	258	257	126	156	120	280	230	209	315	130	158	208	248	186	119	281	214	259	185	198	323	174
	199638	96	281	125	126	311	71	171	166	167	233	202	249	172	262	212	114	322	147	285	110	234	125	150	155	199	171	173	245	243	127
	199638	279	154	225	238	189	291	120	173	228	202	199	147	367	318	111	164	286	115	115	257	298	256	175	315	142	306	244	101	104	194
	199638	149	116	193	281	221	225	88	187	156	243	116	111	210	268	186	194	188	109	226	93	238	298	188	147	299	229	98	260	248	249
	199638	233	210	106	230	126	122	152	258	209	200	273	266	99	154	205	174	94	273	175	158	97	166	203	226	182	178	202	108	136	115
	199638	201	176	346	229	175	272	130	204	253	199	134	176	258	275	250	159	150	162	182	203	185	243	112	206	122	245	165	241	236	104
	199638	144	286	220	129	260	105	155	108	89	198	163	239	181	179	175	250	153	177	177	248	105	242	114	280	284	185	278	147	179	195
	199638	170	273	203	117	203	226	96	117	106	296	257	207	289	95	104	226	159	268	145	149	199	209	205	228	270	216	213	338	227	246
	199638	213	117	187	284	177	181	313	258	203	107	209	281	174	177	106	166	310	218	123	116	219	167	327	220	120	242	258	105	94	219

I_pi0 = Initial inventory of item p at site i
 	0	202	95	38	43	93	177	56	181	177	160	18	124	170	170	83	130	230	39	106	171	216	87	72	103	215	117	160	42	137	125
	0	113	142	74	112	46	146	15	63	105	193	110	151	51	60	121	145	66	17	134	47	213	65	106	264	115	206	84	137	305	66
	0	81	19	96	99	60	26	160	14	31	175	135	160	53	201	173	36	116	63	37	84	127	114	114	74	60	147	161	73	189	96
	0	251	131	158	136	149	34	68	92	194	75	177	99	272	23	44	95	127	24	79	82	254	71	80	76	25	179	74	88	79	156
	0	131	92	151	125	130	173	43	135	146	58	30	77	109	163	27	174	56	62	87	24	16	199	173	83	94	155	29	117	102	244
	0	129	21	74	60	79	42	93	15	80	133	20	149	34	90	57	98	43	92	32	132	89	159	116	213	95	164	150	77	99	110
	0	62	163	93	128	127	250	125	82	88	133	100	163	156	21	22	13	73	111	171	82	157	98	79	202	103	69	56	121	150	78
	0	88	78	142	108	193	50	141	90	77	37	10	204	116	100	173	173	115	13	68	14	83	89	83	117	218	183	171	82	47	72
	0	165	254	145	71	167	166	65	57	85	79	151	166	111	69	64	217	149	237	13	107	54	65	112	137	176	98	124	231	122	63
	0	84	109	177	94	169	96	236	107	42	71	123	72	104	166	87	122	266	72	97	53	78	121	227	162	109	134	87	39	58	118

h_pi = Inventory cost of item p at site i
 	8	0	0	0	0	0	0	0	0	0	0	0	0	0	0	0	0	0	0	0	0	0	0	0	0	0	0	0	0	0	0
	3	0	0	0	0	0	0	0	0	0	0	0	0	0	0	0	0	0	0	0	0	0	0	0	0	0	0	0	0	0	0
	3	0	0	0	0	0	0	0	0	0	0	0	0	0	0	0	0	0	0	0	0	0	0	0	0	0	0	0	0	0	0
	3	0	0	0	0	0	0	0	0	0	0	0	0	0	0	0	0	0	0	0	0	0	0	0	0	0	0	0	0	0	0
	3	0	0	0	0	0	0	0	0	0	0	0	0	0	0	0	0	0	0	0	0	0	0	0	0	0	0	0	0	0	0
	3	0	0	0	0	0	0	0	0	0	0	0	0	0	0	0	0	0	0	0	0	0	0	0	0	0	0	0	0	0	0
	3	0	0	0	0	0	0	0	0	0	0	0	0	0	0	0	0	0	0	0	0	0	0	0	0	0	0	0	0	0	0
	8	0	0	0	0	0	0	0	0	0	0	0	0	0	0	0	0	0	0	0	0	0	0	0	0	0	0	0	0	0	0
	3	0	0	0	0	0	0	0	0	0	0	0	0	0	0	0	0	0	0	0	0	0	0	0	0	0	0	0	0	0	0
	3	0	0	0	0	0	0	0	0	0	0	0	0	0	0	0	0	0	0	0	0	0	0	0	0	0	0	0	0	0	0

C = Vehicle capacity
	3670

f = Fixed transportation cost
	31031

a_ik = Transportation cost for traveling from node i to node k
 	0	385	463	548	81	831	473	158	353	388	506	526	184	630	842	665	274	434	276	145	264	505	474	82	842	637	681	724	160	253	108
	385	0	109	406	463	509	96	398	80	416	150	150	422	301	537	282	250	573	186	249	584	309	93	421	498	281	311	353	539	434	429
	463	109	0	496	543	527	124	497	111	523	187	72	522	331	562	211	358	681	294	319	681	394	110	510	500	291	298	334	609	540	521
	548	406	496	0	587	388	380	429	476	212	332	489	426	290	373	540	279	359	307	501	564	103	395	516	440	350	412	439	690	372	501
	81	463	543	587	0	892	549	164	433	407	578	605	180	695	901	743	325	419	339	225	204	555	551	72	907	707	753	796	104	252	92
	831	509	527	388	892	0	420	759	586	589	360	471	765	210	51	409	571	745	555	728	923	356	430	828	77	237	243	224	988	729	822
	473	96	124	380	549	420	0	467	167	438	65	111	488	216	451	210	297	606	240	342	654	278	15	502	405	188	216	257	630	489	507
	158	398	497	429	164	759	467	0	397	243	480	548	31	575	762	675	191	278	230	230	188	410	473	93	783	598	652	693	266	96	74
	353	80	111	476	433	586	167	397	0	458	226	178	424	378	614	318	282	604	217	209	578	381	160	402	571	354	378	418	499	449	415
	388	416	523	212	407	589	438	243	458	0	417	545	231	447	579	638	180	174	242	393	354	240	450	335	631	492	555	590	509	167	316
	506	150	187	332	578	360	65	480	226	417	0	161	498	153	389	222	298	589	251	384	665	230	78	525	350	135	176	218	665	489	527
	526	150	72	489	605	471	111	548	178	545	161	0	571	286	509	141	393	710	331	385	734	386	98	568	438	237	235	268	675	581	577
	184	422	522	426	180	765	488	31	424	231	498	571	0	586	767	696	204	251	249	260	168	414	494	112	793	612	667	708	280	73	89
	630	301	331	290	695	210	216	575	378	447	153	286	586	0	237	276	384	617	357	521	750	210	226	635	213	67	124	150	789	561	632
	842	537	562	373	901	51	451	762	614	579	389	509	767	237	0	454	577	731	567	746	921	354	461	835	125	273	286	271	999	726	828
	665	282	211	540	743	409	210	675	318	638	222	141	696	276	454	0	506	809	450	524	862	441	203	702	358	211	172	185	815	699	710
	274	250	358	279	325	571	297	191	282	180	298	393	204	384	577	506	0	324	66	229	371	232	306	258	593	409	464	505	425	193	251
	434	573	681	359	419	745	606	278	604	174	589	710	251	617	731	809	324	0	389	491	282	409	617	359	794	665	727	762	508	184	333
	276	186	294	307	339	555	240	230	217	242	251	331	249	357	567	450	66	389	0	197	416	239	248	280	569	372	423	465	434	251	279
	145	249	319	501	225	728	342	230	209	393	384	385	260	521	746	524	229	491	197	0	390	435	341	205	730	518	556	598	291	311	223
	264	584	681	564	204	923	654	188	578	354	665	734	168	750	921	862	371	282	416	390	0	569	660	187	955	779	834	875	258	196	168
	505	309	394	103	555	356	278	410	381	240	230	386	414	210	354	441	232	409	239	435	569	0	292	487	393	263	327	358	656	374	477
	474	93	110	395	551	430	15	473	160	450	78	98	494	226	461	203	306	617	248	341	660	292	0	505	412	196	220	261	630	497	511
	82	421	510	516	72	828	502	93	402	335	525	568	112	635	835	702	258	359	280	205	187	487	505	0	846	650	700	742	175	184	27
	842	498	500	440	907	77	405	783	571	631	350	438	793	213	125	358	593	794	569	730	955	393	412	846	0	217	203	175	1001	762	843
	637	281	291	350	707	237	188	598	354	492	135	237	612	67	273	211	409	665	372	518	779	263	196	650	217	0	64	99	796	593	650
	681	311	298	412	753	243	216	652	378	555	176	235	667	124	286	172	464	727	423	556	834	327	220	700	203	64	0	43	840	652	701
	724	353	334	439	796	224	257	693	418	590	218	268	708	150	271	185	505	762	465	598	875	358	261	742	175	99	43	0	882	691	743
	160	539	609	690	104	988	630	266	499	509	665	675	280	789	999	815	425	508	434	291	258	656	630	175	1001	796	840	882	0	350	193
	253	434	540	372	252	729	489	96	449	167	489	581	73	561	726	699	193	184	251	311	196	374	497	184	762	593	652	691	350	0	161
	108	429	521	501	92	822	507	74	415	316	527	577	89	632	828	710	251	333	279	223	168	477	511	27	843	650	701	743	193	161	0

coordXY = Coordinates (x,y): line zero => x line one => y column => customers
 	56	78	0	482	75	451	123	213	7	416	184	28	239	309	499	48	245	489	194	24	256	386	109	131	388	250	219	229	0	308	157
	221	605	680	565	143	951	689	231	570	364	710	746	216	797	937	885	419	207	460	362	49	602	692	188	994	827	882	923	72	237	184

d_pit = Demand of item p at customer i in period t
 	84	22	40	56	84	94	28	88	60	63	62	33
	95	47	43	13	54	63	70	91	23	55	50	28
	21	17	72	18	50	12	96	67	15	44	38	23
	43	82	94	49	12	67	45	66	69	38	99	69
	93	57	85	77	100	34	60	22	21	36	85	87
	43	51	83	53	21	95	52	54	15	88	14	80
	56	49	19	58	63	88	67	88	78	99	46	76
	20	86	75	27	29	91	80	47	79	84	53	71
	61	68	48	29	37	76	38	20	39	93	49	34
	100	60	60	96	36	14	71	92	52	36	54	55
	18	79	35	29	97	67	61	99	22	66	96	53
	42	82	55	94	58	23	65	87	84	82	35	81
	13	66	91	69	96	28	52	80	91	39	59	76
	78	13	26	53	20	34	86	44	82	64	85	50
	71	12	53	53	61	23	42	17	76	22	65	78
	59	71	50	43	59	98	91	50	87	58	40	39
	96	46	88	78	40	44	79	26	73	41	88	96
	39	63	44	79	57	27	48	86	68	60	77	56
	33	73	85	100	63	18	61	96	22	75	25	27
	78	93	89	98	14	99	30	64	23	39	40	87
	51	74	91	98	79	89	82	91	42	92	30	68
	87	36	89	46	32	52	81	28	32	71	22	19
	24	48	52	37	61	57	12	37	32	30	79	60
	45	58	96	51	37	62	86	95	38	97	89	88
	39	37	53	86	89	11	40	66	19	51	26	80
	56	61	95	32	29	44	37	51	21	37	67	43
	99	61	20	75	88	90	25	61	58	61	79	46
	42	89	85	25	56	27	87	30	34	47	33	58
	58	79	19	44	14	100	66	45	40	36	16	30
	38	87	12	90	96	69	32	46	17	63	56	76

	75	38	68	17	89	31	16	47	74	11	92	53
	46	96	72	40	97	61	68	64	40	90	36	72
	74	74	24	87	43	92	98	94	31	58	22	20
	75	37	97	53	41	11	93	35	53	75	47	92
	46	73	24	62	70	85	57	88	39	59	28	84
	97	49	13	40	41	42	59	75	34	27	85	95
	15	58	19	81	72	15	33	78	29	90	13	43
	63	14	45	38	41	82	61	20	85	20	47	25
	17	15	14	59	32	19	84	19	78	97	97	87
	12	16	95	70	69	81	86	95	63	53	41	90
	25	48	37	34	23	19	76	30	44	93	46	28
	92	59	68	12	20	51	49	85	69	77	14	28
	51	50	58	46	39	95	57	88	26	35	80	92
	60	88	73	10	53	78	85	50	65	30	21	58
	36	20	16	49	87	64	81	48	83	42	90	73
	83	62	89	53	15	22	64	23	74	56	64	23
	66	62	25	49	71	28	97	55	93	66	56	88
	17	73	25	96	75	84	40	61	92	74	65	79
	51	83	64	44	11	38	97	18	95	70	25	34
	47	34	80	28	43	13	22	31	47	82	35	36
	55	67	91	76	11	79	82	76	81	63	26	37
	65	67	67	98	71	78	28	91	52	64	41	23
	24	82	98	22	26	86	95	31	66	86	54	41
	93	66	39	66	45	93	85	22	73	94	85	82
	56	59	14	19	50	69	24	97	76	20	98	60
	82	69	55	85	73	98	40	69	27	22	99	59
	84	41	11	26	12	24	81	86	39	47	19	86
	68	40	29	76	50	46	40	11	12	93	93	35
	86	38	81	100	48	83	97	40	57	69	21	56
	66	33	39	38	16	51	72	88	27	40	11	40

	81	25	34	91	28	44	23	34	23	57	39	94
	19	96	49	68	69	41	91	11	87	19	89	35
	96	71	72	49	44	83	87	33	87	14	90	25
	99	32	71	58	57	63	75	75	50	87	50	36
	27	33	92	67	69	54	76	83	87	56	51	51
	26	40	43	58	17	18	49	23	32	10	48	64
	76	84	67	12	70	39	22	87	34	57	45	91
	14	58	51	47	98	58	89	84	22	93	37	12
	31	40	70	74	20	35	81	85	70	38	38	84
	45	54	19	57	85	79	37	68	94	28	65	69
	82	53	81	92	45	59	55	80	68	60	62	71
	52	19	11	78	93	55	61	64	42	80	14	28
	53	54	69	12	14	26	77	19	29	51	61	50
	12	71	31	87	70	46	37	45	57	40	76	57
	59	13	16	85	45	31	71	87	57	79	12	82
	36	95	63	54	97	51	13	60	68	35	75	36
	51	65	39	64	73	46	90	79	22	93	83	67
	63	98	91	18	46	24	46	82	27	18	57	18
	37	16	60	16	28	88	90	33	88	67	93	69
	84	29	78	64	19	87	90	75	79	15	27	14
	33	94	33	72	70	94	39	48	93	55	48	22
	16	98	46	63	81	45	83	84	51	49	38	94
	27	87	50	63	26	44	30	49	82	48	83	10
	19	39	16	24	20	81	52	98	41	78	96	55
	60	39	21	94	60	89	84	95	41	19	97	98
	48	14	85	96	49	80	66	41	55	74	46	30
	27	39	95	12	50	87	82	59	72	75	59	35
	42	31	71	96	71	19	78	60	73	86	22	86
	60	84	45	96	20	58	10	36	23	58	68	24
	96	69	55	88	91	34	82	73	57	16	54	45

	82	99	70	86	30	13	92	75	31	34	11	47
	20	78	33	46	65	94	34	41	69	59	11	65
	38	83	37	13	57	96	50	20	43	27	25	50
	94	42	39	77	12	23	93	70	70	75	34	86
	97	38	14	47	88	71	89	76	93	54	19	69
	34	11	86	93	87	33	53	50	49	37	76	90
	15	53	62	36	24	29	14	46	81	33	66	22
	13	79	86	92	43	93	16	52	99	59	13	46
	67	100	27	20	30	67	93	63	50	27	41	99
	75	84	98	71	59	91	25	59	61	39	64	81
	88	89	38	91	49	15	45	86	30	85	90	90
	20	25	54	61	87	35	59	40	11	53	61	81
	53	87	77	55	87	98	79	51	56	98	91	48
	23	46	77	72	88	47	34	56	93	80	51	95
	44	35	73	81	25	43	43	38	78	58	94	55
	70	25	34	24	70	84	79	16	28	37	95	92
	37	54	36	56	55	73	30	63	67	93	27	96
	24	92	27	42	96	59	76	80	71	11	78	34
	79	32	91	43	15	10	70	91	86	12	75	88
	82	99	71	75	19	15	97	18	29	25	67	19
	72	56	66	60	36	55	54	58	35	89	79	54
	71	36	60	53	66	57	90	98	51	42	69	74
	80	82	74	84	66	48	76	38	56	14	10	71
	76	82	34	57	92	99	13	60	96	66	59	23
	25	74	69	85	46	23	58	33	98	13	15	30
	81	98	94	44	21	92	78	46	48	10	79	44
	23	51	52	42	37	69	49	71	29	42	69	52
	88	67	25	71	55	11	26	99	45	31	43	47
	79	68	25	52	49	95	16	78	91	23	21	24
	64	92	77	89	71	44	85	68	57	58	13	58

	93	38	66	10	99	17	30	68	92	26	11	45
	47	45	46	17	63	48	81	89	34	79	82	63
	12	33	24	82	10	77	69	52	33	15	42	15
	77	48	60	21	22	91	95	17	68	48	30	98
	34	96	70	50	72	66	19	15	82	61	66	32
	60	48	28	37	78	31	15	88	50	14	25	67
	43	85	22	65	39	16	49	15	28	81	39	48
	89	46	87	43	43	94	56	64	100	30	51	45
	19	54	73	40	78	70	92	84	30	28	17	40
	28	30	95	85	56	65	86	92	37	30	88	38
	12	18	88	55	93	83	93	31	69	98	41	13
	77	37	18	64	75	19	83	21	41	80	53	98
	33	42	34	71	15	44	67	44	33	33	34	54
	26	69	33	35	24	63	28	100	67	85	26	88
	27	57	29	12	33	12	57	80	60	96	39	55
	32	59	66	17	35	78	83	37	55	11	91	19
	56	38	97	71	84	86	84	42	51	63	68	12
	26	36	73	88	22	47	36	84	66	32	95	49
	87	88	41	27	59	33	10	67	96	98	40	32
	24	72	13	84	31	12	86	21	72	85	30	29
	16	18	31	69	55	56	22	81	40	96	11	77
	99	41	59	92	44	24	86	15	47	86	69	54
	81	92	100	72	56	11	74	36	74	37	50	70
	83	91	34	87	92	84	92	75	19	64	79	79
	94	39	94	50	17	56	17	65	92	72	26	95
	60	68	27	68	97	15	16	63	65	71	38	98
	29	42	30	37	40	79	86	17	89	38	29	72
	43	44	30	56	12	44	92	88	40	72	48	56
	77	25	19	84	65	34	70	73	16	39	37	56
	40	31	75	98	75	96	18	36	55	80	75	67

	66	15	17	31	50	19	43	88	77	55	58	41
	21	99	16	54	62	60	39	94	22	62	41	61
	59	15	58	54	26	99	48	12	96	67	13	91
	48	12	12	66	41	61	84	85	26	98	69	88
	44	35	92	66	62	40	100	72	68	59	21	99
	42	84	17	95	95	83	96	47	89	22	45	18
	93	37	57	12	94	47	36	64	27	75	30	37
	15	11	100	16	40	88	46	97	35	49	37	85
	40	40	55	81	74	41	84	75	36	22	36	42
	36	97	25	37	67	12	21	85	47	43	63	67
	20	77	46	42	74	51	86	48	21	52	69	69
	80	69	55	18	50	33	10	89	78	58	71	27
	34	36	77	89	29	93	17	21	95	11	52	39
	55	35	99	24	29	78	88	50	72	37	30	17
	57	30	30	39	70	26	48	20	85	98	27	86
	20	78	35	97	96	88	37	13	34	69	37	90
	43	10	46	19	85	25	50	45	17	75	89	57
	54	38	70	89	90	58	60	20	66	53	20	38
	32	32	38	69	53	61	62	77	42	56	98	81
	82	50	59	33	55	65	30	15	53	28	85	77
	57	32	25	48	11	59	59	51	96	57	20	65
	73	30	18	38	43	60	69	100	90	52	44	47
	83	33	97	16	65	67	45	31	50	40	16	66
	59	77	77	45	73	50	45	19	16	55	13	14
	72	23	94	90	93	94	11	38	65	17	79	52
	71	93	93	22	32	40	81	59	92	11	51	68
	21	36	93	82	19	48	30	94	67	12	19	85
	44	33	82	66	36	39	87	34	69	16	55	86
	99	76	40	35	94	45	72	50	79	36	92	96
	73	16	21	44	71	88	92	29	70	29	65	92

	62	22	13	29	47	30	31	88	95	81	46	60
	57	43	63	98	27	40	57	61	45	67	96	48
	93	81	49	57	76	85	47	71	28	88	83	72
	58	48	22	62	72	70	95	51	87	41	65	16
	37	90	76	92	86	75	36	16	76	21	25	70
	88	62	100	56	91	67	89	83	53	59	29	38
	42	83	87	42	86	47	93	97	99	23	42	38
	70	12	70	13	68	39	45	58	80	75	15	66
	70	18	75	87	98	55	82	66	29	61	99	19
	86	47	13	55	96	52	40	22	44	12	65	64
	63	37	86	84	93	96	49	56	29	52	70	86
	70	70	23	84	49	100	48	55	62	24	77	43
	86	17	41	12	73	28	83	82	33	86	61	17
	21	42	68	99	72	96	97	49	97	70	35	78
	22	15	91	95	41	98	32	80	63	99	65	50
	13	36	66	82	81	44	98	15	36	52	70	44
	73	25	35	16	31	34	15	87	74	92	70	47
	56	55	60	37	11	22	91	47	34	89	80	66
	72	99	41	32	64	75	98	10	56	99	40	40
	20	62	58	47	40	62	44	66	22	67	28	93
	71	86	90	55	77	34	38	98	11	64	39	75
	80	18	86	89	59	65	90	64	30	63	62	22
	79	81	47	55	97	90	12	50	14	56	75	18
	62	56	84	54	77	55	87	25	69	99	80	75
	17	86	92	93	13	81	67	91	48	17	39	88
	69	87	50	15	76	55	80	92	20	80	95	16
	56	18	36	33	14	45	47	24	34	69	99	19
	97	24	92	84	65	26	64	41	25	99	81	25
	31	39	80	76	73	95	10	63	53	84	80	24
	78	30	52	26	43	99	14	24	85	47	68	57

	23	65	72	66	57	67	10	61	71	20	17	48
	78	45	14	82	58	56	88	46	97	16	14	92
	28	82	32	88	49	45	74	69	16	63	29	85
	72	36	54	73	11	31	28	28	96	20	12	54
	70	80	43	90	80	100	24	59	90	42	26	75
	50	83	55	76	78	17	51	33	86	23	37	38
	35	33	73	18	80	14	33	89	72	80	54	37
	14	76	56	63	86	84	42	12	65	31	98	21
	26	27	24	37	82	83	60	34	39	21	25	76
	37	69	26	36	22	32	32	60	51	14	58	38
	10	11	83	32	17	31	10	40	52	81	52	69
	71	46	15	72	58	59	61	43	22	77	33	17
	46	70	100	74	85	49	68	55	37	53	17	71
	11	89	97	63	71	45	30	77	93	77	29	33
	16	75	82	17	79	63	32	79	30	82	45	99
	76	97	79	47	45	82	43	41	61	50	66	62
	86	29	47	47	49	94	26	88	19	32	55	39
	13	28	69	52	36	51	52	20	36	50	25	99
	68	21	100	17	97	42	22	54	37	62	95	91
	14	19	37	47	56	36	21	71	89	98	48	59
	26	45	12	87	31	84	46	43	46	99	20	93
	89	48	52	41	27	58	68	99	31	47	74	93
	71	12	27	82	43	52	93	57	59	66	29	90
	34	83	69	62	46	42	59	79	18	32	97	52
	34	74	56	54	16	43	35	92	68	36	93	80
	98	59	26	32	58	93	53	82	64	84	33	57
	58	95	18	30	45	99	26	38	97	48	26	88
	44	38	74	97	49	57	10	57	19	67	37	37
	47	54	64	53	84	16	49	25	87	76	86	76
	72	36	97	56	69	12	72	35	33	26	12	64

	68	97	70	67	78	44	29	68	60	12	23	64
	95	99	43	17	80	81	98	99	47	54	85	20
	29	61	55	71	75	61	22	41	44	15	98	37
	71	49	69	62	58	88	11	58	75	89	52	20
	60	41	66	60	23	17	57	24	82	67	75	38
	70	96	82	19	33	20	47	68	58	61	40	84
	65	65	44	38	32	81	90	44	13	15	15	74
	57	48	86	51	92	51	63	45	18	33	80	77
	85	34	71	24	50	98	51	13	43	75	77	15
	79	72	36	52	67	61	22	64	41	72	81	64
	74	33	31	13	54	62	27	98	27	67	76	54
	79	87	43	41	65	64	44	51	78	85	94	96
	60	39	12	69	100	19	88	38	52	92	73	52
	69	31	29	46	79	77	21	53	15	37	65	45
	64	82	90	65	32	47	90	17	35	65	15	22
	15	42	70	90	53	80	22	52	56	12	94	92
	58	31	60	40	45	37	16	44	46	58	21	22
	45	51	63	78	37	89	99	20	29	40	75	17
	13	85	42	11	45	78	62	31	32	77	72	30
	85	22	51	60	61	43	34	46	38	11	65	80
	20	34	46	56	43	18	66	13	74	12	58	38
	53	12	87	84	25	20	26	95	32	92	12	88
	21	32	31	28	23	52	75	36	46	48	42	59
	15	14	36	72	96	86	31	92	51	29	66	97
	84	81	11	10	32	52	60	84	68	77	37	53
	47	32	19	55	62	57	46	37	17	47	69	30
	87	37	67	27	58	78	82	18	26	59	15	85
	55	42	60	74	75	57	95	51	58	74	94	75
	54	68	73	71	41	96	47	87	26	91	14	12
	63	73	57	43	95	42	89	38	32	34	74	98

	67	17	99	91	73	34	24	55	46	30	52	52
	17	92	25	92	72	22	68	75	67	50	58	65
	31	65	81	54	13	60	68	90	33	78	97	77
	94	83	53	22	27	94	73	77	26	31	81	20
	70	99	54	35	57	78	85	38	43	57	26	66
	77	19	83	53	30	94	75	87	46	38	72	48
	93	74	13	56	84	10	93	14	74	90	74	76
	91	16	64	13	11	82	12	48	86	45	83	67
	42	62	43	23	12	79	23	64	52	14	12	62
	47	24	92	15	80	79	19	92	46	96	41	10
	59	64	78	61	95	83	77	64	40	95	34	86
	34	38	63	60	61	58	55	68	70	53	88	26
	54	50	80	44	18	97	37	92	66	72	37	49
	53	38	13	62	64	62	59	20	30	66	23	42
	14	73	35	80	13	78	98	54	70	31	29	62
	25	63	15	19	16	86	43	21	82	24	38	67
	60	57	65	84	95	63	67	93	32	13	20	94
	39	33	21	65	23	84	55	39	95	60	57	83
	97	63	12	72	46	15	71	91	96	88	18	69
	12	24	17	100	83	36	87	91	61	52	76	58
	78	42	84	53	100	40	12	89	12	16	57	73
	47	52	22	97	62	51	92	44	46	57	50	49
	72	14	92	49	29	99	86	65	73	87	28	90
	69	93	75	56	26	31	40	92	48	30	41	58
	23	86	73	51	51	54	79	62	34	55	91	63
	52	82	52	87	14	79	56	62	70	89	36	46
	50	37	52	42	48	39	60	39	58	63	45	86
	39	24	39	18	96	59	64	45	96	74	23	55
	58	88	74	29	28	58	80	21	13	44	13	58
	21	12	85	32	19	76	18	16	53	79	31	83

