***** PARAMETERS PRP *****

Number of Customers = 30
Number of Products = 10
Number of Vehicles = 5
Number of Periods = 12

B = Production capacity
	49330

b_p = Time required to produce item p
 	1	1	1	1	1	1	1	1	1	1

c_p = Production cost of item p
 	30	30	80	80	30	30	30	30	30	80

s_p = Setup cost of item p
 	300	300	800	800	300	300	300	300	300	800

M = Big number
	197320

U_pi = Maximum inventory upper bound of item p at site i
 	197320	106	162	106	91	107	120	104	288	277	155	190	97	197	107	101	114	128	214	115	229	147	331	195	207	192	297	210	294	296	235
	197320	132	128	231	236	315	155	272	274	255	188	85	307	109	194	106	210	314	158	240	196	237	229	253	108	154	105	345	210	317	348
	197320	208	107	223	237	246	314	250	115	187	121	178	180	115	157	243	169	150	170	110	320	93	119	209	213	127	317	260	134	255	272
	197320	235	167	170	91	331	251	127	182	250	334	250	158	163	109	242	125	272	120	140	171	255	114	209	116	277	186	160	288	301	112
	197320	322	113	150	317	108	326	162	76	191	168	160	279	190	231	275	163	129	189	125	131	215	293	171	152	95	242	238	225	315	196
	197320	108	167	263	86	103	154	120	124	86	218	304	216	179	280	186	303	151	109	214	203	165	162	269	180	273	92	184	142	177	139
	197320	85	220	215	352	165	160	284	237	145	153	287	175	248	115	108	250	194	157	144	218	193	92	192	248	209	92	226	105	236	233
	197320	189	258	95	196	170	178	195	103	146	101	170	117	162	140	103	229	139	120	110	324	126	219	164	284	267	216	246	256	113	250
	197320	215	254	186	253	148	97	194	277	199	203	202	184	208	145	216	180	250	235	176	155	289	137	83	217	101	188	227	108	317	161
	197320	266	230	253	283	95	109	301	133	281	229	341	236	193	103	159	325	142	105	138	101	240	228	250	265	303	116	119	192	97	221

I_pi0 = Initial inventory of item p at site i
 	0	106	100	61	14	86	93	11	258	219	118	56	26	95	46	33	95	109	41	22	98	51	69	29	196	86	237	127	57	37	11
	0	54	116	196	20	113	99	269	114	65	151	70	86	75	72	81	126	21	106	155	164	53	150	94	106	97	104	49	205	253	72
	0	165	31	192	141	93	260	109	56	76	70	93	119	58	132	194	71	13	134	97	45	65	94	133	192	122	94	71	101	143	244
	0	205	31	136	73	80	185	109	163	213	274	73	36	73	90	183	28	147	100	89	85	38	33	60	54	37	28	110	255	96	80
	0	152	64	130	126	88	67	159	26	70	157	54	219	37	150	190	95	120	163	102	100	111	18	81	151	72	227	65	183	211	92
	0	83	163	227	74	83	67	108	96	53	55	133	167	96	231	109	187	95	46	29	114	135	140	223	179	138	92	136	34	167	139
	0	47	169	190	245	149	157	58	88	61	115	180	68	111	74	76	172	130	136	127	140	130	76	120	190	32	79	191	45	162	196
	0	170	93	19	149	140	46	47	96	111	83	83	117	95	90	89	216	113	74	74	131	76	73	91	241	232	17	229	217	11	59
	0	93	119	177	221	129	12	158	223	168	58	117	68	174	130	79	29	139	112	46	118	141	133	50	186	86	185	51	76	154	53
	0	125	155	84	178	93	94	205	116	69	200	294	100	87	100	27	266	69	98	44	56	79	134	214	118	158	81	98	191	0	195

h_pi = Inventory cost of item p at site i
 	3	0	0	0	0	0	0	0	0	0	0	0	0	0	0	0	0	0	0	0	0	0	0	0	0	0	0	0	0	0	0
	3	0	0	0	0	0	0	0	0	0	0	0	0	0	0	0	0	0	0	0	0	0	0	0	0	0	0	0	0	0	0
	8	0	0	0	0	0	0	0	0	0	0	0	0	0	0	0	0	0	0	0	0	0	0	0	0	0	0	0	0	0	0
	8	0	0	0	0	0	0	0	0	0	0	0	0	0	0	0	0	0	0	0	0	0	0	0	0	0	0	0	0	0	0
	3	0	0	0	0	0	0	0	0	0	0	0	0	0	0	0	0	0	0	0	0	0	0	0	0	0	0	0	0	0	0
	3	0	0	0	0	0	0	0	0	0	0	0	0	0	0	0	0	0	0	0	0	0	0	0	0	0	0	0	0	0	0
	3	0	0	0	0	0	0	0	0	0	0	0	0	0	0	0	0	0	0	0	0	0	0	0	0	0	0	0	0	0	0
	3	0	0	0	0	0	0	0	0	0	0	0	0	0	0	0	0	0	0	0	0	0	0	0	0	0	0	0	0	0	0
	3	0	0	0	0	0	0	0	0	0	0	0	0	0	0	0	0	0	0	0	0	0	0	0	0	0	0	0	0	0	0
	8	0	0	0	0	0	0	0	0	0	0	0	0	0	0	0	0	0	0	0	0	0	0	0	0	0	0	0	0	0	0

C = Vehicle capacity
	3520

f = Fixed transportation cost
	29233

a_ik = Transportation cost for traveling from node i to node k
 	0	175	670	217	238	392	316	111	173	477	483	222	687	534	289	624	312	159	470	601	286	698	242	712	217	638	153	129	184	635	233
	175	0	594	278	139	220	295	65	82	330	425	385	545	452	148	568	171	30	404	464	130	570	155	563	335	508	320	53	22	522	389
	670	594	0	859	459	620	363	609	675	358	190	870	306	142	689	85	439	578	201	277	654	237	739	361	886	241	706	591	611	165	889
	217	278	859	0	403	419	521	250	206	605	679	226	820	719	281	823	448	286	662	741	303	847	196	833	102	785	314	269	267	799	208
	238	139	459	403	0	273	170	154	220	245	287	459	450	317	264	430	88	120	266	364	235	461	292	478	441	401	340	134	158	402	470
	392	220	620	419	273	0	435	285	236	270	499	585	458	490	140	624	216	244	472	400	118	509	225	454	505	451	539	272	208	496	583
	316	295	363	521	170	435	0	283	371	315	173	508	469	238	432	309	224	270	167	383	404	451	450	511	532	401	345	270	317	370	528
	111	65	609	250	154	285	283	0	98	377	431	327	590	469	199	575	212	49	413	506	188	609	180	612	291	547	255	21	78	553	333
	173	82	675	206	220	236	371	98	0	400	506	350	615	534	117	649	247	102	485	536	120	644	83	628	277	582	325	104	65	600	348
	477	330	358	605	245	270	315	377	400	0	283	699	216	245	369	378	166	330	256	139	334	249	439	236	664	188	585	356	338	226	708
	483	425	190	679	287	499	173	431	506	283	0	681	356	80	539	144	292	406	29	284	506	317	577	407	700	281	517	414	445	227	700
	222	385	870	226	459	585	508	327	350	699	681	0	908	740	459	815	533	375	672	822	469	918	385	934	132	858	180	347	387	852	30
	687	545	306	820	450	458	469	590	615	216	356	908	0	280	575	370	379	545	338	88	542	77	650	56	879	76	782	569	553	147	919
	534	452	142	719	317	490	238	469	534	245	80	740	280	0	550	136	299	437	73	214	516	237	598	333	748	205	583	450	470	147	757
	289	148	689	281	264	140	432	199	117	369	539	459	575	550	0	677	252	177	515	506	36	617	86	579	369	556	442	195	127	588	453
	624	568	85	823	430	624	309	575	649	378	144	815	370	136	677	0	426	549	165	325	643	307	719	425	840	299	645	558	587	224	835
	312	171	439	448	88	216	224	212	247	166	292	533	379	299	252	426	0	166	266	296	217	400	303	402	501	338	425	191	183	353	542
	159	30	578	286	120	244	270	49	102	330	406	375	545	437	177	549	166	0	385	462	159	565	180	565	335	504	298	30	51	514	381
	470	404	201	662	266	472	167	413	485	256	29	672	338	73	515	165	266	385	0	263	481	304	555	388	686	264	512	395	423	216	690
	601	464	277	741	364	400	383	506	536	139	284	822	88	214	506	325	296	462	263	0	472	111	577	129	796	52	694	486	474	116	833
	286	130	654	303	235	118	404	188	120	334	506	469	542	516	36	643	217	159	481	472	0	582	112	547	387	521	438	181	112	553	466
	698	570	237	847	461	509	451	609	644	249	317	918	77	237	617	307	400	565	304	111	582	0	687	128	899	63	780	588	581	91	930
	242	155	739	196	292	225	450	180	83	439	577	385	650	598	86	719	303	180	555	577	112	687	0	657	287	625	392	186	135	651	376
	712	563	361	833	478	454	511	612	628	236	407	934	56	333	579	425	402	565	388	129	547	128	657	0	897	130	814	591	569	202	943
	217	335	886	102	441	505	532	291	277	664	700	132	879	748	369	840	501	335	686	796	387	899	287	897	0	837	262	311	330	843	110
	638	508	241	785	401	451	401	547	582	188	281	858	76	205	556	299	338	504	264	52	521	63	625	130	837	0	724	526	519	77	870
	153	320	706	314	340	539	345	255	325	585	517	180	782	583	442	645	425	298	512	694	438	780	392	814	262	724	0	269	332	706	206
	129	53	591	269	134	272	270	21	104	356	414	347	569	450	195	558	191	30	395	486	181	588	186	591	311	526	269	0	70	533	353
	184	22	611	267	158	208	317	78	65	338	445	387	553	470	127	587	183	51	423	474	112	581	135	569	330	519	332	70	0	535	389
	635	522	165	799	402	496	370	553	600	226	227	852	147	147	588	224	353	514	216	116	553	91	651	202	843	77	706	533	535	0	866
	233	389	889	208	470	583	528	333	348	708	700	30	919	757	453	835	542	381	690	833	466	930	376	943	110	870	206	353	389	866	0

coordXY = Coordinates (x,y): line zero => x line one => y column => customers
 	349	208	390	221	273	4	421	265	179	129	406	445	86	347	67	455	200	236	380	135	79	154	108	31	314	157	499	259	190	232	423
	271	374	939	97	496	455	578	343	298	694	750	71	905	804	331	885	544	382	739	832	364	941	256	908	57	879	242	363	362	895	51

d_pit = Demand of item p at customer i in period t
 	38	68	75	10	70	56	78	28	28	75	27	81
	100	49	46	26	46	83	62	63	49	37	51	35
	61	16	35	74	75	77	23	74	36	95	26	46
	14	43	98	18	45	91	36	36	16	74	21	56
	47	39	78	23	22	64	99	36	71	77	37	47
	93	76	10	62	76	18	88	52	65	68	78	34
	11	56	18	68	56	60	87	97	35	11	80	43
	76	55	39	88	94	100	66	91	28	95	37	96
	32	43	74	70	38	82	37	70	39	84	70	25
	82	36	54	18	22	56	50	79	78	47	61	38
	12	26	18	15	87	75	35	48	57	50	94	54
	26	75	63	43	42	92	34	51	36	29	27	65
	95	19	25	25	35	25	72	36	93	61	25	81
	21	25	73	41	34	70	11	84	51	53	88	88
	33	74	58	66	63	14	31	54	28	62	53	69
	61	34	71	77	82	20	81	79	30	40	46	63
	47	62	79	58	94	28	55	60	76	42	98	70
	41	75	23	29	70	48	86	86	17	57	12	99
	22	36	51	52	67	58	98	50	61	70	83	40
	63	35	12	56	91	80	69	23	12	42	20	46
	51	23	72	38	78	79	44	19	22	47	60	53
	69	98	82	83	75	48	26	86	45	80	48	55
	29	56	28	16	27	52	57	64	47	99	69	40
	46	97	53	61	40	13	98	15	27	67	36	67
	27	59	31	10	52	20	78	26	79	82	97	16
	88	56	93	42	66	82	21	88	57	54	44	22
	57	70	96	84	83	41	44	69	84	59	87	64
	46	11	90	70	83	94	60	86	29	60	16	60
	37	26	12	80	29	70	83	97	86	77	19	94
	11	27	34	34	47	52	80	24	89	67	66	34

	54	81	54	80	53	40	43	94	82	87	86	35
	50	66	93	100	29	85	85	31	82	18	49	79
	53	91	38	14	58	12	96	52	90	74	28	86
	20	50	49	95	100	42	92	73	60	33	30	64
	95	18	93	90	50	73	88	82	23	37	26	81
	15	84	68	30	35	64	30	83	30	86	11	84
	83	92	94	50	92	68	73	47	66	94	37	21
	61	53	61	100	42	49	77	73	58	21	16	47
	65	26	73	66	32	66	13	89	18	61	77	26
	98	53	40	57	34	17	30	33	45	20	38	99
	41	29	41	73	18	74	29	68	38	68	16	17
	86	94	19	16	66	64	41	42	54	97	76	82
	75	70	60	11	39	15	64	59	38	73	98	51
	72	52	13	32	34	54	12	74	19	35	98	86
	56	25	31	93	95	84	17	62	32	79	44	15
	73	53	99	13	46	43	30	71	37	11	99	54
	21	58	77	98	93	97	60	27	76	25	85	37
	42	64	38	53	53	18	84	78	92	36	53	21
	89	66	41	79	30	73	88	23	79	39	42	70
	72	92	95	93	97	51	43	60	30	29	61	61
	53	90	28	29	64	62	41	75	63	62	77	68
	73	77	84	27	16	71	68	60	30	57	85	39
	68	26	84	97	75	81	88	78	30	33	35	64
	34	28	22	22	69	15	64	85	79	69	74	86
	97	59	14	38	91	13	23	88	38	48	35	70
	35	69	14	45	23	55	94	68	15	66	85	61
	49	92	76	84	43	95	68	84	70	14	83	71
	22	96	87	46	26	23	43	69	29	73	92	24
	19	91	94	49	80	17	51	80	73	53	84	70
	72	99	81	82	24	85	58	87	99	83	26	39

	96	36	23	10	77	89	78	29	49	69	18	51
	31	90	78	13	20	47	80	87	84	36	46	32
	11	73	82	26	19	22	89	37	95	28	12	42
	32	15	94	58	48	18	60	89	76	19	26	34
	93	69	42	42	60	83	30	41	45	43	29	13
	90	74	96	95	39	32	20	66	76	11	90	64
	92	17	47	17	89	42	29	64	91	77	23	11
	56	77	93	38	32	62	61	100	96	14	50	10
	76	77	77	99	58	81	35	30	22	84	58	52
	70	99	78	95	59	36	68	22	56	43	12	87
	93	51	42	36	75	24	65	62	24	17	29	17
	39	29	51	74	96	79	73	50	74	46	100	10
	58	82	74	39	23	33	87	97	88	15	49	43
	45	53	34	77	92	20	85	55	43	74	19	31
	25	81	88	82	85	70	37	50	50	69	28	64
	71	74	95	90	69	29	14	93	20	28	47	44
	13	83	30	58	94	42	28	49	26	73	83	22
	87	47	56	40	69	47	87	75	21	45	59	47
	31	66	96	97	42	70	20	27	85	28	82	16
	20	25	30	43	89	93	97	75	63	93	52	87
	65	37	54	84	64	37	48	42	52	27	12	34
	68	26	66	13	73	47	65	92	76	70	58	59
	80	53	55	56	29	54	70	30	27	99	43	30
	96	96	97	37	89	62	83	13	48	95	78	59
	32	25	37	28	64	71	17	45	48	22	70	49
	78	16	44	90	55	69	87	59	64	77	52	70
	71	16	68	82	34	40	54	87	57	44	49	22
	12	45	44	86	99	95	43	92	92	17	80	98
	78	25	40	15	69	74	68	88	99	68	78	63
	33	46	87	78	73	15	12	95	54	66	65	29

	28	92	14	71	19	63	58	10	56	74	44	36
	31	44	59	90	48	37	81	39	71	58	15	96
	85	51	34	24	71	49	23	42	53	93	74	81
	73	65	54	79	18	52	17	87	23	10	55	14
	80	68	55	57	94	59	87	70	96	52	65	11
	74	88	23	100	34	12	43	92	71	81	72	63
	38	71	83	61	69	95	58	93	18	76	75	24
	76	87	25	48	46	34	13	29	61	14	63	49
	77	81	55	88	39	28	68	76	49	94	14	80
	70	46	84	74	90	23	64	85	51	99	94	22
	45	28	60	94	89	50	42	41	70	21	11	48
	36	53	81	19	39	69	58	99	13	35	63	67
	73	38	14	29	89	38	34	50	83	96	11	97
	90	50	78	97	58	25	31	36	95	32	33	27
	95	88	74	72	28	46	20	79	84	21	47	71
	16	12	85	31	44	93	19	33	70	26	21	51
	94	53	40	54	86	65	88	33	15	32	42	51
	100	93	16	100	39	74	60	31	58	49	47	55
	89	89	69	64	68	55	85	55	31	62	88	82
	62	23	42	80	21	43	53	37	85	11	16	39
	38	65	95	67	72	43	85	44	79	85	25	67
	33	44	50	33	49	60	64	63	81	92	93	23
	60	32	55	35	97	81	50	37	52	12	28	89
	54	99	18	53	12	30	61	14	11	43	21	47
	37	20	72	87	53	91	93	62	25	17	66	41
	28	54	46	87	78	45	82	81	43	77	69	53
	27	36	32	15	72	52	43	64	81	73	91	54
	57	63	90	45	84	36	55	45	68	89	27	33
	56	40	98	96	42	66	26	89	74	73	42	20
	80	24	91	14	67	15	36	85	57	85	81	39

	49	81	22	73	91	95	83	43	66	63	15	92
	64	66	38	22	58	54	37	94	38	70	90	45
	36	84	10	50	80	96	54	41	25	56	16	50
	42	84	73	25	20	52	83	56	92	55	85	93
	88	25	60	67	75	62	40	89	11	62	45	23
	67	25	58	55	85	24	74	63	87	99	88	57
	86	43	30	65	83	80	15	78	40	21	70	37
	26	64	84	75	37	10	40	40	12	19	22	27
	70	29	15	98	53	69	26	21	63	66	52	10
	61	96	47	77	31	36	60	67	11	66	45	74
	54	42	85	50	30	77	47	60	28	33	60	73
	77	50	92	84	30	64	17	57	75	11	38	74
	26	11	11	98	50	12	79	19	69	27	85	84
	94	56	90	25	59	52	37	67	88	44	62	18
	39	99	52	54	73	25	40	55	86	30	54	54
	67	28	77	79	81	34	45	73	58	68	32	11
	77	43	45	42	48	96	98	79	87	51	65	44
	79	84	56	58	20	83	23	71	82	46	96	58
	18	84	90	57	73	81	39	68	62	87	64	29
	29	71	54	19	29	49	11	76	24	84	13	65
	42	33	20	16	82	80	72	88	75	10	78	50
	18	89	40	69	49	55	36	70	38	69	70	99
	55	26	95	36	57	98	16	12	13	63	12	29
	83	68	28	74	65	59	29	24	55	32	48	41
	58	14	59	93	55	60	12	50	11	23	88	48
	61	78	88	84	56	51	80	90	40	17	13	67
	65	79	47	88	17	99	41	71	45	25	64	74
	82	83	18	47	13	63	28	80	14	35	30	48
	21	62	63	65	47	72	81	26	92	79	79	70
	92	64	57	51	55	57	54	53	45	100	78	77

	83	39	33	32	84	63	98	47	57	40	33	38
	20	73	10	60	68	91	58	10	80	81	33	83
	39	97	91	68	70	57	79	51	85	89	50	12
	43	20	11	64	31	76	73	40	33	30	43	52
	83	49	70	51	33	66	29	85	46	24	46	36
	67	64	65	28	43	81	81	21	46	48	32	41
	54	54	75	69	47	82	25	32	42	60	92	87
	96	93	30	59	93	32	83	91	53	40	56	19
	26	27	61	97	85	28	21	23	37	51	15	42
	21	34	91	32	66	61	20	52	18	81	29	19
	38	95	84	63	50	33	81	71	61	70	43	40
	89	54	24	48	80	35	65	41	44	76	38	55
	96	40	86	64	33	62	55	29	34	81	98	39
	97	91	43	22	68	36	28	55	58	26	85	63
	76	33	14	42	42	92	56	57	63	11	31	42
	57	94	36	86	90	67	77	65	97	83	67	89
	83	12	17	69	31	79	77	48	53	54	58	21
	46	72	47	57	81	99	14	73	68	24	44	26
	29	51	97	38	56	69	52	33	59	30	66	62
	76	38	92	58	89	40	77	90	32	92	49	77
	32	16	15	72	71	90	27	80	84	41	56	76
	67	73	62	59	48	59	21	58	40	73	52	36
	76	96	28	23	56	47	50	18	74	100	61	17
	78	90	11	12	86	84	23	11	52	51	11	32
	39	99	70	49	31	21	54	81	39	39	75	58
	49	43	91	10	89	20	43	15	20	28	56	86
	24	36	76	70	62	66	13	60	13	28	72	32
	34	82	22	34	30	32	37	25	84	81	42	66
	57	38	72	36	45	56	49	67	84	87	64	52
	64	33	20	22	94	23	65	72	81	12	10	61

	47	90	12	12	39	44	16	22	91	36	69	30
	26	76	67	50	81	42	28	59	16	27	36	20
	14	87	89	16	85	40	81	14	58	37	49	74
	90	58	97	48	42	96	83	66	83	92	41	48
	86	63	13	76	56	77	74	40	36	60	21	57
	60	13	20	64	61	47	12	48	56	73	89	95
	33	25	99	40	49	38	66	58	83	87	80	23
	88	63	50	88	98	97	67	45	88	95	70	97
	61	19	11	27	25	88	88	84	18	72	46	40
	33	82	21	51	11	75	73	16	11	99	57	82
	66	94	20	87	48	45	61	39	80	67	44	37
	22	46	12	37	87	44	96	12	19	49	19	83
	94	17	39	12	72	28	34	23	91	30	63	91
	74	44	12	19	95	38	23	18	43	20	38	36
	76	70	88	77	32	42	69	64	31	41	36	20
	60	23	89	29	95	65	71	50	56	28	22	13
	91	39	91	87	40	57	84	39	94	35	55	63
	46	90	30	88	91	13	61	67	63	40	25	12
	86	29	12	77	61	16	18	53	46	96	61	20
	91	49	23	67	88	21	52	47	15	91	37	72
	73	57	84	97	67	15	73	19	46	18	12	19
	54	22	55	12	25	93	51	17	68	75	19	60
	56	64	94	23	11	48	55	40	90	15	17	62
	39	82	13	56	26	14	79	72	94	81	11	29
	32	16	58	41	34	47	71	23	13	98	32	37
	22	57	76	73	26	12	63	50	24	94	42	14
	75	79	37	83	13	16	27	77	58	28	93	93
	45	94	25	16	77	23	77	81	51	45	80	14
	92	53	17	67	86	66	28	78	17	17	15	31
	12	46	69	69	71	39	76	46	52	76	68	76

	23	58	89	93	49	77	93	89	57	93	12	23
	93	12	62	77	62	63	63	92	30	72	50	98
	19	93	14	51	17	13	68	70	44	44	59	77
	56	47	18	28	32	36	48	12	66	70	36	21
	86	54	56	85	23	47	66	58	38	75	28	62
	46	90	16	21	87	21	69	55	90	29	98	91
	13	34	67	71	97	29	47	35	13	70	78	30
	96	31	25	99	56	55	42	11	88	54	47	11
	22	23	10	56	64	14	65	55	81	81	56	57
	19	38	26	45	45	100	100	98	20	70	18	26
	50	33	29	12	34	77	25	98	15	76	40	21
	80	37	17	15	85	80	89	79	97	80	13	27
	95	97	45	32	38	19	81	70	45	67	17	41
	90	12	57	83	21	35	73	14	30	47	57	42
	58	31	21	64	18	18	90	94	63	53	58	47
	69	11	74	62	62	57	25	91	12	34	36	16
	25	74	14	89	25	81	45	43	40	49	21	49
	74	96	77	72	39	95	71	32	13	54	28	71
	74	99	15	81	74	33	18	95	30	35	15	91
	42	89	93	96	92	55	45	64	25	42	51	83
	76	67	28	36	84	95	63	67	80	47	59	56
	73	24	81	47	68	46	31	17	36	60	95	80
	66	25	54	23	49	66	85	78	82	31	40	56
	85	20	68	68	28	87	67	48	75	43	27	66
	57	97	33	45	85	74	80	55	31	80	71	92
	17	95	91	99	90	72	17	34	47	35	20	31
	16	78	82	53	91	55	96	53	38	79	58	39
	95	25	63	34	86	59	82	96	34	98	54	41
	11	34	55	47	92	81	68	37	81	80	61	28
	59	77	82	62	74	25	20	75	80	75	80	40

	18	22	53	17	26	84	14	51	40	96	20	75
	40	79	89	52	87	100	31	91	21	47	91	35
	84	20	73	76	94	62	85	15	66	43	53	74
	64	26	73	58	97	95	69	64	35	23	88	66
	97	32	94	23	51	72	68	24	55	37	13	27
	12	92	33	17	78	34	43	10	81	77	58	45
	96	62	12	92	15	84	68	78	40	83	93	54
	32	77	53	61	12	71	53	15	51	80	83	77
	53	42	49	24	60	97	26	68	58	37	56	27
	26	32	19	10	32	38	15	51	78	100	26	60
	98	19	87	37	53	26	18	84	63	20	84	16
	68	91	67	38	70	22	32	15	97	18	24	10
	91	83	66	78	88	71	27	99	44	40	59	87
	54	51	25	49	30	84	98	20	39	47	34	50
	79	24	94	88	58	34	16	47	55	35	42	76
	29	69	48	92	17	31	83	95	60	92	69	34
	51	56	32	37	34	63	28	33	80	41	82	64
	87	25	21	80	58	24	73	22	78	48	17	30
	46	30	46	67	31	67	94	96	43	37	80	65
	66	52	83	35	42	76	84	15	37	23	48	59
	46	40	40	15	49	54	93	54	98	98	46	61
	63	70	69	88	21	87	76	60	47	88	62	93
	50	70	29	34	30	32	17	49	30	31	98	25
	31	87	68	23	99	48	37	14	55	41	53	95
	57	29	70	17	17	71	20	30	11	47	16	20
	92	31	62	97	88	31	47	28	39	86	66	84
	51	89	40	35	28	88	17	100	68	78	21	67
	48	28	54	84	16	99	48	36	79	79	41	37
	42	37	75	69	64	25	79	100	93	62	18	97
	19	34	45	16	84	57	67	56	66	86	81	32

	91	34	46	49	71	95	71	37	45	93	88	79
	46	29	80	89	41	43	43	15	79	46	20	22
	84	73	82	52	71	20	94	48	69	35	73	59
	77	14	87	84	25	27	51	80	56	61	61	57
	28	65	28	78	36	47	47	20	38	46	74	60
	94	70	75	45	13	82	38	67	24	51	52	41
	55	31	78	41	40	88	90	31	93	52	35	88
	80	36	99	97	60	73	66	32	99	89	23	41
	38	31	56	70	45	98	20	74	18	89	97	38
	48	87	42	23	53	38	55	37	24	78	36	29
	43	89	85	77	82	45	94	88	68	63	10	74
	65	35	28	34	24	55	79	69	28	64	60	26
	38	49	80	88	31	43	98	61	36	96	87	65
	100	21	48	52	59	95	52	37	41	70	20	20
	27	29	20	76	96	25	58	20	51	13	28	35
	100	90	76	95	17	52	83	65	60	50	56	36
	69	93	31	25	45	11	61	76	21	31	28	75
	12	37	49	95	92	46	39	55	21	93	29	63
	44	54	17	80	62	59	19	23	78	61	31	22
	10	17	29	78	62	59	83	46	40	61	52	66
	37	42	82	30	81	75	38	59	72	90	28	85
	53	25	56	79	12	50	33	31	39	94	60	16
	51	81	82	14	18	66	19	82	78	12	23	73
	76	42	68	41	59	87	14	74	33	56	48	38
	63	95	45	25	100	76	13	20	81	45	90	74
	81	78	50	14	15	74	95	77	57	16	39	98
	98	71	28	51	28	47	86	18	29	88	76	94
	24	71	47	49	82	99	73	73	47	72	100	29
	99	26	16	13	21	86	94	14	31	76	68	35
	66	77	52	67	44	34	43	81	58	36	46	59

