***** PARAMETERS PRP *****

Number of Customers = 30
Number of Products = 10
Number of Vehicles = 5
Number of Periods = 12

B = Production capacity
	50086

b_p = Time required to produce item p
 	1	1	1	1	1	1	1	1	1	1

c_p = Production cost of item p
 	80	80	30	80	30	30	80	80	80	80

s_p = Setup cost of item p
 	800	800	300	800	300	300	800	800	800	800

M = Big number
	200343

U_pi = Maximum inventory upper bound of item p at site i
 	200343	304	222	192	289	148	85	162	121	269	331	110	179	296	200	235	304	154	222	162	118	275	106	172	200	240	175	182	174	304	330
	200343	209	269	252	117	250	141	198	143	181	111	152	131	273	154	231	189	107	110	229	124	160	94	224	270	261	243	160	209	107	257
	200343	138	233	126	125	80	112	131	121	218	158	197	118	166	160	260	119	168	116	206	151	307	164	109	282	114	168	110	251	113	256
	200343	125	275	101	181	125	193	259	269	296	221	216	264	191	175	286	112	311	214	185	123	255	290	199	181	108	98	258	111	106	91
	200343	324	314	218	122	284	232	273	118	259	329	106	337	183	151	154	204	322	325	201	218	97	205	264	111	204	180	217	144	276	217
	200343	120	102	111	273	167	220	324	251	182	134	178	235	219	110	173	262	132	110	174	91	108	199	156	220	140	273	103	140	229	95
	200343	124	237	111	149	269	155	241	153	276	220	116	166	154	253	331	279	202	163	106	118	179	130	179	159	242	135	99	195	146	312
	200343	99	234	187	169	268	260	240	230	204	98	163	114	233	268	166	141	206	258	185	99	151	168	179	147	114	208	140	258	271	191
	200343	163	159	162	109	113	75	250	230	274	162	245	243	184	268	200	91	230	133	229	128	177	110	139	115	183	189	108	134	261	73
	200343	269	310	227	169	176	168	154	280	132	150	248	115	136	152	307	202	249	190	255	256	189	102	239	222	134	86	116	186	158	291

I_pi0 = Initial inventory of item p at site i
 	0	177	162	84	211	138	66	103	97	205	72	85	140	90	120	170	166	112	144	96	79	106	68	35	178	119	130	179	95	91	275
	0	179	74	161	41	237	140	167	96	161	89	69	12	171	24	52	166	96	55	227	73	90	93	160	255	95	60	23	76	36	53
	0	91	165	118	94	74	96	93	108	129	84	154	72	74	139	75	87	165	94	173	105	68	73	93	239	105	60	62	138	87	219
	0	89	133	71	33	97	175	91	156	23	118	54	247	107	125	33	59	277	111	154	82	107	145	131	47	72	48	79	94	75	66
	0	52	67	144	55	67	199	197	80	191	282	58	94	71	10	130	100	242	214	167	201	87	108	93	95	109	135	212	31	65	172
	0	71	98	37	225	141	80	236	60	122	104	135	140	79	91	124	144	79	85	93	16	84	143	126	80	65	196	77	99	167	48
	0	73	63	41	94	126	100	172	16	177	191	74	31	90	62	175	140	124	101	36	23	165	129	60	108	168	99	56	139	131	226
	0	35	149	54	90	242	162	209	204	136	34	55	97	196	243	99	132	164	168	27	75	115	121	67	118	53	143	103	121	167	156
	0	135	147	155	93	70	40	77	170	223	104	98	33	14	97	103	69	224	111	134	112	89	97	100	76	64	165	52	65	71	61
	0	123	129	105	158	106	150	10	119	94	134	154	89	76	146	195	60	222	137	143	24	164	46	184	67	89	67	34	124	156	45

h_pi = Inventory cost of item p at site i
 	8	0	0	0	0	0	0	0	0	0	0	0	0	0	0	0	0	0	0	0	0	0	0	0	0	0	0	0	0	0	0
	8	0	0	0	0	0	0	0	0	0	0	0	0	0	0	0	0	0	0	0	0	0	0	0	0	0	0	0	0	0	0
	3	0	0	0	0	0	0	0	0	0	0	0	0	0	0	0	0	0	0	0	0	0	0	0	0	0	0	0	0	0	0
	8	0	0	0	0	0	0	0	0	0	0	0	0	0	0	0	0	0	0	0	0	0	0	0	0	0	0	0	0	0	0
	3	0	0	0	0	0	0	0	0	0	0	0	0	0	0	0	0	0	0	0	0	0	0	0	0	0	0	0	0	0	0
	3	0	0	0	0	0	0	0	0	0	0	0	0	0	0	0	0	0	0	0	0	0	0	0	0	0	0	0	0	0	0
	8	0	0	0	0	0	0	0	0	0	0	0	0	0	0	0	0	0	0	0	0	0	0	0	0	0	0	0	0	0	0
	8	0	0	0	0	0	0	0	0	0	0	0	0	0	0	0	0	0	0	0	0	0	0	0	0	0	0	0	0	0	0
	8	0	0	0	0	0	0	0	0	0	0	0	0	0	0	0	0	0	0	0	0	0	0	0	0	0	0	0	0	0	0
	8	0	0	0	0	0	0	0	0	0	0	0	0	0	0	0	0	0	0	0	0	0	0	0	0	0	0	0	0	0	0

C = Vehicle capacity
	3370

f = Fixed transportation cost
	28861

a_ik = Transportation cost for traveling from node i to node k
 	0	101	302	569	161	260	303	680	704	165	778	304	167	555	383	537	670	791	831	765	557	645	439	296	325	539	293	195	383	637	288
	101	0	312	666	222	295	362	778	804	238	877	396	209	655	480	634	768	890	931	863	655	744	526	325	410	631	319	295	479	733	369
	302	312	0	731	178	82	171	696	761	452	896	335	468	649	561	694	695	827	914	782	580	692	397	63	303	517	54	356	571	627	261
	569	666	731	0	569	650	585	341	272	452	225	406	518	162	187	38	320	360	313	381	307	268	434	679	454	390	685	395	188	381	483
	161	222	178	569	0	111	143	595	641	283	751	205	313	510	392	533	589	718	784	682	472	575	317	149	201	431	149	182	400	538	156
	260	295	82	650	111	0	100	622	683	393	814	253	419	568	481	612	620	751	834	708	503	614	324	38	224	444	40	280	492	555	181
	303	362	171	585	143	100	0	526	592	404	734	179	445	487	430	547	525	656	746	612	410	523	227	109	137	347	118	253	444	457	103
	680	778	696	341	595	622	526	0	107	639	304	391	711	192	393	326	22	133	256	88	124	73	301	634	401	183	643	489	411	83	446
	704	804	761	272	641	683	592	107	0	638	198	438	710	160	372	267	91	95	159	110	184	70	375	700	459	267	708	510	386	184	503
	165	238	452	452	283	393	404	639	638	0	673	325	73	480	276	425	625	731	743	717	525	589	462	431	368	534	431	182	268	615	348
	778	877	896	225	751	814	734	304	198	673	0	561	741	247	400	248	287	235	113	286	355	251	536	838	597	446	845	591	405	379	636
	304	396	335	406	205	253	179	391	438	325	561	0	387	315	259	368	385	513	584	478	267	371	140	278	56	236	285	143	275	339	77
	167	209	468	518	313	419	445	711	710	73	741	387	0	552	346	493	697	803	813	790	596	661	526	457	426	603	455	245	337	686	401
	555	655	649	162	510	568	487	192	160	480	247	315	552	0	213	139	172	253	278	251	146	123	299	591	351	233	599	362	229	220	389
	383	480	561	187	392	481	430	393	372	276	400	259	346	213	0	155	376	466	468	462	301	332	339	514	314	349	519	213	21	394	331
	537	634	694	38	533	612	547	326	267	425	248	368	493	139	155	0	305	359	327	373	280	254	399	641	416	359	647	360	158	358	445
	670	768	695	320	589	620	525	22	91	625	287	385	697	172	376	305	0	132	245	96	118	52	302	634	398	186	642	478	393	95	443
	791	890	827	360	718	751	656	133	95	731	235	513	803	253	466	359	132	0	149	63	249	147	432	765	529	315	774	597	481	212	574
	831	931	914	313	784	834	746	256	159	743	113	584	813	278	468	327	245	149	0	209	342	228	532	853	611	426	862	639	477	338	654
	765	863	782	381	682	708	612	88	110	717	286	478	790	251	462	373	96	63	209	0	211	131	386	720	488	266	729	573	479	158	533
	557	655	580	307	472	503	410	124	184	525	355	267	596	146	301	280	118	249	342	211	0	115	191	519	281	93	527	368	320	94	326
	645	744	692	268	575	614	523	73	70	589	251	371	661	123	332	254	52	147	228	131	115	0	305	631	391	200	639	451	349	131	435
	439	526	397	434	317	324	227	301	375	462	536	140	526	299	339	399	302	432	532	386	191	305	0	335	117	121	344	281	358	231	161
	296	325	63	679	149	38	109	634	700	431	838	278	457	591	514	641	634	765	853	720	519	631	335	0	243	455	10	315	525	565	203
	325	410	303	454	201	224	137	401	459	368	597	56	426	351	314	416	398	529	611	488	281	391	117	243	0	231	251	189	331	339	46
	539	631	517	390	431	444	347	183	267	534	446	236	603	233	349	359	186	315	426	266	93	200	121	455	231	0	464	362	369	111	276
	293	319	54	685	149	40	118	643	708	431	845	285	455	599	519	647	642	774	862	729	527	639	344	10	251	464	0	319	529	574	210
	195	295	356	395	182	280	253	489	510	182	591	143	245	362	213	360	478	597	639	573	368	451	281	315	189	362	319	0	219	452	176
	383	479	571	188	400	492	444	411	386	268	405	275	337	229	21	158	393	481	477	479	320	349	358	525	331	369	529	219	0	413	346
	637	733	627	381	538	555	457	83	184	615	379	339	686	220	394	358	95	212	338	158	94	131	231	565	339	111	574	452	413	0	385
	288	369	261	483	156	181	103	446	503	348	636	77	401	389	331	445	443	574	654	533	326	435	161	203	46	276	210	176	346	385	0

coordXY = Coordinates (x,y): line zero => x line one => y column => customers
 	163	147	457	92	318	422	448	427	337	45	164	342	6	253	121	115	406	397	266	442	393	355	455	458	395	463	455	211	101	472	386
	125	26	56	689	167	130	226	751	807	240	902	370	179	672	505	659	749	880	949	837	632	740	452	118	352	572	109	313	502	682	307

d_pit = Demand of item p at customer i in period t
 	61	98	18	55	46	80	64	93	90	56	35	34
	31	63	68	54	98	56	14	69	14	50	79	69
	84	95	46	77	62	30	34	26	42	93	79	100
	77	62	48	24	64	75	52	71	43	28	77	72
	86	52	89	27	23	20	32	82	63	17	88	12
	42	24	59	36	31	28	44	71	70	18	61	28
	84	19	16	64	15	91	35	74	28	86	44	92
	97	33	51	84	47	38	65	69	99	30	80	32
	45	79	81	75	75	70	52	26	95	94	39	75
	72	94	36	93	88	14	83	45	46	78	85	61
	59	26	59	50	92	60	24	29	43	78	53	87
	56	45	39	47	98	31	75	92	53	46	52	82
	90	26	90	73	81	50	38	17	41	39	85	81
	50	32	38	91	20	42	59	28	84	37	82	36
	87	44	39	99	91	38	99	63	25	55	46	18
	72	94	56	16	31	85	81	23	96	12	83	80
	27	85	94	56	12	88	89	34	17	12	31	70
	55	89	83	22	37	25	11	70	98	77	35	63
	96	73	14	59	22	28	15	65	38	95	84	60
	79	78	97	32	52	29	50	78	82	14	100	14
	84	22	47	54	16	71	48	10	97	68	91	52
	68	85	33	28	21	49	50	77	92	82	35	16
	35	82	81	73	61	38	54	15	53	46	62	86
	57	47	74	22	22	18	16	97	99	22	80	45
	27	92	97	18	68	31	51	47	56	21	35	32
	39	81	10	69	96	53	50	77	81	44	23	78
	76	50	53	97	65	26	76	36	32	96	80	42
	95	30	49	83	55	84	62	46	99	55	28	11
	74	17	71	81	36	89	45	33	66	70	56	92
	30	84	75	86	77	46	88	51	34	58	63	99

	75	16	88	76	98	93	25	13	22	15	83	22
	74	48	62	61	70	96	42	62	48	87	96	60
	67	94	67	19	45	64	15	47	90	89	78	80
	41	80	14	79	92	69	63	81	55	45	37	45
	54	86	69	28	64	52	56	52	35	96	81	77
	68	72	48	21	33	86	70	80	34	21	11	18
	74	93	55	26	75	87	86	67	44	49	52	82
	96	90	95	50	84	66	64	77	39	52	60	83
	28	96	37	73	86	65	50	54	13	54	72	94
	15	74	70	18	57	92	41	80	94	40	15	70
	69	29	41	75	41	68	74	18	16	83	51	43
	12	15	40	35	40	48	10	88	22	13	27	44
	48	40	83	82	82	27	98	47	27	73	12	37
	24	17	96	22	29	94	99	11	84	34	12	94
	52	57	41	41	12	74	79	21	67	69	94	87
	54	48	53	11	87	60	41	95	92	90	76	48
	41	55	28	99	88	14	18	75	34	78	35	77
	18	37	93	52	70	98	37	67	73	32	56	24
	43	91	93	25	94	17	81	89	20	27	32	75
	17	56	60	65	53	94	86	37	98	19	89	69
	33	18	22	17	38	18	11	42	34	77	78	91
	37	23	33	19	91	39	10	93	67	71	39	43
	86	74	68	19	96	64	34	16	74	28	73	39
	93	77	10	75	67	71	93	30	84	25	12	12
	95	35	15	19	35	29	86	95	61	79	32	46
	49	11	25	44	77	13	98	71	77	79	88	97
	23	64	60	28	29	98	46	70	64	24	99	35
	76	56	17	21	87	35	72	22	78	27	38	99
	36	100	59	18	72	30	93	70	39	88	19	18
	53	75	95	32	98	64	91	92	49	11	67	45

	91	65	43	74	34	74	65	75	83	83	75	67
	76	60	29	77	13	65	73	75	63	56	63	49
	75	15	28	28	60	74	34	15	97	38	22	16
	61	33	91	80	71	27	100	52	59	80	63	32
	34	40	97	27	49	54	15	10	21	14	66	55
	29	11	56	68	77	33	66	94	18	30	93	94
	93	93	72	84	37	92	11	40	22	71	94	76
	96	12	48	63	48	91	58	15	93	75	67	57
	18	26	85	43	90	61	60	97	21	18	82	52
	84	69	19	57	23	66	37	95	61	29	13	79
	43	66	45	99	46	45	84	78	83	40	98	61
	72	98	44	39	70	68	32	26	93	37	97	33
	74	72	85	21	86	67	64	44	17	13	65	57
	51	88	64	37	88	52	61	87	22	26	40	22
	27	22	26	75	10	94	32	61	93	67	21	97
	48	39	63	20	21	25	58	49	38	17	60	38
	73	10	82	13	46	58	83	40	30	77	71	87
	94	86	49	23	58	29	61	53	28	99	83	35
	79	94	76	82	100	19	30	84	97	60	14	87
	95	10	83	23	30	60	72	72	22	28	46	62
	34	34	59	23	74	59	42	92	70	98	56	96
	25	48	36	62	38	61	83	87	59	24	54	77
	75	18	19	41	96	99	34	85	34	21	93	36
	84	86	69	19	64	88	75	76	11	60	14	31
	64	41	78	44	68	62	91	32	79	15	30	77
	33	27	48	16	94	17	74	85	68	66	88	55
	62	51	79	92	57	81	15	69	31	25	11	86
	84	54	100	85	69	42	43	74	34	25	84	59
	87	38	21	18	74	81	58	29	26	58	90	99
	98	36	18	67	86	88	88	36	67	65	86	34

	89	46	85	43	77	47	63	99	24	94	72	12
	43	90	47	82	18	78	71	17	69	39	36	69
	24	47	56	26	71	33	25	56	38	65	97	70
	33	47	80	11	96	38	81	64	54	88	64	67
	97	76	90	28	85	91	69	25	20	97	27	47
	85	75	15	77	68	26	70	38	84	88	52	93
	21	70	43	54	42	11	93	53	55	54	49	77
	100	56	71	85	35	14	55	67	83	89	99	54
	23	16	95	80	81	18	16	72	39	92	86	93
	87	31	62	32	76	13	71	23	41	27	37	31
	54	96	12	77	100	14	15	18	58	40	89	76
	89	70	88	30	35	76	46	93	87	61	95	22
	67	40	96	92	56	86	20	76	74	63	22	73
	51	21	53	47	30	66	80	64	65	51	84	88
	33	92	44	70	94	86	80	90	94	46	44	86
	59	82	77	65	29	34	19	60	31	93	43	77
	80	94	59	44	89	72	71	24	85	91	15	22
	32	79	55	48	26	74	83	53	22	60	63	46
	91	14	49	77	90	82	69	14	63	67	41	84
	82	48	30	85	95	71	63	17	74	17	91	63
	20	87	28	82	18	92	75	64	12	19	52	64
	39	57	49	41	85	77	57	73	85	30	87	17
	19	85	27	23	51	17	97	32	23	49	17	37
	20	27	19	53	100	54	29	26	81	43	43	49
	72	53	77	52	22	20	48	14	94	88	71	35
	48	44	12	67	38	26	42	18	75	87	97	31
	63	16	47	32	26	57	56	87	78	96	47	14
	23	71	34	62	93	83	18	47	44	88	16	89
	32	43	38	52	56	35	60	45	37	78	96	65
	66	68	33	14	81	34	37	10	54	63	55	33

	52	14	78	41	99	96	50	84	57	54	94	59
	67	82	12	45	95	91	43	66	30	80	63	79
	66	78	50	83	13	27	65	67	18	44	48	94
	37	18	73	21	36	19	46	41	58	13	69	55
	67	19	76	99	20	48	66	89	44	54	42	57
	36	53	35	75	98	43	79	55	45	49	69	58
	11	98	88	92	93	47	33	94	85	16	80	81
	80	94	36	28	92	16	43	62	97	34	43	81
	76	95	20	50	34	93	88	55	66	60	55	85
	98	97	87	32	82	88	23	79	63	21	44	76
	58	67	36	91	88	66	38	39	46	30	43	32
	17	52	25	94	81	56	78	98	92	51	70	94
	25	46	16	89	59	20	79	19	94	24	43	35
	10	56	67	36	76	58	34	58	55	49	64	41
	57	73	93	49	65	60	30	40	92	18	24	16
	47	53	93	33	45	92	42	93	92	78	77	72
	69	88	85	60	47	49	54	19	99	36	87	80
	70	57	87	78	46	85	57	36	93	62	66	44
	31	37	99	42	35	28	16	32	20	42	17	84
	83	31	87	14	62	25	16	54	63	92	42	86
	87	30	16	84	46	27	11	23	57	86	63	54
	84	24	32	49	11	23	99	10	11	17	100	31
	34	59	94	74	37	70	92	33	95	99	24	81
	53	42	82	17	99	51	11	95	41	11	82	79
	54	55	76	21	12	22	46	20	22	93	37	32
	88	47	37	51	73	77	45	95	28	59	80	38
	37	96	79	75	24	34	89	32	54	17	20	93
	31	28	85	77	32	25	27	75	51	11	38	94
	65	88	73	75	37	95	57	55	49	90	46	98
	66	66	40	25	49	63	37	62	40	80	77	47

	71	94	89	20	64	44	50	57	15	83	76	54
	76	22	54	12	46	50	31	24	14	48	15	17
	37	60	83	61	55	31	86	50	90	40	23	48
	70	54	85	16	95	53	47	21	51	91	24	47
	30	87	24	41	80	44	51	16	89	50	70	87
	80	41	13	33	32	82	85	75	61	75	49	35
	59	97	80	79	59	48	62	16	19	82	89	88
	60	49	45	35	31	99	95	35	79	99	52	74
	91	31	63	36	80	47	52	90	72	57	16	91
	43	61	23	25	90	32	33	21	22	99	21	65
	59	76	48	31	61	25	97	66	84	47	93	24
	58	65	17	11	22	77	19	61	34	56	55	90
	79	52	11	71	22	36	70	80	15	95	61	64
	91	32	66	67	23	69	50	81	41	27	37	78
	26	14	84	98	31	70	90	87	30	33	61	67
	20	21	44	59	42	64	78	87	61	48	72	32
	79	69	52	17	74	20	31	24	63	41	24	33
	11	74	65	80	30	58	33	31	97	80	72	30
	93	84	78	56	18	51	70	24	18	72	73	60
	16	98	52	33	75	15	20	52	45	10	75	53
	72	12	75	71	60	22	33	50	84	44	47	80
	68	75	74	83	28	99	40	88	19	86	78	56
	91	35	20	96	77	29	20	100	25	42	55	32
	53	27	29	22	81	59	64	54	32	44	31	32
	21	44	37	57	24	36	100	47	15	33	62	82
	83	20	74	19	83	35	14	68	32	68	75	84
	50	27	56	30	21	88	82	22	49	26	81	84
	99	70	42	42	67	15	82	73	76	80	97	96
	60	30	77	62	65	93	86	17	85	20	14	77
	48	74	28	17	15	40	15	20	78	74	79	82

	73	64	99	93	46	89	67	12	64	13	51	70
	29	34	58	39	23	66	60	69	21	47	90	32
	41	88	48	34	33	36	59	67	43	83	67	66
	94	43	78	41	16	12	15	51	41	27	97	82
	82	44	85	39	29	81	61	21	50	51	60	43
	44	56	45	80	45	16	18	45	55	33	90	91
	97	29	46	84	27	27	22	86	68	48	34	10
	16	44	12	66	84	41	13	77	86	97	56	18
	18	96	51	12	45	83	68	40	49	89	50	61
	14	66	65	46	54	65	45	36	24	31	40	43
	17	57	17	20	32	40	20	57	52	27	63	63
	31	87	43	92	19	39	72	33	12	92	67	76
	90	18	56	79	97	89	27	37	20	17	63	23
	25	23	14	50	65	87	56	68	67	50	30	71
	90	85	81	36	88	97	46	53	20	29	78	91
	24	62	54	50	39	91	52	19	78	85	78	38
	39	85	98	86	92	69	43	95	90	17	53	39
	15	86	67	90	50	61	29	30	95	82	34	13
	36	53	18	90	50	17	50	57	99	55	38	74
	23	80	53	93	64	53	75	80	27	74	47	38
	72	41	52	74	87	96	83	81	59	25	18	28
	90	39	60	62	78	76	55	67	54	67	56	75
	41	19	22	79	59	99	28	97	94	91	32	56
	60	48	98	53	67	54	50	16	30	61	48	49
	90	19	59	27	72	26	70	56	10	65	62	24
	99	80	23	96	56	63	51	79	17	77	88	81
	56	82	72	57	59	51	25	23	48	35	14	69
	92	47	69	97	96	60	22	91	15	62	73	55
	43	88	42	87	30	23	72	38	14	32	52	64
	70	58	98	75	12	83	12	86	78	51	29	97

	35	92	31	71	36	23	43	53	54	65	11	78
	30	31	88	96	87	82	38	61	13	87	52	38
	27	14	13	17	61	95	81	59	25	83	12	73
	90	77	80	20	70	72	15	74	70	14	47	48
	47	78	72	45	14	76	43	57	60	41	56	55
	97	65	65	16	74	64	17	86	57	57	13	14
	61	83	65	24	69	31	61	17	43	41	32	50
	49	82	56	17	64	58	40	67	70	25	92	70
	76	17	33	10	53	27	30	62	94	65	58	88
	34	64	70	12	18	62	41	55	19	42	97	74
	55	67	73	20	54	47	46	96	20	15	90	67
	97	99	31	22	24	97	88	45	23	83	30	43
	56	53	87	95	11	88	53	33	33	82	27	80
	70	64	11	98	22	18	23	70	80	83	88	17
	99	66	61	71	55	43	43	87	31	47	28	33
	53	79	25	17	20	57	19	95	46	17	95	41
	33	56	75	62	22	70	15	69	60	94	51	12
	30	89	49	67	80	78	62	76	65	59	53	67
	27	20	17	91	68	19	90	78	100	76	77	75
	75	42	57	36	69	16	49	26	40	58	83	40
	33	82	58	52	18	15	39	50	41	43	93	78
	23	98	53	67	29	74	88	96	26	45	55	19
	35	32	96	84	68	89	19	47	18	89	77	60
	19	99	60	22	40	63	71	48	77	49	21	17
	53	78	79	53	61	23	88	63	36	41	79	29
	69	74	52	71	28	80	100	60	62	80	67	89
	27	76	100	94	92	29	92	18	85	57	74	95
	38	38	45	75	58	81	85	13	78	49	36	22
	30	44	58	35	75	62	59	99	88	90	75	97
	60	96	96	95	72	41	55	80	38	65	41	23

	16	59	60	69	67	53	99	16	26	57	56	73
	71	64	12	82	21	12	73	68	15	39	80	98
	19	68	68	82	30	67	36	73	67	55	34	50
	93	13	27	38	29	31	88	26	60	67	97	86
	70	88	94	59	60	38	26	50	20	86	73	15
	23	17	20	25	53	16	95	57	25	17	16	87
	77	11	31	99	68	90	20	26	57	26	85	10
	55	93	22	79	61	32	100	96	49	25	44	34
	40	96	23	64	93	65	97	68	77	62	39	99
	91	13	99	10	73	26	92	69	51	11	18	94
	98	45	54	62	84	39	89	96	72	40	32	24
	33	19	39	69	40	72	44	66	69	52	16	65
	14	34	59	30	21	44	51	31	78	62	94	33
	79	18	46	88	37	18	90	90	41	36	73	28
	63	40	12	21	67	91	34	53	46	99	17	57
	69	25	41	24	71	63	35	56	16	37	88	23
	97	50	77	41	51	20	33	57	66	19	29	11
	27	25	59	65	12	30	29	80	26	49	62	67
	59	75	40	14	73	57	59	42	56	82	47	82
	13	99	35	62	96	86	61	82	76	33	91	31
	22	67	57	23	67	17	92	48	27	19	69	24
	97	76	73	83	16	80	71	55	29	37	21	22
	100	62	90	98	55	64	59	67	92	47	44	58
	76	90	59	88	65	25	76	40	83	32	41	17
	64	66	99	99	49	18	38	15	97	62	93	30
	59	68	38	37	59	29	96	61	42	96	92	80
	52	47	40	17	49	86	39	70	69	74	21	85
	42	23	88	92	91	87	45	89	95	72	45	37
	71	42	69	95	12	32	63	68	81	53	30	11
	24	37	64	20	43	47	28	53	15	19	12	77

	11	75	37	72	37	86	26	93	11	38	65	95
	72	57	65	20	88	44	100	31	59	95	88	25
	76	29	89	52	49	17	100	27	34	79	49	79
	50	48	60	59	28	44	65	28	87	44	96	65
	56	11	39	92	73	72	36	42	19	97	83	82
	87	37	26	77	26	93	22	84	52	51	36	79
	10	68	21	77	81	73	34	43	55	96	32	24
	98	21	64	73	98	61	45	67	23	24	54	43
	94	90	43	63	89	53	70	79	69	30	72	40
	19	26	89	59	31	54	94	17	74	11	48	76
	11	72	71	25	68	45	99	37	70	85	94	68
	24	65	55	100	58	71	52	91	57	32	14	72
	76	84	55	22	49	91	83	77	31	97	69	83
	77	69	77	19	14	28	16	36	50	87	36	99
	98	78	19	49	98	27	50	51	81	73	30	82
	24	21	15	37	67	33	71	64	52	26	98	99
	23	90	26	83	60	66	67	56	58	38	84	96
	87	50	93	57	53	15	91	38	11	90	76	100
	87	31	25	87	51	83	49	46	50	72	88	97
	24	61	96	99	30	62	79	82	60	37	56	81
	83	23	58	88	20	81	16	51	32	33	63	20
	17	29	96	83	30	88	34	73	38	66	43	15
	35	60	60	29	36	74	67	86	73	78	28	90
	67	48	49	62	21	48	75	30	89	46	49	83
	18	19	52	18	25	36	97	55	98	77	25	16
	20	47	67	64	25	75	34	71	28	41	26	16
	34	89	12	87	34	49	88	46	84	64	46	65
	95	29	23	44	81	21	13	93	31	37	56	35
	80	76	74	33	51	32	73	23	73	53	48	16
	45	50	77	63	50	57	82	63	28	98	43	42

