***** PARAMETERS PRP *****

Number of Customers = 30
Number of Products = 10
Number of Vehicles = 5
Number of Periods = 12

B = Production capacity
	49040

b_p = Time required to produce item p
 	1	1	1	1	1	1	1	1	1	1

c_p = Production cost of item p
 	30	30	80	30	30	80	30	30	30	80

s_p = Setup cost of item p
 	300	300	800	300	300	800	300	300	300	800

M = Big number
	196160

U_pi = Maximum inventory upper bound of item p at site i
 	196160	201	113	235	165	110	186	263	109	257	103	206	182	92	271	113	283	297	245	114	278	108	187	101	120	247	203	129	105	112	249
	196160	287	149	144	108	189	188	89	260	282	289	293	279	206	334	142	144	232	164	119	163	168	149	160	283	160	193	104	107	298	195
	196160	201	342	119	209	223	89	260	259	263	221	272	194	234	212	272	305	105	210	91	254	227	111	234	130	110	268	204	253	331	122
	196160	277	212	222	164	176	89	103	243	110	237	120	192	91	118	169	248	124	216	283	313	292	180	188	319	112	109	285	272	195	106
	196160	197	108	183	227	181	226	201	100	149	221	114	161	258	94	142	115	235	188	268	165	253	317	114	189	253	153	104	315	291	162
	196160	279	114	165	325	309	131	109	227	230	213	186	280	197	247	272	222	182	149	218	111	268	167	278	100	178	257	103	350	115	155
	196160	213	174	265	122	217	84	292	117	239	277	230	162	123	133	165	252	111	135	218	366	145	149	311	248	170	174	239	139	118	260
	196160	182	140	160	110	210	163	263	91	135	155	250	127	137	269	211	266	204	219	298	91	114	297	127	301	326	78	246	259	323	81
	196160	120	211	102	320	254	96	103	181	187	211	88	108	87	85	109	240	350	187	210	110	183	219	258	171	151	278	146	253	118	255
	196160	166	204	107	115	78	170	275	180	108	291	191	274	226	252	159	99	112	128	163	177	156	125	171	158	174	369	169	150	102	173

I_pi0 = Initial inventory of item p at site i
 	0	67	75	183	121	28	161	194	58	29	25	67	127	88	208	56	60	32	168	29	177	28	90	31	33	155	45	93	29	46	186
	0	262	116	62	103	67	135	69	84	156	101	95	196	74	81	89	90	79	38	97	121	140	115	114	10	142	60	76	85	216	48
	0	135	166	23	182	136	13	175	26	131	167	53	151	215	15	81	182	90	180	64	100	120	50	50	121	99	18	106	146	155	44
	0	39	59	177	139	68	55	93	24	94	220	118	19	25	52	84	53	78	127	36	99	118	15	131	145	110	85	60	30	42	68
	0	117	67	170	60	108	209	201	90	127	25	110	87	73	77	98	89	128	106	173	145	98	216	82	171	164	89	27	301	221	111
	0	150	59	124	197	206	49	81	81	152	117	34	69	149	10	245	61	176	149	85	72	156	107	28	97	43	159	77	187	83	63
	0	92	120	261	105	134	33	171	101	195	138	81	134	31	112	80	81	102	86	103	139	134	118	131	160	87	143	202	94	114	169
	0	138	75	86	84	167	123	119	48	57	11	200	78	82	218	117	163	184	153	118	75	100	97	90	222	276	16	82	181	185	0
	0	35	117	39	198	229	32	94	168	180	202	85	73	76	26	57	104	156	142	168	80	170	168	45	97	84	205	98	152	98	208
	0	161	174	99	110	44	136	210	53	66	68	175	76	150	136	52	90	91	112	78	54	121	99	154	90	76	227	115	45	19	122

h_pi = Inventory cost of item p at site i
 	3	0	0	0	0	0	0	0	0	0	0	0	0	0	0	0	0	0	0	0	0	0	0	0	0	0	0	0	0	0	0
	3	0	0	0	0	0	0	0	0	0	0	0	0	0	0	0	0	0	0	0	0	0	0	0	0	0	0	0	0	0	0
	8	0	0	0	0	0	0	0	0	0	0	0	0	0	0	0	0	0	0	0	0	0	0	0	0	0	0	0	0	0	0
	3	0	0	0	0	0	0	0	0	0	0	0	0	0	0	0	0	0	0	0	0	0	0	0	0	0	0	0	0	0	0
	3	0	0	0	0	0	0	0	0	0	0	0	0	0	0	0	0	0	0	0	0	0	0	0	0	0	0	0	0	0	0
	8	0	0	0	0	0	0	0	0	0	0	0	0	0	0	0	0	0	0	0	0	0	0	0	0	0	0	0	0	0	0
	3	0	0	0	0	0	0	0	0	0	0	0	0	0	0	0	0	0	0	0	0	0	0	0	0	0	0	0	0	0	0
	3	0	0	0	0	0	0	0	0	0	0	0	0	0	0	0	0	0	0	0	0	0	0	0	0	0	0	0	0	0	0
	3	0	0	0	0	0	0	0	0	0	0	0	0	0	0	0	0	0	0	0	0	0	0	0	0	0	0	0	0	0	0
	8	0	0	0	0	0	0	0	0	0	0	0	0	0	0	0	0	0	0	0	0	0	0	0	0	0	0	0	0	0	0

C = Vehicle capacity
	3690

f = Fixed transportation cost
	30411

a_ik = Transportation cost for traveling from node i to node k
 	0	136	450	495	89	71	322	414	189	216	699	483	561	668	267	476	697	397	398	326	494	189	155	281	746	651	384	565	327	271	506
	136	0	571	624	62	199	446	389	258	274	817	542	690	797	387	543	802	446	527	345	424	320	22	257	858	751	477	631	378	150	429
	450	571	0	97	509	379	130	555	345	352	250	328	154	244	184	296	276	345	86	423	716	270	592	505	305	254	179	334	337	661	740
	495	624	97	0	564	427	182	646	419	430	239	423	68	174	244	391	307	440	98	513	804	307	645	587	309	306	274	423	429	727	828
	89	62	509	564	0	142	386	362	199	217	755	487	631	737	326	486	740	393	467	299	420	264	84	226	797	690	416	575	324	183	429
	71	199	379	427	142	0	251	403	144	174	628	429	493	600	196	419	627	350	330	298	506	122	219	278	676	583	318	507	281	320	520
	322	446	130	182	386	251	0	490	241	256	380	334	250	354	63	308	396	313	88	355	640	141	467	414	433	363	169	373	279	546	661
	414	389	555	646	362	403	490	0	280	252	736	306	708	793	438	330	661	227	570	136	167	464	400	136	742	596	380	391	218	325	194
	189	258	345	419	199	144	241	280	0	32	578	296	486	586	180	291	549	209	328	159	410	184	279	178	611	495	221	380	139	320	430
	216	274	352	430	217	174	256	252	32	0	578	272	497	595	197	270	542	183	342	129	388	212	294	159	607	486	214	359	112	321	409
	699	817	250	239	755	628	380	736	578	578	0	446	205	160	433	416	130	509	318	618	902	520	838	718	78	179	370	396	531	897	928
	483	542	328	423	487	429	334	306	296	272	446	0	471	534	318	33	358	100	381	223	471	402	561	338	441	292	166	93	165	556	498
	561	690	154	68	631	493	250	708	486	497	205	471	0	108	312	439	299	497	164	576	868	373	711	653	282	312	332	461	491	795	892
	668	797	244	174	737	600	354	793	586	595	160	534	108	0	415	501	283	574	271	664	956	480	818	749	235	317	414	506	577	899	981
	267	387	184	244	326	196	63	438	180	197	433	318	312	415	0	296	436	279	149	304	583	101	408	356	481	397	162	371	235	484	605
	476	543	296	391	486	419	308	330	291	270	416	33	439	501	296	0	331	112	352	236	496	384	563	351	414	267	140	90	169	565	523
	697	802	276	307	740	627	396	661	549	542	130	358	299	283	436	331	0	437	359	556	827	534	823	665	88	66	329	291	474	862	853
	397	446	345	440	393	350	313	227	209	183	509	100	497	574	279	112	437	0	378	125	394	347	465	240	517	373	166	192	71	457	420
	398	527	86	98	467	330	88	570	328	342	318	381	164	271	149	352	359	378	0	435	723	211	548	500	380	340	219	402	355	632	745
	326	345	423	513	299	298	355	136	159	129	618	223	576	664	304	236	556	125	435	0	293	338	361	116	632	494	253	315	88	336	317
	494	424	716	804	420	506	640	167	410	388	902	471	868	956	583	496	827	394	723	293	0	590	427	234	908	762	544	552	380	305	28
	189	320	270	307	264	122	141	464	184	212	520	402	373	480	101	384	534	347	211	338	590	0	340	357	573	497	257	465	289	438	608
	155	22	592	645	84	219	467	400	279	294	838	561	711	818	408	563	823	465	548	361	427	340	0	270	880	772	498	651	397	142	430
	281	257	505	587	226	278	414	136	178	159	718	338	653	749	356	351	665	240	500	116	234	357	270	0	738	604	349	431	192	222	252
	746	858	305	309	797	676	433	742	611	607	78	441	282	235	481	414	88	517	380	632	908	573	880	738	0	152	394	378	548	928	935
	651	751	254	306	690	583	363	596	495	486	179	292	312	317	397	267	66	373	340	494	762	497	772	604	152	0	275	226	413	805	789
	384	477	179	274	416	318	169	380	221	214	370	166	332	414	162	140	329	166	219	253	544	257	498	349	394	275	0	210	165	535	569
	565	631	334	423	575	507	373	391	380	359	396	93	461	506	371	90	291	192	402	315	552	465	651	431	378	226	210	0	255	649	579
	327	378	337	429	324	281	279	218	139	112	531	165	491	577	235	169	474	71	355	88	380	289	397	192	548	413	165	255	0	399	404
	271	150	661	727	183	320	546	325	320	321	897	556	795	899	484	565	862	457	632	336	305	438	142	222	928	805	535	649	399	0	304
	506	429	740	828	429	520	661	194	430	409	928	498	892	981	605	523	853	420	745	317	28	608	430	252	935	789	569	579	404	304	0

coordXY = Coordinates (x,y): line zero => x line one => y column => customers
 	28	68	128	50	83	48	85	441	188	219	204	417	35	45	101	392	325	373	53	345	488	27	63	306	277	346	253	454	314	186	489
	225	96	663	719	156	293	541	205	324	324	901	510	785	892	481	531	855	421	622	300	45	413	75	191	928	793	535	595	382	5	18

d_pit = Demand of item p at customer i in period t
 	67	15	94	15	79	60	79	78	44	11	29	31
	46	29	88	32	54	81	54	63	82	51	71	25
	73	43	67	64	70	35	89	88	14	86	55	20
	28	93	60	70	19	86	70	44	13	36	69	72
	28	98	42	97	85	33	40	62	22	72	37	43
	80	81	56	57	70	43	36	48	70	57	96	48
	73	70	51	90	54	24	61	98	95	41	63	70
	58	87	86	12	67	22	12	68	43	61	75	64
	29	45	99	14	53	77	16	39	52	66	35	91
	25	26	75	23	46	13	79	90	15	75	84	67
	67	73	24	70	46	19	72	37	38	23	87	62
	99	28	71	62	87	35	98	30	32	57	70	58
	88	13	77	35	93	65	18	44	18	23	11	69
	63	69	76	48	38	94	48	83	56	73	71	94
	56	14	57	79	92	92	17	21	73	45	100	32
	60	27	77	30	25	94	62	93	31	76	66	38
	32	95	53	69	58	55	69	52	66	83	42	38
	90	78	72	29	95	74	25	55	18	93	42	65
	29	64	42	28	45	71	20	25	20	40	34	37
	15	81	81	66	51	85	89	52	20	41	53	33
	28	81	99	84	42	25	54	19	92	28	61	33
	22	68	78	55	49	61	98	64	42	49	97	65
	31	93	29	88	77	55	19	12	82	70	35	16
	33	57	48	46	79	19	57	75	32	81	99	91
	93	12	50	82	85	96	22	90	27	79	34	71
	45	38	62	96	23	77	43	59	33	54	27	51
	82	11	37	32	14	70	46	18	63	79	21	43
	29	78	94	13	88	71	11	38	63	30	31	83
	46	37	66	52	26	37	80	98	56	33	67	76
	53	93	40	19	96	73	34	28	95	70	65	80

	77	42	98	45	58	38	88	59	39	26	41	78
	35	11	70	15	13	35	14	17	53	30	70	85
	62	87	52	12	91	66	15	41	10	25	15	99
	16	87	28	49	51	76	83	19	57	95	60	26
	67	46	39	92	63	47	89	80	83	98	37	15
	33	70	32	11	69	50	59	18	91	22	59	51
	52	17	68	32	19	28	41	45	46	92	15	77
	84	96	42	15	83	45	39	93	73	30	86	94
	85	27	44	38	20	53	79	94	83	55	45	53
	35	66	48	73	24	31	70	38	77	66	98	68
	83	12	36	84	84	60	17	28	45	93	71	90
	86	61	49	44	67	26	44	54	46	85	21	86
	74	58	52	23	86	46	89	91	66	82	64	92
	81	54	85	23	74	87	62	92	40	98	37	69
	89	25	80	40	27	68	54	26	37	49	19	53
	22	68	60	37	49	28	15	98	35	53	17	93
	79	39	24	76	18	11	93	44	72	62	98	81
	38	68	37	88	32	17	29	34	12	63	24	51
	78	19	79	46	67	75	47	42	53	40	84	81
	49	72	68	51	13	14	23	83	23	18	31	43
	96	44	37	66	46	94	12	42	76	82	48	28
	34	81	11	95	37	59	76	55	26	22	81	17
	66	48	18	46	84	98	52	17	19	57	94	41
	10	83	57	90	70	52	74	62	43	31	75	32
	97	45	72	55	67	13	14	81	11	80	40	63
	60	52	43	39	15	79	18	82	12	96	21	62
	76	65	19	54	83	72	47	42	71	52	15	25
	85	59	28	87	11	61	53	76	23	49	52	55
	65	50	89	12	97	23	68	66	13	97	73	62
	36	12	67	85	40	25	20	34	12	31	13	94

	39	17	79	16	83	46	79	58	95	33	44	13
	78	88	91	18	84	64	64	41	79	91	50	73
	23	64	59	99	45	51	60	92	46	27	95	52
	27	61	28	66	80	78	84	53	16	30	48	55
	17	26	32	61	23	49	62	78	53	77	32	24
	13	91	43	18	68	36	40	56	70	34	46	17
	88	24	11	52	99	24	62	54	26	65	25	94
	26	36	82	26	90	81	39	69	29	40	48	55
	76	55	28	76	91	54	68	67	70	40	96	67
	83	84	88	93	11	86	99	97	67	82	57	38
	53	85	46	32	82	76	92	63	35	21	39	28
	66	85	26	81	38	18	78	59	28	37	53	13
	25	96	65	29	76	61	69	78	51	81	21	49
	15	57	50	15	76	43	86	33	72	60	70	60
	81	72	82	33	55	57	16	12	51	57	72	64
	80	20	82	70	98	51	96	80	62	25	57	11
	54	36	40	64	44	96	94	45	48	64	22	25
	41	49	90	78	76	23	39	21	20	93	57	42
	27	10	27	38	59	96	28	42	38	99	25	57
	89	11	99	44	59	62	21	23	61	47	13	81
	84	36	14	82	37	69	16	15	63	59	32	37
	25	13	12	43	94	20	21	55	27	29	34	72
	50	86	42	84	33	97	12	69	86	50	16	76
	52	69	26	12	62	19	26	27	54	78	27	68
	99	56	25	93	14	70	17	32	64	74	82	35
	18	70	66	36	73	41	69	67	17	71	30	86
	37	69	52	85	36	28	13	28	19	33	64	26
	38	57	51	72	18	33	30	80	13	38	91	87
	87	68	97	44	79	90	62	11	73	70	15	99
	44	96	71	87	36	78	43	93	52	56	13	62

	39	47	82	98	19	38	55	76	39	72	90	10
	59	17	33	77	89	63	64	12	11	30	95	86
	69	39	69	62	46	88	46	82	96	26	16	27
	55	51	33	78	95	67	44	84	30	27	78	14
	68	89	12	88	74	18	65	75	26	82	78	28
	55	48	57	35	22	28	12	15	12	78	95	74
	93	79	84	85	15	10	29	99	39	15	36	36
	24	15	79	53	93	61	20	49	91	94	56	93
	94	56	62	38	61	71	48	23	57	18	84	49
	73	28	76	43	88	24	48	39	52	89	59	93
	46	72	74	86	14	79	69	84	10	59	29	98
	19	59	86	38	23	23	21	31	40	58	15	48
	25	40	81	10	72	65	15	40	29	52	66	48
	52	75	64	71	65	47	84	65	69	28	37	49
	63	21	86	39	20	42	47	98	67	81	67	43
	53	91	59	36	95	15	90	49	87	22	93	54
	78	50	93	11	80	97	60	33	55	24	96	65
	86	41	65	75	100	93	85	68	22	58	86	86
	36	53	61	43	42	33	83	56	72	93	12	95
	17	82	26	77	29	94	96	56	88	54	53	79
	48	70	98	75	84	31	16	90	50	82	20	36
	15	90	19	51	60	22	40	44	21	75	82	21
	72	59	91	88	32	42	49	55	82	28	61	92
	11	77	57	82	77	65	95	41	86	29	55	90
	44	66	62	74	56	55	74	19	88	55	60	17
	28	57	42	66	40	84	67	90	33	19	91	34
	60	75	38	60	49	93	20	98	34	74	32	50
	30	63	67	49	17	23	89	59	78	45	77	55
	42	19	49	94	25	27	76	55	47	22	41	87
	68	62	24	46	84	35	90	10	37	33	83	63

	91	26	79	38	69	18	14	71	51	30	58	45
	67	58	14	57	45	30	47	44	96	32	99	60
	89	81	92	85	63	16	36	86	18	57	10	98
	60	83	39	77	74	74	17	46	35	46	38	91
	79	29	77	99	37	39	39	98	50	59	39	79
	96	58	55	54	90	45	50	89	49	30	17	44
	40	37	35	89	33	14	67	57	92	91	32	17
	19	71	77	17	91	28	100	64	61	13	18	39
	60	67	58	51	32	31	48	71	54	12	35	75
	25	34	25	83	43	62	59	62	62	13	52	11
	50	60	14	96	58	12	91	49	17	37	99	98
	87	99	47	73	41	71	15	38	40	33	85	13
	40	33	49	35	35	56	36	97	82	61	51	45
	77	47	44	30	30	54	79	44	27	20	70	39
	46	52	84	27	34	63	29	99	28	23	42	41
	89	62	92	56	24	67	12	73	100	36	16	65
	80	48	37	54	73	24	37	35	17	86	55	17
	45	61	78	87	58	39	40	19	32	21	42	43
	43	15	52	63	41	83	50	60	16	81	94	46
	97	48	97	52	60	72	52	19	11	80	29	41
	23	75	99	17	72	81	79	35	48	92	87	50
	73	47	96	86	77	39	70	22	70	87	35	59
	82	75	68	30	64	86	41	14	54	39	93	35
	58	70	43	34	21	97	35	54	71	28	42	15
	78	65	21	62	76	41	47	78	94	21	78	98
	31	58	81	17	39	67	38	78	93	17	78	13
	15	12	74	20	76	68	34	84	68	31	74	67
	79	28	98	96	82	48	85	56	37	11	38	99
	64	42	74	41	83	76	43	71	80	47	28	50
	53	58	95	42	13	13	25	64	73	90	26	95

	79	71	11	71	61	51	30	86	62	44	27	76
	41	18	29	66	32	76	31	33	40	18	46	27
	46	78	29	88	74	10	19	15	86	85	61	69
	38	79	13	67	28	99	67	78	39	98	92	81
	61	96	49	100	42	51	69	26	19	84	61	84
	49	59	50	96	95	46	27	60	89	75	49	90
	81	38	42	90	13	48	93	18	91	63	48	30
	41	40	41	78	66	53	20	11	40	44	37	73
	59	39	54	51	44	27	49	63	90	100	96	17
	35	82	11	19	73	37	11	18	28	93	54	51
	18	16	46	58	45	99	39	18	49	22	82	65
	69	77	86	32	45	32	43	79	72	27	15	95
	22	64	63	38	59	19	63	68	12	68	41	75
	10	50	17	27	83	42	30	93	61	49	92	38
	96	96	30	23	33	99	100	64	81	93	76	25
	61	86	91	56	46	85	29	14	28	70	73	26
	68	23	85	71	47	86	38	84	69	27	51	78
	21	79	19	30	66	88	29	93	21	93	11	45
	85	84	81	35	11	93	74	46	28	25	38	54
	72	44	34	33	83	92	20	28	67	46	50	94
	26	76	11	43	20	82	70	27	24	84	92	89
	24	56	27	75	90	81	67	60	18	87	13	69
	28	92	52	31	67	46	72	72	11	34	88	74
	14	83	83	27	23	59	22	75	98	85	22	11
	43	49	22	21	73	33	60	12	43	15	42	13
	98	61	16	58	47	76	83	69	96	66	89	13
	61	16	74	93	63	61	15	16	80	30	83	26
	54	85	48	96	40	71	78	75	45	86	64	98
	41	19	23	78	52	88	45	99	47	96	85	15
	37	26	89	62	50	91	81	53	17	42	13	57

	49	43	69	26	49	47	68	79	68	70	59	11
	24	19	77	49	45	57	13	59	35	70	15	59
	63	96	26	76	69	73	15	44	54	86	20	14
	89	16	64	78	52	76	57	74	24	97	35	68
	79	55	97	41	54	57	94	77	53	14	11	19
	33	67	16	23	24	34	65	13	26	87	92	23
	99	72	11	58	13	67	61	80	36	79	41	84
	87	14	46	67	73	64	66	89	34	88	59	16
	66	61	68	53	37	90	42	90	45	33	39	94
	88	50	12	21	55	59	26	94	68	75	74	43
	81	79	17	58	15	44	10	88	48	35	61	16
	79	55	53	48	10	11	33	70	67	89	68	66
	31	68	26	67	27	15	69	22	11	54	12	88
	18	94	52	90	66	47	71	93	94	65	44	61
	80	25	60	72	81	72	21	65	46	18	61	59
	81	56	90	73	49	99	72	56	13	92	21	53
	29	73	60	91	62	36	74	79	12	61	55	34
	22	43	21	85	97	92	95	87	87	80	65	35
	38	40	25	70	40	40	33	63	74	13	72	15
	66	73	90	54	35	98	88	36	92	84	90	72
	31	39	64	53	43	32	43	58	61	43	95	17
	92	26	54	71	17	29	31	57	30	23	69	95
	64	67	14	88	27	33	99	77	42	93	89	53
	54	75	31	95	75	88	69	29	21	96	22	89
	87	87	28	53	17	51	78	11	96	94	50	29
	51	46	46	55	17	45	10	76	59	52	23	41
	88	91	23	80	11	51	93	35	57	65	74	50
	94	65	98	51	94	59	26	75	50	91	89	41
	82	32	95	84	26	47	59	78	16	57	79	50
	82	87	96	69	25	69	71	87	46	66	43	38

	73	65	92	39	35	10	45	89	80	99	72	28
	75	68	32	51	93	66	84	81	66	98	87	38
	43	43	59	82	98	62	80	70	30	39	17	16
	84	56	15	44	71	43	74	66	93	22	58	36
	41	18	48	60	51	88	29	25	38	37	50	20
	44	18	61	56	69	66	31	99	34	94	21	59
	39	11	69	81	86	77	64	30	71	30	56	18
	48	64	33	30	29	44	60	62	15	86	64	11
	20	37	76	27	11	90	38	58	74	35	40	33
	11	54	16	27	12	42	18	20	30	37	85	20
	93	43	64	61	98	57	59	90	61	30	66	29
	78	86	42	29	35	34	91	64	89	97	97	22
	82	78	80	67	90	52	58	12	84	61	83	76
	74	87	35	22	18	85	83	66	86	100	85	65
	45	30	42	85	48	23	80	42	62	80	66	29
	79	58	26	84	100	81	91	19	72	14	77	97
	33	100	51	87	93	50	28	80	24	16	35	16
	25	41	87	13	21	32	15	50	74	69	50	49
	59	59	55	39	78	38	87	11	90	94	65	39
	75	68	21	70	45	35	74	46	32	51	11	18
	80	20	31	68	67	77	89	50	37	58	71	34
	97	86	81	77	97	59	25	77	30	17	14	53
	90	93	53	21	90	49	46	29	100	42	59	87
	25	84	100	13	71	36	85	76	68	85	54	25
	89	91	96	80	98	25	95	23	95	13	61	17
	16	17	71	30	27	20	45	13	73	57	81	15
	82	30	77	58	68	90	43	80	83	14	26	86
	77	52	52	14	22	26	91	43	48	96	37	64
	79	16	27	63	60	92	42	50	92	79	95	79
	92	67	42	78	56	10	15	29	39	15	25	16

	35	34	33	29	47	73	28	39	55	21	72	12
	59	58	89	86	11	88	37	42	36	60	21	46
	26	13	78	46	70	35	22	85	79	72	58	27
	78	50	70	93	19	37	54	97	64	75	78	52
	76	67	86	85	59	23	61	82	72	24	54	73
	32	65	75	28	12	62	27	60	19	67	48	83
	10	84	82	45	88	24	21	34	53	47	87	44
	70	34	64	85	18	95	97	20	67	88	73	11
	35	52	93	97	93	94	12	87	53	64	53	15
	87	68	47	32	84	87	32	19	48	74	18	36
	28	57	14	41	46	66	53	23	63	15	75	44
	73	56	52	23	94	83	40	33	93	28	48	27
	22	54	19	62	22	25	22	44	70	86	63	35
	26	89	76	73	19	41	11	27	43	60	20	23
	57	82	65	81	17	36	47	48	52	42	60	68
	74	30	62	42	19	29	71	50	13	100	25	61
	63	93	22	70	92	95	74	95	93	34	82	26
	89	53	58	14	73	12	86	47	99	82	76	58
	57	15	96	97	19	91	64	22	22	64	17	66
	45	35	88	86	51	66	68	24	74	22	64	34
	94	76	73	64	31	79	45	48	20	95	42	65
	45	50	34	39	33	28	50	35	98	21	66	26
	45	69	51	44	33	58	94	12	21	91	91	10
	97	77	14	27	21	85	93	24	93	25	44	84
	15	69	69	52	57	54	38	44	54	46	62	44
	29	25	61	90	95	85	20	41	96	36	47	43
	17	68	13	98	18	21	94	65	85	43	47	15
	17	60	75	36	93	39	32	84	37	33	75	26
	98	68	11	34	62	31	27	79	32	98	78	91
	32	23	80	73	79	76	48	58	96	72	49	78

	30	73	58	99	54	63	51	42	12	53	62	67
	39	35	100	72	39	25	57	37	61	33	92	22
	99	11	42	12	79	70	51	46	75	30	73	51
	50	60	63	65	85	11	76	16	61	89	73	43
	44	59	12	52	26	35	13	34	83	50	18	42
	94	23	19	75	16	97	71	19	38	50	92	85
	92	18	24	76	71	43	87	68	17	94	44	25
	53	87	46	32	30	55	21	58	39	51	21	47
	12	54	88	36	70	11	68	67	74	76	43	46
	32	36	51	93	19	52	56	57	78	61	83	80
	76	58	41	44	25	58	12	91	65	31	23	49
	76	33	13	81	99	39	18	69	72	14	98	45
	89	61	86	20	17	42	99	22	34	63	96	49
	31	27	78	27	46	25	25	64	92	56	45	89
	52	18	86	57	98	75	59	46	56	31	24	35
	39	32	19	45	58	54	75	21	31	64	60	94
	18	73	89	62	50	74	27	21	72	80	77	28
	78	34	58	29	98	61	78	80	68	30	61	95
	54	24	48	26	58	12	16	75	39	83	39	16
	54	96	62	58	28	67	67	21	59	79	27	90
	65	56	90	66	96	51	24	35	17	28	60	37
	99	84	73	71	78	51	66	21	32	39	99	37
	89	65	49	30	45	23	79	61	78	95	47	21
	90	71	31	96	37	79	40	14	31	70	38	34
	48	28	36	93	56	89	23	48	68	83	71	54
	60	98	69	83	77	87	66	38	86	91	44	87
	49	66	86	12	97	16	98	42	34	20	78	77
	45	14	25	61	35	29	47	74	68	64	94	42
	19	93	56	55	43	38	24	76	62	49	63	33
	77	16	29	57	100	93	22	24	34	18	19	29

