***** PARAMETERS PRP *****

Number of Customers = 30
Number of Products = 10
Number of Vehicles = 5
Number of Periods = 12

B = Production capacity
	49898

b_p = Time required to produce item p
 	1	1	1	1	1	1	1	1	1	1

c_p = Production cost of item p
 	80	30	80	30	30	30	80	80	80	80

s_p = Setup cost of item p
 	800	300	800	300	300	300	800	800	800	800

M = Big number
	199591

U_pi = Maximum inventory upper bound of item p at site i
 	199591	88	101	272	206	70	253	279	269	116	237	104	92	102	94	245	281	134	114	119	189	334	104	315	86	285	323	225	260	289	250
	199591	283	196	181	106	296	85	215	129	154	199	254	238	149	112	211	221	173	215	175	106	122	213	192	273	305	307	198	193	220	167
	199591	305	97	273	119	76	231	247	257	181	307	329	270	125	376	123	253	271	195	215	166	279	313	148	114	366	222	168	200	231	157
	199591	127	141	130	90	124	119	88	115	317	98	202	324	223	247	188	286	290	273	119	150	135	107	183	203	120	240	126	266	233	89
	199591	169	231	281	176	117	92	175	219	253	319	169	189	223	263	164	257	99	97	97	123	193	141	145	265	141	188	199	218	186	111
	199591	227	214	301	138	193	167	210	187	207	215	286	198	246	186	248	196	205	235	163	234	214	142	172	288	149	202	252	115	173	220
	199591	163	175	103	244	227	97	152	337	232	330	296	108	200	219	202	194	284	289	258	156	283	227	222	143	260	112	285	279	255	177
	199591	104	83	162	180	171	193	114	257	275	179	98	96	160	273	127	328	122	84	202	210	266	167	112	279	279	337	91	110	108	221
	199591	254	179	268	291	159	231	256	308	111	115	214	236	119	220	244	153	212	245	229	291	316	137	246	160	144	113	231	183	223	113
	199591	91	240	224	237	285	252	115	226	287	224	114	156	165	180	111	340	117	167	285	210	236	164	192	264	216	151	188	101	304	188

I_pi0 = Initial inventory of item p at site i
 	0	80	71	176	169	22	90	200	60	66	27	87	22	80	0	107	140	113	63	25	49	141	71	94	42	264	137	212	164	92	66
	0	138	63	95	71	152	81	138	88	18	179	221	117	79	75	34	20	55	71	85	42	20	121	81	142	45	210	187	189	123	71
	0	12	46	110	98	40	191	129	71	79	262	226	233	103	80	12	236	185	152	133	129	111	61	92	96	229	158	121	139	192	150
	0	96	91	100	71	92	94	72	97	185	60	72	69	27	163	152	30	120	98	113	98	121	74	78	152	108	145	126	203	152	51
	0	130	99	239	69	97	91	111	146	98	53	142	183	61	72	149	98	48	75	75	81	143	51	26	63	58	111	98	65	62	32
	0	163	204	222	48	139	74	42	26	161	211	41	89	130	128	73	35	193	186	71	43	194	87	89	214	96	140	182	30	68	66
	0	112	154	87	88	94	49	45	144	169	54	172	78	120	85	195	51	123	55	178	59	232	149	176	132	241	62	231	196	95	102
	0	89	71	155	92	94	167	101	227	103	97	95	85	115	59	93	148	83	43	168	73	84	133	107	66	85	82	51	98	105	63
	0	134	165	134	139	135	166	108	188	40	79	70	191	45	37	166	66	29	121	50	279	129	78	224	118	90	81	98	150	95	43
	0	79	48	162	36	190	31	47	204	227	73	47	123	103	149	90	91	89	119	270	63	127	61	50	196	128	99	71	98	85	134

h_pi = Inventory cost of item p at site i
 	8	0	0	0	0	0	0	0	0	0	0	0	0	0	0	0	0	0	0	0	0	0	0	0	0	0	0	0	0	0	0
	3	0	0	0	0	0	0	0	0	0	0	0	0	0	0	0	0	0	0	0	0	0	0	0	0	0	0	0	0	0	0
	8	0	0	0	0	0	0	0	0	0	0	0	0	0	0	0	0	0	0	0	0	0	0	0	0	0	0	0	0	0	0
	3	0	0	0	0	0	0	0	0	0	0	0	0	0	0	0	0	0	0	0	0	0	0	0	0	0	0	0	0	0	0
	3	0	0	0	0	0	0	0	0	0	0	0	0	0	0	0	0	0	0	0	0	0	0	0	0	0	0	0	0	0	0
	3	0	0	0	0	0	0	0	0	0	0	0	0	0	0	0	0	0	0	0	0	0	0	0	0	0	0	0	0	0	0
	8	0	0	0	0	0	0	0	0	0	0	0	0	0	0	0	0	0	0	0	0	0	0	0	0	0	0	0	0	0	0
	8	0	0	0	0	0	0	0	0	0	0	0	0	0	0	0	0	0	0	0	0	0	0	0	0	0	0	0	0	0	0
	8	0	0	0	0	0	0	0	0	0	0	0	0	0	0	0	0	0	0	0	0	0	0	0	0	0	0	0	0	0	0
	8	0	0	0	0	0	0	0	0	0	0	0	0	0	0	0	0	0	0	0	0	0	0	0	0	0	0	0	0	0	0

C = Vehicle capacity
	3760

f = Fixed transportation cost
	30473

a_ik = Transportation cost for traveling from node i to node k
 	0	238	911	36	899	250	307	388	104	526	638	210	733	57	770	795	202	277	738	654	664	681	135	890	433	604	255	62	604	29	919
	238	0	693	272	733	59	259	151	278	290	472	325	507	293	560	629	56	47	530	482	475	448	264	688	214	472	227	248	369	258	716
	911	693	0	947	313	664	884	571	902	471	357	872	195	967	148	303	713	648	180	334	284	278	957	113	482	455	880	936	358	923	109
	36	272	947	0	931	286	320	422	113	560	671	221	769	21	806	828	238	312	774	688	698	716	132	926	469	635	269	62	639	34	954
	899	733	313	931	0	685	975	662	855	622	264	790	394	950	278	105	729	689	283	251	269	473	983	201	537	306	954	941	522	901	208
	250	59	664	286	685	0	317	161	268	294	422	296	484	306	526	580	49	45	494	434	431	432	302	651	183	417	283	273	358	266	679
	307	259	884	320	975	317	0	320	404	419	719	497	690	331	768	872	291	295	741	727	708	612	203	902	438	729	53	260	529	335	927
	388	151	571	422	662	161	320	0	424	139	417	455	378	442	449	562	196	119	422	420	394	309	397	582	130	449	311	393	227	408	608
	104	278	902	113	855	268	404	424	0	561	600	109	735	120	757	753	228	306	724	619	638	693	238	869	439	552	352	165	623	81	897
	526	290	471	560	622	294	419	139	561	0	411	584	277	581	372	532	334	256	352	406	361	195	528	505	175	471	422	529	115	547	528
	638	472	357	671	264	422	719	417	600	411	0	547	287	690	220	159	466	429	194	24	85	327	720	287	288	102	696	679	337	642	315
	210	325	872	221	790	296	497	455	109	584	547	0	720	228	725	692	270	340	692	567	597	691	345	826	438	484	446	272	628	190	855
	733	507	195	769	394	484	690	378	735	277	287	720	0	790	117	330	532	463	116	268	204	88	769	237	301	386	687	753	163	748	257
	57	293	967	21	950	306	331	442	120	581	690	228	790	0	826	846	258	332	794	707	718	737	137	945	489	652	280	72	660	49	974
	770	560	148	806	278	526	768	449	757	372	220	725	117	826	0	220	574	514	33	198	141	199	823	135	347	321	759	798	261	781	160
	795	629	303	828	105	580	872	562	753	532	159	692	330	846	220	0	624	585	215	147	172	399	878	200	436	210	851	837	438	798	220
	202	56	713	238	729	49	291	196	228	334	466	270	532	258	574	624	0	78	543	479	478	479	256	699	232	454	252	224	403	219	727
	277	47	648	312	689	45	295	119	306	256	429	340	463	332	514	585	78	0	484	439	429	405	310	642	168	434	268	291	328	295	670
	738	530	180	774	283	494	741	422	724	352	194	692	116	794	33	215	543	484	0	172	112	190	793	161	317	295	731	767	244	749	188
	654	482	334	688	251	434	727	420	619	406	24	567	268	707	198	147	479	439	172	0	65	313	733	264	292	124	705	693	328	659	292
	664	475	284	698	269	431	708	394	638	361	85	597	204	718	141	172	478	429	112	65	0	251	733	231	271	186	691	699	273	671	260
	681	448	278	716	473	432	612	309	693	195	327	691	88	737	199	399	479	405	190	313	251	0	704	324	256	417	612	695	84	697	344
	135	264	957	132	983	302	203	397	238	528	720	345	769	137	823	878	256	310	793	733	733	704	0	951	477	701	155	74	623	158	979
	890	688	113	926	201	651	902	582	869	505	287	826	237	945	135	200	699	642	161	264	231	324	951	0	476	376	891	922	393	899	29
	433	214	482	469	537	183	438	130	439	175	288	438	301	489	347	436	232	168	317	292	271	256	477	476	0	322	421	455	191	447	503
	604	472	455	635	306	417	729	449	552	471	102	484	386	652	321	210	454	434	295	124	186	417	701	376	322	0	699	651	415	603	403
	255	227	880	269	954	283	53	311	352	422	696	446	687	280	759	851	252	268	731	705	691	612	155	891	421	699	0	209	529	283	918
	62	248	936	62	941	273	260	393	165	529	679	272	753	72	798	837	224	291	767	693	699	695	74	922	455	651	209	0	616	84	950
	604	369	358	639	522	358	529	227	623	115	337	628	163	660	261	438	403	328	244	328	273	84	623	393	191	415	529	616	0	622	415
	29	258	923	34	901	266	335	408	81	547	642	190	748	49	781	798	219	295	749	659	671	697	158	899	447	603	283	84	622	0	928
	919	716	109	954	208	679	927	608	897	528	315	855	257	974	160	220	727	670	188	292	260	344	979	29	503	403	918	950	415	928	0

coordXY = Coordinates (x,y): line zero => x line one => y column => customers
 	188	320	403	177	91	275	494	413	92	499	148	8	429	169	332	115	266	319	319	164	228	474	305	291	325	58	442	238	469	160	298
	88	285	973	54	981	322	94	403	127	512	724	196	780	35	844	879	274	331	814	741	750	705	22	972	498	677	94	52	622	83	1000

d_pit = Demand of item p at customer i in period t
 	80	31	31	38	51	14	49	18	35	94	48	39
	71	95	51	34	47	55	28	26	23	35	98	42
	90	30	56	87	13	36	60	91	69	51	49	20
	76	93	67	71	26	92	88	42	54	66	53	96
	22	51	51	13	28	53	18	29	28	17	57	52
	90	35	53	31	46	14	29	72	72	94	19	51
	40	67	93	59	63	34	34	73	25	80	72	30
	19	41	74	90	31	66	46	13	70	63	92	40
	66	74	75	98	54	60	56	64	20	48	25	55
	16	11	21	27	37	92	83	45	65	72	49	50
	87	42	54	88	25	93	26	44	19	75	44	28
	22	93	61	45	55	14	59	41	42	62	27	28
	80	10	77	68	25	88	52	29	55	36	44	50
	100	43	23	31	67	18	74	17	45	43	55	47
	38	69	55	81	52	67	24	62	73	79	86	50
	50	90	75	60	91	58	69	12	54	43	62	11
	18	95	38	38	14	29	76	85	55	11	32	45
	63	52	36	45	83	47	57	70	32	89	19	92
	25	20	85	62	88	97	81	87	80	27	26	37
	49	84	82	21	85	94	46	18	87	78	66	44
	42	99	30	97	62	80	19	98	99	16	63	96
	71	37	51	14	97	44	29	19	19	92	61	89
	83	11	82	99	44	81	57	72	40	89	55	44
	13	29	58	36	23	81	30	36	50	42	80	38
	77	89	98	72	84	18	66	100	76	61	67	46
	61	76	45	79	95	57	52	23	43	76	74	93
	40	61	42	69	63	92	90	42	17	35	79	44
	82	71	11	10	23	87	77	24	69	37	73	60
	33	59	47	88	45	27	67	59	20	53	95	100
	66	84	44	76	24	99	90	64	30	77	21	75

	51	57	30	19	57	64	26	97	30	91	77	81
	14	49	65	64	27	49	51	33	56	56	34	89
	95	26	21	86	90	47	91	23	82	39	34	89
	71	35	43	60	81	54	20	49	80	33	18	90
	95	57	39	83	47	68	15	49	14	93	62	89
	34	47	34	60	32	17	33	10	67	85	42	49
	48	90	85	51	22	57	69	36	26	62	75	23
	60	28	22	85	72	60	73	31	75	88	84	93
	18	87	20	23	44	32	76	59	82	45	57	74
	66	68	45	78	22	13	51	74	46	70	45	18
	27	43	55	96	95	45	79	54	61	52	88	66
	28	89	92	99	73	31	10	67	85	31	47	62
	79	100	31	24	19	58	19	88	47	50	25	56
	75	40	18	75	74	23	55	30	78	59	59	86
	34	25	54	83	79	13	71	90	30	63	20	70
	20	14	12	84	66	90	79	17	95	42	99	45
	55	58	16	31	39	92	40	99	50	28	95	88
	52	19	16	50	66	55	28	73	24	26	81	25
	63	22	40	98	80	35	62	94	30	87	11	76
	42	16	11	45	69	67	79	57	87	30	70	62
	20	87	71	86	45	89	56	50	92	68	19	48
	25	12	84	25	24	47	77	19	36	50	59	53
	81	39	69	95	87	62	41	53	14	38	92	97
	82	60	71	69	58	82	14	53	64	12	73	16
	45	33	56	85	64	88	73	89	42	26	84	46
	76	75	59	75	62	38	14	73	90	83	33	58
	69	12	71	35	13	75	68	96	15	25	52	62
	13	98	78	41	96	100	42	12	75	73	44	99
	44	79	63	12	62	53	16	23	77	26	17	55
	26	45	33	88	66	87	14	45	32	84	54	93

	12	46	86	99	88	56	92	17	67	83	55	30
	46	81	48	70	89	33	21	22	95	24	26	29
	62	48	54	38	54	74	48	51	72	26	44	83
	21	77	72	27	42	95	39	11	90	90	96	54
	40	28	17	45	27	41	43	61	40	18	78	20
	78	39	44	30	16	79	62	97	77	63	65	43
	90	39	72	99	36	64	82	56	46	22	40	96
	71	99	48	93	40	18	62	43	11	20	22	89
	67	12	19	74	85	90	98	40	66	41	99	34
	48	45	94	75	50	71	51	52	42	70	43	96
	49	96	81	73	76	89	55	72	100	34	32	32
	35	73	77	48	15	56	48	46	92	67	80	11
	34	69	49	30	81	58	58	76	62	94	95	44
	80	68	55	96	81	57	86	99	79	88	24	90
	12	54	21	58	59	13	21	32	67	94	33	27
	93	66	77	61	69	72	25	13	38	81	95	70
	88	17	52	28	30	98	53	44	33	52	72	83
	100	52	27	60	23	67	70	25	12	47	80	22
	68	37	28	77	30	46	19	56	85	29	79	90
	42	64	23	72	17	71	87	15	73	89	15	96
	36	52	23	38	98	62	10	87	99	47	79	38
	61	87	77	10	69	32	26	82	61	63	100	82
	54	38	54	70	16	61	32	19	79	47	35	87
	73	23	44	61	36	77	25	78	47	76	42	99
	68	80	81	87	99	91	89	18	44	59	82	80
	87	71	65	48	16	64	30	16	94	72	63	39
	19	80	22	27	90	94	71	34	71	34	55	75
	94	45	47	88	13	90	80	71	87	92	50	43
	35	53	54	50	24	94	53	66	25	73	89	77
	52	98	48	65	65	75	51	68	47	19	20	19

	96	79	97	53	85	60	89	12	30	26	99	34
	91	59	81	72	75	67	52	97	53	73	35	91
	100	83	70	61	14	63	68	53	84	43	42	99
	71	71	53	94	72	24	38	31	22	27	11	27
	27	18	47	33	95	14	24	61	15	15	93	53
	21	73	47	63	78	74	70	94	83	68	20	22
	18	23	31	56	18	85	68	14	15	71	54	76
	67	30	72	40	85	44	95	100	11	47	42	54
	87	98	80	38	89	87	19	54	32	30	57	90
	25	35	65	64	98	15	86	29	37	16	96	19
	72	91	81	31	78	14	12	46	97	18	49	17
	69	76	62	32	51	35	95	39	31	98	90	99
	27	22	41	56	35	69	59	27	96	92	55	89
	89	74	86	80	69	62	32	17	29	96	19	89
	88	64	60	62	13	20	57	81	27	59	22	12
	30	22	74	75	96	26	12	60	60	96	78	57
	55	65	90	24	41	96	57	22	98	83	30	36
	98	85	79	86	57	43	58	49	32	91	95	46
	21	51	41	49	92	74	95	53	64	45	61	67
	31	67	23	42	59	98	45	20	19	87	58	52
	11	13	14	83	19	89	72	42	55	34	91	15
	74	49	95	31	40	69	74	90	45	45	14	13
	62	16	23	33	37	35	14	77	20	63	81	89
	81	32	39	46	49	90	30	50	18	61	94	18
	44	64	98	41	80	39	76	70	76	57	52	23
	83	62	84	31	57	20	12	57	43	25	49	52
	57	69	87	51	82	31	38	37	97	90	51	63
	33	79	11	80	86	26	77	50	92	95	85	83
	22	52	11	67	94	12	39	33	81	53	55	41
	51	19	52	67	45	14	21	82	34	98	17	34

	79	51	63	33	99	86	93	82	20	28	22	18
	99	74	73	33	27	63	50	73	29	65	90	16
	80	98	61	45	74	22	95	95	50	71	86	66
	69	83	58	42	36	83	25	17	91	35	78	85
	33	64	23	48	60	45	50	85	21	87	94	94
	26	65	11	47	34	80	87	29	41	53	64	17
	87	24	95	64	80	81	41	81	18	75	28	26
	54	92	94	70	55	27	27	39	37	50	96	15
	61	26	11	36	94	92	78	95	25	30	24	36
	53	49	56	96	56	42	56	94	83	53	93	35
	64	21	57	26	51	16	90	45	59	91	57	100
	83	21	79	44	97	99	51	48	90	88	30	27
	61	82	64	86	81	36	81	24	58	17	21	58
	72	36	69	69	34	13	51	79	17	94	28	69
	73	76	81	31	55	90	45	58	28	36	42	39
	98	100	14	58	80	59	19	71	88	62	56	65
	11	37	96	18	10	97	44	60	27	50	99	47
	25	32	18	75	27	36	91	45	37	36	88	70
	51	24	76	46	20	54	11	61	90	11	90	49
	81	96	59	26	57	56	67	92	26	79	18	80
	45	98	74	38	54	86	95	41	91	17	91	43
	51	54	14	80	64	26	55	57	60	39	40	23
	26	75	19	11	59	75	60	13	22	14	17	44
	63	59	55	63	41	56	84	76	80	84	37	96
	58	93	57	82	59	100	47	96	48	51	95	58
	58	53	18	35	97	74	77	18	92	85	66	77
	98	65	14	24	94	89	87	19	20	20	46	20
	65	45	49	62	94	20	52	51	55	36	94	32
	62	98	79	48	16	51	85	70	29	54	62	88
	32	64	12	60	43	34	89	77	98	80	31	44

	74	89	61	68	86	51	56	33	11	25	75	53
	41	40	89	34	24	65	53	22	18	32	55	41
	74	74	74	61	25	82	30	32	28	67	85	91
	48	73	24	25	20	71	19	39	40	81	81	32
	49	40	50	89	89	45	78	78	18	94	78	64
	36	38	22	95	70	26	87	35	99	77	19	65
	30	12	92	15	81	95	29	17	22	79	90	68
	26	21	64	20	32	35	28	70	54	42	91	78
	88	73	89	63	14	30	75	44	24	19	70	31
	71	46	94	40	21	87	15	74	26	65	20	87
	41	84	21	44	72	61	90	43	92	53	60	26
	89	75	16	25	42	72	51	42	63	24	75	19
	58	72	61	56	40	80	76	89	75	53	33	45
	60	68	36	100	45	83	22	100	84	31	61	52
	43	30	46	85	42	83	45	84	60	19	20	39
	35	35	66	19	17	54	10	86	77	25	84	80
	82	35	76	88	88	73	14	81	61	87	35	98
	87	99	14	30	44	55	44	23	11	84	40	33
	71	98	79	21	46	72	71	44	24	23	93	10
	43	92	97	20	14	72	53	51	22	96	75	66
	60	96	38	89	36	61	67	96	100	88	47	79
	87	99	71	89	90	20	68	85	25	64	94	60
	89	35	15	80	82	68	26	48	49	59	62	75
	39	92	69	14	60	16	19	79	65	69	77	92
	96	33	29	12	84	85	51	37	57	50	31	32
	62	78	92	85	96	90	32	88	73	55	32	24
	96	86	33	99	63	88	59	14	36	31	73	77
	30	66	90	88	59	37	12	100	30	28	56	93
	68	13	83	43	58	45	65	54	29	48	92	93
	66	51	52	47	41	76	59	29	37	76	77	50

	61	51	18	42	59	83	26	86	92	56	39	37
	87	67	26	95	41	96	28	67	23	28	80	62
	17	30	40	56	24	90	23	71	52	65	96	51
	88	31	64	43	57	71	96	30	43	93	74	43
	28	66	22	11	29	47	15	70	13	86	96	61
	35	14	64	59	84	35	46	14	58	18	95	62
	45	37	68	83	34	71	74	27	56	15	67	32
	74	70	89	79	76	71	90	55	23	19	98	64
	66	87	16	69	86	52	27	96	62	44	17	75
	54	27	98	25	33	94	85	55	87	94	81	58
	40	26	87	19	98	68	80	43	29	83	48	89
	21	57	73	62	60	31	94	87	18	26	61	58
	26	94	60	96	92	84	49	18	56	89	63	71
	85	27	63	16	51	38	89	11	15	51	12	67
	73	86	36	70	91	55	84	33	71	88	22	98
	26	25	11	23	62	41	97	12	84	51	91	60
	34	89	27	88	41	72	96	28	21	50	47	89
	55	23	85	64	85	12	50	66	29	83	98	44
	89	46	43	80	77	11	12	56	33	56	23	93
	59	32	85	29	64	37	71	45	38	53	98	11
	78	90	22	42	39	68	97	16	50	61	28	89
	83	21	45	87	70	91	48	65	23	53	20	76
	88	88	79	47	19	76	88	18	23	100	29	11
	35	97	95	96	89	82	84	48	73	93	13	54
	65	96	80	98	97	98	26	56	24	17	28	94
	62	76	45	99	22	17	81	12	41	96	74	47
	52	47	62	70	91	72	42	28	56	62	49	54
	76	76	44	66	93	93	100	37	41	90	26	95
	42	53	19	92	50	57	58	81	63	36	22	39
	28	57	17	88	81	73	76	22	96	65	44	62

	89	39	68	28	17	51	22	18	33	78	83	98
	71	42	18	14	42	44	21	17	54	28	57	92
	84	57	14	81	12	94	70	58	33	24	40	81
	92	100	44	59	72	69	60	40	16	30	69	69
	53	41	93	47	84	34	20	97	24	17	93	82
	60	58	49	82	37	67	49	19	24	23	39	73
	77	24	68	14	54	56	59	73	50	63	82	63
	75	48	19	85	92	94	53	87	12	83	59	63
	14	89	25	77	24	60	15	85	81	96	26	69
	97	11	82	37	87	46	28	99	72	21	63	73
	59	36	18	15	63	32	93	15	41	76	66	76
	56	29	98	89	85	16	34	93	18	14	19	26
	20	51	44	65	100	50	76	56	79	29	34	36
	32	12	15	54	20	87	94	78	52	85	70	55
	17	76	63	78	83	71	97	64	33	55	31	91
	81	30	37	78	76	23	82	82	21	99	89	90
	83	18	79	55	63	71	99	49	78	58	25	52
	43	37	29	51	23	38	43	74	37	44	43	39
	56	71	26	15	22	84	76	69	35	96	13	42
	73	54	55	16	27	86	45	29	60	53	61	72
	84	93	54	72	50	59	41	78	80	66	32	88
	83	50	77	70	72	63	86	37	11	80	10	28
	24	49	34	77	26	94	73	88	25	16	93	73
	66	97	27	68	79	27	18	71	48	74	45	49
	85	79	76	18	63	35	56	24	45	45	99	45
	82	88	40	22	79	89	58	76	74	60	97	43
	51	63	29	30	39	40	33	75	67	30	21	68
	98	72	36	17	54	31	76	32	75	60	72	35
	15	90	76	85	46	38	56	11	16	80	93	41
	63	15	21	28	90	37	14	77	23	70	36	57

	94	40	64	71	31	18	28	21	76	25	92	50
	77	88	56	59	71	51	99	20	82	19	39	56
	40	74	20	90	69	19	74	34	50	59	100	13
	12	51	48	28	40	85	94	94	91	49	71	35
	35	42	58	22	31	83	27	57	85	68	73	54
	15	58	93	40	57	21	17	64	11	86	32	60
	29	79	17	43	32	88	38	61	88	81	30	29
	25	65	98	82	95	22	51	36	64	96	61	45
	40	87	62	88	33	28	35	97	62	58	13	61
	66	13	99	78	99	42	66	21	55	22	88	43
	70	63	98	99	19	79	95	30	73	49	85	97
	29	99	63	33	97	63	38	44	89	48	65	39
	45	12	89	79	65	75	34	78	52	69	84	30
	24	13	62	68	55	23	14	47	29	37	63	93
	84	82	81	28	72	14	64	45	96	42	67	57
	53	13	48	28	56	38	70	68	58	97	26	55
	29	77	81	15	26	21	34	17	48	16	62	83
	65	56	49	42	95	16	23	82	98	11	24	26
	27	23	85	42	88	71	73	10	77	61	88	41
	69	91	63	56	97	40	21	43	38	45	46	90
	49	80	72	93	63	14	99	25	92	10	95	67
	58	20	75	37	54	11	31	78	97	38	27	21
	15	82	56	71	27	88	58	19	99	11	35	29
	24	46	48	65	15	81	95	78	90	43	18	37
	72	18	44	58	80	44	38	55	28	43	15	80
	21	60	96	95	69	55	52	42	14	91	53	31
	37	61	35	28	63	23	80	75	98	43	78	73
	77	73	10	86	86	37	29	74	56	69	35	98
	21	74	62	97	53	84	61	54	17	86	44	15
	43	52	11	49	31	22	67	29	61	15	56	17

	44	35	62	58	66	36	47	35	28	62	18	53
	26	22	53	43	46	31	44	72	89	73	66	11
	66	76	20	53	26	27	12	30	67	58	35	67
	15	21	59	66	55	58	34	30	25	88	77	41
	81	29	13	67	91	81	74	58	94	35	42	18
	31	85	58	15	50	39	60	33	64	32	44	93
	47	84	18	79	93	83	26	72	65	32	12	80
	75	77	52	72	27	53	27	77	88	15	20	95
	61	69	64	33	32	33	69	95	33	95	46	58
	73	50	69	92	61	20	41	78	88	42	41	17
	47	88	84	58	66	83	33	11	84	31	69	30
	54	69	87	33	82	56	35	67	25	20	32	63
	49	54	14	65	96	29	45	77	76	19	91	44
	76	73	67	55	53	69	42	68	90	49	33	45
	90	27	77	98	32	49	49	37	20	79	31	75
	91	94	90	15	77	72	79	78	63	13	97	48
	89	89	34	60	84	96	20	35	51	12	67	63
	28	13	78	95	88	26	29	96	40	70	30	75
	100	87	12	71	50	25	37	47	38	97	85	34
	63	16	31	100	71	95	76	35	14	43	60	26
	86	15	11	15	34	82	12	24	92	69	35	92
	48	13	39	87	30	96	42	45	66	53	68	69
	50	57	32	47	18	12	19	31	84	53	17	41
	98	98	54	99	81	49	27	52	80	93	22	38
	56	25	47	25	22	38	68	67	17	99	41	14
	85	14	82	89	33	20	33	66	33	40	15	92
	25	46	77	36	36	62	24	19	30	64	47	98
	82	16	11	98	30	59	28	36	17	69	89	73
	56	29	99	35	77	96	34	79	46	64	79	35
	17	51	40	26	48	69	49	22	91	68	61	21

