***** PARAMETERS PRP *****

Number of Customers = 30
Number of Products = 10
Number of Vehicles = 5
Number of Periods = 12

B = Production capacity
	49266

b_p = Time required to produce item p
 	1	1	1	1	1	1	1	1	1	1

c_p = Production cost of item p
 	30	80	30	30	80	30	80	80	80	30

s_p = Setup cost of item p
 	300	800	300	300	800	300	800	800	800	300

M = Big number
	197063

U_pi = Maximum inventory upper bound of item p at site i
 	197063	127	295	129	231	137	207	292	198	182	276	282	259	329	155	94	228	137	165	240	216	311	261	298	190	273	221	96	232	196	162
	197063	328	220	239	221	250	205	145	117	268	115	128	186	309	186	290	176	279	95	151	158	153	111	150	107	208	191	257	150	208	229
	197063	273	308	280	245	125	268	194	110	79	91	228	81	286	312	220	100	128	140	151	231	176	199	232	111	220	195	146	273	113	105
	197063	131	218	281	272	260	85	328	159	242	140	275	181	182	240	143	172	92	117	169	228	73	152	95	185	118	270	266	271	258	220
	197063	323	282	102	110	132	110	96	207	225	243	262	126	264	233	150	258	189	253	173	114	239	281	98	270	188	155	114	261	96	115
	197063	276	120	110	229	118	182	214	141	234	122	338	281	93	89	110	270	196	305	265	93	188	276	109	136	306	288	105	230	259	154
	197063	102	216	183	352	238	155	175	160	213	228	108	165	134	119	99	169	155	222	153	147	209	229	170	139	276	247	108	335	110	103
	197063	187	269	192	92	301	135	113	216	140	215	177	231	96	308	202	123	135	280	260	275	188	158	131	233	201	318	255	151	202	84
	197063	289	132	178	99	172	328	267	225	256	116	114	100	254	199	217	279	300	143	230	205	127	129	226	175	133	297	244	218	102	134
	197063	250	240	322	317	250	130	118	242	106	153	187	206	192	230	109	271	272	97	203	253	277	153	105	114	114	112	233	195	291	90

I_pi0 = Initial inventory of item p at site i
 	0	78	184	119	216	19	195	205	112	88	270	105	220	271	76	88	208	96	34	66	148	93	188	80	175	131	190	61	103	148	27
	0	81	93	145	72	86	101	100	49	61	72	122	120	148	14	59	134	181	95	84	155	36	101	117	60	201	67	214	149	52	105
	0	134	244	97	83	121	94	57	40	30	87	74	10	209	120	158	95	117	137	113	205	136	190	190	56	214	93	85	180	95	102
	0	115	123	75	68	115	69	150	74	54	127	225	128	88	164	45	108	0	115	146	38	25	118	85	173	77	29	237	93	170	115
	0	223	34	26	93	90	96	74	142	147	182	60	81	10	198	21	247	177	140	93	76	232	19	34	56	72	14	60	194	96	77
	0	173	73	98	193	59	56	83	98	216	111	126	124	44	70	104	78	56	83	213	63	181	150	100	96	152	141	38	64	166	64
	0	95	13	53	172	113	96	171	117	143	160	84	24	119	93	28	145	53	85	118	145	73	178	140	130	172	226	96	263	84	103
	0	24	220	97	92	125	70	47	159	63	151	120	77	30	181	160	118	17	91	161	212	125	109	96	106	101	248	146	139	197	74
	0	175	62	47	69	76	171	71	91	35	47	100	96	179	148	130	78	236	91	217	38	90	79	208	147	81	170	127	159	38	99
	0	187	121	266	214	41	79	68	239	99	70	182	176	18	116	51	29	93	54	19	242	163	89	88	105	55	97	213	81	219	38

h_pi = Inventory cost of item p at site i
 	3	0	0	0	0	0	0	0	0	0	0	0	0	0	0	0	0	0	0	0	0	0	0	0	0	0	0	0	0	0	0
	8	0	0	0	0	0	0	0	0	0	0	0	0	0	0	0	0	0	0	0	0	0	0	0	0	0	0	0	0	0	0
	3	0	0	0	0	0	0	0	0	0	0	0	0	0	0	0	0	0	0	0	0	0	0	0	0	0	0	0	0	0	0
	3	0	0	0	0	0	0	0	0	0	0	0	0	0	0	0	0	0	0	0	0	0	0	0	0	0	0	0	0	0	0
	8	0	0	0	0	0	0	0	0	0	0	0	0	0	0	0	0	0	0	0	0	0	0	0	0	0	0	0	0	0	0
	3	0	0	0	0	0	0	0	0	0	0	0	0	0	0	0	0	0	0	0	0	0	0	0	0	0	0	0	0	0	0
	8	0	0	0	0	0	0	0	0	0	0	0	0	0	0	0	0	0	0	0	0	0	0	0	0	0	0	0	0	0	0
	8	0	0	0	0	0	0	0	0	0	0	0	0	0	0	0	0	0	0	0	0	0	0	0	0	0	0	0	0	0	0
	8	0	0	0	0	0	0	0	0	0	0	0	0	0	0	0	0	0	0	0	0	0	0	0	0	0	0	0	0	0	0
	3	0	0	0	0	0	0	0	0	0	0	0	0	0	0	0	0	0	0	0	0	0	0	0	0	0	0	0	0	0	0

C = Vehicle capacity
	3520

f = Fixed transportation cost
	30101

a_ik = Transportation cost for traveling from node i to node k
 	0	806	23	347	130	302	674	156	827	447	763	245	157	744	210	534	402	152	816	700	410	212	321	246	463	228	329	352	239	692	627
	806	0	828	492	682	525	214	742	48	362	94	563	730	296	817	384	608	952	83	145	546	928	706	662	494	604	497	536	814	207	386
	23	828	0	369	152	324	696	171	849	468	784	267	173	766	209	556	420	132	837	721	430	199	335	264	484	247	349	369	246	713	648
	347	492	369	0	218	49	331	252	503	186	473	124	241	398	449	191	188	479	522	420	140	525	237	172	155	236	201	297	326	441	289
	130	682	152	218	0	172	544	113	701	327	644	119	103	616	266	407	300	271	696	582	295	316	248	151	343	150	227	279	226	581	501
	302	525	324	49	172	0	374	218	539	195	499	78	206	445	401	239	209	437	549	442	171	476	234	152	197	193	175	268	303	456	337
	674	214	696	331	544	374	0	580	202	278	255	432	569	126	735	179	407	809	282	247	349	831	515	488	292	509	415	486	635	312	173
	156	742	171	252	113	218	580	0	754	404	715	201	13	631	350	420	253	242	766	657	273	368	165	102	331	261	327	389	114	665	503
	827	48	849	503	701	539	202	754	0	387	142	583	743	265	847	378	606	971	127	189	545	956	708	671	491	631	525	570	822	253	368
	447	362	468	186	327	195	278	404	387	0	317	209	391	390	465	249	366	595	370	256	308	570	422	346	294	244	141	209	496	263	340
	763	94	784	473	644	499	255	715	142	317	0	525	703	360	753	401	612	912	54	66	549	868	700	644	505	550	442	467	798	115	425
	245	563	267	124	119	78	432	201	583	209	525	0	189	513	325	312	272	390	578	465	243	405	270	172	274	119	133	213	305	467	411
	157	730	173	241	103	206	569	13	743	391	703	189	0	621	346	410	248	250	754	645	265	368	165	95	323	251	315	377	124	653	494
	744	296	766	398	616	445	126	631	265	390	360	513	621	0	830	212	419	869	374	365	371	918	535	532	309	604	520	599	667	432	140
	210	817	209	449	266	401	735	350	847	465	753	325	346	830	0	635	565	298	805	687	554	123	508	416	595	227	325	287	446	659	735
	534	384	556	191	407	239	179	420	378	249	401	312	410	212	635	0	229	658	439	369	171	715	338	323	113	414	347	438	463	417	102
	402	608	420	188	300	209	407	253	606	366	612	272	248	419	565	229	0	490	656	570	64	609	118	157	116	389	383	476	254	603	281
	152	952	132	479	271	437	809	242	971	595	912	390	250	869	298	658	490	0	965	850	514	230	385	343	573	378	480	500	261	843	744
	816	83	837	522	696	549	282	766	127	370	54	578	754	374	805	439	656	965	0	119	593	920	747	694	546	603	495	519	847	158	454
	700	145	721	420	582	442	247	657	189	256	66	465	645	365	687	369	570	850	119	0	507	802	652	590	467	485	377	402	744	70	409
	410	546	430	140	295	171	349	273	545	308	549	243	265	371	554	171	64	514	593	507	0	611	167	171	63	361	340	435	297	541	236
	212	928	199	525	316	476	831	368	956	570	868	405	368	918	123	715	609	230	920	802	611	0	532	454	659	327	432	406	441	778	813
	321	706	335	237	248	234	515	165	708	422	700	270	165	535	508	338	118	385	747	652	167	532	0	102	228	373	399	482	138	677	398
	246	662	264	172	151	152	488	102	671	346	644	172	95	532	416	323	157	343	694	590	171	454	102	0	230	271	304	383	154	607	403
	463	494	484	155	343	197	292	331	491	294	505	274	323	309	595	113	116	573	546	467	63	659	228	230	0	390	351	447	359	507	174
	228	604	247	236	150	193	509	261	631	244	550	119	251	604	227	414	389	378	603	485	361	327	373	271	390	0	109	131	374	470	515
	329	497	349	201	227	175	415	327	525	141	442	133	315	520	325	347	383	480	495	377	340	432	399	304	351	109	0	96	435	364	447
	352	536	369	297	279	268	486	389	570	209	467	213	377	599	287	438	476	500	519	402	435	406	482	383	447	131	96	0	501	373	537
	239	814	246	326	226	303	635	114	822	496	798	305	124	667	446	463	254	261	847	744	297	441	138	154	359	374	435	501	0	758	531
	692	207	713	441	581	456	312	665	253	263	115	467	653	432	659	417	603	843	158	70	541	778	677	607	507	470	364	373	758	0	466
	627	386	648	289	501	337	173	503	368	340	425	411	494	140	735	102	281	744	454	409	236	813	398	403	174	515	447	537	531	466	0

coordXY = Coordinates (x,y): line zero => x line one => y column => customers
 	214	189	211	318	244	291	346	347	232	171	110	230	341	465	5	414	499	260	107	101	457	33	488	387	460	118	118	24	450	35	489
	148	953	126	479	274	439	808	229	974	592	903	392	240	848	158	643	431	4	956	838	478	39	314	322	540	354	462	444	182	816	711

d_pit = Demand of item p at customer i in period t
 	78	61	58	100	35	50	28	38	41	86	97	90
	49	25	44	66	96	19	70	96	38	42	71	91
	89	30	25	56	30	96	11	60	49	29	21	21
	61	83	72	47	97	24	27	34	72	52	41	83
	19	10	98	11	81	88	21	39	94	24	23	39
	76	80	39	80	62	44	24	62	11	83	30	30
	96	68	41	37	50	54	65	38	99	78	33	41
	32	80	46	88	65	92	35	94	56	87	33	82
	13	75	36	38	40	22	36	73	36	22	66	88
	13	91	93	73	23	32	66	24	36	91	83	37
	70	35	76	95	16	86	36	54	19	82	69	38
	76	78	66	31	98	27	29	61	65	43	28	19
	54	100	86	31	99	33	45	82	52	47	96	64
	41	35	77	67	77	35	50	56	24	59	59	40
	57	31	30	40	76	11	28	76	18	97	58	41
	84	37	87	33	17	58	34	10	98	58	11	19
	96	49	82	76	90	26	50	71	68	81	90	40
	34	19	43	73	36	71	67	11	90	53	74	90
	66	87	69	70	88	35	16	29	51	93	94	22
	49	37	62	34	34	12	98	20	60	13	88	12
	93	67	30	42	38	97	74	21	91	76	86	32
	90	98	21	55	64	73	55	68	56	91	17	95
	80	65	54	93	78	61	96	92	93	87	50	44
	99	76	51	68	30	23	65	58	90	76	68	57
	61	39	31	91	47	96	34	19	51	75	64	46
	57	30	63	40	14	81	82	41	57	77	41	80
	61	37	37	74	12	47	57	15	78	49	79	32
	63	40	22	68	34	44	83	49	85	100	31	77
	100	48	68	55	48	59	72	17	86	67	74	90
	27	94	61	59	52	50	85	15	53	95	25	30

	81	95	49	36	29	44	97	29	69	68	90	100
	59	12	22	26	65	94	17	85	86	90	31	74
	81	64	61	39	58	20	41	74	52	99	32	97
	16	56	86	63	68	84	17	20	83	43	39	88
	86	81	49	98	99	38	59	52	86	25	26	52
	67	34	49	95	19	36	47	89	36	68	49	26
	23	77	58	71	24	48	79	54	18	34	22	70
	49	87	41	22	21	93	81	44	60	81	55	68
	61	26	72	73	32	88	75	45	90	69	95	79
	72	25	14	53	81	84	74	70	40	14	79	81
	27	95	60	82	89	26	73	72	82	15	89	56
	83	14	23	89	57	70	17	66	30	53	24	33
	94	54	89	96	92	91	92	95	67	58	17	83
	14	51	39	61	13	29	51	23	84	16	98	78
	17	42	76	90	91	25	28	40	88	40	90	70
	56	78	87	52	24	55	99	73	68	81	12	20
	34	86	61	86	72	30	91	28	84	67	18	12
	25	32	38	64	49	17	14	45	84	40	85	79
	17	67	85	13	14	46	46	52	10	51	25	26
	34	12	84	25	34	87	19	11	99	50	77	100
	36	14	62	68	48	20	76	23	95	50	25	94
	25	76	76	37	31	34	53	18	15	14	12	54
	55	26	36	34	35	98	39	38	61	42	67	69
	60	89	81	55	53	25	10	71	64	83	16	37
	71	21	70	39	55	31	51	20	70	28	79	90
	67	64	17	36	71	42	66	45	16	60	61	29
	77	96	41	56	90	89	46	89	31	58	80	17
	74	36	39	69	85	82	49	14	29	83	26	12
	52	32	80	73	78	39	23	42	60	51	20	74
	25	41	39	26	77	91	93	84	36	47	98	29

	100	34	54	71	13	49	13	53	57	17	95	99
	86	91	67	15	24	48	31	92	92	91	73	30
	97	26	75	55	55	34	95	42	42	68	29	54
	40	43	77	46	83	87	69	82	76	25	86	22
	20	87	14	67	15	89	79	55	82	63	96	85
	69	25	37	50	92	44	90	16	40	62	74	45
	57	14	52	97	14	99	34	20	58	19	93	24
	40	99	41	61	78	73	60	11	77	58	36	23
	30	22	24	45	23	49	64	34	27	25	51	79
	87	37	37	35	49	49	17	61	83	20	49	21
	74	77	74	60	38	67	17	32	50	97	47	51
	10	25	49	68	13	81	16	51	30	47	75	23
	50	79	80	15	77	56	95	26	90	25	46	48
	65	55	94	67	68	66	63	37	73	69	12	80
	61	70	27	15	95	67	42	19	75	66	69	55
	66	29	79	57	16	47	99	47	10	24	58	69
	41	30	26	20	35	53	66	74	52	27	48	39
	63	17	20	37	17	45	43	35	58	68	100	55
	17	96	29	82	60	17	59	66	36	17	51	75
	99	22	84	60	70	14	70	10	74	79	22	88
	52	84	48	42	74	57	55	94	58	70	40	28
	98	92	53	60	58	81	98	36	57	64	75	22
	73	23	94	42	49	95	37	37	64	79	41	62
	44	12	73	43	84	39	64	73	74	46	79	37
	72	72	38	32	44	19	37	86	41	83	45	91
	24	69	97	16	90	23	12	30	81	25	61	57
	39	46	95	32	43	65	20	76	56	43	17	51
	70	19	19	72	52	28	70	47	61	66	86	64
	66	29	42	89	64	50	93	15	89	22	87	34
	37	46	19	42	68	64	24	74	98	64	21	74

	17	98	48	28	95	33	37	49	40	11	17	51
	47	76	98	57	60	86	65	59	61	20	10	16
	75	46	27	43	66	69	96	55	79	31	27	61
	68	14	83	61	59	24	95	57	63	50	18	60
	64	51	75	45	12	58	90	26	66	52	44	42
	17	21	31	22	33	72	41	67	87	23	66	28
	68	82	16	89	45	93	81	46	71	40	61	96
	74	19	96	75	11	76	44	36	70	75	30	30
	36	18	59	34	67	24	81	63	14	88	55	41
	30	15	16	66	43	35	46	91	55	44	22	98
	26	30	70	99	58	33	80	31	73	91	23	46
	24	34	39	31	66	60	29	89	33	29	94	14
	88	92	51	37	99	77	93	34	10	31	94	21
	85	27	52	26	82	32	21	55	30	57	75	33
	45	16	19	87	31	43	22	12	10	21	49	73
	67	41	52	96	41	67	90	23	27	43	99	43
	99	13	18	40	13	54	67	22	46	64	50	68
	61	54	29	88	49	98	25	62	22	39	93	83
	55	56	35	59	43	14	83	60	61	52	63	96
	27	11	87	58	92	64	51	48	69	31	81	66
	25	74	62	92	15	35	13	51	15	12	13	30
	34	29	19	36	91	66	72	10	98	41	58	55
	85	29	31	32	48	78	20	99	33	10	83	19
	79	94	96	30	91	57	92	30	17	12	86	56
	77	52	78	24	86	51	66	89	44	16	83	44
	29	94	78	63	81	65	77	15	56	24	45	22
	59	91	18	69	81	69	34	44	85	96	60	93
	27	66	66	97	97	32	61	85	81	75	79	46
	23	19	63	65	87	20	88	31	67	31	35	91
	82	33	54	43	81	59	56	67	45	34	59	48

	49	58	85	31	74	82	84	56	49	93	90	25
	34	76	47	18	77	65	94	15	97	34	49	71
	26	81	40	72	12	14	18	50	45	88	81	82
	93	54	87	17	33	77	72	57	16	53	37	65
	54	36	75	65	77	93	97	78	89	36	77	17
	46	25	25	22	95	21	60	80	55	90	80	62
	74	93	95	12	57	28	30	15	74	12	37	46
	68	12	36	26	74	92	65	21	39	97	60	31
	66	20	61	91	83	33	57	31	59	46	31	98
	31	49	62	40	20	71	38	81	96	96	67	78
	35	25	29	54	22	78	94	97	53	77	31	34
	81	69	38	78	76	73	71	31	82	82	17	58
	10	22	66	22	69	95	21	88	17	92	82	50
	93	94	11	30	63	64	79	48	59	89	29	41
	21	29	22	18	72	80	65	74	42	42	84	51
	70	65	96	16	84	31	50	42	14	33	19	99
	70	69	38	64	23	60	92	89	52	83	67	47
	44	61	35	94	20	81	98	45	33	75	80	94
	19	74	16	50	95	52	75	98	99	29	41	44
	76	63	72	47	68	65	14	12	77	46	82	60
	72	95	65	43	77	29	44	26	30	79	75	81
	19	19	70	62	64	28	34	47	85	79	80	88
	24	10	13	41	72	92	16	79	86	36	98	18
	56	49	58	95	35	42	29	64	38	63	22	98
	72	70	36	64	93	70	85	16	83	100	32	31
	14	91	97	42	68	42	58	26	19	77	30	54
	60	92	89	71	29	64	32	62	35	51	60	36
	34	83	77	89	77	79	73	24	73	35	59	80
	80	16	72	23	77	25	10	96	19	58	67	32
	15	62	78	72	23	33	55	95	98	14	67	77

	68	47	58	59	100	34	32	47	24	49	84	61
	14	59	68	57	66	44	37	88	72	68	100	47
	98	84	56	91	43	28	24	46	32	16	92	49
	43	87	63	21	65	40	56	61	92	70	16	73
	59	41	23	78	84	63	20	82	83	52	75	50
	56	98	13	84	12	24	26	42	27	58	96	10
	12	71	14	50	79	94	52	100	46	14	77	34
	61	37	57	35	72	79	31	23	13	21	82	54
	28	98	42	48	98	28	75	53	62	77	21	71
	100	11	77	75	47	91	98	69	26	36	65	38
	60	66	47	48	34	77	88	83	98	53	79	79
	77	47	62	58	37	83	94	16	70	92	22	17
	44	68	41	17	17	57	78	37	53	48	59	41
	54	16	80	90	12	40	12	21	67	87	18	34
	90	14	41	28	50	33	21	59	79	97	63	85
	19	59	52	77	13	62	71	73	60	31	78	53
	26	30	24	78	83	10	63	72	73	58	45	26
	83	79	65	51	13	50	49	91	12	78	91	71
	97	33	83	41	74	56	52	26	52	45	19	58
	63	19	32	77	20	76	16	55	59	18	36	85
	39	72	70	68	40	16	63	34	21	41	26	75
	68	69	13	99	37	52	41	40	88	43	48	65
	100	16	37	33	41	77	36	58	28	85	52	89
	28	68	40	84	67	76	94	75	86	61	42	95
	98	54	90	74	72	55	29	29	62	77	27	67
	87	54	24	59	89	24	96	17	82	16	56	87
	38	78	100	75	24	26	65	23	48	29	48	73
	29	35	40	12	49	92	55	59	86	77	90	65
	54	14	98	92	80	66	53	61	40	98	28	92
	64	65	13	94	23	72	76	10	80	67	31	21

	82	13	50	65	65	48	51	17	74	23	29	97
	13	91	37	51	22	22	66	89	53	61	94	48
	53	11	48	43	41	82	42	50	21	51	68	38
	80	92	42	99	70	81	48	79	76	68	76	34
	65	48	30	45	70	98	10	27	17	50	87	25
	19	77	82	37	87	38	45	53	21	46	64	49
	97	74	18	14	61	80	49	22	57	94	78	54
	27	90	85	31	66	68	36	43	41	97	23	32
	54	66	23	95	90	41	81	24	21	91	21	31
	33	81	46	98	25	50	85	81	18	64	72	32
	84	33	42	59	71	43	56	13	85	69	34	56
	24	32	63	44	18	88	14	28	40	39	75	30
	36	44	39	17	50	19	56	13	68	76	75	43
	39	54	94	93	65	60	14	23	64	75	40	95
	28	100	25	37	21	96	58	67	33	15	98	18
	76	69	31	34	79	41	14	26	81	99	95	32
	27	26	92	43	45	72	94	64	28	34	33	61
	16	39	30	56	52	26	36	64	45	78	40	51
	43	53	22	88	81	39	47	24	72	32	96	13
	48	97	17	69	69	23	36	37	24	51	92	23
	14	59	67	78	67	32	57	25	14	32	45	12
	38	74	66	72	28	71	71	30	80	12	60	84
	58	82	57	76	77	40	22	45	76	20	65	63
	60	70	86	56	19	31	55	38	16	44	67	13
	47	29	96	46	45	94	98	35	15	56	83	18
	60	77	89	66	16	23	75	92	48	11	97	86
	96	60	45	17	20	95	89	16	40	36	39	94
	100	79	70	14	84	40	24	85	96	42	75	95
	84	77	24	37	35	57	66	77	98	28	42	34
	75	28	97	24	44	24	51	76	45	10	79	63

	24	13	58	24	47	13	39	56	68	67	99	53
	77	88	55	33	41	57	58	58	59	11	83	26
	70	27	93	29	83	42	75	67	75	34	93	78
	39	53	26	30	97	15	59	86	19	60	27	42
	46	17	62	63	96	60	94	85	57	63	26	54
	70	81	86	39	42	12	69	84	99	97	57	72
	30	17	97	39	68	61	53	68	13	73	66	93
	78	81	20	21	38	25	82	80	54	78	37	54
	28	35	93	36	91	58	63	38	30	17	23	47
	28	31	92	43	52	77	48	60	10	22	24	30
	52	57	11	26	23	78	26	40	15	92	67	44
	30	32	15	76	87	50	82	53	100	46	57	66
	30	70	81	37	25	50	13	48	81	42	45	55
	32	20	100	29	96	93	53	35	64	81	81	55
	96	64	91	42	76	86	92	83	40	86	39	14
	58	29	31	54	98	20	92	60	90	94	32	78
	17	84	25	31	19	39	79	98	59	30	31	27
	91	89	54	45	88	65	36	47	83	13	37	24
	51	86	24	59	63	50	43	33	82	39	18	77
	61	59	39	53	27	79	37	47	40	33	100	85
	66	59	87	69	17	36	74	95	43	39	86	79
	54	55	89	25	19	34	13	19	15	14	64	74
	73	23	51	25	16	40	40	88	22	12	54	81
	84	22	97	26	91	43	58	60	81	37	82	17
	20	81	38	19	67	86	36	48	14	81	31	82
	47	51	58	92	89	17	68	94	48	75	92	32
	87	59	71	55	52	54	33	74	13	81	12	21
	44	36	59	40	56	83	12	73	32	65	16	86
	80	42	75	97	78	63	42	28	43	94	82	84
	30	44	49	40	26	58	68	35	69	17	34	33

	22	61	92	46	68	37	44	96	93	55	31	49
	13	49	90	55	13	38	16	24	71	50	74	36
	47	68	86	13	65	68	57	57	44	40	83	85
	69	74	65	24	59	69	31	65	14	15	97	13
	23	53	98	45	85	26	16	95	71	33	54	88
	98	73	34	71	99	41	83	94	44	20	77	54
	35	36	12	96	49	59	37	51	32	91	45	97
	77	14	76	73	88	49	13	40	11	17	39	42
	35	11	85	52	39	53	76	83	63	31	15	71
	47	79	43	70	96	60	78	32	55	76	16	43
	100	87	10	37	84	85	63	50	48	47	55	17
	96	45	24	82	61	11	25	70	65	12	41	68
	98	14	67	30	47	79	81	81	52	77	87	49
	88	60	54	54	31	10	31	65	60	27	93	25
	89	41	95	62	32	17	21	51	47	96	47	53
	52	26	35	69	75	14	11	99	72	96	74	47
	98	71	67	70	30	45	40	20	96	99	53	32
	51	40	71	59	36	57	38	42	11	63	36	66
	21	86	28	82	97	74	27	40	69	94	22	50
	38	36	41	18	62	81	32	38	11	32	69	35
	44	46	70	47	75	51	89	70	100	15	98	56
	79	58	35	81	38	46	83	82	89	88	19	75
	55	95	40	18	23	20	32	76	30	88	44	21
	84	63	54	69	14	40	58	22	12	56	29	23
	81	63	61	58	65	98	74	19	56	65	85	71
	73	97	30	73	47	23	69	81	51	94	45	29
	94	33	82	76	40	72	91	31	64	85	52	12
	88	71	35	26	64	70	62	45	59	85	36	13
	26	12	18	80	55	65	41	84	22	78	75	54
	99	92	81	35	20	61	45	97	98	93	27	58

	55	79	12	41	26	21	76	21	22	72	81	93
	46	22	53	26	14	82	84	96	26	90	25	13
	96	84	86	55	86	49	66	44	43	69	51	43
	66	48	27	73	41	94	98	31	53	97	53	80
	41	38	12	55	60	57	59	31	75	94	24	54
	79	88	40	73	83	75	49	18	64	43	78	92
	68	47	71	84	35	36	93	78	64	40	72	21
	99	58	51	31	85	59	83	22	57	26	72	83
	18	81	51	43	88	95	42	59	20	38	74	24
	44	12	14	100	21	53	95	50	58	31	43	92
	79	87	16	75	69	39	96	13	62	26	94	91
	89	87	39	65	95	29	10	46	29	18	56	56
	18	63	32	95	78	69	93	86	49	19	85	79
	20	16	80	69	60	98	38	18	70	35	30	19
	51	26	11	27	46	93	70	97	86	70	24	53
	29	89	43	74	87	36	85	33	100	29	14	31
	23	70	59	26	99	84	94	14	42	26	55	60
	19	35	91	64	62	17	52	13	29	63	40	95
	19	29	89	35	74	95	84	96	58	84	81	68
	75	74	13	80	41	65	59	18	78	28	39	36
	23	93	47	77	85	94	77	72	49	67	65	83
	32	57	72	52	57	32	40	84	53	36	43	55
	88	33	80	48	14	40	66	92	26	79	41	21
	28	63	14	89	77	86	34	82	77	19	34	79
	24	31	75	81	55	71	87	14	26	40	89	89
	15	49	33	93	47	57	49	61	97	20	72	77
	29	42	91	51	42	96	98	54	82	23	37	53
	81	76	69	91	66	90	37	50	79	22	88	29
	43	70	83	23	19	56	85	45	30	91	69	85
	38	85	15	39	37	25	83	16	59	38	49	58

