***** PARAMETERS PRP *****

Number of Customers = 30
Number of Products = 10
Number of Vehicles = 5
Number of Periods = 12

B = Production capacity
	49586

b_p = Time required to produce item p
 	1	1	1	1	1	1	1	1	1	1

c_p = Production cost of item p
 	80	30	80	80	30	30	80	30	30	30

s_p = Setup cost of item p
 	800	300	800	800	300	300	800	300	300	300

M = Big number
	198342

U_pi = Maximum inventory upper bound of item p at site i
 	198342	117	176	321	258	245	221	130	149	303	94	237	152	238	188	324	229	164	182	190	232	143	103	354	302	165	99	130	116	270	149
	198342	310	163	119	325	103	105	116	152	257	195	146	232	259	246	107	272	101	121	147	295	92	108	97	143	104	133	215	156	223	305
	198342	245	232	110	102	256	196	303	131	103	221	209	162	268	185	127	285	133	248	205	131	112	246	227	163	110	135	244	120	261	161
	198342	221	154	183	181	210	182	310	167	258	185	200	116	323	197	297	149	154	167	155	196	302	211	219	171	248	175	143	172	291	110
	198342	292	110	114	199	232	101	150	259	211	210	207	92	99	168	179	112	253	166	184	259	161	210	271	93	111	129	247	279	186	230
	198342	77	170	117	89	249	115	196	98	97	304	208	228	185	170	190	232	80	126	171	203	131	168	109	318	171	161	240	138	116	98
	198342	263	269	275	149	149	185	113	188	207	272	145	210	175	282	144	159	208	167	323	124	111	250	205	290	80	234	194	270	236	338
	198342	246	172	125	223	187	268	109	260	300	150	100	223	344	323	167	171	284	112	206	112	250	99	300	219	179	237	300	304	179	139
	198342	306	220	113	199	157	117	102	126	194	100	253	157	262	117	109	310	250	122	277	105	156	171	226	276	245	202	169	240	126	284
	198342	206	289	132	164	292	222	167	226	182	265	263	125	244	331	340	277	178	121	144	117	111	145	224	132	210	155	119	79	193	160

I_pi0 = Initial inventory of item p at site i
 	0	73	94	43	231	55	67	56	64	203	21	52	81	151	49	175	165	68	92	75	231	138	78	116	84	127	22	82	67	220	135
	0	214	82	97	90	80	100	83	97	255	91	48	69	199	40	59	138	98	12	37	68	59	25	14	69	54	111	66	129	171	242
	0	184	40	44	94	106	178	283	82	32	172	115	115	64	125	106	64	98	89	24	53	18	171	163	120	90	96	202	15	36	54
	0	167	150	129	120	34	66	205	139	94	150	139	84	85	109	128	141	93	92	79	129	101	106	182	69	49	156	93	108	166	60
	0	190	70	46	171	205	62	148	50	122	97	207	51	81	74	152	66	75	108	120	121	116	176	92	66	26	48	160	187	58	188
	0	65	119	81	69	59	51	167	73	88	98	87	90	159	53	129	170	46	75	129	182	20	138	56	90	168	34	99	85	82	68
	0	230	33	203	86	42	132	96	106	79	32	55	90	56	274	128	99	174	157	260	62	19	195	174	88	74	169	181	224	185	111
	0	159	138	115	221	136	160	57	196	165	121	44	98	336	43	134	155	246	77	90	90	179	59	211	132	126	202	89	213	172	88
	0	177	176	75	31	105	72	100	35	99	54	185	128	83	76	92	239	100	59	225	93	151	168	139	144	70	169	72	63	102	254
	0	53	97	125	73	182	200	87	114	182	136	81	89	90	86	201	23	21	95	95	25	15	50	97	90	104	141	81	27	123	134

h_pi = Inventory cost of item p at site i
 	8	0	0	0	0	0	0	0	0	0	0	0	0	0	0	0	0	0	0	0	0	0	0	0	0	0	0	0	0	0	0
	3	0	0	0	0	0	0	0	0	0	0	0	0	0	0	0	0	0	0	0	0	0	0	0	0	0	0	0	0	0	0
	8	0	0	0	0	0	0	0	0	0	0	0	0	0	0	0	0	0	0	0	0	0	0	0	0	0	0	0	0	0	0
	8	0	0	0	0	0	0	0	0	0	0	0	0	0	0	0	0	0	0	0	0	0	0	0	0	0	0	0	0	0	0
	3	0	0	0	0	0	0	0	0	0	0	0	0	0	0	0	0	0	0	0	0	0	0	0	0	0	0	0	0	0	0
	3	0	0	0	0	0	0	0	0	0	0	0	0	0	0	0	0	0	0	0	0	0	0	0	0	0	0	0	0	0	0
	8	0	0	0	0	0	0	0	0	0	0	0	0	0	0	0	0	0	0	0	0	0	0	0	0	0	0	0	0	0	0
	3	0	0	0	0	0	0	0	0	0	0	0	0	0	0	0	0	0	0	0	0	0	0	0	0	0	0	0	0	0	0
	3	0	0	0	0	0	0	0	0	0	0	0	0	0	0	0	0	0	0	0	0	0	0	0	0	0	0	0	0	0	0
	3	0	0	0	0	0	0	0	0	0	0	0	0	0	0	0	0	0	0	0	0	0	0	0	0	0	0	0	0	0	0

C = Vehicle capacity
	3540

f = Fixed transportation cost
	28613

a_ik = Transportation cost for traveling from node i to node k
 	0	167	284	89	238	342	396	482	253	469	307	454	217	122	279	560	402	127	393	212	390	359	548	72	257	151	340	434	182	248	23
	167	0	389	194	316	500	547	557	342	527	387	596	384	198	397	688	413	293	535	253	376	468	706	234	308	318	484	558	155	393	176
	284	389	0	205	492	425	497	711	497	714	550	573	262	399	485	702	235	264	525	488	271	561	595	233	525	264	476	600	464	410	261
	89	194	205	0	324	379	442	565	337	555	391	507	227	211	354	623	316	157	448	300	308	434	582	85	345	176	395	501	260	307	68
	238	316	492	324	0	290	300	247	30	232	72	320	294	126	109	385	639	236	265	77	626	159	463	262	51	246	229	257	181	170	258
	342	500	425	379	290	0	73	370	267	403	288	150	168	327	192	281	644	224	112	353	660	219	207	296	340	204	85	201	428	124	344
	396	547	497	442	300	73	0	327	273	368	280	78	239	362	193	209	715	285	55	371	730	191	165	358	348	268	71	144	458	155	401
	482	557	711	565	247	370	327	0	229	61	176	286	469	373	226	253	880	447	272	304	871	158	439	494	250	448	285	189	408	310	500
	253	342	497	337	30	267	273	229	0	220	55	291	285	148	81	356	653	236	237	106	642	131	435	270	75	243	203	228	210	151	271
	469	527	714	555	232	403	368	61	220	0	166	335	484	354	238	312	870	451	314	276	857	185	491	490	222	455	319	238	374	327	489
	307	387	550	391	72	288	280	176	55	166	0	283	330	197	97	329	707	287	235	139	696	107	435	324	90	293	213	206	246	183	325
	454	596	573	507	320	150	78	286	291	335	283	0	313	403	213	132	789	352	62	395	801	180	158	423	363	337	114	98	492	206	461
	217	384	262	227	294	168	239	469	285	484	330	313	0	261	246	441	477	93	263	325	494	312	360	153	340	69	215	340	360	160	210
	122	198	399	211	126	327	362	373	148	354	197	403	261	0	199	490	521	176	343	90	505	271	526	168	136	196	295	360	103	208	144
	279	397	485	354	109	192	193	226	81	238	97	213	246	199	0	291	664	222	156	183	661	81	354	276	156	222	123	162	280	90	293
	560	688	702	623	385	281	209	253	356	312	329	132	441	490	291	0	914	470	179	461	923	226	224	539	418	458	231	130	565	317	570
	402	413	235	316	639	644	715	880	653	870	707	789	477	521	664	914	0	448	735	609	65	744	826	389	657	457	684	801	545	604	382
	127	293	264	157	236	224	285	447	236	451	287	352	93	176	222	470	448	0	294	250	453	300	429	73	275	25	241	353	272	157	124
	393	535	525	448	265	112	55	272	237	314	235	62	263	343	156	179	735	294	0	339	745	140	201	364	310	280	54	92	433	145	400
	212	253	488	300	77	353	371	304	106	276	139	395	325	90	183	461	609	250	339	0	589	235	535	256	55	267	300	333	108	229	234
	390	376	271	308	626	660	730	871	642	857	696	801	494	505	661	923	65	453	745	589	0	742	849	388	640	465	692	805	517	609	372
	359	468	561	434	159	219	191	158	131	185	107	180	312	271	81	226	744	300	140	235	742	0	335	356	193	297	135	100	340	154	373
	548	706	595	582	463	207	165	439	435	491	435	158	360	526	354	224	826	429	201	535	849	335	0	501	509	408	235	254	622	318	550
	72	234	233	85	262	296	358	494	270	490	324	423	153	168	276	539	389	73	364	256	388	356	501	0	293	94	310	418	247	223	59
	257	308	525	345	51	340	348	250	75	222	90	363	340	136	156	418	657	275	310	55	640	193	509	293	0	288	278	293	160	221	278
	151	318	264	176	246	204	268	448	243	455	293	337	69	196	222	458	457	25	280	267	465	297	408	94	288	0	227	344	294	149	147
	340	484	476	395	229	85	71	285	203	319	213	114	215	295	123	231	684	241	54	300	692	135	235	310	278	227	0	126	389	93	347
	434	558	600	501	257	201	144	189	228	238	206	98	340	360	162	130	801	353	92	333	805	100	254	418	293	344	126	0	437	197	446
	182	155	464	260	181	428	458	408	210	374	246	492	360	103	280	565	545	272	433	108	517	340	622	247	160	294	389	437	0	307	204
	248	393	410	307	170	124	155	310	151	327	183	206	160	208	90	317	604	157	145	229	609	154	318	223	221	149	93	197	307	0	256
	23	176	261	68	258	344	401	500	271	489	325	461	210	144	293	570	382	124	400	234	372	373	550	59	278	147	347	446	204	256	0

coordXY = Coordinates (x,y): line zero => x line one => y column => customers
 	274	405	17	215	381	104	124	439	364	488	391	154	100	357	295	209	72	182	177	424	134	314	1	205	431	162	183	251	450	214	255
	368	265	249	302	580	664	734	820	604	785	651	805	497	457	646	924	21	455	748	517	5	724	843	386	571	469	695	801	413	608	356

d_pit = Demand of item p at customer i in period t
 	73	89	46	20	95	16	92	77	39	78	59	15
	94	10	10	89	29	85	17	74	15	24	23	59
	43	23	90	54	74	96	68	73	98	52	42	58
	40	91	100	90	33	47	84	79	16	50	55	89
	55	69	24	92	37	86	57	23	87	47	62	96
	13	54	26	46	42	85	53	16	50	25	62	59
	56	96	89	87	47	61	42	93	41	40	72	53
	64	55	71	64	69	53	95	11	54	14	25	20
	20	84	77	22	58	55	54	98	25	85	57	91
	21	63	39	76	10	39	82	37	32	76	33	56
	24	28	71	86	87	11	57	25	38	41	72	29
	53	28	86	75	55	20	70	12	52	24	72	59
	78	73	87	13	94	26	75	44	82	60	49	33
	49	38	41	45	54	41	18	11	71	76	52	69
	14	36	39	86	98	55	92	90	25	87	77	79
	35	57	39	34	77	18	44	29	88	43	25	61
	68	18	84	80	21	40	39	29	82	45	83	66
	92	98	55	74	71	40	47	14	55	84	34	64
	75	69	17	65	26	23	53	20	43	73	16	90
	81	10	49	91	78	37	26	68	90	79	19	67
	49	11	64	14	51	13	21	44	29	38	57	39
	17	61	50	12	42	92	72	75	27	67	88	13
	75	41	99	93	85	93	92	61	41	55	95	20
	84	86	59	58	81	64	61	52	53	19	93	15
	18	20	89	78	38	52	19	80	30	22	31	18
	22	58	34	56	49	77	27	48	65	75	28	55
	82	98	46	99	40	64	75	31	80	59	15	88
	67	76	56	44	88	67	61	62	13	36	58	67
	47	97	76	10	91	25	92	29	29	53	56	44
	66	54	15	48	61	95	15	12	58	67	34	70

	81	53	80	99	42	25	31	59	51	83	48	93
	82	40	26	19	80	78	70	80	75	16	40	46
	97	29	57	12	92	52	39	84	52	64	54	80
	42	48	47	93	43	74	63	81	69	81	78	62
	50	30	41	29	87	21	22	94	65	51	55	73
	100	16	78	44	72	12	23	27	98	89	32	36
	83	58	34	51	65	63	71	65	93	59	31	24
	97	87	50	39	22	37	49	26	53	57	40	52
	86	97	27	45	26	42	93	20	96	56	84	99
	33	58	45	66	68	40	27	37	77	92	29	12
	48	43	33	59	88	13	37	39	47	27	63	87
	69	49	81	18	32	41	66	94	71	80	29	65
	86	19	27	67	88	82	10	66	11	14	84	67
	18	22	51	15	79	56	55	20	78	52	71	74
	59	69	22	76	66	65	11	60	10	54	82	68
	66	56	16	99	89	59	57	27	42	21	52	69
	21	77	33	60	66	80	60	23	44	58	28	54
	12	55	20	99	49	72	72	94	68	41	62	82
	37	23	32	26	34	74	45	28	89	71	60	69
	68	25	47	28	61	60	56	92	75	44	57	95
	29	30	53	99	98	14	19	22	17	73	53	43
	25	96	58	50	15	54	99	46	21	70	39	76
	14	86	52	62	52	31	43	15	34	81	88	24
	45	24	42	55	12	49	78	30	76	53	54	53
	20	34	72	91	23	57	92	26	92	52	22	42
	20	91	58	93	84	62	95	13	89	70	30	95
	66	97	34	98	87	83	50	85	94	89	41	37
	84	45	89	42	80	22	59	25	17	16	67	77
	100	71	79	92	53	85	97	63	11	60	80	99
	75	25	75	67	18	16	43	99	68	92	94	59

	40	15	34	95	27	69	27	33	73	80	32	64
	40	38	79	30	21	68	83	39	30	35	68	26
	44	74	47	98	29	43	91	86	24	17	20	89
	57	37	15	78	80	24	28	52	95	58	49	41
	30	64	12	66	54	68	58	71	58	57	14	62
	17	75	17	69	85	21	30	86	77	28	21	62
	46	87	74	76	78	36	47	34	58	79	84	28
	82	93	16	30	37	79	79	34	100	85	89	62
	32	81	37	25	56	22	29	71	70	25	73	97
	91	66	15	65	30	76	43	45	68	64	81	19
	68	47	23	92	36	95	74	50	21	32	28	61
	33	82	39	57	61	38	81	93	39	95	18	10
	64	86	66	21	23	96	98	32	38	51	43	24
	59	52	14	66	96	50	66	48	25	39	10	29
	12	49	45	56	97	43	42	97	58	95	83	83
	64	26	68	11	60	52	91	15	54	90	88	66
	98	48	30	28	43	17	17	88	42	81	11	27
	47	42	87	25	31	50	17	48	42	87	91	28
	24	54	52	12	31	18	31	88	59	11	86	27
	53	81	62	33	91	27	92	43	66	61	94	84
	18	62	41	84	95	65	53	35	72	15	35	97
	66	80	25	82	70	74	16	56	33	75	90	72
	87	76	88	37	99	96	85	49	96	91	57	47
	46	15	59	91	14	60	54	75	93	36	82	27
	90	87	95	36	71	41	30	20	54	77	39	18
	70	26	46	70	63	18	88	94	89	95	81	72
	28	83	91	74	78	54	74	70	41	97	19	24
	15	16	38	59	51	10	74	93	15	26	20	64
	36	95	68	63	59	64	72	25	26	93	97	84
	36	18	62	65	13	48	96	98	68	38	36	67

	55	27	13	72	66	14	36	23	94	69	17	44
	65	66	19	21	43	39	96	65	61	19	100	23
	52	43	34	82	33	83	94	64	35	63	72	75
	96	24	67	75	22	42	47	75	80	80	16	99
	11	23	50	71	36	64	72	54	52	86	93	19
	40	26	15	41	61	16	67	83	17	54	94	32
	70	87	48	34	79	28	89	72	100	79	15	44
	69	70	82	57	30	28	95	34	20	69	31	83
	62	32	67	61	93	39	20	35	29	69	96	15
	29	81	40	67	82	72	44	70	60	71	59	64
	67	72	81	35	23	33	72	68	70	99	92	88
	26	11	47	54	37	35	95	80	79	94	46	92
	85	61	29	37	99	79	20	66	89	49	87	75
	13	96	57	15	24	19	96	73	41	22	96	40
	53	75	53	52	51	46	93	89	92	64	12	33
	79	62	74	43	34	56	37	11	43	40	21	96
	56	37	68	26	98	90	49	11	81	33	32	34
	35	57	76	86	99	15	71	43	42	32	12	100
	33	46	10	84	12	42	85	38	76	46	61	85
	36	70	23	70	52	50	26	63	16	66	95	20
	32	24	45	32	19	66	81	97	85	62	92	89
	62	44	95	85	98	80	64	24	88	93	31	81
	91	49	42	49	64	72	59	32	35	22	92	50
	69	82	70	12	15	52	58	88	17	55	84	81
	49	19	80	44	83	38	24	96	81	49	23	10
	94	38	24	57	70	60	17	89	66	85	43	58
	93	56	74	72	11	19	41	26	53	31	44	53
	97	11	55	78	67	55	67	57	15	89	20	78
	74	92	49	50	51	73	15	17	43	69	70	95
	60	67	69	20	17	56	31	58	51	45	89	95

	50	64	34	42	71	92	81	30	49	54	34	99
	70	64	92	32	71	93	36	65	12	72	10	45
	46	26	43	27	58	84	34	97	68	83	75	45
	48	90	22	11	86	46	79	49	32	45	15	75
	98	41	66	18	66	36	99	51	73	14	79	54
	62	87	52	60	37	90	21	61	17	13	56	49
	56	92	59	28	36	43	69	61	24	18	72	42
	50	49	98	52	53	56	62	90	46	56	86	79
	64	12	46	79	38	60	73	87	30	19	38	86
	97	27	34	85	85	90	54	52	69	94	80	74
	88	77	42	60	81	94	39	18	53	88	94	93
	51	20	37	67	17	64	88	13	67	30	57	40
	81	66	35	38	12	47	66	30	33	23	70	91
	39	35	71	94	67	82	55	41	66	46	26	48
	75	77	37	64	40	92	93	77	49	35	22	56
	66	67	35	69	25	15	97	41	44	79	96	40
	75	49	46	37	18	23	44	71	89	87	50	18
	43	65	13	94	77	17	71	76	84	18	57	48
	48	72	73	45	49	20	37	86	77	48	87	93
	89	32	20	44	15	89	68	35	37	58	82	52
	31	85	22	16	57	74	87	16	57	46	61	90
	70	17	89	79	86	50	71	34	67	32	20	14
	68	24	68	29	16	99	29	53	42	69	67	87
	66	11	43	92	34	17	26	62	68	45	29	64
	26	55	23	68	73	95	23	100	18	61	89	34
	48	89	23	77	14	82	71	61	78	42	97	93
	71	89	91	86	53	84	61	74	24	44	30	33
	56	43	88	89	54	83	91	67	66	50	54	96
	58	86	98	17	37	54	86	85	18	30	90	84
	12	61	82	33	87	58	88	14	25	96	90	44

	36	12	17	92	36	31	58	37	51	16	50	24
	61	43	15	59	61	93	54	66	55	87	37	50
	81	99	77	77	39	95	11	32	40	63	65	20
	69	43	62	40	23	17	54	22	37	27	62	75
	59	73	82	87	30	83	32	90	79	72	24	37
	33	18	89	60	21	34	74	73	93	11	84	97
	30	79	58	93	47	75	48	76	74	92	56	56
	73	63	20	46	26	97	20	45	33	58	76	30
	37	51	17	21	96	21	51	84	49	44	84	28
	98	85	15	73	22	47	10	89	89	72	47	83
	45	42	81	40	29	16	53	73	52	83	65	44
	26	49	15	82	73	98	45	95	47	37	23	95
	70	89	72	92	77	66	72	37	51	63	27	24
	53	53	99	17	22	20	43	100	82	72	27	92
	51	13	46	19	13	87	50	64	60	27	64	75
	13	78	79	73	17	89	12	98	98	34	74	32
	11	35	84	23	24	24	39	37	30	42	68	60
	75	55	11	52	43	25	31	47	45	49	33	39
	83	46	87	59	61	61	47	50	60	78	33	17
	51	40	91	65	49	30	39	47	94	14	64	25
	20	55	66	15	57	38	36	80	55	21	58	23
	66	38	34	13	70	16	60	80	65	97	75	57
	56	81	18	47	94	91	46	57	65	11	74	11
	90	11	57	34	97	82	83	71	91	71	27	50
	77	71	20	89	56	32	66	62	28	74	36	72
	34	27	93	26	24	16	91	53	44	97	44	95
	99	32	36	98	71	79	42	55	96	13	17	83
	42	43	31	33	20	17	59	74	56	95	28	53
	45	37	96	31	48	57	59	71	56	83	57	54
	15	53	12	88	74	94	82	31	42	29	32	34

	62	54	54	60	30	78	31	64	50	61	12	75
	33	40	76	95	12	32	54	11	65	80	63	84
	51	19	63	70	69	39	67	25	77	59	82	39
	28	58	71	96	40	24	12	36	53	96	70	13
	42	66	25	89	31	12	95	37	70	11	65	51
	55	31	46	19	84	47	55	91	94	60	79	80
	63	33	28	80	84	74	37	56	61	72	53	36
	30	76	97	17	24	97	26	88	69	87	45	96
	79	78	53	93	43	79	52	12	21	67	12	33
	32	83	44	90	24	39	51	89	70	49	41	40
	55	52	23	57	16	33	47	65	99	89	31	11
	90	42	99	58	48	66	28	17	25	73	22	61
	56	40	65	63	11	92	72	44	91	76	72	19
	80	72	64	58	59	21	95	29	56	57	44	41
	89	39	17	27	15	72	37	13	67	55	65	79
	99	62	79	70	21	64	30	26	21	79	19	64
	42	53	79	77	46	62	59	45	51	15	30	66
	29	86	42	38	16	82	26	56	66	24	22	15
	82	59	68	51	21	98	88	24	89	60	35	99
	62	26	44	39	62	17	30	39	81	14	12	68
	19	97	31	35	72	70	89	36	93	18	82	21
	23	50	83	39	86	69	41	71	94	95	28	71
	31	57	86	25	20	43	11	49	27	30	40	73
	31	57	75	81	64	37	25	59	88	90	28	62
	46	28	18	45	48	29	51	33	49	67	36	30
	31	76	12	50	76	40	32	75	54	10	40	66
	20	72	89	26	46	88	31	62	45	42	28	34
	60	21	68	75	80	26	89	41	71	76	10	32
	96	89	97	94	97	92	87	81	20	32	87	71
	74	37	97	30	97	97	52	99	25	90	58	56

	43	31	85	91	60	78	64	88	20	77	78	24
	80	58	77	73	28	84	44	46	39	22	42	96
	45	70	57	100	40	44	57	96	95	15	41	87
	79	43	99	84	98	92	67	39	36	79	82	95
	66	70	73	99	30	48	76	41	20	37	92	97
	69	91	45	70	38	41	11	12	68	90	79	28
	57	53	98	59	96	63	55	37	42	37	18	38
	100	56	40	91	18	58	40	59	76	33	30	22
	92	73	38	66	70	36	36	27	87	92	51	52
	48	73	62	97	37	59	11	66	37	56	31	24
	44	80	27	36	87	14	61	69	76	36	59	13
	61	37	21	76	49	65	24	90	92	54	79	20
	85	93	61	97	53	20	49	95	96	40	44	93
	13	30	91	50	55	87	85	90	61	79	82	53
	56	67	11	63	80	25	94	62	62	28	34	87
	59	53	32	11	81	80	35	83	29	89	33	98
	96	90	60	38	96	34	83	96	85	75	50	48
	47	30	38	91	44	28	99	25	34	59	92	83
	25	65	16	70	77	37	33	71	66	18	88	52
	90	99	90	14	66	64	34	73	37	19	24	64
	63	95	21	37	71	57	53	61	32	23	32	56
	20	39	29	80	63	20	59	41	46	82	48	69
	74	52	85	77	51	19	52	67	63	94	21	65
	70	62	93	64	93	69	44	95	97	80	62	47
	73	53	21	84	77	71	37	71	16	82	52	80
	94	63	17	28	59	79	28	13	95	89	56	91
	89	82	26	62	35	46	69	15	95	81	29	90
	90	36	87	22	48	39	16	98	78	45	99	71
	47	94	31	13	29	80	51	94	93	31	75	79
	88	83	57	20	14	30	16	32	40	84	18	73

	35	39	15	88	98	57	90	98	27	95	16	76
	59	43	74	73	59	55	16	64	22	85	28	83
	48	27	51	17	24	26	32	38	17	25	55	92
	18	13	10	94	51	68	93	43	17	26	27	18
	77	28	92	18	13	18	20	40	34	41	77	14
	39	33	53	26	70	13	60	39	60	33	20	23
	22	78	22	90	97	23	17	48	22	43	76	73
	35	76	77	26	96	76	29	68	25	67	91	92
	99	98	15	27	76	29	91	96	52	82	20	92
	54	92	51	31	31	23	11	11	89	59	64	86
	73	39	73	69	35	42	82	13	14	27	54	87
	95	33	53	73	40	18	59	90	55	35	29	47
	15	68	77	75	85	29	42	67	45	68	45	12
	52	24	25	65	16	55	19	51	86	16	31	29
	73	19	90	53	19	94	19	52	94	19	34	90
	19	93	42	85	80	79	93	84	18	73	46	31
	100	23	38	83	14	79	86	61	50	18	16	32
	59	51	26	21	64	36	33	44	88	19	31	17
	87	60	78	61	63	36	41	28	27	86	44	54
	93	43	66	20	39	87	51	58	48	62	46	18
	55	23	12	61	11	56	86	100	53	14	74	77
	38	72	58	94	40	99	34	29	79	50	17	75
	33	90	16	72	17	67	52	27	44	71	10	43
	84	60	58	16	33	31	88	65	55	32	67	74
	70	29	88	44	22	18	72	34	85	68	13	46
	32	38	99	69	18	18	64	49	11	80	52	77
	72	96	64	31	68	32	34	65	50	25	39	99
	48	15	100	46	18	26	40	45	12	70	85	70
	72	30	24	64	92	75	43	91	63	27	98	76
	97	60	97	68	65	57	78	71	80	26	92	62

	53	95	75	41	10	39	78	29	77	21	32	69
	97	97	52	42	69	46	35	89	35	50	47	34
	78	29	18	20	23	18	33	32	28	91	12	14
	73	99	33	22	95	13	31	36	53	48	68	86
	48	42	92	85	98	77	97	13	40	12	36	60
	70	19	62	49	67	85	52	82	29	28	74	49
	87	52	100	38	64	89	90	18	41	11	50	28
	42	26	46	60	18	39	72	77	36	48	31	48
	27	94	61	18	26	36	81	87	18	66	11	22
	55	81	99	31	32	77	100	38	24	99	88	71
	81	14	73	97	61	61	71	86	30	67	93	54
	89	65	98	75	57	13	64	57	93	44	49	47
	90	83	80	81	40	83	27	93	20	15	72	47
	86	12	100	84	46	73	62	84	74	18	58	97
	98	53	50	55	90	91	69	69	93	16	98	34
	23	79	42	31	94	62	22	81	59	26	81	64
	21	58	44	62	87	92	63	52	97	19	48	69
	68	27	45	16	97	91	82	54	46	85	29	83
	73	11	11	23	86	57	23	28	41	84	78	61
	25	56	56	64	84	82	60	58	96	53	49	19
	15	50	89	61	13	54	59	49	26	95	55	98
	50	15	11	52	62	36	69	86	41	85	55	18
	97	93	42	49	59	50	58	38	30	16	82	58
	90	57	31	80	45	48	84	66	77	97	76	38
	19	85	81	87	44	84	59	15	59	19	39	40
	85	56	61	21	48	13	99	19	79	27	85	28
	81	52	50	78	29	58	88	33	62	86	13	85
	27	23	49	37	29	49	75	22	93	46	12	13
	69	54	77	74	73	63	34	68	77	88	50	43
	90	44	30	20	74	81	31	57	62	27	29	94

