***** PARAMETERS PRP *****

Number of Customers = 30
Number of Products = 10
Number of Vehicles = 5
Number of Periods = 12

B = Production capacity
	49123

b_p = Time required to produce item p
 	1	1	1	1	1	1	1	1	1	1

c_p = Production cost of item p
 	80	30	80	80	80	80	80	80	30	30

s_p = Setup cost of item p
 	800	300	800	800	800	800	800	800	300	300

M = Big number
	196492

U_pi = Maximum inventory upper bound of item p at site i
 	196492	226	105	191	256	219	122	128	174	236	189	105	235	96	259	229	82	215	101	180	305	266	293	103	279	214	188	205	182	181	292
	196492	179	117	103	276	130	183	236	186	252	133	191	126	289	247	250	303	139	152	254	217	222	94	99	270	182	222	198	319	122	290
	196492	276	133	242	251	250	163	120	220	178	222	162	196	122	93	173	112	251	218	202	249	159	77	186	206	296	222	119	97	173	130
	196492	154	86	233	202	254	120	289	188	118	101	219	266	234	175	111	307	164	114	228	160	136	95	134	93	105	236	116	292	155	139
	196492	288	103	265	318	294	102	228	203	194	187	263	228	133	282	236	157	156	305	167	214	210	259	272	170	162	144	117	261	174	255
	196492	205	222	232	98	110	207	222	94	198	287	197	96	253	196	210	216	222	226	146	159	306	262	219	290	143	161	261	155	264	162
	196492	209	222	131	148	117	278	253	194	143	231	230	246	245	134	199	263	97	168	151	139	273	311	139	130	194	165	210	126	112	162
	196492	282	223	270	128	85	315	257	121	180	340	280	244	108	134	104	192	250	156	196	226	257	99	198	125	147	98	115	152	253	194
	196492	255	121	144	256	103	110	135	85	183	264	300	137	248	150	210	307	219	255	218	310	215	178	111	127	203	213	250	170	149	206
	196492	228	213	205	190	275	273	157	178	188	236	312	251	213	153	252	182	188	117	212	117	344	225	246	234	144	179	110	97	97	83

I_pi0 = Initial inventory of item p at site i
 	0	147	13	54	93	145	92	78	160	157	103	36	125	90	36	103	36	152	35	86	230	173	262	66	146	117	135	111	132	154	234
	0	46	84	14	144	119	33	116	136	158	119	27	55	156	193	200	55	62	73	51	40	176	49	80	47	102	177	63	184	94	150
	0	146	65	34	195	159	132	116	70	51	60	155	131	76	80	78	53	167	24	60	199	80	0	94	78	137	94	26	83	79	82
	0	83	11	189	196	104	65	237	179	89	51	96	87	39	48	55	238	158	107	94	133	68	14	97	64	96	49	109	31	63	138
	0	226	31	231	79	270	18	18	168	21	140	133	133	65	150	117	102	82	30	53	35	49	216	166	109	115	109	52	185	151	148
	0	77	112	29	70	69	146	58	59	95	243	169	24	146	126	95	53	216	74	23	113	191	208	189	27	103	107	94	81	212	20
	0	27	141	84	31	95	198	133	190	99	23	202	99	214	95	75	203	29	69	90	68	208	255	16	127	191	158	38	122	53	134
	0	130	30	132	97	68	191	162	18	99	187	204	122	68	59	66	186	216	152	158	190	238	87	149	88	114	33	99	20	89	116
	0	56	91	129	137	43	85	58	31	67	111	133	110	74	128	203	237	63	207	149	149	207	108	100	96	107	75	225	164	114	55
	0	88	137	195	132	58	57	94	127	161	168	100	34	85	62	141	86	178	82	161	55	113	34	154	116	86	169	99	60	86	17

h_pi = Inventory cost of item p at site i
 	8	0	0	0	0	0	0	0	0	0	0	0	0	0	0	0	0	0	0	0	0	0	0	0	0	0	0	0	0	0	0
	3	0	0	0	0	0	0	0	0	0	0	0	0	0	0	0	0	0	0	0	0	0	0	0	0	0	0	0	0	0	0
	8	0	0	0	0	0	0	0	0	0	0	0	0	0	0	0	0	0	0	0	0	0	0	0	0	0	0	0	0	0	0
	8	0	0	0	0	0	0	0	0	0	0	0	0	0	0	0	0	0	0	0	0	0	0	0	0	0	0	0	0	0	0
	8	0	0	0	0	0	0	0	0	0	0	0	0	0	0	0	0	0	0	0	0	0	0	0	0	0	0	0	0	0	0
	8	0	0	0	0	0	0	0	0	0	0	0	0	0	0	0	0	0	0	0	0	0	0	0	0	0	0	0	0	0	0
	8	0	0	0	0	0	0	0	0	0	0	0	0	0	0	0	0	0	0	0	0	0	0	0	0	0	0	0	0	0	0
	8	0	0	0	0	0	0	0	0	0	0	0	0	0	0	0	0	0	0	0	0	0	0	0	0	0	0	0	0	0	0
	3	0	0	0	0	0	0	0	0	0	0	0	0	0	0	0	0	0	0	0	0	0	0	0	0	0	0	0	0	0	0
	3	0	0	0	0	0	0	0	0	0	0	0	0	0	0	0	0	0	0	0	0	0	0	0	0	0	0	0	0	0	0

C = Vehicle capacity
	3440

f = Fixed transportation cost
	28458

a_ik = Transportation cost for traveling from node i to node k
 	0	421	416	182	269	271	344	195	233	324	234	14	395	376	434	221	329	193	226	325	488	214	324	259	255	490	72	318	270	505	469
	421	0	258	330	653	673	724	447	643	100	641	424	773	764	839	636	670	418	224	732	907	566	214	454	624	905	357	117	512	918	868
	416	258	0	437	685	685	610	541	643	226	569	426	652	653	745	578	531	296	209	650	846	457	100	292	514	887	347	199	353	834	762
	182	330	437	0	332	362	523	118	340	255	406	174	573	552	601	386	510	331	232	493	632	394	338	397	436	600	173	267	427	662	639
	269	653	685	332	0	55	383	230	84	565	265	259	418	387	381	229	435	438	488	303	348	360	591	494	357	277	338	567	479	405	426
	271	673	685	362	55	0	335	269	46	582	222	263	368	336	327	187	393	424	495	252	296	328	595	474	317	239	342	581	454	351	371
	344	724	610	523	383	335	0	497	301	625	129	350	51	43	140	161	98	321	502	94	270	160	556	321	102	376	384	609	265	232	152
	195	447	541	118	230	269	497	0	258	372	370	182	544	519	550	343	506	382	333	448	556	396	441	449	426	505	226	382	464	598	591
	233	643	643	340	84	46	301	258	0	549	182	225	337	306	309	147	353	379	458	223	299	283	555	429	275	264	304	547	408	345	353
	324	100	226	255	565	582	625	372	549	0	541	328	675	665	740	537	573	323	126	632	809	467	149	364	525	811	258	30	420	818	768
	234	641	569	406	265	222	129	370	182	541	0	237	174	149	201	36	172	275	425	92	278	128	498	303	99	333	287	530	264	278	235
	14	424	426	174	259	263	350	182	225	328	237	0	400	380	436	222	338	206	233	327	486	223	333	272	263	485	80	323	283	505	472
	395	773	652	573	418	368	51	544	337	675	174	400	0	33	116	204	126	366	550	117	257	208	601	362	150	378	435	658	303	206	115
	376	764	653	552	387	336	43	519	306	665	149	380	33	0	99	177	137	363	542	85	234	202	598	364	143	350	420	649	308	191	109
	434	839	745	601	381	327	140	550	309	740	201	436	116	99	0	216	235	451	620	110	143	289	684	459	231	276	487	726	404	93	45
	221	636	578	386	229	187	161	343	147	537	36	222	204	177	216	0	207	288	424	108	274	153	503	322	131	314	280	526	287	284	254
	329	670	531	510	435	393	98	506	353	573	172	338	126	137	235	207	0	253	447	181	367	117	486	240	83	468	353	553	179	327	240
	193	418	296	331	438	424	321	382	379	323	275	206	366	363	451	288	253	0	198	354	551	163	236	68	221	601	161	302	103	539	471
	226	224	209	232	488	495	502	333	458	126	425	233	550	542	620	424	447	198	0	515	698	343	109	243	401	714	155	108	297	702	647
	325	732	650	493	303	252	94	448	223	632	92	327	117	85	110	108	181	354	515	0	200	195	583	372	143	287	379	620	323	188	146
	488	907	846	632	348	296	270	556	299	809	278	486	257	234	143	274	367	551	698	200	0	394	775	571	343	149	551	800	522	82	168
	214	566	457	394	360	328	160	396	283	467	128	223	208	202	289	153	117	163	343	195	394	0	397	178	60	461	237	450	136	377	310
	324	214	100	338	591	595	556	441	555	149	498	333	601	598	684	503	486	236	109	583	775	397	0	253	456	804	254	120	315	770	706
	259	454	292	397	494	474	321	449	429	364	303	272	362	364	459	322	240	68	243	372	571	178	253	0	230	635	228	340	62	549	473
	255	624	514	436	357	317	102	426	275	525	99	263	150	143	231	131	83	221	401	143	343	60	456	230	0	421	288	508	180	321	251
	490	905	887	600	277	239	376	505	264	811	333	485	378	350	276	314	468	601	714	287	149	461	804	635	421	0	560	807	596	230	309
	72	357	347	173	338	342	384	226	304	258	287	80	435	420	487	280	353	161	155	379	551	237	254	228	288	560	0	250	255	563	519
	318	117	199	267	567	581	609	382	547	30	530	323	658	649	726	526	553	302	108	620	800	450	120	340	508	807	250	0	397	807	754
	270	512	353	427	479	454	265	464	408	420	264	283	303	308	404	287	179	103	297	323	522	136	315	62	180	596	255	397	0	496	416
	505	918	834	662	405	351	232	598	345	818	278	505	206	191	93	284	327	539	702	188	82	377	770	549	321	230	563	807	496	0	99
	469	868	762	639	426	371	152	591	353	768	235	472	115	109	45	254	240	471	647	146	168	310	706	473	251	309	519	754	416	99	0

coordXY = Coordinates (x,y): line zero => x line one => y column => customers
 	300	265	29	425	485	443	114	491	403	254	222	313	91	123	174	257	51	110	205	205	297	131	116	43	129	444	267	227	33	216	137
	498	79	183	367	693	728	787	464	706	178	718	500	832	829	913	714	713	467	294	808	985	628	232	474	687	966	435	189	535	995	937

d_pit = Demand of item p at customer i in period t
 	25	92	30	58	77	67	69	26	90	31	45	69
	13	26	88	69	64	71	27	28	63	80	81	22
	19	17	18	94	33	70	19	12	88	64	45	95
	61	32	58	46	95	60	85	88	31	87	69	57
	80	65	84	88	63	68	29	18	33	44	62	23
	92	12	95	38	58	91	74	51	84	16	96	22
	78	69	69	69	49	85	89	28	54	87	27	62
	78	35	47	49	42	52	10	57	53	58	14	28
	61	96	80	33	47	54	97	56	16	78	57	34
	92	11	58	81	54	25	17	76	25	37	81	10
	36	86	87	46	39	24	88	41	62	41	42	39
	63	26	36	69	71	35	25	26	92	23	62	36
	43	18	29	64	93	21	54	28	33	46	62	84
	20	16	11	41	85	65	32	45	61	93	81	71
	31	19	53	91	67	51	70	53	54	19	78	100
	36	53	61	67	16	43	47	17	38	15	77	20
	93	11	48	40	39	84	36	87	25	18	11	24
	35	68	40	87	43	96	17	30	29	26	45	92
	86	54	46	49	99	14	73	60	69	52	45	71
	69	71	65	25	97	94	69	35	56	19	36	97
	25	39	74	35	96	25	35	79	83	48	76	23
	81	98	83	57	32	84	82	54	60	66	85	96
	66	30	57	79	15	40	12	95	56	64	71	33
	20	76	50	48	45	50	35	75	31	88	62	90
	75	42	43	43	77	11	84	96	42	70	28	32
	63	72	67	38	56	19	88	21	79	19	19	24
	66	45	48	47	29	21	54	13	66	52	92	83
	58	64	10	52	67	75	22	59	90	38	95	97
	19	42	93	59	94	22	92	27	74	80	21	99
	76	27	79	52	90	75	84	80	86	91	47	89

	46	42	43	19	28	42	83	54	56	77	20	28
	37	47	65	76	94	37	27	73	95	38	37	78
	14	14	65	51	64	87	95	41	55	21	45	63
	93	51	76	75	24	44	68	21	24	52	90	45
	71	48	89	64	49	68	92	71	63	34	83	49
	33	74	93	80	54	49	46	80	49	45	72	55
	62	29	25	50	61	38	64	74	87	45	73	99
	72	64	79	66	74	81	19	90	65	27	85	20
	60	22	76	72	34	18	30	72	83	42	54	42
	89	30	23	17	57	43	50	27	89	49	22	36
	27	66	69	34	96	87	42	72	80	37	54	98
	55	82	84	56	92	81	61	30	42	74	18	80
	69	87	57	61	89	12	39	60	58	67	83	12
	38	82	73	17	65	35	56	56	42	63	49	16
	75	21	83	21	28	90	20	42	40	44	57	79
	55	12	93	69	50	99	91	77	16	54	14	96
	62	12	62	39	22	12	44	18	96	80	57	51
	73	91	22	31	17	48	11	29	16	23	31	65
	51	94	43	47	80	94	46	49	39	64	84	72
	40	21	45	11	52	39	68	96	71	74	76	58
	49	64	63	89	20	79	12	85	88	80	26	11
	31	18	63	49	80	11	45	58	14	62	99	33
	80	19	82	84	30	26	81	25	85	17	30	37
	47	80	52	22	93	19	48	42	82	55	57	52
	70	32	49	15	60	30	17	78	94	17	55	28
	67	32	46	32	76	32	79	83	32	66	43	79
	26	37	25	19	10	26	79	63	33	62	32	64
	35	73	76	76	52	98	71	88	64	59	11	63
	94	69	83	13	96	68	67	94	33	33	65	19
	38	79	33	68	36	24	75	80	89	52	42	79

	79	67	45	25	70	18	86	69	29	29	74	71
	65	74	98	46	70	46	50	100	34	95	45	74
	34	75	11	89	68	100	96	14	61	64	85	28
	94	42	59	64	24	59	95	57	22	99	89	48
	17	91	51	98	79	13	37	86	92	78	56	53
	22	27	83	92	79	13	66	36	99	55	16	64
	36	80	63	68	53	17	86	90	66	24	47	91
	70	93	38	13	90	73	99	38	19	23	32	71
	51	79	32	68	24	94	87	58	48	41	29	99
	25	35	82	79	72	59	30	60	62	29	82	51
	80	60	15	48	59	15	77	66	32	76	83	37
	88	15	28	76	31	32	90	14	16	34	89	75
	76	50	31	37	97	66	28	92	42	71	84	57
	27	53	37	35	79	58	18	41	51	35	98	23
	26	52	57	91	47	85	40	16	57	46	91	83
	53	62	32	61	12	85	89	70	17	78	100	11
	55	38	74	40	12	38	51	69	60	64	46	56
	11	13	80	90	55	72	70	27	54	28	60	95
	60	51	49	15	50	76	87	78	81	90	72	100
	72	71	56	75	89	87	11	23	84	54	69	55
	55	10	15	33	98	41	43	21	19	35	77	31
	90	72	92	18	26	19	23	24	11	53	11	24
	51	24	19	29	71	98	95	13	67	52	15	24
	58	20	61	27	44	16	87	49	77	65	61	53
	90	47	42	95	76	46	52	36	37	66	97	26
	39	33	22	50	52	90	78	22	77	45	12	13
	26	72	55	30	76	61	28	87	72	83	93	33
	70	13	93	35	26	30	14	93	69	25	47	64
	51	28	26	65	76	81	13	33	19	49	32	45
	82	54	96	45	90	91	41	45	97	40	24	75

	11	72	73	25	33	96	27	75	63	32	52	58
	11	85	24	47	58	60	11	12	40	18	90	57
	68	32	75	14	55	49	12	57	50	76	37	33
	21	88	76	11	39	77	26	91	56	34	31	55
	88	16	73	98	53	17	34	30	55	14	78	53
	65	68	23	94	77	49	54	24	76	95	29	67
	78	61	98	64	97	80	69	70	100	81	20	49
	85	66	28	64	29	94	12	98	16	75	85	98
	89	96	82	76	33	22	87	83	12	23	52	52
	51	86	91	25	14	71	26	81	35	15	47	64
	75	21	48	57	28	48	25	10	86	47	49	31
	18	69	53	32	100	38	38	65	30	91	36	69
	39	40	46	83	26	85	50	20	58	79	98	78
	48	29	53	58	42	19	39	13	66	56	20	83
	27	28	65	100	78	77	15	60	65	86	52	11
	73	77	88	29	29	61	83	22	92	42	97	43
	66	92	48	71	33	43	14	49	90	60	61	30
	21	23	63	90	65	84	34	33	56	42	97	74
	25	69	44	49	57	23	63	95	54	10	40	18
	66	67	12	35	71	25	34	66	60	80	98	25
	68	73	11	70	67	76	59	98	78	73	97	43
	14	46	32	94	81	75	12	20	26	81	71	20
	97	69	92	61	32	42	80	70	73	36	75	78
	64	48	12	90	53	32	54	63	63	37	26	17
	96	79	95	33	89	97	36	14	11	48	17	13
	49	11	15	87	65	60	88	79	84	63	79	28
	67	42	45	89	43	44	63	35	88	71	41	70
	31	78	76	42	16	91	50	48	76	97	68	28
	63	75	40	40	32	60	73	14	11	54	99	57
	61	77	64	100	97	49	81	51	64	43	70	75

	80	17	62	67	76	45	75	11	90	59	63	45
	31	50	20	75	12	60	93	19	63	72	41	81
	63	47	99	22	67	87	15	61	87	25	19	43
	79	64	56	83	87	85	20	31	71	28	82	76
	94	42	92	42	54	45	47	26	65	64	91	44
	18	83	86	81	11	71	16	74	13	46	43	72
	18	38	21	95	49	76	42	17	49	22	75	46
	72	96	56	81	35	96	96	19	83	19	93	67
	21	61	61	96	91	80	14	17	11	67	51	12
	94	46	81	79	49	53	52	27	91	72	38	66
	39	22	72	64	13	12	44	85	66	85	64	66
	55	78	31	78	55	71	80	32	17	78	42	67
	18	47	17	27	44	68	71	77	38	46	56	24
	86	64	93	16	30	22	28	85	58	61	35	99
	96	21	11	82	40	50	70	43	21	81	13	39
	36	41	12	13	33	81	82	76	99	23	66	64
	82	90	82	89	42	13	38	17	54	31	13	71
	30	49	98	81	40	89	46	23	54	82	95	44
	53	62	24	11	87	24	88	28	58	49	89	96
	35	30	48	17	45	94	64	39	85	54	87	44
	49	30	12	40	49	86	27	97	73	90	12	65
	78	42	62	34	46	62	83	42	29	39	33	72
	91	17	58	49	82	88	98	17	15	81	17	39
	45	64	78	89	46	72	51	67	48	12	73	36
	80	35	100	71	45	84	81	65	25	12	23	26
	47	35	27	40	15	37	80	36	88	33	39	98
	52	94	29	47	81	62	87	54	45	70	30	51
	57	89	39	90	53	47	94	58	100	18	93	44
	16	89	46	39	42	18	90	97	96	98	12	53
	99	49	45	75	53	37	36	96	21	98	79	76

	77	33	57	94	60	79	74	75	37	88	56	88
	33	79	72	82	39	38	27	88	65	18	58	68
	29	66	92	31	10	83	28	50	32	29	86	21
	70	66	19	12	59	98	51	50	14	82	39	26
	69	45	42	61	33	46	88	22	43	75	81	53
	28	51	67	67	63	23	59	37	64	78	71	14
	58	70	24	59	81	47	28	54	45	93	66	41
	30	29	18	94	30	35	12	59	99	74	10	75
	95	92	74	56	76	30	49	99	47	74	14	87
	83	49	23	88	16	29	82	71	64	30	91	62
	79	90	74	85	28	84	56	69	60	49	81	33
	24	62	44	11	62	18	42	74	67	73	40	61
	57	89	10	16	53	97	38	60	17	52	85	33
	88	38	19	89	47	11	78	46	62	55	41	13
	76	19	63	76	28	53	49	57	28	77	48	56
	53	33	12	73	12	12	43	70	95	24	35	57
	38	84	60	34	54	79	21	75	22	76	36	87
	38	36	13	30	79	16	51	33	56	73	28	89
	23	70	70	40	54	24	18	97	11	81	84	12
	55	58	75	87	25	33	13	50	38	91	31	81
	97	94	94	83	84	59	46	88	89	84	15	85
	92	66	50	50	79	61	78	42	100	71	17	80
	23	21	68	77	17	65	66	44	76	93	75	31
	27	79	86	60	93	75	79	15	62	30	68	22
	12	91	42	37	15	64	80	33	39	13	76	68
	26	81	45	74	57	16	60	62	53	47	83	39
	94	24	100	61	68	27	19	37	48	23	84	42
	58	23	31	51	31	42	50	57	44	62	74	97
	98	100	14	71	47	26	45	75	48	50	37	23
	20	67	51	80	13	16	33	96	56	83	98	36

	27	71	46	56	33	100	53	87	74	46	10	24
	60	29	52	44	97	71	29	65	26	35	81	78
	84	95	64	100	89	26	34	90	21	76	13	91
	31	25	20	98	52	69	13	72	65	33	90	23
	63	32	22	91	78	34	24	71	44	79	82	79
	32	73	93	49	60	54	99	87	75	86	77	50
	51	82	38	51	91	92	98	58	50	56	49	44
	46	45	46	53	95	90	35	16	18	62	50	25
	99	52	96	38	67	25	72	71	95	74	69	98
	23	36	31	43	75	88	86	46	33	48	23	22
	60	81	61	65	21	100	37	74	44	50	63	33
	99	73	97	61	25	52	82	14	51	82	33	69
	85	92	14	23	54	81	21	33	65	20	35	65
	95	64	61	60	95	33	85	16	97	76	41	78
	42	19	14	13	67	30	13	85	85	99	62	68
	85	53	65	27	60	100	36	73	94	27	78	90
	29	93	42	35	12	74	44	37	25	54	95	43
	69	18	43	20	16	91	94	24	42	25	38	23
	90	64	25	14	42	68	88	65	42	13	38	55
	47	21	90	52	31	59	53	36	51	30	62	22
	21	91	96	72	65	63	40	75	43	93	86	74
	81	28	81	65	67	38	44	63	83	48	61	88
	16	65	36	88	91	66	55	94	94	94	50	84
	95	32	50	68	56	87	61	39	77	86	87	41
	38	58	95	23	40	41	93	81	22	26	34	31
	20	51	72	15	38	22	10	82	13	33	68	70
	38	51	16	94	58	17	73	60	65	68	68	21
	74	48	45	82	28	81	43	21	91	56	87	100
	53	60	31	86	77	55	94	88	33	59	13	21
	51	83	40	44	13	14	20	87	76	78	80	63

	100	30	68	64	65	69	68	85	20	24	13	70
	30	15	39	17	54	52	77	49	21	66	53	63
	94	38	92	28	94	13	90	17	10	92	64	16
	17	80	59	24	47	14	32	44	24	81	22	68
	43	25	12	96	26	28	27	23	32	99	90	11
	63	80	48	79	64	68	72	57	93	82	20	31
	63	99	60	54	48	35	56	44	24	54	50	30
	18	14	71	95	64	73	63	81	88	94	25	39
	49	50	27	17	13	13	52	46	55	20	60	31
	89	98	28	79	99	75	76	41	42	49	45	94
	61	62	13	68	39	58	42	50	97	82	29	71
	42	80	99	78	63	92	28	25	47	61	64	52
	24	44	52	45	88	67	44	40	32	83	73	56
	59	85	40	94	45	15	13	25	90	21	36	11
	12	54	39	96	40	67	99	13	57	37	13	99
	60	40	86	27	10	59	82	62	25	55	54	16
	73	20	71	52	96	15	45	77	23	15	64	50
	90	62	22	89	37	94	78	34	34	45	13	24
	60	98	77	96	11	24	44	28	18	39	70	22
	76	80	34	75	22	68	67	12	19	73	99	54
	14	86	46	92	93	79	36	59	33	75	92	67
	63	24	20	64	54	73	22	21	96	37	53	66
	89	21	39	19	88	70	78	95	84	63	80	64
	88	75	49	65	66	50	67	72	78	65	17	60
	55	40	19	76	100	34	30	89	32	46	54	11
	33	19	27	62	77	74	79	65	60	39	35	16
	25	74	49	75	73	69	78	72	49	15	15	93
	20	16	50	95	46	99	78	14	20	55	16	98
	73	16	49	73	45	16	61	90	47	20	60	58
	20	96	94	67	76	45	79	81	91	19	46	63

	56	67	69	77	86	47	13	30	38	45	54	31
	91	94	100	41	25	64	72	17	68	54	19	81
	56	73	38	38	25	49	40	68	74	46	12	57
	59	78	61	43	25	13	98	61	21	59	61	36
	21	22	95	69	66	61	15	54	51	67	49	45
	85	65	48	88	26	88	63	49	33	59	36	18
	39	19	28	72	30	64	28	73	64	58	23	41
	11	20	90	39	94	83	15	16	33	72	12	22
	67	66	89	34	66	76	57	80	12	74	92	18
	43	68	61	48	66	62	38	74	59	24	15	76
	37	76	20	15	76	69	21	84	98	99	39	86
	66	44	99	70	71	58	78	89	92	97	24	36
	27	47	44	78	34	67	86	88	62	94	64	52
	34	94	17	54	28	15	67	65	78	14	93	39
	19	65	93	26	79	87	69	40	85	20	31	16
	24	44	98	71	33	53	92	86	61	34	59	81
	63	89	48	50	32	48	35	49	99	46	20	79
	100	12	55	40	48	61	93	38	21	49	60	34
	46	61	42	46	37	81	74	64	17	96	15	74
	76	33	40	71	69	20	75	94	80	41	78	68
	26	65	26	90	27	57	28	56	16	57	10	59
	69	39	79	53	99	14	84	64	100	53	46	13
	100	28	32	65	51	79	25	28	98	44	26	91
	96	88	48	87	85	90	76	63	14	12	65	38
	93	14	34	69	19	61	88	31	78	28	12	81
	13	62	58	80	93	90	53	40	35	24	39	51
	72	96	57	84	22	25	86	26	92	39	82	69
	73	34	57	51	97	80	17	17	73	83	35	62
	18	96	41	55	31	89	53	57	25	43	14	73
	24	31	94	63	87	25	67	66	64	47	11	38

	74	14	46	70	82	11	38	11	66	34	27	75
	38	80	19	91	68	14	49	45	41	35	75	85
	27	57	85	26	63	22	73	20	19	15	40	46
	93	21	18	73	99	79	40	35	90	71	48	94
	10	48	46	57	78	52	22	72	83	98	76	17
	57	27	65	34	53	71	31	25	38	77	98	78
	58	36	11	67	89	53	41	62	50	82	53	24
	31	96	21	36	31	14	57	14	69	70	79	16
	95	66	53	59	57	63	86	44	36	42	67	82
	77	47	44	72	67	19	67	18	75	93	93	37
	100	62	26	87	26	86	73	68	14	74	62	70
	34	24	90	63	11	43	30	21	69	63	81	74
	11	74	15	40	78	95	53	43	44	63	56	67
	19	43	30	25	81	52	69	43	60	76	76	36
	49	92	32	23	94	79	95	50	50	75	28	89
	27	59	26	74	32	25	64	47	34	63	53	43
	87	91	18	58	21	61	78	56	91	47	58	86
	82	41	15	27	14	40	23	72	36	17	83	18
	38	80	43	96	75	37	26	27	18	61	56	78
	14	41	75	11	14	99	64	17	34	71	10	17
	39	57	17	97	92	78	81	94	52	74	55	89
	34	57	25	88	29	87	93	31	66	91	63	12
	96	58	14	31	44	60	58	72	53	10	28	67
	16	100	66	80	55	85	56	88	38	78	29	12
	86	61	26	84	55	24	62	36	42	23	48	30
	70	99	68	88	17	42	71	21	69	13	67	91
	11	62	26	38	91	37	96	33	71	72	68	57
	19	41	61	42	32	70	20	68	81	31	33	86
	86	52	16	43	56	76	89	33	61	28	20	21
	17	92	37	81	13	51	22	12	30	53	68	20

