***** PARAMETERS PRP *****

Number of Customers = 30
Number of Products = 10
Number of Vehicles = 5
Number of Periods = 12

B = Production capacity
	49200

b_p = Time required to produce item p
 	1	1	1	1	1	1	1	1	1	1

c_p = Production cost of item p
 	80	30	30	80	80	80	80	30	80	30

s_p = Setup cost of item p
 	800	300	300	800	800	800	800	300	800	300

M = Big number
	196801

U_pi = Maximum inventory upper bound of item p at site i
 	196801	111	212	236	293	273	161	204	99	203	162	191	308	84	273	75	114	253	284	232	271	190	171	333	256	139	147	157	307	87	98
	196801	280	148	200	248	264	201	282	112	181	191	120	104	179	260	216	230	206	306	105	206	149	290	276	107	186	129	268	152	125	178
	196801	319	185	211	91	345	304	181	110	77	106	84	89	267	126	230	175	203	95	131	205	190	203	204	212	215	181	214	201	151	183
	196801	271	197	311	181	288	137	113	105	268	142	190	237	104	97	183	148	170	94	258	179	242	134	228	147	239	216	104	298	321	150
	196801	236	114	127	101	177	112	270	167	201	288	265	161	131	342	255	147	237	320	115	87	239	96	240	161	305	161	218	343	204	172
	196801	204	235	223	201	238	310	122	206	234	203	194	320	146	145	221	181	142	139	136	305	223	305	274	189	234	214	161	240	117	203
	196801	244	124	144	214	179	105	181	255	182	215	90	228	167	293	256	267	234	108	263	126	104	113	247	90	123	296	189	308	163	107
	196801	170	153	121	348	176	271	150	320	78	160	234	120	328	164	130	323	283	210	184	233	87	104	115	337	84	122	175	212	193	202
	196801	222	123	274	278	266	214	300	213	128	111	165	239	164	203	222	151	128	193	210	280	145	156	263	230	263	215	257	220	244	110
	196801	345	285	228	270	265	268	92	207	132	184	229	273	231	273	127	105	172	267	245	164	309	178	99	207	220	213	94	201	172	220

I_pi0 = Initial inventory of item p at site i
 	0	48	210	13	90	221	126	170	43	157	90	127	139	49	107	71	31	125	183	85	45	16	161	225	98	83	134	98	127	58	60
	0	104	90	173	199	103	173	212	44	135	83	65	74	169	121	131	73	54	115	15	180	125	262	155	27	122	86	237	80	79	36
	0	235	168	144	74	181	166	44	49	65	54	50	41	264	48	51	91	90	66	130	37	134	138	83	116	167	99	89	163	139	95
	0	196	125	225	83	226	92	53	40	235	15	163	225	72	79	77	74	86	93	252	126	215	87	215	139	182	79	75	116	43	28
	0	64	99	74	76	144	104	213	91	100	98	160	131	13	187	48	24	161	230	106	52	163	73	101	43	68	108	99	147	197	140
	0	99	65	138	112	67	57	74	107	39	161	162	226	133	40	62	33	15	99	25	123	154	229	245	172	80	183	79	196	44	174
	0	210	114	69	50	179	65	141	211	78	211	57	165	159	270	17	225	170	86	167	114	50	96	88	21	57	250	63	203	115	47
	0	139	126	113	132	145	52	74	289	30	145	229	48	146	163	86	97	192	202	165	166	39	22	65	283	23	51	39	107	118	133
	0	202	90	171	48	10	52	96	140	16	54	29	235	152	77	58	120	126	130	22	69	87	139	233	120	71	168	78	214	108	74
	0	180	284	143	21	157	76	92	78	125	155	15	30	151	210	23	88	72	49	47	97	284	95	64	132	118	176	49	89	146	98

h_pi = Inventory cost of item p at site i
 	8	0	0	0	0	0	0	0	0	0	0	0	0	0	0	0	0	0	0	0	0	0	0	0	0	0	0	0	0	0	0
	3	0	0	0	0	0	0	0	0	0	0	0	0	0	0	0	0	0	0	0	0	0	0	0	0	0	0	0	0	0	0
	3	0	0	0	0	0	0	0	0	0	0	0	0	0	0	0	0	0	0	0	0	0	0	0	0	0	0	0	0	0	0
	8	0	0	0	0	0	0	0	0	0	0	0	0	0	0	0	0	0	0	0	0	0	0	0	0	0	0	0	0	0	0
	8	0	0	0	0	0	0	0	0	0	0	0	0	0	0	0	0	0	0	0	0	0	0	0	0	0	0	0	0	0	0
	8	0	0	0	0	0	0	0	0	0	0	0	0	0	0	0	0	0	0	0	0	0	0	0	0	0	0	0	0	0	0
	8	0	0	0	0	0	0	0	0	0	0	0	0	0	0	0	0	0	0	0	0	0	0	0	0	0	0	0	0	0	0
	3	0	0	0	0	0	0	0	0	0	0	0	0	0	0	0	0	0	0	0	0	0	0	0	0	0	0	0	0	0	0
	8	0	0	0	0	0	0	0	0	0	0	0	0	0	0	0	0	0	0	0	0	0	0	0	0	0	0	0	0	0	0
	3	0	0	0	0	0	0	0	0	0	0	0	0	0	0	0	0	0	0	0	0	0	0	0	0	0	0	0	0	0	0

C = Vehicle capacity
	3480

f = Fixed transportation cost
	31558

a_ik = Transportation cost for traveling from node i to node k
 	0	805	354	354	408	864	144	977	694	991	288	387	464	211	179	775	610	775	729	488	392	361	847	901	611	961	746	1001	915	660	540
	805	0	500	760	677	80	753	273	183	206	518	496	499	810	709	121	274	91	118	379	418	799	227	108	200	248	128	244	239	172	313
	354	500	0	515	495	544	376	727	449	703	127	321	409	462	354	442	403	450	459	138	199	546	613	581	337	617	415	728	670	335	198
	354	760	515	0	101	836	212	834	594	897	389	269	269	158	193	784	495	771	652	597	391	39	703	868	569	979	758	885	773	676	617
	408	677	495	101	0	755	266	737	506	805	369	204	180	240	232	712	407	696	566	557	341	134	607	785	493	905	686	790	677	609	566
	864	80	544	836	755	0	820	301	262	196	576	570	577	880	777	112	353	96	198	414	484	875	286	38	270	172	135	250	282	209	349
	144	753	376	212	266	820	0	891	618	924	269	284	346	91	48	744	525	739	662	491	336	223	759	855	554	937	715	926	829	629	530
	977	273	727	834	737	301	891	0	286	142	708	609	568	927	844	391	368	362	269	625	589	870	133	289	390	441	400	84	63	431	563
	694	183	449	594	506	262	618	286	0	309	423	342	327	663	571	262	100	235	65	366	304	632	165	287	118	429	249	310	225	219	312
	991	206	703	897	805	196	924	142	309	0	709	650	629	971	878	304	407	281	263	584	600	935	216	172	382	309	322	64	164	377	518
	288	518	127	389	369	576	269	708	423	709	0	207	300	350	239	489	353	488	450	223	123	421	584	613	328	678	460	724	648	374	263
	387	496	321	269	204	570	284	609	342	650	207	0	94	322	236	516	245	503	393	359	141	308	476	603	302	711	489	647	546	409	363
	464	499	409	269	180	577	346	568	327	629	300	94	0	364	299	540	228	522	387	431	217	307	436	607	320	730	516	617	507	442	424
	211	810	462	158	240	880	91	927	663	971	350	322	364	0	112	811	566	803	713	573	401	155	794	915	611	1006	783	968	864	697	608
	179	709	354	193	232	777	48	844	571	878	239	236	299	112	0	704	478	698	617	461	295	212	711	812	510	898	675	879	781	589	497
	775	121	442	784	712	112	744	391	262	304	489	516	540	811	704	0	332	32	204	309	410	823	345	147	220	196	30	352	360	116	245
	610	274	403	495	407	353	525	368	100	407	353	245	228	566	478	332	0	310	159	348	230	533	238	381	127	513	313	402	306	258	308
	775	91	450	771	696	96	739	362	235	281	488	503	522	803	698	32	310	0	175	319	403	810	314	133	204	209	42	326	329	116	254
	729	118	459	652	566	198	662	269	65	263	450	393	387	713	617	204	159	175	0	360	337	690	169	223	123	364	194	275	214	183	299
	488	379	138	597	557	414	491	625	366	584	223	359	431	573	461	309	348	319	360	0	219	632	524	451	249	480	282	616	573	209	67
	392	418	199	391	341	484	336	589	304	600	123	141	217	401	295	410	230	403	337	219	0	428	463	520	221	605	382	610	528	296	227
	361	799	546	39	134	875	223	870	632	935	421	308	307	155	212	823	533	810	690	632	428	0	740	906	608	1018	796	922	810	715	653
	847	227	613	703	607	286	759	133	165	216	584	476	436	794	711	345	238	314	169	524	463	740	0	291	278	453	344	186	71	350	466
	901	108	581	868	785	38	855	289	287	172	613	603	607	915	812	147	381	133	223	451	520	906	291	0	304	162	171	229	277	247	386
	611	200	337	569	493	270	554	390	118	382	328	302	320	611	510	220	127	204	123	249	221	608	278	304	0	412	197	398	333	132	196
	961	248	617	979	905	172	937	441	429	309	678	711	730	1006	898	196	513	209	364	480	605	1018	453	162	412	0	224	372	437	310	422
	746	128	415	758	686	135	715	400	249	322	460	489	516	783	675	30	313	42	194	282	382	796	344	171	197	224	0	367	365	87	217
	1001	244	728	885	790	250	926	84	310	64	724	647	617	968	879	352	402	326	275	616	610	922	186	229	398	372	367	0	122	413	551
	915	239	670	773	677	282	829	63	225	164	648	546	507	864	781	360	306	329	214	573	528	810	71	277	333	437	365	122	0	386	512
	660	172	335	676	609	209	629	431	219	377	374	409	442	697	589	116	258	116	183	209	296	715	350	247	132	310	87	413	386	0	142
	540	313	198	617	566	349	530	563	312	518	263	363	424	608	497	245	308	254	299	67	227	653	466	386	196	422	217	551	512	142	0

coordXY = Coordinates (x,y): line zero => x line one => y column => customers
 	418	279	500	70	42	324	280	26	169	154	388	182	92	208	261	398	154	367	209	495	304	58	54	314	273	462	397	91	44	387	461
	962	170	618	900	804	104	922	68	315	7	676	656	632	976	878	188	413	189	264	481	587	937	198	68	369	3	217	16	128	303	424

d_pit = Demand of item p at customer i in period t
 	48	90	62	68	79	25	21	72	19	68	20	94
	99	46	65	83	82	88	95	85	12	46	48	99
	13	24	59	66	14	97	54	17	70	26	60	67
	90	37	58	88	76	19	66	96	14	95	11	52
	31	31	89	70	60	36	74	97	99	52	99	80
	32	94	96	95	52	51	62	10	11	51	26	62
	98	72	25	78	25	43	74	55	11	79	25	28
	17	26	66	78	35	66	56	30	63	96	17	43
	96	61	91	63	98	88	77	44	19	29	78	66
	44	46	13	52	24	80	51	44	11	46	21	54
	34	46	47	90	63	16	38	50	53	33	89	15
	79	60	97	79	42	82	86	47	51	90	15	10
	49	37	32	60	51	23	37	32	58	62	35	25
	71	36	19	81	92	62	73	84	86	26	11	14
	71	20	41	27	64	41	46	59	28	16	26	13
	31	80	41	60	18	82	70	38	66	87	26	87
	24	55	46	34	98	11	26	47	57	78	95	35
	57	82	20	24	66	77	73	88	30	58	87	19
	85	61	15	15	21	66	31	46	98	78	16	24
	16	29	78	35	94	97	71	58	72	89	95	80
	16	48	95	95	95	46	43	73	38	62	97	53
	79	82	72	41	13	99	44	39	50	43	29	92
	94	58	73	83	82	23	80	61	80	44	84	37
	43	33	22	57	72	33	52	23	19	95	85	80
	25	18	40	70	33	31	61	34	24	98	44	76
	65	69	44	64	85	12	48	74	12	33	20	62
	98	61	84	56	14	19	21	31	94	84	33	33
	28	83	16	16	65	98	66	74	89	84	39	78
	32	26	64	51	33	55	37	48	58	15	49	56
	60	38	83	32	47	71	12	88	52	59	18	27

	91	13	45	27	72	55	31	92	49	60	90	48
	90	95	32	20	78	27	12	49	52	36	80	20
	35	10	63	65	94	88	34	31	55	47	56	21
	94	34	32	39	88	52	64	51	99	54	81	56
	18	85	17	21	67	47	63	96	13	42	75	90
	66	12	95	43	46	39	81	80	15	17	74	36
	98	87	27	84	94	47	23	68	36	22	56	35
	44	92	89	11	65	21	98	64	46	11	79	51
	95	40	34	74	21	16	29	17	44	58	91	24
	83	11	24	58	84	55	68	20	15	39	94	22
	20	45	98	62	91	90	67	46	94	15	80	13
	11	63	72	19	30	66	64	47	92	56	83	18
	72	97	38	32	97	28	56	63	92	12	92	35
	82	39	85	73	13	16	84	91	99	67	98	34
	89	42	97	34	62	26	13	45	38	74	44	84
	57	16	95	21	91	17	32	74	24	36	49	40
	36	18	59	36	50	41	55	73	92	10	81	68
	38	77	74	20	87	86	45	91	63	70	54	29
	15	46	77	70	30	26	98	90	15	46	18	99
	91	89	32	67	25	26	65	59	17	13	100	35
	69	56	53	15	23	42	92	67	30	53	76	21
	38	99	39	86	18	60	25	86	34	54	96	61
	33	36	68	18	87	89	80	32	96	22	65	37
	27	87	37	28	27	59	61	96	13	90	87	28
	88	34	84	36	45	87	65	69	27	33	85	90
	55	31	56	90	91	100	96	25	86	27	29	88
	92	100	45	88	79	100	87	40	34	63	59	17
	80	69	25	48	36	60	33	60	82	64	30	19
	79	15	66	23	78	91	98	94	24	94	21	64
	36	42	25	18	41	44	57	39	66	47	52	67

	47	48	79	61	83	70	82	57	49	97	60	32
	77	56	35	69	27	18	75	42	82	34	19	21
	52	92	35	71	18	62	55	53	37	40	82	36
	48	26	56	54	21	45	78	95	70	31	11	10
	90	91	72	57	20	75	61	58	74	89	45	95
	80	86	88	93	36	82	61	39	26	22	81	35
	44	60	71	34	63	92	47	69	14	90	80	61
	12	37	57	67	47	56	65	77	59	79	52	54
	30	35	46	17	43	22	31	61	37	17	95	26
	22	32	37	44	85	36	12	34	22	14	62	24
	13	13	24	59	51	61	55	12	64	51	41	60
	41	12	96	25	13	96	34	32	23	31	79	52
	74	91	99	22	73	86	93	55	39	39	36	95
	20	28	67	98	13	78	18	51	19	87	12	11
	51	92	67	51	62	92	97	63	41	24	31	20
	91	92	53	45	62	87	17	22	17	77	58	78
	90	14	14	51	18	94	37	40	31	98	75	46
	66	35	31	82	11	63	21	58	30	59	37	74
	42	88	55	73	79	94	56	45	28	64	75	84
	37	38	51	26	99	28	68	67	17	55	44	85
	17	42	75	36	32	24	30	66	30	80	78	61
	38	100	60	50	88	49	42	27	62	41	30	22
	83	82	83	37	13	46	39	68	82	21	25	34
	55	61	81	87	97	90	80	38	96	79	54	28
	13	72	82	68	30	70	96	34	98	45	25	13
	75	24	95	26	47	30	15	17	77	53	42	43
	89	36	20	68	51	99	53	13	83	50	67	13
	82	34	47	43	95	61	61	13	70	30	20	47
	42	97	33	98	42	36	59	26	43	14	91	24
	95	92	74	20	22	68	54	60	27	96	75	49

	61	75	60	59	16	64	19	71	88	35	89	13
	16	19	90	48	87	66	33	40	88	22	48	34
	99	46	80	58	96	93	79	44	64	16	28	43
	50	33	20	21	78	60	59	65	92	96	72	79
	86	59	81	82	34	69	12	28	80	51	50	59
	92	75	65	100	47	94	41	84	57	83	26	60
	53	81	86	15	48	48	31	98	39	43	47	86
	40	31	69	86	14	90	25	71	92	41	40	30
	95	44	10	86	42	60	27	54	43	95	22	64
	15	37	24	79	36	82	48	25	20	98	86	17
	41	25	75	22	96	72	14	62	11	90	16	46
	77	66	38	44	31	57	54	66	96	73	20	88
	72	25	81	88	58	24	53	62	49	40	61	13
	58	21	24	88	75	58	32	15	85	48	54	25
	24	53	99	100	83	32	69	50	54	17	77	74
	74	35	15	13	72	57	77	54	21	48	94	30
	29	28	29	91	14	47	42	22	53	39	25	90
	23	70	48	66	11	43	60	68	45	50	21	57
	79	72	10	91	22	95	30	35	69	26	19	70
	27	99	38	86	24	52	84	66	75	58	58	47
	63	29	63	60	80	94	98	27	61	65	24	62
	87	98	60	67	56	95	21	21	85	78	82	54
	35	85	95	92	31	32	29	74	44	67	69	31
	56	12	71	25	38	20	73	54	89	44	41	66
	93	30	59	71	100	94	12	47	87	80	11	33
	36	43	75	77	55	24	58	70	92	16	29	73
	15	60	74	44	67	58	54	32	59	36	88	35
	98	18	69	89	89	20	52	74	63	21	56	65
	43	71	82	59	60	84	99	62	37	62	97	15
	28	49	19	48	52	55	32	57	58	19	10	22

	64	59	54	77	44	21	65	25	37	76	88	99
	99	17	61	84	95	19	34	98	48	19	58	49
	52	22	28	16	31	42	41	71	18	35	96	56
	24	52	37	16	45	87	38	62	74	50	61	60
	47	60	20	17	26	31	72	72	53	46	56	32
	23	27	54	82	11	85	74	29	65	96	98	27
	65	34	50	64	59	50	96	26	21	43	61	80
	12	20	59	68	40	81	49	92	68	68	69	43
	71	29	13	87	86	64	42	24	25	84	18	60
	13	85	53	80	22	71	43	45	96	75	90	18
	77	61	22	67	69	44	58	88	43	31	50	25
	81	50	87	33	17	27	68	92	33	31	41	82
	13	46	35	64	57	24	47	60	58	67	41	12
	96	91	67	71	83	26	69	80	93	61	30	54
	16	32	49	18	87	91	34	97	25	45	77	42
	24	34	94	20	19	58	42	47	85	10	89	67
	14	64	83	72	33	40	54	95	70	80	29	78
	33	87	64	46	12	95	80	89	73	61	95	33
	27	79	20	70	100	56	51	79	48	54	12	95
	52	91	17	43	59	46	13	37	32	29	88	16
	90	62	11	11	35	41	47	30	83	43	77	44
	73	27	89	44	92	66	18	63	44	15	30	15
	25	76	31	64	67	74	49	49	82	98	23	81
	43	19	79	44	60	69	25	29	22	11	42	40
	68	25	55	84	72	26	66	92	62	87	84	12
	42	66	54	42	72	33	58	32	20	24	29	10
	99	41	19	60	13	59	45	59	73	60	70	57
	89	58	44	85	60	92	99	71	75	80	35	36
	82	50	14	51	89	64	31	31	51	81	24	43
	65	75	60	83	27	64	52	85	49	78	15	34

	99	21	93	94	90	95	58	68	45	31	29	92
	22	43	45	38	100	64	43	41	71	80	72	87
	52	86	95	28	36	74	28	18	48	91	90	23
	69	43	30	52	66	93	63	13	51	70	40	13
	67	42	82	36	13	49	23	59	81	26	38	55
	57	45	91	72	95	39	55	73	50	65	56	45
	74	75	44	13	92	68	18	53	84	79	59	75
	16	45	46	56	98	77	30	56	39	36	78	41
	39	77	42	31	65	71	94	74	47	29	38	95
	65	34	62	98	29	90	87	79	73	11	97	88
	62	100	33	65	27	88	97	80	38	83	76	25
	95	37	94	90	64	15	76	95	58	50	49	44
	61	72	64	38	55	37	43	38	17	16	68	73
	40	42	83	13	35	61	78	48	43	59	55	23
	36	14	12	95	64	51	96	51	16	91	96	42
	15	18	62	41	55	50	37	45	51	76	31	61
	15	90	69	53	15	67	29	48	72	36	28	47
	99	60	52	71	77	100	40	67	68	56	60	86
	25	77	14	54	68	13	80	64	17	29	38	63
	64	13	46	55	75	75	79	44	78	95	81	26
	32	61	61	59	19	73	20	88	76	93	22	66
	63	88	78	75	72	46	19	35	63	81	64	47
	69	88	88	85	63	85	14	95	81	84	40	29
	93	79	99	66	58	58	94	34	13	24	63	75
	80	96	96	23	40	21	42	25	99	81	68	32
	95	88	70	41	45	46	88	93	77	98	28	85
	17	51	11	87	52	28	61	72	67	49	66	83
	91	29	15	61	71	40	89	46	42	81	73	82
	44	49	87	76	89	31	68	30	86	70	39	33
	17	91	66	46	14	19	36	29	42	41	35	51

	57	69	84	49	97	39	40	82	18	86	71	39
	35	79	91	39	42	46	74	53	97	40	64	86
	69	93	42	20	37	28	26	15	85	92	43	27
	50	38	67	19	90	90	78	27	66	20	42	54
	51	56	72	65	64	52	63	23	62	71	54	82
	65	52	27	71	42	36	43	81	96	22	65	27
	42	99	41	97	77	37	58	29	86	14	45	98
	51	30	64	66	32	46	96	25	51	67	17	67
	50	28	38	47	61	37	56	14	82	74	42	18
	31	39	74	67	90	27	86	66	14	75	52	24
	57	16	24	92	62	21	16	42	55	85	24	44
	79	48	38	19	98	26	68	69	41	85	72	42
	69	36	54	10	17	83	10	78	16	57	54	16
	81	62	41	86	63	85	54	54	40	36	54	48
	17	57	44	60	22	22	97	51	29	36	89	90
	93	87	45	49	91	70	38	76	77	54	81	39
	45	39	86	60	46	39	19	32	95	77	76	89
	86	41	13	78	24	38	73	64	35	73	86	39
	38	87	42	21	94	97	90	22	45	21	42	32
	78	24	12	69	63	74	86	56	59	88	98	48
	50	55	12	47	25	12	58	98	95	63	29	80
	96	91	13	93	33	34	70	23	49	63	52	63
	88	59	99	12	11	23	37	72	45	28	82	36
	21	82	72	100	23	50	26	18	14	31	91	14
	57	75	98	16	60	75	83	14	57	18	99	84
	88	57	14	91	98	32	64	82	64	15	16	90
	63	32	37	14	84	61	30	26	58	43	52	66
	44	38	62	59	43	77	96	54	98	60	21	87
	48	67	65	37	76	97	58	23	20	54	74	34
	37	10	74	39	62	34	90	14	68	51	76	89

	81	58	24	51	17	47	90	34	96	43	90	47
	34	15	13	64	84	14	23	29	25	28	40	89
	37	22	54	32	21	55	29	17	52	45	32	88
	70	62	100	64	86	59	87	71	76	75	73	12
	53	13	79	73	34	76	75	21	49	16	16	22
	52	21	73	65	45	71	73	70	22	87	55	16
	74	79	15	56	92	15	33	96	18	15	33	73
	46	68	92	83	67	59	44	29	37	83	68	92
	14	16	51	16	27	57	25	98	17	76	22	49
	61	84	74	88	77	62	18	36	38	40	39	23
	76	74	79	40	54	48	62	12	91	57	91	19
	48	85	19	28	23	17	17	49	41	75	31	48
	78	68	19	94	94	62	93	89	16	78	11	85
	78	23	62	68	26	65	13	57	34	72	58	99
	86	59	77	76	10	98	36	24	97	79	37	98
	97	91	78	80	31	79	53	82	56	67	21	39
	82	20	90	97	19	65	98	12	24	37	62	74
	86	99	17	31	49	22	93	48	61	23	67	33
	95	70	51	70	90	42	14	94	66	76	32	37
	68	98	57	71	62	61	68	15	51	54	25	68
	28	11	77	92	48	37	18	35	32	50	83	12
	22	37	87	45	93	30	57	33	62	48	51	61
	12	53	85	34	64	72	46	56	51	51	70	97
	95	64	64	60	90	69	86	72	19	87	34	68
	23	68	11	37	51	65	17	40	79	30	44	38
	51	91	14	68	90	28	52	60	87	86	14	92
	12	27	47	11	24	92	97	89	86	96	36	81
	85	22	81	70	85	41	64	60	16	31	29	52
	33	85	93	81	91	100	52	99	22	28	37	50
	27	38	68	99	98	79	90	41	70	78	53	65

	50	49	92	11	12	69	53	16	35	36	17	93
	90	99	98	20	26	45	87	45	98	52	33	42
	38	50	32	51	92	88	14	18	89	96	14	75
	48	34	84	59	78	47	83	70	93	85	99	55
	10	56	86	29	77	34	64	75	29	42	90	47
	52	25	36	73	56	41	62	52	16	80	80	68
	86	10	70	67	95	93	74	68	16	15	62	65
	99	30	11	56	65	54	90	42	34	71	11	77
	16	47	69	76	94	39	83	61	81	92	88	23
	54	71	85	97	35	34	36	22	61	86	54	31
	29	26	54	77	72	89	35	56	29	91	11	89
	85	53	97	18	69	55	73	26	73	35	56	77
	30	46	76	16	10	39	91	35	10	29	18	93
	27	29	21	82	39	49	26	62	45	54	84	91
	58	37	98	69	61	88	61	36	62	26	21	48
	17	43	60	81	99	21	49	12	27	82	35	79
	56	59	11	58	33	87	64	29	83	97	95	97
	52	78	96	38	79	59	25	36	68	47	93	99
	22	76	100	20	30	43	43	88	97	17	49	45
	55	14	62	64	88	49	34	71	93	22	54	66
	87	72	54	50	73	99	78	64	68	94	75	57
	36	51	23	29	52	86	50	96	46	58	78	19
	86	42	43	62	65	82	84	11	79	28	32	17
	77	43	35	61	47	81	92	58	58	92	26	19
	27	44	40	66	36	20	75	62	83	77	10	91
	65	37	66	51	72	69	11	95	38	49	78	14
	78	82	51	32	22	62	65	79	75	26	28	16
	87	39	88	36	19	97	13	88	94	31	15	53
	74	34	86	68	82	90	35	65	49	50	30	69
	45	29	40	50	46	98	73	28	57	40	77	79

	93	87	58	44	37	88	57	85	80	95	77	27
	63	62	79	80	83	12	81	19	24	80	32	68
	84	46	13	40	25	89	74	89	28	26	13	19
	21	94	65	49	86	54	27	83	39	26	34	69
	46	71	40	89	52	83	90	73	69	84	30	69
	17	59	89	32	72	34	24	71	79	77	35	53
	37	22	17	16	53	20	53	95	61	73	84	18
	49	29	38	60	71	51	58	92	26	39	30	77
	43	11	43	28	19	54	45	90	67	28	81	20
	32	66	57	29	56	19	54	80	41	22	17	78
	15	79	40	39	48	43	13	49	98	98	14	13
	30	87	42	97	42	25	66	39	59	33	99	35
	55	43	53	43	20	31	73	84	94	15	99	84
	58	98	54	66	93	89	85	80	54	85	24	34
	23	87	42	12	45	47	25	11	42	62	81	29
	88	21	26	71	25	38	25	51	94	93	70	30
	44	28	23	58	79	84	57	85	39	98	23	69
	49	40	68	34	26	68	51	57	86	16	86	60
	47	41	37	19	97	95	63	40	66	27	10	46
	97	94	47	60	50	81	70	12	82	28	13	21
	40	92	99	53	60	93	52	93	46	24	43	47
	41	54	74	21	70	96	18	32	81	65	77	84
	38	26	50	92	29	56	12	41	72	92	18	66
	22	46	64	85	53	58	89	98	84	81	57	91
	19	99	16	72	75	48	40	53	13	83	56	86
	28	80	68	21	17	52	56	54	12	53	21	50
	49	95	20	82	26	19	53	53	26	79	19	44
	42	26	21	95	59	73	34	30	84	44	82	12
	14	94	38	51	81	21	25	83	55	64	63	98
	46	30	22	76	31	73	76	53	83	33	69	69

