***** PARAMETERS PRP *****

Number of Customers = 30
Number of Products = 10
Number of Vehicles = 5
Number of Periods = 12

B = Production capacity
	49384

b_p = Time required to produce item p
 	1	1	1	1	1	1	1	1	1	1

c_p = Production cost of item p
 	30	80	30	80	80	30	30	80	80	30

s_p = Setup cost of item p
 	300	800	300	800	800	300	300	800	800	300

M = Big number
	197535

U_pi = Maximum inventory upper bound of item p at site i
 	197535	269	119	197	277	126	301	210	106	129	203	102	180	259	236	91	184	104	106	232	111	276	103	141	94	281	137	252	200	89	211
	197535	191	228	220	232	101	167	248	208	329	97	328	121	214	125	139	107	105	223	101	101	139	167	198	146	97	157	214	120	268	164
	197535	115	101	85	138	115	199	100	121	232	264	175	209	99	172	260	297	315	206	88	112	328	204	98	94	107	194	236	91	130	196
	197535	256	278	108	131	94	307	176	172	151	228	167	197	163	137	212	222	114	143	260	316	171	230	163	303	233	170	118	252	98	125
	197535	99	286	190	241	111	335	235	252	154	175	275	324	226	324	84	287	226	117	110	328	272	209	222	118	342	122	122	229	97	225
	197535	294	116	243	175	97	294	215	192	183	311	121	211	213	322	241	167	94	157	162	300	182	153	282	303	199	164	152	182	228	237
	197535	109	287	97	117	175	149	154	129	108	187	186	202	280	245	268	100	105	335	303	290	89	174	360	118	130	283	215	150	104	115
	197535	241	170	235	185	251	279	204	79	130	205	96	179	285	90	130	206	205	121	217	153	180	135	265	251	165	206	110	93	258	260
	197535	107	280	156	288	229	211	230	87	253	141	160	91	289	130	115	76	112	219	116	176	313	243	145	183	226	301	149	152	323	159
	197535	241	227	268	280	147	189	106	189	117	229	197	126	223	195	117	122	112	125	161	201	206	268	102	92	103	106	101	187	279	109

I_pi0 = Initial inventory of item p at site i
 	0	228	98	153	113	66	35	84	37	117	170	60	156	32	217	48	60	93	94	55	38	120	92	94	66	115	128	171	133	50	151
	0	178	99	74	166	80	76	118	133	225	89	148	46	62	87	22	101	18	190	18	41	89	155	180	94	49	70	117	61	203	129
	0	95	13	57	113	47	75	83	32	106	100	142	163	96	169	161	199	118	92	26	97	62	76	55	13	64	148	98	58	93	139
	0	141	68	93	44	67	88	98	149	114	207	55	154	120	16	107	150	110	93	93	139	171	187	24	173	188	71	21	169	41	92
	0	32	65	125	80	107	143	207	126	148	100	85	296	100	111	83	21	119	67	92	63	138	147	164	106	122	47	68	121	32	80
	0	213	100	123	32	68	73	186	60	32	268	108	202	18	27	204	47	58	103	118	217	62	115	238	96	166	85	62	21	169	140
	0	63	261	93	81	56	145	38	90	21	49	41	181	194	76	65	70	86	306	50	77	84	118	234	75	97	15	203	140	41	107
	0	193	156	79	53	154	183	124	66	101	73	91	77	64	76	72	148	173	89	36	15	21	126	121	70	73	195	89	90	59	125
	0	98	180	23	156	199	137	153	68	224	88	120	25	149	98	98	27	87	59	57	66	101	121	105	118	160	59	99	125	93	110
	0	197	138	94	223	28	112	99	41	97	134	180	97	74	20	46	94	102	73	151	112	44	250	51	12	83	62	70	158	221	96

h_pi = Inventory cost of item p at site i
 	3	0	0	0	0	0	0	0	0	0	0	0	0	0	0	0	0	0	0	0	0	0	0	0	0	0	0	0	0	0	0
	8	0	0	0	0	0	0	0	0	0	0	0	0	0	0	0	0	0	0	0	0	0	0	0	0	0	0	0	0	0	0
	3	0	0	0	0	0	0	0	0	0	0	0	0	0	0	0	0	0	0	0	0	0	0	0	0	0	0	0	0	0	0
	8	0	0	0	0	0	0	0	0	0	0	0	0	0	0	0	0	0	0	0	0	0	0	0	0	0	0	0	0	0	0
	8	0	0	0	0	0	0	0	0	0	0	0	0	0	0	0	0	0	0	0	0	0	0	0	0	0	0	0	0	0	0
	3	0	0	0	0	0	0	0	0	0	0	0	0	0	0	0	0	0	0	0	0	0	0	0	0	0	0	0	0	0	0
	3	0	0	0	0	0	0	0	0	0	0	0	0	0	0	0	0	0	0	0	0	0	0	0	0	0	0	0	0	0	0
	8	0	0	0	0	0	0	0	0	0	0	0	0	0	0	0	0	0	0	0	0	0	0	0	0	0	0	0	0	0	0
	8	0	0	0	0	0	0	0	0	0	0	0	0	0	0	0	0	0	0	0	0	0	0	0	0	0	0	0	0	0	0
	3	0	0	0	0	0	0	0	0	0	0	0	0	0	0	0	0	0	0	0	0	0	0	0	0	0	0	0	0	0	0

C = Vehicle capacity
	3600

f = Fixed transportation cost
	30876

a_ik = Transportation cost for traveling from node i to node k
 	0	443	482	515	348	337	473	260	372	427	441	124	702	329	17	487	519	232	145	116	262	494	505	176	292	447	534	434	36	477	235
	443	0	576	842	201	491	778	214	125	264	297	556	294	384	457	383	701	554	301	375	648	683	746	276	191	658	187	201	420	261	463
	482	576	0	392	376	146	323	408	616	328	301	471	645	204	479	240	147	302	447	386	397	142	230	516	587	154	491	393	503	361	249
	515	842	392	0	656	372	72	631	828	656	641	415	996	483	501	609	266	301	588	498	261	258	172	655	766	239	825	710	550	704	380
	348	201	376	656	0	294	589	96	251	100	129	435	369	185	359	211	500	384	214	245	491	483	549	242	250	460	193	86	341	137	282
	337	491	146	372	294	0	302	297	507	285	270	332	625	113	334	251	218	176	312	243	286	197	255	383	467	167	453	340	358	333	104
	473	778	323	72	589	302	0	568	769	586	570	383	926	413	461	537	204	249	534	444	233	193	113	602	710	170	755	641	507	634	317
	260	214	408	631	96	297	568	0	211	192	217	358	444	205	272	290	513	340	120	169	436	493	546	149	181	461	274	180	249	233	251
	372	125	616	828	251	507	769	211	0	339	372	493	416	413	388	458	724	529	247	334	608	704	755	196	84	671	306	288	343	353	454
	427	264	328	656	100	285	586	192	339	0	34	499	341	175	435	120	466	414	304	316	528	453	529	340	348	439	170	66	425	54	308
	441	297	301	641	129	270	570	217	372	34	0	505	356	165	448	87	442	410	324	328	525	430	508	365	378	418	192	98	441	64	304
	124	556	471	415	435	332	383	358	493	499	505	0	801	365	108	534	471	175	256	191	154	447	437	298	414	397	627	519	157	552	234
	702	294	645	996	369	625	926	444	416	341	356	801	0	516	715	406	790	747	558	610	857	781	862	554	485	773	178	294	687	293	642
	329	384	204	483	185	113	413	205	413	175	165	365	516	0	332	171	317	248	257	217	363	299	365	321	385	276	342	228	341	226	144
	17	457	479	501	359	334	461	272	388	435	448	108	715	332	0	492	511	221	159	121	247	487	495	192	308	439	545	445	51	486	231
	487	383	240	609	211	251	537	290	458	120	87	534	406	171	492	0	386	414	386	372	528	378	462	435	460	375	260	182	493	132	313
	519	701	147	266	500	218	204	513	724	466	442	471	790	317	511	386	0	298	524	446	357	25	95	595	684	75	633	529	547	504	296
	232	554	302	301	384	176	249	340	529	414	410	175	747	248	221	414	298	0	287	197	116	273	274	354	465	224	570	454	264	468	107
	145	301	447	588	214	312	534	120	247	304	324	256	558	257	159	386	524	287	0	90	362	501	536	72	178	460	392	299	130	349	231
	116	375	386	498	245	243	444	169	334	316	328	191	610	217	121	372	446	197	90	0	276	422	451	159	268	379	436	330	125	367	150
	262	648	397	261	491	286	233	436	608	528	525	154	857	363	247	528	357	116	362	276	0	334	303	420	536	286	680	565	297	581	221
	494	683	142	258	483	197	193	493	704	453	430	447	781	299	487	378	25	273	501	422	334	0	90	573	662	50	621	515	523	493	273
	505	746	230	172	549	255	113	546	755	529	508	437	862	365	495	462	95	274	536	451	303	90	0	607	706	91	698	589	537	571	306
	176	276	516	655	242	383	602	149	196	340	365	298	554	321	192	435	595	354	72	159	420	573	607	0	118	532	399	322	149	379	303
	292	191	587	766	250	467	710	181	84	348	378	414	485	385	308	460	684	465	178	268	536	662	706	118	0	626	354	309	262	373	400
	447	658	154	239	460	167	170	461	671	439	418	397	773	276	439	375	75	224	460	379	286	50	91	532	626	0	608	499	476	482	230
	534	187	491	825	193	453	755	274	306	170	192	627	178	342	545	260	633	570	392	436	680	621	698	399	354	608	0	117	521	130	465
	434	201	393	710	86	340	641	180	288	66	98	519	294	228	445	182	529	454	299	330	565	515	589	322	309	499	117	0	427	65	349
	36	420	503	550	341	358	507	249	343	425	441	157	687	341	51	493	547	264	130	125	297	523	537	149	262	476	521	427	0	473	258
	477	261	361	704	137	333	634	233	353	54	64	552	293	226	486	132	504	468	349	367	581	493	571	379	373	482	130	65	473	0	361
	235	463	249	380	282	104	317	251	454	308	304	234	642	144	231	313	296	107	231	150	221	273	306	303	400	230	465	349	258	361	0

coordXY = Coordinates (x,y): line zero => x line one => y column => customers
 	477	265	13	233	193	153	206	285	386	94	69	483	0	149	478	3	37	313	388	365	392	59	104	433	427	107	81	121	489	59	255
	542	154	671	995	341	632	929	367	182	354	376	665	27	520	558	432	816	705	428	515	789	805	882	372	255	792	185	294	509	313	616

d_pit = Demand of item p at customer i in period t
 	24	50	80	74	71	49	59	52	97	11	55	23
	98	71	69	47	78	56	58	81	21	99	24	13
	81	72	57	61	60	13	86	63	64	39	95	95
	58	11	44	78	24	69	79	38	51	100	75	38
	21	45	66	14	67	31	23	26	38	94	20	57
	35	89	55	70	67	98	59	36	45	70	22	76
	84	61	26	95	94	67	65	57	96	47	68	81
	37	83	38	74	53	90	40	94	13	46	41	28
	26	14	77	67	46	22	52	36	55	75	27	17
	22	56	92	47	95	36	40	76	56	38	40	10
	60	94	43	16	59	59	30	14	82	34	90	31
	19	70	67	49	22	83	84	23	99	85	89	29
	32	65	91	80	54	45	74	36	76	90	48	86
	86	97	12	22	73	84	55	27	67	91	25	68
	48	55	11	37	27	77	46	33	29	83	79	20
	28	21	11	73	23	87	79	79	51	32	31	36
	20	10	63	17	35	83	85	58	53	86	23	91
	94	25	35	46	40	58	46	56	44	78	54	57
	19	36	92	13	83	47	83	38	84	21	25	16
	19	19	82	71	73	11	96	39	15	93	73	73
	50	13	57	11	96	61	85	71	66	37	19	96
	92	71	43	36	16	67	12	99	11	73	17	81
	94	32	66	12	30	18	100	46	24	15	55	72
	66	17	34	54	29	39	97	69	35	47	53	23
	56	59	75	95	97	62	26	15	83	16	12	79
	61	67	68	16	59	82	97	82	73	55	89	74
	84	87	63	97	16	44	38	53	68	15	97	95
	49	84	19	85	51	77	51	28	46	34	56	19
	23	27	80	21	34	41	18	76	27	62	68	59
	58	33	60	65	42	51	13	93	24	91	52	51

	39	98	41	68	40	59	41	42	23	46	19	58
	51	48	62	22	36	74	90	42	71	41	51	95
	74	35	65	92	19	30	98	47	41	90	50	18
	55	33	56	22	81	69	90	89	21	98	35	46
	19	61	88	35	27	60	34	53	16	69	82	64
	76	98	21	73	39	27	20	58	23	12	12	41
	20	29	53	16	73	22	70	95	69	45	90	13
	62	71	82	68	46	13	47	97	49	23	14	52
	62	71	92	54	48	23	79	97	91	68	55	49
	31	58	44	45	35	51	34	44	65	86	45	45
	85	11	52	38	36	82	82	92	83	93	53	79
	46	80	98	77	89	43	18	36	85	41	99	12
	19	43	75	49	11	35	91	54	59	56	99	52
	15	72	77	43	33	31	63	57	45	30	15	20
	22	45	27	86	29	41	16	61	83	71	23	50
	39	34	28	19	77	24	16	33	44	10	32	73
	18	88	55	57	54	61	52	46	89	44	37	31
	60	46	55	29	72	74	61	67	19	50	75	61
	18	93	17	31	36	51	64	98	12	52	58	76
	41	63	18	34	38	89	39	91	70	23	14	86
	89	67	42	43	43	30	42	59	26	17	31	68
	93	62	30	36	30	81	97	13	30	82	65	48
	94	86	77	29	35	90	22	59	88	80	69	61
	31	63	63	33	52	32	44	69	56	33	17	91
	49	71	14	38	38	89	44	55	90	51	11	34
	70	80	94	44	32	34	27	45	83	15	85	18
	31	86	10	86	63	58	44	69	44	31	45	74
	30	31	37	40	74	16	30	12	57	37	71	43
	78	84	20	21	49	89	17	47	11	80	56	90
	58	71	55	61	44	36	59	29	86	90	25	40

	36	59	99	68	15	85	28	76	59	84	38	41
	13	67	79	65	19	32	80	62	30	54	27	77
	34	23	86	42	39	63	19	31	15	75	66	18
	40	73	78	52	69	72	87	41	84	87	92	52
	47	93	90	10	17	85	97	51	56	52	56	38
	47	28	40	98	46	31	56	95	93	34	16	12
	83	48	71	80	30	19	50	71	57	45	30	14
	32	48	87	61	61	59	94	29	99	34	25	97
	50	56	82	62	72	46	69	38	47	51	61	62
	100	22	89	71	13	76	69	20	21	95	34	24
	64	78	42	63	86	91	36	50	93	11	35	49
	97	21	45	13	82	78	46	20	76	52	23	75
	22	50	24	17	15	34	29	45	35	28	67	31
	76	93	25	33	46	83	57	67	89	61	37	20
	82	20	59	63	50	14	76	28	47	65	59	60
	42	14	76	67	99	78	44	31	70	27	90	74
	78	40	40	88	95	22	64	52	49	78	70	79
	57	35	16	27	94	32	54	39	52	59	64	89
	26	30	33	27	53	29	21	89	87	43	42	50
	97	93	18	14	98	25	65	81	92	34	20	36
	62	98	85	16	57	67	30	38	100	82	65	86
	62	14	42	91	54	41	99	72	16	46	63	11
	28	27	70	46	57	36	33	70	67	95	18	43
	13	20	86	33	28	82	38	81	12	43	46	83
	64	90	59	53	22	42	88	42	88	41	13	39
	90	58	49	48	59	93	31	91	91	35	97	33
	36	62	80	62	83	89	24	44	75	58	71	23
	43	15	65	59	59	46	55	96	19	20	53	17
	19	74	75	93	62	74	17	53	88	82	48	92
	47	92	60	45	69	79	98	61	23	68	81	62

	60	31	50	34	95	33	80	54	68	83	81	99
	68	41	56	39	37	83	25	36	60	31	91	99
	54	39	94	53	23	91	27	33	36	89	14	94
	44	86	21	84	78	39	94	96	53	75	74	40
	67	49	35	74	39	35	34	52	74	71	14	21
	73	15	32	68	73	93	75	80	23	24	86	95
	98	14	80	22	32	65	63	38	70	89	58	75
	44	44	38	23	75	84	32	16	43	16	15	87
	15	99	91	49	76	81	25	94	98	90	98	88
	24	77	36	70	46	95	53	78	58	54	31	62
	55	36	60	35	87	10	78	13	96	72	92	32
	56	98	85	94	82	63	67	22	91	93	16	21
	64	56	14	65	62	98	15	11	63	47	97	59
	16	73	11	69	66	63	34	47	24	14	99	30
	54	53	74	66	49	36	52	56	82	31	50	34
	35	82	18	15	31	87	68	11	53	77	90	98
	43	67	19	49	41	21	39	54	93	77	87	93
	93	89	83	96	37	51	25	90	71	82	72	69
	93	46	33	14	78	62	87	83	45	72	89	77
	68	27	44	50	84	77	52	96	98	48	84	30
	72	54	45	26	69	43	35	33	99	95	73	41
	63	100	24	60	80	42	45	69	73	35	31	67
	24	75	91	79	25	49	65	44	44	15	58	83
	76	37	60	31	68	78	95	34	83	80	38	47
	78	19	91	52	68	96	41	53	69	68	14	50
	71	51	85	68	58	95	22	41	17	91	12	67
	21	14	31	51	80	66	95	92	30	61	75	94
	79	18	72	65	70	43	18	46	46	67	21	60
	30	11	92	22	84	40	74	18	24	70	52	71
	92	40	88	69	56	23	84	90	49	86	20	50

	32	14	58	79	16	58	80	37	80	45	20	73
	65	36	26	99	70	30	84	91	68	33	42	42
	43	82	87	24	34	87	95	98	49	77	56	27
	80	27	73	44	52	96	17	31	45	80	81	96
	75	32	77	70	49	92	78	13	33	30	43	76
	59	84	93	89	87	44	34	79	74	43	63	55
	39	97	25	46	50	38	23	57	77	83	99	72
	27	99	30	61	88	14	31	28	89	22	35	80
	62	86	96	35	23	26	43	68	41	22	75	40
	72	28	93	18	95	28	21	73	86	50	85	49
	85	59	47	41	23	95	16	89	22	43	71	70
	68	85	85	58	86	76	59	97	32	32	82	18
	10	13	20	57	30	11	90	74	83	44	90	21
	66	45	91	74	89	29	79	77	60	73	70	25
	20	20	43	61	27	57	73	50	17	50	33	50
	21	81	51	41	73	77	90	81	51	15	72	35
	58	61	36	28	77	68	60	81	34	42	80	54
	67	61	42	35	96	71	41	87	75	33	29	66
	22	70	43	38	36	75	89	36	16	69	84	80
	63	57	67	97	51	39	33	31	97	70	99	84
	56	82	13	100	23	44	50	98	39	61	72	15
	27	44	76	82	74	22	58	80	25	14	29	97
	25	78	61	75	53	60	41	66	49	78	56	24
	39	18	49	96	98	26	67	68	85	50	12	98
	40	82	45	82	82	77	68	47	92	84	36	86
	19	28	92	100	23	66	48	95	21	92	95	52
	68	55	60	26	91	32	86	27	96	47	74	69
	76	45	63	25	21	80	73	34	49	99	49	74
	10	22	11	98	71	94	18	39	23	34	95	65
	80	79	82	41	67	88	10	68	21	49	42	47

	32	92	89	46	20	13	71	93	80	51	54	65
	100	96	41	97	48	49	12	48	49	71	37	47
	58	65	90	13	39	90	71	18	26	84	98	78
	32	83	46	44	39	29	76	25	86	94	90	54
	53	15	82	57	67	55	31	34	27	31	51	76
	35	38	63	56	89	80	92	49	40	12	64	88
	60	76	26	24	84	69	26	87	71	40	34	48
	38	22	86	77	26	50	80	37	39	27	66	28
	32	58	20	96	28	75	12	88	65	63	96	99
	76	68	72	52	33	99	86	66	35	65	84	11
	85	23	69	25	23	46	32	18	35	26	68	33
	42	70	90	59	41	43	39	78	28	42	14	88
	18	87	19	39	22	15	73	12	49	86	71	20
	11	16	61	86	51	49	62	99	57	92	94	94
	99	71	34	39	54	65	38	78	69	67	75	35
	47	97	50	50	49	39	55	96	31	67	31	56
	43	15	60	14	47	76	65	40	23	51	53	76
	70	33	58	33	44	16	79	99	12	68	44	72
	18	58	42	63	94	19	66	47	67	62	66	46
	81	71	65	15	95	48	50	78	92	20	58	47
	18	29	15	20	91	97	32	28	36	72	86	23
	11	65	39	34	97	33	40	15	78	96	64	41
	56	93	89	78	22	20	14	95	80	14	96	19
	96	46	66	15	63	76	97	53	42	35	77	60
	70	31	18	47	38	15	31	61	71	90	44	82
	85	78	95	34	68	38	36	24	31	27	60	80
	62	96	45	95	43	25	21	25	23	20	75	76
	21	67	43	70	94	24	38	97	31	83	84	74
	41	62	66	40	35	88	42	45	48	86	97	35
	69	71	68	33	92	56	41	11	63	60	63	84

	63	97	99	11	62	25	85	16	55	61	68	13
	90	12	82	77	73	37	60	92	12	14	92	48
	69	24	50	91	20	40	96	50	34	74	14	22
	81	20	76	37	51	79	95	59	99	32	54	18
	56	11	100	46	75	24	69	14	67	12	29	21
	70	75	99	40	63	10	19	25	37	68	26	65
	38	32	98	18	82	45	49	89	76	16	48	23
	90	63	65	91	40	80	21	91	62	59	92	21
	21	92	72	84	26	32	36	65	25	76	31	89
	33	16	95	85	71	90	82	43	41	95	76	20
	41	59	84	81	61	88	26	97	63	54	44	46
	51	79	51	93	67	97	77	61	71	42	80	38
	84	42	68	41	56	43	68	28	56	84	25	76
	14	37	25	55	36	58	26	59	78	64	50	85
	65	33	81	95	75	84	52	80	99	29	21	91
	70	42	35	56	37	73	63	37	71	71	31	13
	86	69	30	45	23	22	66	46	36	39	87	78
	55	78	98	75	62	74	37	16	50	85	87	86
	50	38	72	33	22	88	93	98	21	53	66	92
	33	44	63	66	49	47	87	98	11	69	61	68
	28	56	68	23	59	47	14	36	84	60	16	41
	26	92	53	57	48	29	70	54	64	95	96	10
	87	62	63	22	86	95	91	50	54	81	88	84
	75	99	48	49	67	14	47	38	94	45	62	68
	97	45	29	81	29	28	47	33	28	35	55	11
	15	10	49	94	24	74	88	79	100	56	21	68
	78	39	86	29	50	11	44	29	60	93	38	88
	55	73	12	41	97	32	60	59	43	43	13	71
	41	100	17	33	26	14	81	81	43	38	59	90
	50	57	69	53	58	40	24	53	40	86	84	77

	78	57	58	100	59	32	86	15	25	87	99	26
	61	17	78	15	87	12	57	88	50	81	50	82
	13	38	28	75	49	86	60	92	82	85	55	41
	22	31	46	62	63	22	88	35	93	16	55	22
	98	56	79	35	97	24	70	55	42	51	61	86
	96	87	84	16	73	21	49	97	38	42	13	53
	51	73	89	65	77	30	37	56	28	19	59	29
	23	17	26	22	74	38	76	43	38	49	41	26
	52	49	37	60	18	30	52	53	84	19	33	33
	73	65	26	29	44	83	13	30	53	98	12	90
	23	68	43	51	44	27	54	33	77	98	28	31
	77	62	70	92	59	47	93	40	45	47	19	63
	64	19	22	23	92	44	93	38	81	93	62	52
	76	77	25	82	43	49	87	12	50	15	11	10
	19	53	30	24	39	51	45	55	43	83	61	18
	19	30	99	28	31	23	28	83	41	90	82	65
	20	62	38	53	29	18	69	50	69	29	97	80
	23	17	49	70	98	41	29	79	96	58	81	87
	36	84	62	18	47	11	72	76	71	19	93	63
	15	31	20	31	46	34	72	70	18	23	62	37
	21	27	73	10	50	33	57	52	94	35	40	47
	48	78	60	80	100	72	62	97	48	65	24	74
	21	100	28	74	80	42	43	12	84	61	34	58
	70	43	62	87	53	20	69	98	63	100	43	46
	73	39	22	30	87	69	95	89	12	54	42	48
	22	79	94	94	58	46	85	13	17	34	32	45
	13	14	62	97	45	98	41	11	93	95	22	70
	90	20	46	11	83	16	17	47	70	68	74	15
	59	59	39	47	19	41	72	24	29	89	75	65
	50	75	42	87	35	29	82	27	33	34	82	48

	11	87	68	19	91	55	41	91	67	33	37	39
	89	91	35	51	17	82	25	60	68	80	45	30
	23	63	32	49	36	50	70	59	57	76	30	77
	24	42	90	46	94	84	80	11	40	30	99	52
	44	92	63	48	53	17	48	97	28	77	91	29
	62	75	91	33	54	48	65	64	56	41	33	11
	15	67	37	34	51	97	30	25	91	94	72	76
	68	22	50	30	20	14	35	22	91	98	22	52
	41	97	38	48	10	53	88	18	56	37	40	80
	88	77	77	60	37	40	86	94	93	54	84	55
	67	53	93	64	45	16	42	90	24	34	82	28
	25	76	66	59	40	24	82	67	62	12	11	20
	95	54	99	79	35	42	80	84	83	67	64	86
	98	40	83	22	25	17	13	19	76	39	15	74
	98	94	95	21	15	30	60	47	25	36	81	90
	27	61	33	41	56	24	82	51	10	42	16	13
	68	19	30	74	63	32	81	52	47	79	48	79
	59	18	86	25	72	85	15	73	37	79	98	11
	28	29	50	96	28	93	50	29	96	44	93	58
	17	20	29	63	63	42	68	63	58	35	28	41
	43	58	42	50	30	82	76	67	94	45	85	80
	82	39	64	86	93	98	29	68	45	26	46	52
	10	52	43	73	66	34	17	69	18	39	95	62
	72	46	95	19	66	81	88	44	12	75	48	85
	37	84	39	77	45	70	39	91	65	62	57	12
	59	49	61	30	99	26	95	40	92	24	54	93
	61	38	60	69	72	14	22	11	75	92	40	40
	55	35	35	33	98	93	40	42	50	48	23	55
	93	94	73	62	21	65	77	93	27	34	68	69
	24	86	70	80	72	69	34	27	12	15	61	86

	69	64	64	71	49	81	65	59	23	33	50	96
	58	80	92	38	16	30	71	47	54	65	39	92
	94	59	39	21	60	43	47	62	83	22	44	69
	46	84	50	43	33	95	29	25	40	76	59	92
	28	12	23	24	90	31	62	64	99	17	47	92
	79	33	25	83	22	18	77	49	11	73	26	70
	48	51	11	66	21	66	47	69	55	31	97	76
	41	77	33	84	12	84	96	58	40	98	78	54
	97	20	90	73	16	82	33	82	83	65	26	34
	55	79	55	41	61	63	33	30	60	38	89	84
	88	92	91	70	29	82	40	58	71	14	58	94
	97	46	97	93	37	74	17	69	92	22	43	69
	74	97	27	90	21	53	38	13	47	66	99	45
	20	16	31	51	38	54	49	95	62	48	71	50
	46	78	97	44	77	100	70	47	27	39	38	37
	94	68	63	14	21	34	37	22	29	51	23	32
	53	49	33	73	32	71	45	79	55	94	28	61
	73	88	99	16	78	25	95	83	85	82	18	10
	92	46	13	96	22	64	61	55	55	32	71	38
	17	20	51	24	36	53	60	81	47	71	92	51
	44	14	96	22	64	61	90	22	26	23	55	100
	30	85	52	83	80	87	74	42	56	57	60	99
	51	64	99	25	34	28	35	84	36	46	70	39
	12	41	41	59	22	91	52	26	98	35	31	45
	49	34	39	44	18	41	98	24	69	82	48	72
	62	73	82	15	31	72	19	89	47	90	12	42
	46	24	65	27	81	20	86	94	28	29	28	76
	57	83	18	82	71	47	11	84	85	92	88	29
	100	70	51	30	28	99	83	96	85	77	42	76
	96	23	41	79	62	20	96	58	95	35	20	28

