***** PARAMETERS PRP *****

Number of Customers = 30
Number of Products = 10
Number of Vehicles = 5
Number of Periods = 12

B = Production capacity
	49373

b_p = Time required to produce item p
 	1	1	1	1	1	1	1	1	1	1

c_p = Production cost of item p
 	30	80	30	30	30	30	30	30	80	80

s_p = Setup cost of item p
 	300	800	300	300	300	300	300	300	800	800

M = Big number
	197491

U_pi = Maximum inventory upper bound of item p at site i
 	197491	273	220	233	111	152	157	171	199	234	130	170	101	112	268	171	108	182	155	106	194	158	87	103	237	110	141	210	116	292	186
	197491	236	263	322	253	295	254	160	158	157	230	89	124	161	116	218	112	225	252	201	239	166	134	156	186	102	187	265	153	138	298
	197491	136	184	187	103	212	194	200	182	85	207	246	145	272	249	160	177	153	97	137	128	283	194	226	95	240	114	286	161	303	319
	197491	143	256	208	211	201	120	107	94	175	175	199	264	158	124	228	123	333	222	125	95	158	100	308	243	224	118	209	209	178	220
	197491	121	281	122	115	137	264	250	239	247	94	230	302	298	186	320	334	110	132	246	125	120	224	220	283	116	250	219	194	230	183
	197491	213	112	259	331	216	187	204	128	166	126	199	307	158	138	196	138	154	270	377	195	284	220	322	207	350	166	189	242	176	169
	197491	234	267	91	253	202	255	103	180	110	95	176	201	258	124	192	90	161	173	189	250	257	207	105	226	256	91	170	114	265	161
	197491	110	241	169	294	128	222	211	103	297	294	216	198	270	94	141	234	95	271	112	97	109	165	107	271	113	289	122	194	97	119
	197491	297	320	218	249	159	270	246	106	216	221	120	191	119	193	207	179	107	276	163	314	92	200	280	315	117	109	229	162	278	187
	197491	144	306	223	152	195	105	236	273	142	148	136	113	123	84	197	178	182	173	186	166	264	130	98	225	123	275	209	275	307	113

I_pi0 = Initial inventory of item p at site i
 	0	159	68	60	44	85	84	49	108	205	67	136	83	33	199	147	20	165	111	82	174	79	0	64	231	85	139	76	50	58	173
	0	173	169	168	216	176	214	97	149	122	172	76	100	14	26	127	52	136	223	105	115	159	76	118	48	72	15	126	72	128	185
	0	42	167	137	11	156	21	181	78	13	58	172	95	122	188	128	51	26	62	69	59	260	95	209	66	39	76	13	141	165	136
	0	24	236	201	53	178	85	103	51	81	122	139	113	138	117	175	94	94	163	100	85	39	89	91	73	47	91	154	82	172	79
	0	81	133	87	72	90	171	54	219	146	59	137	30	197	160	174	182	42	63	122	77	52	158	177	147	105	191	76	164	100	80
	0	186	98	217	96	212	78	51	118	124	52	122	143	125	36	121	131	125	149	153	61	104	209	299	82	13	122	78	204	93	93
	0	154	197	31	49	67	70	91	125	78	86	73	197	82	84	110	89	83	159	107	25	171	95	40	166	114	0	24	51	14	77
	0	64	197	32	112	77	167	33	82	250	125	155	67	151	34	119	198	11	250	16	80	90	82	105	231	62	259	73	63	19	88
	0	182	243	105	82	29	119	233	21	159	180	66	73	75	174	27	80	44	217	11	138	73	162	135	77	41	52	11	117	227	150
	0	83	285	34	81	15	60	64	118	12	139	108	74	94	18	66	150	180	77	147	129	94	129	53	23	68	93	172	159	56	108

h_pi = Inventory cost of item p at site i
 	3	0	0	0	0	0	0	0	0	0	0	0	0	0	0	0	0	0	0	0	0	0	0	0	0	0	0	0	0	0	0
	8	0	0	0	0	0	0	0	0	0	0	0	0	0	0	0	0	0	0	0	0	0	0	0	0	0	0	0	0	0	0
	3	0	0	0	0	0	0	0	0	0	0	0	0	0	0	0	0	0	0	0	0	0	0	0	0	0	0	0	0	0	0
	3	0	0	0	0	0	0	0	0	0	0	0	0	0	0	0	0	0	0	0	0	0	0	0	0	0	0	0	0	0	0
	3	0	0	0	0	0	0	0	0	0	0	0	0	0	0	0	0	0	0	0	0	0	0	0	0	0	0	0	0	0	0
	3	0	0	0	0	0	0	0	0	0	0	0	0	0	0	0	0	0	0	0	0	0	0	0	0	0	0	0	0	0	0
	3	0	0	0	0	0	0	0	0	0	0	0	0	0	0	0	0	0	0	0	0	0	0	0	0	0	0	0	0	0	0
	3	0	0	0	0	0	0	0	0	0	0	0	0	0	0	0	0	0	0	0	0	0	0	0	0	0	0	0	0	0	0
	8	0	0	0	0	0	0	0	0	0	0	0	0	0	0	0	0	0	0	0	0	0	0	0	0	0	0	0	0	0	0
	8	0	0	0	0	0	0	0	0	0	0	0	0	0	0	0	0	0	0	0	0	0	0	0	0	0	0	0	0	0	0

C = Vehicle capacity
	3770

f = Fixed transportation cost
	29977

a_ik = Transportation cost for traveling from node i to node k
 	0	549	80	672	362	128	333	556	382	225	681	458	147	478	290	249	609	246	721	374	153	624	323	253	295	424	341	239	454	551	292
	549	0	543	322	218	669	216	259	226	612	159	306	693	228	355	772	288	787	465	220	397	100	284	661	640	142	443	358	109	338	496
	80	543	0	704	379	180	330	587	352	149	686	497	163	506	333	230	641	247	766	348	156	626	290	183	218	432	401	277	441	592	218
	672	322	704	0	332	761	414	118	500	819	238	222	814	199	387	921	64	914	152	488	551	251	537	865	866	311	394	434	392	146	744
	362	218	379	332	0	471	97	218	216	487	324	167	508	137	138	604	271	607	424	201	224	271	227	534	535	77	237	143	172	251	418
	128	669	180	761	471	0	455	648	509	287	795	541	80	574	375	199	699	165	790	501	277	739	451	295	354	539	394	335	578	629	395
	333	216	330	414	97	455	0	305	123	417	356	264	478	227	198	560	356	572	517	108	182	296	131	465	457	109	309	172	126	346	330
	556	259	587	118	218	648	305	0	401	703	239	115	698	82	273	804	55	799	219	388	434	223	431	749	752	208	295	318	304	85	633
	382	226	352	500	216	509	123	401	0	395	384	379	513	330	318	573	448	598	619	16	237	324	65	443	417	194	430	283	119	454	271
	225	612	149	819	487	287	417	703	395	0	766	624	230	621	468	214	757	262	895	396	273	705	332	49	71	525	546	409	504	719	154
	681	159	686	238	324	795	356	239	384	766	0	335	827	260	445	915	236	924	389	378	534	61	440	814	797	257	506	466	266	321	654
	458	306	497	222	167	541	264	115	379	624	335	0	596	80	169	706	161	696	271	365	352	303	393	669	679	199	181	221	310	95	575
	147	693	163	814	508	80	478	698	513	230	827	596	0	621	428	121	751	101	853	508	296	770	451	229	292	571	460	381	595	687	358
	478	228	506	199	137	574	227	82	330	621	260	80	621	0	202	725	136	722	292	316	353	225	355	667	670	139	247	241	246	125	553
	290	355	333	387	138	375	198	273	318	468	445	169	428	202	0	538	325	528	434	303	199	397	303	510	528	214	113	60	305	262	443
	249	772	230	921	604	199	560	804	573	214	915	706	121	725	538	0	857	62	967	571	383	856	509	187	254	660	578	487	669	799	366
	609	288	641	64	271	699	356	55	448	757	236	161	751	136	325	857	0	851	178	435	488	233	481	803	805	256	337	371	346	98	685
	246	787	247	914	607	165	572	799	598	262	924	696	101	722	528	62	851	0	952	594	391	866	534	242	310	668	557	482	687	787	410
	721	465	766	152	424	790	517	219	619	895	389	271	853	292	434	967	178	952	0	606	622	401	646	939	950	426	399	490	522	177	841
	374	220	348	488	201	501	108	388	16	396	378	365	508	316	303	571	435	594	606	0	228	318	65	444	421	181	415	269	113	440	277
	153	397	156	551	224	277	182	434	237	273	534	352	296	353	199	383	488	391	622	228	0	475	186	318	330	278	292	140	302	446	251
	624	100	626	251	271	739	296	223	324	705	61	303	770	225	397	856	233	866	401	318	475	0	380	754	736	200	467	413	206	307	594
	323	284	290	537	227	451	131	431	65	332	440	393	451	355	303	509	481	534	646	65	186	380	0	380	357	227	416	259	176	476	215
	253	661	183	865	534	295	465	749	443	49	814	669	229	667	510	187	803	242	939	444	318	754	380	0	68	573	584	452	553	763	194
	295	640	218	866	535	354	457	752	417	71	797	679	292	670	528	254	805	310	950	421	330	736	357	68	0	565	611	469	532	773	152
	424	142	432	311	77	539	109	208	194	525	257	199	571	139	214	660	256	668	426	181	278	200	227	573	565	0	307	218	112	264	435
	341	443	401	394	237	394	309	295	430	546	506	181	460	247	113	578	337	557	399	415	292	467	416	584	611	307	0	161	408	250	542
	239	358	277	434	143	335	172	318	283	409	466	221	381	241	60	487	371	482	490	269	140	413	259	452	469	218	161	0	291	316	385
	454	109	441	392	172	578	126	304	119	504	266	310	595	246	305	669	346	687	522	113	302	206	176	553	532	112	408	291	0	370	389
	551	338	592	146	251	629	346	85	454	719	321	95	687	125	262	799	98	787	177	440	446	307	476	763	773	264	250	316	370	0	666
	292	496	218	744	418	395	330	633	271	154	654	575	358	553	443	366	685	410	841	277	251	594	215	194	152	435	542	385	389	666	0

coordXY = Coordinates (x,y): line zero => x line one => y column => customers
 	144	454	215	216	267	39	336	215	450	316	446	149	87	227	139	130	211	70	73	436	240	437	418	308	375	332	31	168	438	131	432
	279	731	244	947	619	207	551	830	506	135	889	736	144	749	568	31	884	45	996	512	397	829	450	87	96	659	600	516	624	829	236

d_pit = Demand of item p at customer i in period t
 	12	87	60	65	79	43	60	14	46	59	62	69
	68	15	10	85	70	37	27	70	80	31	97	71
	60	74	51	11	57	89	73	75	21	80	32	77
	12	32	43	88	53	91	36	68	87	50	13	94
	41	44	95	74	54	18	28	18	84	39	66	48
	35	49	47	37	52	96	13	26	20	81	78	93
	49	91	74	61	80	37	41	69	59	13	53	57
	72	36	96	72	41	73	78	59	68	76	59	65
	55	61	89	41	63	58	38	35	35	51	93	84
	67	85	43	99	78	81	70	16	89	37	53	60
	17	59	60	91	68	39	21	100	15	93	100	16
	33	50	11	17	63	99	31	22	53	48	85	93
	16	17	63	82	30	100	75	42	56	86	14	90
	24	86	89	76	21	90	19	62	32	70	28	47
	72	75	73	49	50	37	99	20	72	42	56	37
	20	21	96	91	45	71	84	29	80	37	27	44
	13	58	12	82	31	74	78	54	12	24	19	89
	46	45	20	90	68	39	10	28	24	100	60	90
	82	45	63	63	16	64	29	41	79	19	51	85
	100	74	63	14	89	83	98	27	76	55	43	54
	79	58	49	32	29	54	22	11	51	93	88	67
	100	37	40	80	62	23	17	73	22	15	42	11
	37	27	15	29	49	71	76	53	95	24	65	76
	88	28	89	26	33	48	98	20	69	66	78	68
	85	98	85	41	18	26	48	48	30	17	88	77
	46	93	44	60	61	16	77	20	13	94	22	17
	13	23	40	43	26	79	49	17	24	42	55	94
	50	72	15	62	91	97	62	63	14	99	20	50
	38	20	65	86	83	47	32	97	70	57	94	11
	96	44	33	97	76	44	53	37	47	69	96	50

	66	83	24	89	21	66	29	25	15	73	12	64
	72	30	67	73	36	60	14	86	18	43	46	85
	98	70	88	78	59	31	90	40	62	14	75	68
	78	90	48	55	26	60	51	60	88	13	27	11
	94	46	36	16	18	89	100	91	40	85	80	13
	89	52	73	81	11	82	26	68	84	86	34	75
	97	84	13	18	94	13	80	16	30	35	84	77
	84	65	15	52	45	21	90	64	13	45	58	81
	75	47	16	46	54	50	56	59	49	38	72	66
	77	71	24	31	54	61	88	51	76	38	65	53
	36	40	33	22	89	39	34	19	70	20	75	58
	15	71	14	44	29	20	65	81	62	63	12	21
	14	21	50	33	31	58	19	47	34	99	42	35
	26	58	34	99	89	16	65	41	11	95	82	78
	88	39	92	77	51	86	45	88	74	99	44	90
	52	74	14	40	59	85	49	69	70	99	39	20
	70	66	98	64	45	75	19	21	39	27	63	89
	90	40	22	71	68	23	59	27	33	41	96	35
	48	46	11	21	36	53	88	71	12	77	72	68
	39	51	25	78	63	39	70	67	69	61	89	65
	40	77	42	81	33	64	52	84	68	12	78	33
	76	93	51	86	37	81	46	70	88	74	90	11
	81	37	71	71	11	60	12	66	95	43	56	20
	48	14	76	97	12	99	53	22	26	11	53	47
	18	54	88	36	16	61	90	81	43	52	39	32
	15	18	27	83	84	73	12	51	78	70	21	29
	31	95	54	39	35	96	21	74	49	28	66	48
	40	32	76	34	59	96	46	82	42	19	71	13
	38	44	46	59	27	23	17	90	100	63	23	23
	55	68	62	79	33	44	85	34	96	12	58	88

	19	11	12	90	87	54	50	63	83	20	30	24
	84	46	37	83	44	66	67	25	60	93	57	74
	98	39	46	69	95	42	70	53	38	60	99	37
	11	98	17	42	11	14	84	19	43	37	21	16
	49	89	18	98	29	30	85	52	53	25	41	68
	21	39	88	94	28	97	60	48	24	44	29	11
	55	42	40	44	86	78	28	25	13	79	84	25
	37	41	58	64	32	19	51	39	52	30	47	75
	13	21	35	88	25	13	17	63	57	22	89	69
	58	94	44	40	99	98	97	65	96	63	13	59
	81	91	20	85	65	53	77	98	11	77	36	43
	39	56	43	33	15	56	23	93	27	83	87	26
	47	45	30	94	24	16	63	98	41	67	49	78
	78	82	28	75	36	90	67	92	54	64	39	43
	15	98	15	52	50	93	66	51	37	30	96	37
	51	33	99	55	78	68	71	69	73	62	14	35
	26	82	14	18	49	53	16	76	13	15	83	14
	62	48	14	34	47	55	52	47	14	91	62	58
	69	84	82	86	23	55	79	15	69	96	84	80
	59	26	27	25	87	21	20	43	47	36	85	37
	43	73	64	80	96	13	49	52	90	16	44	58
	41	54	61	52	18	41	14	96	68	39	64	35
	78	59	72	73	58	90	24	59	11	73	57	23
	66	40	83	21	26	14	74	20	86	83	27	30
	27	12	98	90	29	15	67	54	70	11	11	91
	76	78	17	11	10	97	81	43	64	74	93	41
	13	24	28	72	65	56	92	76	35	93	80	53
	69	32	40	38	77	29	38	62	76	62	25	96
	71	94	68	39	65	21	87	98	94	81	97	95
	40	11	85	89	78	94	49	91	16	99	20	94

	24	65	84	56	20	56	49	22	27	75	64	28
	84	72	80	97	78	83	76	28	11	13	47	98
	84	23	94	54	14	32	61	95	21	69	33	43
	53	67	53	50	82	14	30	10	37	100	52	85
	48	38	92	74	81	78	32	97	53	49	74	86
	85	87	59	48	32	16	64	67	11	82	89	81
	57	46	30	37	83	72	96	34	83	61	11	33
	10	26	15	95	76	34	37	34	76	76	56	27
	10	55	16	85	14	62	88	20	12	54	77	31
	86	36	57	19	97	38	35	94	56	80	14	86
	22	78	39	38	76	37	23	42	63	44	42	93
	21	64	28	84	65	90	92	80	87	38	95	48
	53	29	56	32	37	50	42	48	47	94	68	75
	43	32	23	19	92	14	23	13	20	11	43	40
	76	99	70	31	80	62	91	11	26	62	28	49
	35	59	88	54	61	39	82	61	92	47	42	75
	94	16	87	43	76	35	94	97	52	24	84	98
	81	82	75	11	12	49	95	98	42	46	33	42
	100	78	72	60	74	17	19	92	27	92	69	48
	26	30	29	99	49	26	41	57	40	47	44	82
	39	69	12	54	80	90	31	65	17	44	55	77
	89	42	80	36	62	81	69	50	22	33	27	10
	91	92	96	71	43	67	66	26	17	57	35	77
	73	40	17	12	83	10	93	44	19	94	69	28
	47	76	52	15	95	92	70	59	22	32	91	20
	91	88	59	82	75	51	33	11	12	72	51	85
	87	67	60	10	87	12	13	78	74	11	92	37
	15	67	69	91	99	33	15	23	74	28	31	81
	12	99	61	63	49	89	46	27	77	34	63	90
	79	63	58	17	77	77	13	74	77	79	12	33

	81	66	27	68	48	36	76	72	30	99	53	70
	78	55	64	88	42	97	79	68	31	77	74	90
	87	74	39	90	13	88	49	99	47	40	59	45
	72	49	39	62	51	28	88	43	58	71	96	33
	70	20	59	16	40	59	91	36	49	56	34	16
	93	27	51	38	71	65	68	57	80	91	92	59
	54	95	31	16	86	32	38	64	75	12	58	38
	96	89	34	76	36	95	12	22	85	52	100	19
	91	13	42	37	37	56	79	36	60	19	26	97
	41	18	59	49	87	73	27	33	27	72	28	47
	22	60	55	84	36	92	94	99	83	15	29	20
	30	53	59	17	59	45	94	91	70	86	80	41
	27	93	77	21	94	54	90	73	48	62	57	18
	88	59	13	76	65	62	94	76	22	53	48	89
	52	84	38	48	94	79	97	90	43	56	43	44
	85	97	21	99	42	99	45	91	51	70	20	82
	42	99	34	87	79	10	63	80	16	50	80	19
	63	89	66	91	56	90	68	85	47	12	50	77
	29	93	61	17	64	64	48	29	60	30	15	80
	77	92	10	68	80	41	84	19	56	43	90	89
	52	92	32	15	46	98	51	74	87	30	78	63
	37	84	37	69	14	37	55	53	64	37	38	13
	87	90	67	99	36	31	80	80	37	91	85	98
	50	97	47	60	62	43	16	89	93	18	18	85
	13	92	81	84	14	61	18	42	86	25	92	85
	85	28	78	96	12	92	35	82	97	74	13	59
	16	60	62	70	44	16	35	14	59	45	86	18
	54	76	34	37	29	84	11	51	29	82	52	42
	58	42	17	17	34	50	72	70	80	17	11	85
	63	17	93	14	96	90	47	77	78	15	92	51

	34	96	38	18	68	87	78	16	92	77	14	22
	98	23	66	89	51	91	85	65	32	17	34	22
	92	83	42	45	25	85	22	36	41	45	87	19
	96	16	11	98	88	78	34	74	70	96	65	69
	90	64	43	15	67	98	73	60	41	50	31	16
	78	54	42	29	32	26	28	22	12	92	66	79
	51	59	30	80	74	94	83	77	99	45	49	75
	97	21	86	10	95	94	21	79	81	95	73	17
	84	40	60	44	73	84	84	24	18	37	37	78
	52	97	81	33	19	61	98	62	76	20	99	60
	71	51	66	22	59	22	82	84	10	83	23	25
	84	59	68	40	79	11	49	81	65	14	96	91
	55	15	22	33	53	79	79	75	69	66	29	56
	36	92	73	39	91	77	84	80	63	82	34	75
	58	63	14	53	86	66	14	59	31	40	51	52
	70	48	13	83	37	25	81	29	64	16	17	67
	30	95	96	56	17	27	54	94	30	17	28	73
	75	48	15	11	20	53	48	69	97	53	99	59
	66	87	56	96	83	75	77	41	98	69	59	97
	22	39	61	99	50	36	22	77	84	41	36	18
	15	65	24	11	69	21	69	88	89	74	83	74
	84	86	39	33	45	54	64	73	46	30	26	81
	83	58	84	74	20	69	71	85	65	50	49	65
	39	43	53	17	47	46	74	65	19	23	32	39
	13	75	79	95	69	97	77	88	49	76	99	22
	65	57	50	19	78	25	98	90	85	39	31	25
	78	92	48	36	93	22	95	79	34	78	25	77
	46	63	95	39	64	73	35	86	32	66	88	40
	93	63	89	38	57	77	26	48	99	53	21	40
	93	48	38	54	94	89	60	29	69	31	53	17

	85	69	69	21	13	26	45	63	38	51	44	38
	68	76	53	32	42	82	11	15	84	45	51	81
	31	29	72	24	16	56	23	39	17	18	23	16
	49	21	10	87	49	18	89	57	15	86	88	38
	21	46	69	54	53	92	67	28	94	100	93	90
	30	26	14	34	25	78	76	30	97	63	81	59
	91	34	27	25	27	35	54	86	68	44	55	70
	17	56	52	75	78	15	19	32	28	15	27	18
	64	14	58	53	26	63	80	37	52	36	98	81
	34	52	20	36	81	32	74	18	79	72	48	25
	15	58	73	94	51	19	30	27	53	51	34	24
	72	98	14	13	39	46	63	26	74	80	57	20
	53	29	30	58	35	54	57	89	78	91	23	23
	84	88	50	65	81	49	93	50	69	72	14	30
	68	42	97	62	88	65	23	91	62	55	14	100
	14	39	36	62	53	27	54	34	89	22	25	84
	83	51	71	98	40	24	29	49	45	38	97	18
	96	63	100	75	12	20	87	99	48	16	12	63
	10	51	32	14	58	82	21	70	94	34	22	79
	13	12	80	17	39	95	82	48	32	24	81	77
	21	74	76	11	29	46	26	31	94	60	58	90
	84	11	42	63	61	52	70	35	32	24	90	57
	40	80	86	81	61	35	43	14	29	81	39	43
	46	45	24	51	62	21	50	43	98	61	25	17
	46	41	27	86	98	79	93	36	97	87	59	20
	93	56	40	76	51	24	13	17	28	36	30	79
	24	82	70	19	84	64	53	50	93	86	16	37
	51	94	20	70	30	59	80	53	58	32	100	38
	14	57	73	31	38	70	80	47	29	75	39	84
	31	46	31	79	15	96	35	84	97	36	41	51

	64	73	33	82	96	33	52	30	52	55	39	48
	47	74	76	78	33	36	23	68	17	68	40	19
	32	30	86	20	13	98	35	99	43	99	37	84
	62	50	21	79	21	79	22	57	95	84	40	95
	77	20	85	70	28	74	57	97	66	57	62	76
	78	89	72	54	24	58	88	29	38	86	27	22
	33	51	97	74	19	51	13	86	24	35	68	83
	82	45	78	19	55	27	93	80	55	12	15	55
	74	78	78	20	59	96	75	82	96	88	75	71
	20	26	79	28	54	85	36	85	99	77	74	43
	22	31	30	72	78	42	43	80	95	56	22	78
	39	28	72	21	64	46	34	28	79	11	44	10
	94	57	17	70	68	33	56	15	69	96	21	52
	34	67	34	32	33	50	33	50	85	74	48	24
	46	73	49	85	23	15	44	28	73	81	32	13
	47	30	87	34	41	74	30	10	50	74	43	41
	11	63	56	74	15	45	33	80	38	18	42	94
	66	32	90	62	37	99	64	25	21	50	28	77
	16	98	16	72	10	93	85	55	49	33	64	83
	80	20	49	12	18	35	11	93	28	55	85	94
	90	91	44	98	36	14	40	77	17	70	36	42
	82	85	31	99	60	21	17	43	77	38	31	74
	71	34	15	83	94	11	49	54	98	50	46	38
	99	70	23	39	92	68	18	42	15	26	67	91
	62	67	20	40	19	74	47	33	82	55	89	92
	77	88	94	60	39	76	46	57	92	88	71	80
	73	62	86	97	70	17	94	53	42	61	49	27
	23	40	86	80	85	41	90	87	49	86	59	48
	19	28	73	39	70	76	43	46	63	93	21	11
	88	56	51	65	33	93	67	43	32	84	48	52

	91	75	16	88	94	57	70	59	41	28	11	82
	48	85	61	49	54	38	85	76	24	99	80	68
	23	17	65	97	12	93	26	26	29	15	87	33
	82	66	40	94	65	71	66	80	69	35	44	36
	18	11	68	95	43	59	86	50	76	15	43	70
	86	33	79	33	73	51	18	27	10	57	98	84
	88	26	76	43	34	28	68	13	15	82	73	45
	21	93	38	65	15	32	97	97	54	41	14	68
	89	21	49	67	95	27	42	65	73	20	19	81
	91	41	29	19	54	99	58	44	46	14	19	17
	40	26	83	61	20	90	99	35	93	12	87	74
	73	27	81	96	74	28	90	48	58	98	55	34
	75	74	34	70	53	75	34	89	98	72	20	20
	50	35	89	64	13	88	53	20	58	14	63	33
	27	30	81	23	33	17	32	91	33	54	11	64
	17	63	18	25	90	36	68	20	31	44	71	54
	15	29	64	91	71	85	84	34	13	15	49	90
	46	67	59	45	98	15	65	51	71	41	47	58
	11	77	81	20	96	57	72	36	40	93	15	55
	39	99	32	13	94	86	96	52	85	45	21	91
	73	41	58	21	33	27	29	56	20	96	71	29
	80	82	52	31	82	90	77	98	90	46	59	13
	78	57	93	66	59	71	90	41	86	90	14	95
	17	60	52	45	85	18	83	68	74	63	94	97
	41	88	50	54	61	79	80	65	32	61	47	43
	52	64	71	63	48	33	72	88	91	11	33	30
	11	93	73	83	20	37	87	50	49	77	88	19
	12	20	19	66	93	96	46	58	58	45	38	96
	36	96	95	82	40	60	15	23	23	51	95	52
	42	48	48	12	94	89	97	76	53	75	75	40

	35	48	45	65	15	19	86	91	66	48	23	35
	55	98	44	88	37	80	48	17	81	79	27	81
	34	87	58	54	90	21	22	66	24	97	35	81
	31	50	20	14	68	41	73	36	88	69	62	56
	15	29	84	66	96	11	31	25	72	43	95	18
	60	54	64	43	51	60	54	34	12	99	57	41
	64	30	54	54	52	50	95	65	85	65	44	51
	10	51	57	81	100	46	34	67	84	26	82	17
	12	21	37	90	29	58	14	66	100	22	64	53
	29	93	17	48	51	16	87	61	47	15	66	61
	37	71	61	71	17	64	88	87	87	84	58	88
	74	78	57	29	19	87	29	57	60	86	51	48
	94	71	84	96	94	71	58	14	25	38	49	46
	18	36	62	58	54	56	43	93	24	19	28	11
	66	17	81	42	48	85	32	23	55	77	22	42
	82	68	93	10	97	77	85	23	49	28	81	18
	70	54	56	60	77	94	53	71	78	11	58	44
	34	43	51	25	90	15	69	27	25	51	50	39
	56	91	22	27	39	43	30	37	34	53	58	68
	35	94	97	15	43	28	16	99	58	96	31	50
	94	61	38	78	84	89	51	13	87	71	49	76
	61	68	43	69	55	90	54	33	57	76	75	99
	53	57	43	33	32	64	52	83	38	33	36	66
	23	23	91	77	49	58	20	23	90	89	73	58
	34	34	84	71	75	85	86	29	13	58	93	75
	93	59	65	80	62	28	60	48	32	59	49	25
	48	55	69	53	44	26	29	63	90	16	53	82
	56	75	28	65	87	10	30	68	72	26	84	60
	56	98	64	71	56	22	90	98	41	37	72	31
	38	57	13	49	98	67	31	66	94	36	51	75

