***** PARAMETERS PRP *****

Number of Customers = 30
Number of Products = 10
Number of Vehicles = 5
Number of Periods = 12

B = Production capacity
	49380

b_p = Time required to produce item p
 	1	1	1	1	1	1	1	1	1	1

c_p = Production cost of item p
 	30	80	80	80	30	80	80	80	80	80

s_p = Setup cost of item p
 	300	800	800	800	300	800	800	800	800	800

M = Big number
	197520

U_pi = Maximum inventory upper bound of item p at site i
 	197520	105	206	215	170	212	149	204	128	222	246	360	104	119	272	124	215	209	214	291	113	170	207	193	120	102	270	239	234	215	101
	197520	234	206	276	269	101	164	193	293	218	256	284	233	107	146	262	110	170	188	269	132	234	120	256	300	222	117	188	152	152	236
	197520	189	174	164	238	285	208	190	152	218	79	114	220	178	244	278	120	249	122	170	116	345	237	248	220	237	250	204	252	260	110
	197520	289	121	216	234	200	276	198	143	194	250	92	230	253	235	185	165	116	176	211	128	93	109	363	154	165	246	201	108	165	176
	197520	267	195	277	286	212	280	176	309	255	164	314	172	118	288	124	295	121	243	123	136	249	178	147	222	180	175	266	206	206	198
	197520	155	293	181	282	253	124	148	232	176	102	178	162	108	215	204	160	314	183	104	240	84	123	245	298	231	267	161	251	226	147
	197520	145	96	99	82	128	308	191	119	301	129	156	122	270	189	203	193	145	261	270	208	171	121	196	137	90	213	205	290	151	110
	197520	131	272	224	122	104	162	138	226	122	289	281	191	103	236	146	163	263	269	253	195	198	208	352	220	110	260	150	183	130	209
	197520	252	280	169	260	105	224	255	86	224	137	206	288	193	270	110	156	183	114	127	158	237	172	221	245	189	162	270	105	294	152
	197520	92	301	176	245	138	215	135	186	187	138	283	220	251	125	121	115	285	128	88	218	144	186	223	96	118	207	180	275	177	287

I_pi0 = Initial inventory of item p at site i
 	0	97	70	107	78	86	64	169	94	203	221	298	85	70	192	99	181	165	136	81	32	109	96	184	75	40	218	154	155	129	11
	0	65	155	228	153	53	152	48	176	159	23	184	97	76	89	223	19	118	172	239	54	131	86	75	172	26	64	28	106	69	189
	0	171	83	73	215	205	126	95	118	46	27	87	195	123	181	14	40	78	116	113	97	138	29	26	67	177	115	200	138	57	76
	0	172	48	201	126	67	172	102	82	68	149	90	213	122	186	167	32	92	58	74	82	83	61	157	70	61	122	30	104	34	175
	0	112	116	54	219	50	225	90	255	91	139	148	104	115	167	68	285	28	78	57	99	124	60	133	93	165	146	33	139	195	121
	0	91	184	84	224	236	98	141	56	121	35	139	99	92	205	123	145	66	118	95	172	79	74	133	210	201	14	148	219	50	42
	0	88	45	78	36	82	193	69	40	232	87	138	82	23	14	74	79	106	149	201	198	63	82	163	82	54	179	159	105	110	108
	0	96	31	160	90	100	26	77	99	70	64	169	146	21	120	15	115	50	251	142	27	102	171	266	169	71	180	41	80	63	43
	0	41	203	62	65	48	139	113	44	156	83	121	172	154	91	105	132	161	90	100	74	52	156	119	180	12	109	57	46	113	70
	0	81	202	86	238	55	70	127	64	57	110	189	203	169	23	86	77	138	94	21	18	93	114	86	79	106	55	71	97	11	27

h_pi = Inventory cost of item p at site i
 	3	6	3	7	9	2	6	2	8	8	2	9	7	6	6	4	4	2	7	2	4	1	1	8	2	6	2	5	3	8	8
	8	7	3	8	9	2	7	2	3	2	4	7	4	7	8	9	9	8	4	9	8	7	5	7	8	4	5	7	9	8	7
	8	6	1	2	4	3	2	9	9	2	7	9	2	8	5	6	7	7	7	2	1	6	3	4	3	7	4	8	6	7	1
	8	8	2	8	9	9	7	5	4	3	9	2	6	7	5	2	7	9	5	1	1	3	2	7	4	2	5	1	6	5	9
	3	3	1	4	8	9	9	5	3	5	3	5	6	7	9	6	7	2	7	2	1	9	6	3	6	8	4	9	1	7	7
	8	2	7	6	4	8	2	7	7	6	2	9	7	6	3	6	1	2	2	6	2	9	3	7	5	5	6	9	1	7	8
	8	3	3	5	3	1	5	3	1	4	3	4	6	6	8	8	9	1	4	8	1	7	1	1	1	9	2	7	9	3	9
	8	3	5	3	9	9	4	6	7	4	6	9	8	1	2	2	1	3	2	8	9	5	5	9	9	2	6	1	9	1	3
	8	2	9	6	3	5	9	3	3	4	8	5	1	9	7	6	2	2	1	3	6	3	6	1	8	5	6	3	5	1	9
	8	7	1	5	3	4	6	9	1	4	6	3	8	9	6	5	1	7	6	9	7	3	4	9	3	5	8	5	7	1	8

C = Vehicle capacity
	3630

f = Fixed transportation cost
	30597

a_ik = Transportation cost for traveling from node i to node k
 	0	522	282	302	180	590	155	297	302	471	126	258	313	385	382	244	539	139	685	448	686	361	342	528	286	429	263	590	331	291	583
	522	0	553	330	539	507	425	228	805	409	397	296	264	164	581	592	22	392	536	385	327	404	584	424	420	441	289	94	353	372	144
	282	553	0	498	458	814	184	357	352	685	279	271	290	488	102	71	574	333	897	657	820	186	61	738	523	659	420	643	538	183	667
	302	330	498	0	231	317	315	211	601	188	224	271	304	167	576	496	339	176	400	159	391	457	553	240	91	170	90	360	43	381	326
	180	539	458	231	0	448	303	350	420	346	222	355	408	378	556	424	552	181	548	330	612	506	518	402	165	292	251	583	237	428	555
	590	507	814	317	448	0	631	506	867	130	537	580	602	400	892	808	503	485	101	160	308	764	869	87	305	162	401	474	276	692	405
	155	425	184	315	303	631	0	203	385	502	97	131	179	325	269	188	445	152	714	474	654	209	240	555	342	476	239	507	355	137	517
	297	228	357	211	350	506	203	0	578	379	172	87	96	132	411	382	247	179	573	349	464	261	400	421	286	377	126	305	252	196	316
	302	805	352	601	420	867	385	578	0	757	415	516	562	682	429	281	825	440	965	737	987	526	383	814	569	707	564	881	626	489	880
	471	409	685	188	346	130	502	379	757	0	410	451	475	282	763	681	409	359	215	31	299	636	740	58	189	63	272	395	148	563	334
	126	397	279	224	222	537	97	172	415	410	0	142	197	268	365	273	415	55	623	382	584	287	336	464	246	381	158	467	262	208	466
	258	296	271	271	355	580	131	87	516	451	142	0	56	219	325	300	317	175	652	421	550	186	313	497	331	441	182	381	314	113	399
	313	264	290	304	408	602	179	96	562	475	197	56	0	219	329	330	285	228	667	444	543	167	325	517	371	471	215	353	345	113	380
	385	164	488	167	378	400	325	132	682	282	268	219	219	0	542	509	175	248	455	253	333	386	532	314	257	299	131	209	194	326	199
	382	581	102	576	556	892	269	411	429	763	365	325	329	542	0	161	602	420	971	733	870	180	48	813	610	742	493	673	618	217	707
	244	592	71	496	424	808	188	382	281	681	273	300	330	509	161	0	613	323	895	654	840	251	115	736	509	649	425	679	534	231	697
	539	22	574	339	552	503	445	247	825	409	415	317	285	175	602	613	0	409	528	385	311	425	605	421	429	443	303	73	359	393	127
	139	392	333	176	181	485	152	179	440	359	55	175	228	248	420	323	409	0	573	332	550	336	391	414	191	328	125	455	212	256	445
	685	536	897	400	548	101	714	573	965	215	623	652	667	455	971	895	528	573	0	242	277	833	950	160	400	259	479	486	362	765	415
	448	385	657	159	330	160	474	349	737	31	382	421	444	253	733	654	385	332	242	0	299	606	711	82	169	66	242	375	120	533	316
	686	327	820	391	612	308	654	464	987	299	584	550	543	333	870	840	311	550	277	299	0	705	863	265	448	361	428	249	375	654	185
	361	404	186	457	506	764	209	261	526	636	287	186	167	386	180	251	425	336	833	606	705	0	194	681	512	627	368	497	499	80	534
	342	584	61	553	518	869	240	400	383	740	336	313	325	532	48	115	605	391	950	711	863	194	0	792	581	716	472	675	594	213	704
	528	424	738	240	402	87	555	421	814	58	464	497	517	314	813	736	421	414	160	82	265	681	792	0	246	113	321	397	202	610	331
	286	420	523	91	165	305	342	286	569	189	246	331	371	257	610	509	429	191	400	169	448	512	581	246	0	144	161	447	78	433	408
	429	441	659	170	292	162	476	377	707	63	381	441	471	299	742	649	443	328	259	66	361	627	716	113	144	0	259	437	128	551	381
	263	289	420	90	251	401	239	126	564	272	158	182	215	131	493	425	303	125	479	242	428	368	472	321	161	259	0	340	132	293	324
	590	94	643	360	583	474	507	305	881	395	467	381	353	209	673	679	73	455	486	375	249	497	675	397	447	437	340	0	372	463	72
	331	353	538	43	237	276	355	252	626	148	262	314	345	194	618	534	359	212	362	120	375	499	594	202	78	128	132	372	0	424	331
	291	372	183	381	428	692	137	196	489	563	208	113	113	326	217	231	393	256	765	533	654	80	213	610	433	551	293	463	424	0	492
	583	144	667	326	555	405	517	316	880	334	466	399	380	199	707	697	127	445	415	316	185	534	704	331	408	381	324	72	331	492	0

coordXY = Coordinates (x,y): line zero => x line one => y column => customers
 	121	490	348	168	4	31	275	349	17	94	218	357	411	333	439	280	494	184	55	114	330	480	392	97	79	53	233	488	140	411	426
	698	330	864	400	562	115	696	508	981	228	618	594	581	377	908	883	309	575	17	251	45	733	905	171	416	275	461	237	368	693	202

d_pit = Demand of item p at customer i in period t
 	48	49	33	91	38	24	54	87	87	37	40	41
	70	63	71	37	27	28	74	41	63	41	72	30
	53	54	14	58	33	26	95	16	29	74	38	26
	78	97	44	62	37	52	37	83	47	83	17	41
	86	95	74	27	82	100	97	95	83	17	23	69
	16	16	21	11	76	30	53	19	44	74	23	64
	91	78	63	41	70	42	74	78	99	89	32	60
	94	59	44	78	77	74	72	90	86	64	21	10
	49	50	35	69	48	22	35	25	13	93	28	65
	93	39	75	14	45	21	99	30	38	19	66	51
	97	51	57	93	95	74	15	98	64	70	76	74
	34	18	33	43	73	80	19	79	71	32	40	100
	70	60	67	83	99	56	71	67	53	33	21	34
	98	32	62	49	69	69	71	74	91	60	53	88
	29	70	83	10	31	93	20	19	28	15	80	19
	86	95	47	97	87	99	82	53	28	52	81	54
	76	57	32	71	70	91	50	73	16	21	34	37
	79	57	54	29	39	11	17	65	93	89	39	71
	81	87	21	55	32	81	44	31	57	91	74	44
	32	55	26	53	17	88	89	55	60	96	53	56
	85	24	68	56	15	34	68	38	84	92	72	42
	96	80	94	34	38	39	51	87	85	53	97	73
	78	12	94	61	63	55	70	75	66	53	73	70
	75	94	70	77	40	94	16	19	68	45	67	56
	40	89	34	24	75	83	29	48	95	57	17	22
	40	68	55	55	69	66	55	99	25	38	30	49
	89	53	12	91	50	49	14	38	42	18	89	29
	93	62	71	22	77	90	36	36	79	31	78	28
	26	38	50	15	74	36	65	94	66	30	96	56
	11	41	39	75	51	17	77	29	30	59	91	88

	65	21	86	64	72	81	36	75	24	23	59	97
	45	52	58	65	24	62	69	92	49	26	58	17
	24	96	15	93	45	99	89	64	78	97	79	49
	35	25	11	82	98	67	10	47	85	56	56	74
	53	51	30	29	47	81	34	86	74	50	14	57
	70	71	11	91	81	38	40	51	87	45	27	43
	48	52	25	11	38	93	43	59	34	49	42	85
	68	47	61	66	73	83	51	59	52	33	34	76
	63	96	96	48	93	82	91	37	82	11	72	99
	23	85	16	17	46	11	74	89	58	38	99	59
	85	99	47	16	47	74	68	71	53	57	35	30
	55	42	80	41	55	21	88	94	37	40	83	63
	76	32	75	87	18	84	11	78	14	98	41	30
	55	34	83	35	61	73	55	27	68	40	15	37
	64	20	44	95	28	78	34	77	14	59	57	58
	19	63	67	38	82	55	44	92	69	42	20	66
	47	71	97	63	31	20	76	52	87	16	21	97
	93	52	27	84	46	82	22	22	60	13	35	27
	75	88	76	79	45	97	71	37	92	86	11	49
	13	41	24	40	92	40	47	45	50	75	30	32
	60	71	97	76	38	21	90	68	40	25	68	47
	86	26	92	53	48	81	16	57	95	35	73	59
	75	38	40	91	40	88	94	36	83	30	60	92
	99	37	36	76	27	65	34	89	98	97	22	40
	26	51	98	74	67	47	85	15	35	53	52	64
	64	79	23	22	98	69	51	72	28	83	87	26
	28	32	11	44	17	33	60	64	89	69	64	52
	30	39	37	64	59	67	74	36	75	55	55	18
	69	57	59	70	89	20	41	46	26	79	19	33
	52	30	49	58	67	76	70	67	48	82	66	43

	68	48	55	23	21	30	32	21	76	96	47	50
	14	69	12	87	73	76	35	29	56	86	57	100
	16	57	83	54	79	28	92	98	42	23	25	57
	70	47	36	62	24	40	20	36	70	89	14	64
	23	93	89	81	85	73	78	86	73	64	11	100
	27	18	81	66	79	77	68	17	64	35	61	31
	95	12	22	12	85	46	17	18	13	99	21	16
	81	12	25	60	65	73	17	45	83	15	71	59
	31	15	35	17	62	47	58	54	51	58	66	30
	27	63	26	34	68	43	63	71	30	10	18	20
	38	49	61	94	96	88	36	75	65	45	19	15
	19	76	100	96	90	85	81	63	63	28	90	90
	77	46	13	99	47	41	63	24	90	32	85	95
	55	84	42	83	68	32	22	64	16	71	28	21
	14	93	74	68	13	51	69	14	78	79	50	65
	40	16	23	37	44	67	43	19	42	41	70	39
	78	42	17	56	68	64	19	48	43	68	31	64
	84	32	45	14	15	17	31	20	23	57	62	87
	48	65	49	98	37	92	34	18	91	96	32	19
	46	51	93	52	26	84	28	62	98	64	46	48
	55	83	88	96	89	80	34	65	23	44	87	84
	14	15	98	96	84	37	69	83	64	79	13	60
	26	61	96	97	94	51	53	36	41	51	59	79
	52	15	56	14	36	38	21	62	51	88	23	72
	56	49	54	18	89	75	91	46	32	84	99	19
	46	69	34	90	30	88	39	84	95	68	39	68
	65	27	79	29	23	52	67	29	88	31	74	48
	14	70	54	27	49	35	99	28	65	22	92	49
	57	97	38	72	95	90	32	62	56	63	91	28
	36	11	18	11	70	66	99	77	31	79	79	81

	31	43	98	53	70	51	92	21	98	65	34	38
	48	53	67	60	95	69	18	44	66	71	45	89
	80	24	85	12	30	93	60	35	15	69	84	62
	33	61	32	56	51	76	39	22	67	16	13	96
	55	12	48	90	76	20	51	79	62	77	12	18
	16	96	60	72	15	48	94	35	58	74	77	17
	12	76	14	66	44	11	88	30	89	14	90	61
	70	12	27	19	71	75	31	76	94	12	70	13
	18	50	33	38	41	79	75	100	38	25	72	12
	53	49	47	53	50	31	94	44	68	13	79	18
	90	15	96	18	29	38	60	55	12	23	51	65
	62	67	84	31	19	61	79	31	56	60	94	46
	24	98	38	36	24	82	19	58	44	91	66	27
	92	94	52	15	28	90	46	70	90	15	25	89
	17	70	80	24	80	30	23	43	72	57	25	33
	32	45	65	73	23	46	17	88	27	25	34	19
	31	61	86	29	62	62	75	70	97	76	34	14
	58	73	91	86	86	20	45	56	12	89	29	58
	74	67	23	80	36	83	78	58	12	48	52	23
	82	80	92	88	86	34	18	39	55	77	19	99
	26	57	29	23	56	29	60	18	19	96	63	84
	61	91	31	10	97	26	11	69	94	78	54	34
	73	84	97	56	61	92	92	58	87	75	12	83
	70	41	58	32	10	52	32	75	95	65	41	44
	61	37	80	69	38	91	71	60	37	34	29	52
	80	16	26	94	86	88	53	86	67	62	13	67
	30	84	51	85	47	53	14	58	19	68	43	51
	18	86	58	87	27	14	83	87	62	32	18	77
	34	50	86	55	43	27	93	85	48	31	70	36
	95	80	12	41	70	34	65	67	47	75	59	59

	19	93	70	87	33	67	26	31	13	84	62	55
	42	37	37	81	12	76	42	40	67	30	24	97
	54	52	82	33	90	69	57	41	51	87	23	25
	76	95	48	36	79	89	24	83	73	97	98	60
	50	73	30	93	96	90	47	35	42	28	22	30
	28	54	77	66	34	19	86	30	55	92	77	55
	90	99	29	74	45	61	34	29	56	68	58	61
	52	44	86	73	48	62	53	98	14	81	36	94
	22	69	67	66	88	23	71	63	14	32	84	14
	91	48	94	13	28	30	84	47	65	36	94	25
	32	80	36	47	38	16	71	91	67	90	93	93
	49	20	35	13	77	91	21	79	90	65	53	95
	62	53	78	68	85	85	20	45	10	15	87	100
	54	36	77	29	86	49	27	60	86	56	39	93
	29	16	23	76	39	24	63	34	95	46	38	12
	95	81	66	43	11	22	75	30	41	65	79	99
	28	39	79	18	76	80	80	17	62	74	94	76
	78	40	96	61	45	72	26	80	76	74	59	21
	57	78	54	33	85	40	83	41	62	47	86	72
	99	91	49	54	28	84	85	80	85	38	29	94
	46	78	46	71	83	37	21	77	74	57	71	85
	33	27	43	25	62	98	82	84	30	52	86	89
	44	89	21	68	22	100	26	40	87	10	36	46
	73	20	37	62	94	98	11	51	74	84	33	30
	23	72	70	34	54	99	61	67	25	61	86	66
	26	26	46	48	29	41	61	21	32	53	60	83
	33	95	90	78	77	54	71	53	44	71	97	36
	36	47	56	90	61	78	90	67	78	88	90	42
	96	99	80	41	24	71	95	24	28	20	12	29
	32	18	71	67	62	96	72	26	80	97	72	97

	91	68	41	47	49	92	16	17	38	50	96	13
	92	45	47	91	80	86	56	99	71	46	69	96
	66	18	64	93	35	26	23	94	48	37	17	21
	45	87	18	74	26	82	54	96	87	39	44	24
	76	37	98	25	48	60	42	44	55	16	80	26
	98	28	20	59	31	37	63	20	46	19	36	37
	42	30	37	32	57	26	55	40	15	76	13	22
	56	79	90	77	24	50	41	59	93	38	50	40
	47	74	16	96	29	29	93	72	96	79	34	37
	35	85	79	93	79	18	17	30	55	41	27	52
	60	79	61	99	34	84	40	11	48	40	82	75
	11	59	29	78	22	42	84	85	25	75	81	57
	92	86	24	68	70	94	61	34	13	26	15	62
	75	100	30	17	74	18	72	60	32	22	59	86
	13	18	92	35	13	61	46	13	84	17	32	66
	47	98	64	35	84	39	42	53	39	52	10	76
	66	81	23	47	73	81	100	51	97	74	21	39
	84	34	46	29	66	84	72	88	96	55	37	42
	95	57	72	22	43	73	48	98	57	17	23	19
	76	51	16	29	89	51	16	83	33	17	69	45
	13	66	95	25	28	13	47	69	29	24	11	82
	74	89	82	11	28	64	62	67	89	86	72	11
	16	99	18	84	69	18	48	59	40	43	56	38
	98	93	19	50	66	35	33	29	24	88	94	86
	55	58	88	69	62	37	52	52	20	77	22	100
	14	83	88	51	68	47	25	37	45	78	81	24
	89	59	89	62	35	63	39	27	28	31	80	40
	36	88	24	71	14	46	87	26	56	27	91	36
	50	87	49	73	57	25	35	74	31	43	70	85
	42	57	61	64	26	29	55	39	75	76	50	15

	88	70	23	31	85	73	30	39	40	26	35	41
	45	79	21	20	63	33	74	15	64	60	16	84
	78	41	12	19	48	78	94	66	29	38	68	24
	36	89	69	96	12	14	19	30	12	48	36	30
	82	57	74	31	69	98	94	52	44	41	75	50
	60	46	45	42	35	46	76	47	84	90	73	96
	69	43	94	66	95	73	96	88	29	25	56	30
	40	86	30	86	52	51	25	36	94	83	30	99
	15	88	70	59	41	56	36	97	31	73	94	63
	87	71	74	20	62	99	88	97	60	52	39	22
	62	45	31	73	41	29	33	86	81	33	97	14
	43	39	95	35	52	77	13	61	55	86	88	89
	13	10	55	100	69	33	71	75	82	62	50	29
	14	52	75	20	66	75	19	45	88	18	11	84
	74	33	100	37	88	48	20	74	56	19	39	20
	79	79	70	88	42	64	62	38	65	99	53	32
	66	40	40	50	45	52	31	45	37	17	60	98
	66	83	44	90	31	93	10	45	70	100	88	62
	57	91	53	34	94	87	60	70	92	65	93	15
	43	93	62	29	99	54	95	72	74	39	97	74
	63	10	79	45	67	94	47	75	79	78	23	24
	61	21	88	73	25	30	59	89	81	93	35	69
	81	82	58	17	45	28	90	19	30	28	42	68
	82	42	75	47	20	50	19	22	27	55	29	80
	37	17	89	53	10	39	27	33	91	24	89	28
	34	85	60	43	36	35	44	41	57	89	47	68
	80	79	98	97	53	28	56	90	46	61	60	73
	87	18	32	94	14	68	90	76	85	32	61	38
	21	89	82	44	29	37	56	26	21	72	40	87
	22	11	43	32	95	18	39	32	12	28	46	60

	96	68	37	46	15	87	90	61	97	63	74	53
	31	17	88	71	71	42	78	51	22	75	75	32
	32	83	45	59	69	85	62	68	20	41	46	63
	38	52	30	17	21	49	46	79	27	29	85	13
	67	33	29	20	39	71	91	68	26	73	25	82
	26	81	14	49	82	68	99	36	65	51	63	14
	32	45	63	49	46	29	30	17	48	73	69	52
	27	72	88	13	15	82	17	48	50	23	95	13
	41	29	64	30	94	40	34	88	92	48	96	74
	64	52	51	46	67	59	81	31	91	22	74	55
	94	75	80	61	18	31	20	15	65	83	94	39
	97	49	85	60	51	56	99	22	94	81	13	55
	21	19	35	27	64	39	44	63	96	50	59	98
	19	79	22	32	82	90	66	37	96	93	63	30
	15	22	92	96	30	25	30	26	49	47	97	54
	98	17	71	52	22	41	91	20	73	36	69	63
	50	46	27	69	96	13	27	97	12	88	11	94
	44	88	96	23	47	68	60	30	13	69	60	47
	34	48	60	56	53	89	96	55	70	93	28	77
	27	61	53	91	49	35	29	33	29	74	12	91
	17	85	46	24	22	85	59	51	20	87	57	41
	71	100	75	43	74	94	85	33	75	65	66	52
	90	18	77	81	41	69	60	90	84	84	67	83
	35	34	58	42	92	79	61	35	88	78	24	34
	71	52	55	88	46	58	54	14	67	62	35	59
	54	59	67	87	75	55	53	74	73	19	82	81
	11	30	83	64	79	34	32	12	60	88	88	18
	12	31	37	74	88	27	24	47	92	28	35	54
	32	31	85	97	65	87	26	79	86	60	72	57
	43	45	39	46	54	93	15	59	77	67	48	42

	41	53	91	19	23	75	67	36	17	61	23	99
	35	57	68	43	24	83	12	85	34	65	94	71
	34	28	19	33	76	45	62	97	23	30	13	47
	11	12	42	74	39	29	53	65	35	96	98	69
	48	62	58	74	37	29	82	40	19	65	71	44
	22	93	24	29	81	84	18	70	84	68	41	57
	83	30	87	38	17	49	86	87	60	99	46	83
	44	77	28	17	69	30	15	21	27	66	87	33
	62	94	89	52	90	82	70	52	84	54	88	80
	83	61	97	85	85	99	27	69	66	69	59	24
	35	46	40	87	72	41	63	85	20	47	14	67
	28	70	74	20	93	47	52	71	39	48	71	79
	26	86	14	28	71	34	18	79	57	16	90	59
	65	26	57	60	26	47	83	53	51	97	71	11
	18	87	23	74	54	85	67	18	55	94	15	71
	40	92	20	88	94	44	20	51	17	45	58	53
	81	80	13	29	35	78	30	14	25	48	24	91
	75	15	82	72	53	79	91	77	48	41	21	27
	11	50	39	98	56	72	82	93	55	77	52	76
	74	52	43	18	47	84	29	17	79	68	80	41
	52	31	82	80	88	54	56	52	58	56	14	88
	11	75	70	59	12	78	37	59	93	27	80	86
	53	66	36	78	81	57	27	47	75	25	64	53
	16	37	33	94	11	33	52	65	18	83	77	68
	12	72	93	12	26	36	17	14	52	32	71	17
	65	44	55	80	86	15	32	77	56	96	19	21
	57	39	20	21	59	91	41	78	28	27	97	89
	22	24	69	78	43	16	44	26	37	33	11	15
	50	19	44	80	64	39	79	83	66	33	85	63
	70	88	15	48	63	40	62	87	33	32	53	15

	70	11	70	68	96	52	15	12	24	55	35	45
	82	60	60	41	75	53	14	76	64	95	65	38
	28	58	96	78	62	49	43	91	36	24	96	42
	74	67	60	37	82	94	99	67	97	19	24	16
	55	75	24	21	16	57	13	55	80	73	19	63
	70	57	46	31	69	75	86	58	18	20	77	38
	85	42	77	66	96	86	73	22	76	58	39	91
	34	18	12	15	91	63	89	21	90	16	64	46
	21	36	54	96	56	63	24	51	13	11	65	72
	54	56	16	54	35	21	42	68	13	52	56	85
	40	54	36	59	86	48	86	80	66	34	29	60
	19	95	89	64	56	72	45	70	32	45	50	22
	41	55	10	63	35	42	65	63	59	18	96	55
	23	11	18	65	56	60	37	29	72	40	14	73
	86	34	79	57	32	30	26	65	100	76	45	98
	67	10	72	33	62	69	99	32	42	94	81	26
	78	60	19	74	28	66	65	81	59	54	75	26
	48	46	76	80	94	63	73	79	44	33	77	56
	21	45	93	25	33	77	61	26	37	40	48	21
	18	94	38	24	82	96	27	71	55	44	21	84
	54	39	29	55	68	78	17	65	83	19	13	55
	36	54	24	39	70	22	14	36	30	59	93	82
	41	45	95	49	20	44	44	52	91	82	49	56
	79	50	18	51	83	18	91	35	41	11	64	34
	94	12	63	65	86	11	80	20	76	30	80	92
	20	35	45	60	82	81	69	36	10	39	50	93
	71	39	21	64	71	57	72	71	78	88	68	19
	97	55	52	83	80	35	87	49	30	83	100	74
	11	64	61	26	50	44	50	44	43	79	43	15
	27	45	64	72	87	64	16	69	82	48	91	23

