***** PARAMETERS PRP *****

Number of Customers = 30
Number of Products = 10
Number of Vehicles = 5
Number of Periods = 12

B = Production capacity
	49555

b_p = Time required to produce item p
 	1	1	1	1	1	1	1	1	1	1

c_p = Production cost of item p
 	80	80	30	30	80	80	80	30	30	80

s_p = Setup cost of item p
 	800	800	300	300	800	800	800	300	300	800

M = Big number
	198218

U_pi = Maximum inventory upper bound of item p at site i
 	198218	170	306	308	236	181	95	238	131	215	332	113	105	166	114	273	273	101	146	119	174	120	196	256	181	316	181	156	234	139	108
	198218	93	121	182	247	90	99	139	167	121	94	171	208	248	185	263	94	94	162	113	250	306	262	273	339	240	191	146	161	250	120
	198218	257	99	236	216	202	268	202	91	122	195	283	306	150	121	113	229	158	231	272	216	233	104	121	257	193	90	171	205	108	179
	198218	85	231	190	296	95	163	221	96	295	165	169	208	112	102	96	251	208	125	95	243	175	182	185	121	162	113	252	300	232	327
	198218	159	177	189	205	225	223	189	146	197	181	153	196	338	352	212	92	260	90	101	114	275	139	306	109	192	172	111	190	118	89
	198218	329	97	104	242	219	297	132	109	104	209	315	168	258	173	223	137	189	74	208	136	221	118	250	110	117	270	275	142	97	216
	198218	239	110	100	138	219	121	240	289	100	119	196	291	154	167	305	92	75	118	262	195	266	240	251	211	127	196	87	293	150	130
	198218	166	197	131	234	232	259	249	275	226	232	261	127	263	258	316	255	119	303	340	180	182	84	124	136	176	114	217	161	258	105
	198218	173	250	94	140	125	108	98	288	123	196	100	181	219	143	338	158	205	126	194	205	150	157	288	151	220	306	222	111	154	238
	198218	112	126	239	202	190	189	171	345	209	196	240	100	76	108	237	287	101	198	120	287	212	242	225	237	106	154	117	114	73	200

I_pi0 = Initial inventory of item p at site i
 	0	152	194	305	182	156	58	139	64	121	144	45	52	78	16	205	273	32	134	47	50	76	22	185	22	204	171	151	111	87	92
	0	60	119	156	171	59	78	92	58	102	63	49	75	241	161	131	85	45	148	41	213	136	190	238	260	82	190	100	102	202	109
	0	127	61	55	108	23	206	141	89	104	84	260	61	57	88	110	151	66	103	145	212	228	60	94	198	88	85	106	117	58	76
	0	80	77	65	211	60	79	146	48	99	33	84	48	96	100	95	81	123	76	15	224	175	11	92	98	151	48	82	94	96	172
	0	131	46	59	123	138	61	170	104	94	38	104	170	246	323	207	92	211	32	67	108	100	134	90	42	25	64	54	126	68	82
	0	267	16	88	48	102	213	114	38	89	108	12	73	177	114	123	128	185	73	187	29	118	31	200	80	77	19	155	101	55	65
	0	117	110	14	54	23	90	96	138	68	85	21	123	120	129	77	67	70	110	78	57	99	109	92	187	119	132	58	190	100	109
	0	163	87	21	125	95	83	173	61	139	228	185	84	28	170	135	228	93	118	210	129	173	66	63	97	85	87	181	126	119	17
	0	16	152	76	97	81	92	0	45	36	95	72	163	137	31	164	150	94	96	144	152	95	99	239	68	97	207	199	61	33	218
	0	105	69	134	163	160	172	153	187	99	155	186	38	34	55	111	140	39	122	87	118	73	161	193	42	47	124	75	104	73	105

h_pi = Inventory cost of item p at site i
 	8	0	0	0	0	0	0	0	0	0	0	0	0	0	0	0	0	0	0	0	0	0	0	0	0	0	0	0	0	0	0
	8	0	0	0	0	0	0	0	0	0	0	0	0	0	0	0	0	0	0	0	0	0	0	0	0	0	0	0	0	0	0
	3	0	0	0	0	0	0	0	0	0	0	0	0	0	0	0	0	0	0	0	0	0	0	0	0	0	0	0	0	0	0
	3	0	0	0	0	0	0	0	0	0	0	0	0	0	0	0	0	0	0	0	0	0	0	0	0	0	0	0	0	0	0
	8	0	0	0	0	0	0	0	0	0	0	0	0	0	0	0	0	0	0	0	0	0	0	0	0	0	0	0	0	0	0
	8	0	0	0	0	0	0	0	0	0	0	0	0	0	0	0	0	0	0	0	0	0	0	0	0	0	0	0	0	0	0
	8	0	0	0	0	0	0	0	0	0	0	0	0	0	0	0	0	0	0	0	0	0	0	0	0	0	0	0	0	0	0
	3	0	0	0	0	0	0	0	0	0	0	0	0	0	0	0	0	0	0	0	0	0	0	0	0	0	0	0	0	0	0
	3	0	0	0	0	0	0	0	0	0	0	0	0	0	0	0	0	0	0	0	0	0	0	0	0	0	0	0	0	0	0
	8	0	0	0	0	0	0	0	0	0	0	0	0	0	0	0	0	0	0	0	0	0	0	0	0	0	0	0	0	0	0

C = Vehicle capacity
	3520

f = Fixed transportation cost
	32178

a_ik = Transportation cost for traveling from node i to node k
 	0	60	245	837	74	246	127	378	142	447	829	372	226	491	599	541	245	474	420	597	470	340	274	737	793	409	522	698	423	564	291
	60	0	196	779	133	190	88	320	85	388	772	313	278	441	542	492	208	431	361	539	426	363	295	681	735	426	465	639	363	510	317
	245	196	0	680	316	206	121	164	119	285	691	188	470	432	457	484	301	464	240	372	456	547	479	611	564	603	385	489	267	469	505
	837	779	680	0	902	593	765	521	711	400	73	494	1004	401	238	377	643	482	441	396	477	932	888	139	374	928	315	277	421	308	921
	74	133	316	902	0	309	196	451	215	518	892	445	159	545	665	593	289	518	492	670	515	306	246	798	866	381	588	771	492	622	256
	246	190	206	593	309	0	208	212	144	219	584	176	422	257	356	309	111	266	208	410	259	416	354	492	600	452	280	485	193	321	385
	127	88	121	765	196	208	0	271	64	366	767	278	352	463	532	515	264	470	330	487	464	450	383	680	681	513	455	597	344	520	404
	378	320	164	521	451	212	271	0	236	140	538	55	594	340	309	385	322	400	90	220	390	624	559	464	415	663	245	327	133	348	589
	142	85	119	711	215	144	64	236	0	315	710	233	361	400	476	452	207	407	283	456	401	429	361	621	651	485	399	558	291	458	386
	447	388	285	400	518	219	366	140	315	0	407	98	640	220	173	259	307	298	51	216	288	622	564	328	392	646	105	268	27	211	597
	829	772	691	73	892	584	767	538	710	407	0	504	984	369	236	338	622	443	453	438	439	898	859	97	438	889	312	330	426	278	891
	372	313	188	494	445	176	278	55	233	98	504	0	579	286	271	332	283	346	53	236	336	592	529	426	430	627	201	327	85	299	560
	226	278	470	1004	159	422	352	594	361	640	984	579	0	621	769	663	363	571	622	811	571	212	181	888	1007	290	696	902	614	707	169
	491	441	432	401	545	257	463	340	400	220	369	286	621	0	197	53	261	95	262	419	86	532	490	273	561	529	161	419	213	94	523
	599	542	457	238	665	356	532	309	476	173	236	271	769	197	0	199	411	291	221	274	283	712	663	156	376	718	77	234	191	118	697
	541	492	484	377	593	309	515	385	452	259	338	332	663	53	199	0	306	106	304	445	102	561	525	243	573	552	183	430	256	83	557
	245	208	301	643	289	111	264	322	207	307	622	283	363	261	411	306	0	230	307	511	226	316	259	526	697	345	341	574	282	345	292
	474	431	464	482	518	266	470	400	407	298	443	346	571	95	291	106	230	0	333	506	10	458	424	348	654	447	254	513	286	181	456
	420	361	240	441	492	208	330	90	283	51	453	53	622	262	221	304	307	333	0	205	323	621	560	376	393	651	155	281	49	260	592
	597	539	372	396	670	410	487	220	456	216	438	236	811	419	274	445	511	506	205	0	496	825	763	399	196	855	262	133	237	375	795
	470	426	456	477	515	259	464	390	401	288	439	336	571	86	283	102	226	10	323	496	0	461	426	344	645	452	245	504	276	174	458
	340	363	547	932	306	416	450	624	429	622	898	592	212	532	712	561	316	458	621	825	461	0	69	802	1013	80	648	889	597	625	51
	274	295	479	888	246	354	383	559	361	564	859	529	181	490	663	525	259	424	560	763	426	69	0	762	953	136	596	832	539	582	34
	737	681	611	139	798	492	680	464	621	328	97	426	888	273	156	243	526	348	376	399	344	802	762	0	442	795	227	314	344	182	795
	793	735	564	374	866	600	681	415	651	392	438	430	1007	561	376	573	697	654	393	196	645	1013	953	442	0	1038	401	143	417	493	985
	409	426	603	928	381	452	513	663	485	646	889	627	290	529	718	552	345	447	651	855	452	80	136	795	1038	0	659	909	622	622	129
	522	465	385	315	588	280	455	245	399	105	312	201	696	161	77	183	341	254	155	262	245	648	596	227	401	659	0	261	118	117	630
	698	639	489	277	771	485	597	327	558	268	330	327	902	419	234	430	574	513	281	133	504	889	832	314	143	909	261	0	294	350	865
	423	363	267	421	492	193	344	133	291	27	426	85	614	213	191	256	282	286	49	237	276	597	539	344	417	622	118	294	0	216	571
	564	510	469	308	622	321	520	348	458	211	278	299	707	94	118	83	345	181	260	375	174	625	582	182	493	622	117	350	216	0	615
	291	317	505	921	256	385	404	589	386	597	891	560	169	523	697	557	292	456	592	795	458	51	34	795	985	129	630	865	571	615	0

coordXY = Coordinates (x,y): line zero => x line one => y column => customers
 	105	113	10	398	114	215	40	73	94	199	461	127	206	412	322	456	300	466	153	51	457	410	358	445	25	489	290	135	201	406	361
	788	729	563	5	861	569	680	412	647	351	40	417	990	405	230	377	640	482	371	194	478	936	892	135	0	928	300	91	377	312	925

d_pit = Demand of item p at customer i in period t
 	43	22	87	98	86	28	87	67	14	37	45	65
	86	48	60	73	73	84	64	20	15	33	81	98
	73	90	76	66	74	63	78	43	31	43	47	55
	21	74	67	20	85	53	75	75	78	34	87	39
	25	69	62	65	69	31	59	59	73	86	69	55
	58	79	43	16	17	96	63	42	12	33	89	22
	50	42	47	62	83	11	11	43	88	58	38	37
	64	55	58	11	70	42	32	19	33	13	51	77
	50	57	14	92	49	30	78	35	88	21	86	46
	71	73	94	92	69	54	28	41	73	92	28	81
	45	71	22	55	40	95	40	61	88	33	92	34
	52	79	62	70	40	32	45	93	84	27	15	32
	78	53	28	37	45	66	54	94	90	63	19	37
	16	40	46	49	89	50	28	46	64	72	89	93
	68	86	18	33	92	89	77	77	40	64	85	90
	59	71	65	78	44	47	51	24	72	70	25	50
	32	38	57	54	15	76	78	59	75	34	72	18
	57	77	97	93	43	49	54	96	45	86	96	80
	47	33	72	70	66	79	59	64	49	11	98	68
	50	98	52	43	43	96	90	26	21	66	29	81
	76	83	14	80	89	72	41	88	38	50	38	48
	22	66	43	87	42	10	44	70	67	60	34	44
	39	64	82	99	30	77	63	53	66	71	65	58
	22	93	54	68	84	42	11	33	20	64	21	31
	40	58	70	36	94	66	53	80	61	53	77	71
	87	50	34	18	16	37	66	14	28	96	71	27
	14	39	98	92	25	82	17	46	41	52	64	53
	49	62	89	30	88	16	29	32	34	32	22	79
	87	70	23	86	21	78	81	90	64	93	60	81
	92	76	54	40	55	42	71	17	69	54	32	44

	60	90	21	10	89	19	72	14	64	28	48	42
	23	96	54	68	14	48	22	13	66	25	20	35
	81	75	42	78	52	86	29	75	62	70	41	35
	53	92	26	52	22	69	73	51	34	20	69	32
	59	63	30	88	97	40	14	14	11	64	49	12
	26	52	44	59	83	71	46	39	69	39	15	50
	17	39	36	26	97	42	26	16	82	64	88	21
	23	35	75	47	17	43	81	73	96	76	67	35
	61	41	53	56	59	73	59	38	75	46	86	80
	34	29	85	97	29	40	30	20	26	57	27	87
	49	78	35	57	51	15	76	100	46	19	74	85
	75	50	66	74	22	78	98	95	94	67	63	49
	34	86	54	67	56	97	66	63	85	29	95	11
	75	61	25	30	28	59	66	56	49	54	24	28
	52	79	100	36	14	48	98	13	33	18	98	41
	85	12	24	73	37	44	47	63	35	18	30	94
	45	79	91	100	16	16	33	13	70	61	14	26
	73	75	89	12	26	94	56	35	20	11	86	72
	41	95	66	12	62	40	44	92	60	97	47	22
	82	77	11	43	29	48	41	67	19	92	54	37
	91	45	14	73	10	83	98	23	53	72	76	96
	65	42	83	30	28	40	47	65	63	72	38	55
	36	49	81	72	76	71	52	57	61	19	56	24
	39	77	65	79	92	80	39	89	80	35	39	99
	82	23	16	70	44	27	16	59	25	52	77	84
	97	39	54	63	38	16	100	82	96	78	42	59
	62	38	84	29	15	32	43	55	18	22	28	12
	55	47	60	34	75	38	18	75	76	43	91	30
	19	71	15	97	91	78	41	33	38	20	25	73
	44	65	48	48	65	21	33	15	47	50	21	22

	44	20	63	41	65	45	73	93	99	90	43	95
	61	39	62	26	43	85	80	12	32	49	62	45
	55	87	66	34	70	60	15	76	25	16	44	18
	12	16	80	23	54	79	63	20	46	58	49	18
	23	28	76	75	69	24	43	77	60	23	12	96
	15	73	79	39	19	39	83	43	82	63	40	69
	30	27	55	29	72	26	49	51	25	61	27	33
	30	59	88	66	55	27	42	28	18	39	22	71
	79	25	56	40	94	24	70	31	92	88	42	92
	65	19	34	91	38	79	15	50	59	97	13	26
	58	33	69	100	76	41	31	32	26	52	72	90
	61	88	13	64	51	61	57	68	65	88	19	99
	36	21	97	19	90	79	37	27	24	54	39	75
	36	52	27	48	94	39	72	93	34	79	99	55
	48	62	38	72	93	72	16	22	43	76	50	85
	11	13	46	81	25	13	69	86	67	69	43	27
	56	10	82	86	60	29	77	29	72	55	27	48
	48	55	17	85	45	17	40	36	42	58	54	58
	98	47	60	87	70	95	73	98	88	21	40	40
	68	49	95	23	43	28	12	97	74	48	83	28
	96	80	52	48	49	93	50	70	27	23	62	49
	12	48	52	74	44	18	93	39	53	44	67	79
	94	15	85	97	49	42	15	65	93	71	69	28
	48	27	54	69	37	63	22	93	99	59	16	29
	88	76	16	35	96	79	48	79	76	50	60	68
	85	92	24	73	26	20	81	53	18	46	12	12
	88	18	11	14	76	67	32	80	96	35	95	72
	54	53	10	51	60	54	32	23	65	59	88	67
	58	52	44	16	93	65	74	38	73	37	18	79
	76	65	56	11	78	56	56	84	76	17	87	52

	66	14	47	19	96	97	39	56	14	11	22	27
	55	22	85	49	49	84	45	60	55	19	74	96
	65	25	79	78	65	73	28	65	75	94	65	48
	93	76	42	21	49	92	97	15	23	93	86	24
	43	17	36	82	57	66	13	47	39	71	37	61
	62	17	29	16	68	50	46	45	97	29	100	94
	86	60	24	81	84	40	33	93	50	46	10	56
	48	24	17	60	45	14	26	93	21	93	55	82
	84	15	44	98	81	72	36	38	86	20	78	57
	33	17	75	89	62	47	43	32	55	91	36	81
	73	11	93	79	61	53	84	28	35	49	63	45
	48	79	34	94	64	35	41	78	40	46	41	23
	28	68	83	40	40	34	68	82	42	58	86	42
	100	44	14	12	82	72	25	92	55	13	36	66
	47	48	90	16	73	62	35	45	14	45	66	34
	81	30	55	98	80	48	66	56	67	73	41	57
	39	84	26	96	92	93	56	30	47	81	97	91
	76	64	65	60	27	83	47	50	29	75	79	95
	15	35	20	21	33	40	74	87	68	56	76	44
	62	88	74	86	62	21	28	80	63	20	47	97
	42	41	92	19	88	58	40	52	64	71	43	90
	11	57	67	83	37	16	46	16	56	75	36	46
	92	48	93	63	69	71	17	59	50	32	93	52
	65	33	73	53	93	63	99	42	48	75	15	65
	78	73	82	75	27	45	60	33	98	15	23	39
	22	26	93	47	41	57	63	32	94	60	88	57
	82	14	71	22	65	72	68	26	85	99	52	99
	20	74	35	29	66	97	74	86	99	61	14	64
	96	11	89	38	14	77	58	32	65	18	12	47
	91	81	27	53	43	64	99	71	65	65	46	80

	92	39	75	22	12	81	45	27	58	77	42	65
	46	53	49	42	96	93	62	78	51	66	43	29
	19	40	47	50	94	57	23	63	48	32	34	61
	40	12	18	53	22	61	25	46	45	85	17	67
	54	43	27	14	46	81	72	74	91	39	79	55
	61	98	33	25	72	90	39	62	88	19	18	64
	57	12	32	69	32	61	61	37	15	56	56	78
	13	15	76	19	25	57	15	77	83	61	56	88
	94	80	93	64	44	33	96	38	23	49	91	82
	38	65	84	71	11	70	87	55	41	65	60	75
	52	52	37	19	68	13	57	23	15	36	70	18
	59	16	95	97	47	35	51	62	47	89	91	94
	87	54	30	75	79	73	53	83	53	33	92	99
	75	72	80	96	88	56	38	99	40	68	47	86
	39	85	42	41	68	32	78	35	18	54	66	78
	32	49	11	40	25	79	43	32	78	16	89	59
	63	32	77	39	71	21	40	74	26	97	37	48
	32	88	15	32	38	68	68	13	46	89	19	33
	28	27	12	23	18	82	18	48	58	43	29	16
	39	40	29	58	68	40	86	87	85	70	44	40
	61	39	34	66	22	45	58	87	64	74	36	73
	53	81	23	57	22	39	70	38	10	82	19	62
	17	73	17	36	88	18	62	83	98	56	89	98
	42	27	75	50	70	60	96	35	31	62	31	76
	25	99	58	66	81	92	100	72	15	60	69	31
	38	26	54	88	62	29	67	93	98	30	68	34
	25	29	85	43	54	99	36	66	27	68	64	70
	79	47	46	81	22	98	13	51	65	81	82	93
	49	19	100	93	29	28	14	67	77	91	67	71
	82	16	57	43	42	41	27	18	90	18	25	73

	93	79	95	70	91	25	29	32	97	53	60	65
	16	97	93	43	61	37	19	50	98	24	30	12
	37	51	69	70	24	74	64	24	47	80	28	58
	48	69	83	79	67	51	15	54	18	15	29	52
	36	66	39	11	22	43	76	96	52	48	100	69
	94	37	82	20	49	61	67	79	33	77	81	32
	72	42	77	99	47	58	83	97	24	76	49	65
	13	25	80	66	54	88	85	51	71	58	30	34
	58	31	42	68	32	43	37	60	44	47	92	71
	11	21	76	24	56	77	49	53	70	38	98	54
	12	86	62	51	78	50	62	86	98	60	38	73
	30	43	63	39	31	69	74	84	27	52	64	97
	42	70	41	24	17	95	64	34	68	50	88	27
	65	49	87	67	14	38	92	63	50	39	54	75
	72	24	27	15	43	76	44	67	45	54	58	10
	46	16	66	48	23	59	35	73	23	50	72	38
	63	97	25	44	36	58	95	69	99	45	69	54
	19	54	38	65	17	39	45	21	31	18	12	85
	95	92	29	27	42	47	99	89	84	50	83	93
	29	37	14	13	29	96	25	90	37	76	21	75
	20	98	26	39	29	85	31	87	92	50	19	88
	31	99	74	62	40	40	89	65	96	49	18	45
	74	53	46	27	83	33	60	61	19	67	21	56
	80	61	12	49	32	80	87	20	89	53	11	85
	50	27	49	31	98	15	100	78	68	81	70	36
	19	29	100	31	49	89	87	29	40	54	48	72
	82	15	58	84	93	20	58	61	73	24	58	33
	26	63	12	77	89	42	33	12	41	96	56	21
	55	92	95	46	56	39	18	60	55	11	37	17
	20	45	15	77	71	89	56	27	82	14	64	88

	19	98	98	47	66	21	13	27	19	14	88	63
	78	32	79	82	18	29	60	99	34	92	34	22
	14	58	54	42	74	56	55	26	22	71	97	28
	54	98	83	38	17	52	15	19	25	99	22	29
	23	72	50	86	41	32	93	45	84	36	16	78
	80	10	34	20	61	91	78	62	73	97	24	96
	34	27	35	73	61	37	79	22	33	69	52	55
	90	26	22	35	97	86	42	39	65	45	86	60
	68	94	63	29	29	62	46	19	72	38	38	40
	85	56	49	20	59	67	52	98	68	26	99	34
	21	38	32	40	52	73	54	32	36	62	96	51
	56	48	19	45	92	57	79	34	51	54	70	94
	45	75	83	44	48	16	46	36	75	43	85	19
	58	71	93	38	60	20	48	93	15	58	56	59
	77	83	29	42	43	80	53	83	43	21	80	99
	34	11	22	79	28	62	34	93	35	56	75	25
	24	46	73	26	15	11	37	11	27	51	60	68
	13	97	50	88	61	10	37	70	85	74	32	91
	67	11	68	35	30	87	11	61	44	44	91	80
	57	80	56	91	60	37	73	24	78	42	94	88
	99	53	89	53	13	90	64	32	49	21	41	34
	89	20	37	12	23	74	26	57	55	78	82	22
	92	27	41	99	36	85	70	25	39	99	77	62
	92	95	75	50	54	87	51	36	91	97	75	40
	45	74	53	95	60	18	88	85	76	79	25	63
	63	15	54	98	92	80	37	39	80	96	93	37
	44	14	62	11	64	22	41	51	72	57	66	18
	64	85	27	14	89	48	25	43	98	82	46	83
	100	77	88	71	67	89	65	11	97	95	79	58
	65	44	90	66	15	61	63	53	87	75	99	60

	69	58	36	56	46	69	85	27	26	53	56	83
	76	11	88	82	26	26	84	88	88	82	67	71
	21	25	21	47	22	34	51	24	42	98	40	99
	13	88	24	70	25	59	38	12	61	69	40	63
	12	83	81	62	77	42	57	70	47	58	55	51
	40	17	26	97	84	87	99	97	20	57	54	100
	77	17	79	83	93	23	33	23	95	75	69	80
	61	66	63	71	14	91	64	25	33	54	93	25
	48	53	38	37	98	94	75	69	14	58	55	39
	38	100	90	33	37	30	48	35	37	81	67	99
	54	99	32	23	57	41	58	86	32	65	36	43
	49	35	80	57	95	80	21	92	62	47	99	43
	28	92	34	14	54	99	19	42	79	66	72	33
	96	19	27	28	49	99	72	24	37	55	24	90
	90	45	57	19	86	96	77	36	58	83	19	92
	49	81	30	68	75	77	57	25	97	26	85	96
	93	99	31	62	34	51	73	70	83	24	30	65
	62	56	84	37	34	72	37	55	73	93	52	72
	72	55	68	15	49	54	95	98	42	71	98	100
	92	37	67	87	47	97	19	85	11	56	76	44
	98	75	74	47	78	44	23	40	40	75	66	69
	66	40	51	32	28	15	86	20	20	24	85	36
	63	81	37	47	82	44	44	78	69	39	89	71
	97	66	40	87	77	65	31	54	57	50	98	96
	31	54	65	97	56	98	43	60	28	99	49	22
	87	33	96	75	79	35	58	50	81	22	11	58
	80	65	36	44	36	41	36	99	25	56	96	38
	52	74	33	38	13	92	11	14	59	92	100	67
	56	18	45	95	27	27	56	52	75	67	70	30
	17	90	12	56	62	79	85	21	11	73	56	70

	16	68	22	88	14	12	76	29	44	65	19	66
	44	88	20	75	19	53	70	96	99	24	67	95
	18	35	23	52	32	39	49	96	90	20	47	64
	97	61	69	20	97	92	54	69	77	37	98	67
	81	54	56	85	46	53	68	17	78	94	60	59
	92	88	18	73	57	38	23	44	37	62	48	66
	100	44	20	65	16	31	38	52	45	55	27	95
	45	82	18	56	82	28	70	100	27	75	24	83
	36	95	81	68	52	15	90	82	65	16	95	42
	95	81	77	27	83	99	58	94	66	34	31	37
	49	23	39	55	80	76	89	21	23	24	65	58
	81	32	50	72	94	41	45	39	57	50	98	66
	23	59	55	14	29	13	57	88	20	68	39	61
	31	87	47	14	20	65	67	52	17	10	69	91
	86	78	60	88	48	43	76	81	80	56	74	41
	22	44	84	27	93	93	27	65	60	16	38	62
	11	83	84	12	59	63	15	41	14	20	74	15
	96	89	87	54	74	91	38	33	66	11	89	25
	32	31	45	36	97	54	39	58	50	64	56	21
	91	61	36	40	38	86	17	55	60	33	76	23
	30	65	12	34	100	71	13	38	69	88	67	12
	15	84	46	10	15	14	18	43	84	15	44	84
	19	72	79	69	55	78	98	93	71	86	46	99
	68	95	25	68	25	47	57	88	11	93	11	16
	97	44	96	71	54	22	45	96	36	52	20	27
	85	87	35	18	67	77	51	46	38	43	98	90
	59	32	50	58	38	80	67	80	59	46	71	27
	61	65	30	85	33	32	15	72	65	81	64	60
	33	45	47	36	62	76	42	84	17	28	69	76
	49	63	59	47	41	97	48	41	34	95	75	65

	21	72	12	67	37	42	61	82	86	89	85	20
	69	74	25	100	47	71	70	78	10	29	89	91
	47	87	71	38	81	50	12	75	44	71	81	60
	57	88	18	91	77	89	87	93	44	68	30	66
	80	80	90	31	21	79	86	62	70	74	23	64
	93	79	21	48	64	27	85	55	97	53	41	93
	48	24	81	68	54	68	48	75	44	85	53	35
	89	60	38	22	74	53	96	94	98	63	77	65
	57	42	79	72	64	70	84	57	88	69	93	62
	20	96	39	60	15	23	51	78	32	27	59	89
	82	86	18	46	87	61	46	85	42	90	22	56
	25	13	85	79	22	60	64	25	59	53	78	35
	34	100	18	86	20	11	35	26	13	20	13	81
	55	62	80	62	36	70	41	71	81	39	19	30
	32	79	54	11	36	67	88	87	24	85	58	91
	66	74	96	25	88	27	81	35	56	21	36	84
	39	66	100	70	11	70	69	44	36	60	26	15
	33	52	37	29	14	83	71	52	78	33	33	80
	87	96	99	34	12	19	90	82	34	82	37	50
	97	21	14	24	78	57	96	28	40	96	69	69
	18	55	34	67	23	10	92	93	63	80	42	59
	86	75	34	14	18	81	89	43	82	50	71	82
	25	78	90	95	22	62	29	57	27	90	35	64
	23	19	74	96	99	38	45	66	90	73	15	72
	47	36	76	47	47	19	57	100	95	32	23	55
	97	27	93	21	23	66	61	51	26	23	78	50
	75	61	35	48	76	81	59	99	40	11	56	62
	44	60	98	25	51	62	57	95	27	15	62	86
	20	53	73	37	36	18	12	20	100	26	23	19
	61	44	48	19	51	77	99	65	25	78	14	20

