***** PARAMETERS PRP *****

Number of Customers = 30
Number of Products = 10
Number of Vehicles = 5
Number of Periods = 12

B = Production capacity
	49250

b_p = Time required to produce item p
 	1	1	1	1	1	1	1	1	1	1

c_p = Production cost of item p
 	80	30	30	30	80	30	80	80	30	80

s_p = Setup cost of item p
 	800	300	300	300	800	300	800	800	300	800

M = Big number
	196999

U_pi = Maximum inventory upper bound of item p at site i
 	196999	231	210	110	190	318	118	91	328	211	177	109	245	123	235	104	119	92	108	167	190	73	286	277	163	146	143	211	180	174	215
	196999	249	249	123	224	122	211	306	156	180	294	289	338	341	227	159	200	265	234	230	237	217	213	120	171	147	155	119	165	206	158
	196999	140	320	107	215	284	269	108	232	91	187	130	109	271	103	164	222	92	187	182	106	84	292	159	192	93	150	153	282	166	110
	196999	109	176	292	107	126	124	212	312	303	115	214	182	305	214	150	88	194	103	281	98	302	186	316	189	164	295	244	283	102	181
	196999	110	158	187	184	255	132	152	182	303	119	156	110	101	313	100	233	242	95	124	88	235	290	102	134	276	106	280	293	262	227
	196999	107	278	248	301	122	102	93	270	207	271	200	114	206	260	200	228	360	104	106	92	173	167	94	101	159	118	95	176	113	263
	196999	188	226	151	149	171	210	111	272	197	110	252	165	156	296	111	155	191	182	303	128	240	180	143	181	110	335	121	101	246	120
	196999	123	189	164	91	150	103	268	103	157	231	178	160	90	122	225	134	165	201	152	225	257	263	263	257	86	250	126	243	201	305
	196999	130	176	175	188	199	109	171	123	173	100	176	175	229	219	149	194	120	229	99	268	93	254	113	206	87	152	255	244	239	161
	196999	100	115	181	177	227	149	96	163	240	290	314	127	313	234	139	289	172	125	333	182	227	231	251	104	222	174	174	180	125	163

I_pi0 = Initial inventory of item p at site i
 	0	198	164	81	141	115	101	67	270	104	163	19	165	62	106	17	71	44	53	139	127	26	169	161	96	105	89	106	105	162	59
	0	144	167	106	61	88	184	249	147	169	145	109	331	259	159	40	136	117	126	128	95	206	141	34	134	81	96	51	150	14	142
	0	71	151	89	61	214	51	87	207	57	158	61	66	182	32	141	161	72	39	151	67	29	258	55	57	51	107	134	192	129	99
	0	87	153	81	53	99	115	175	289	89	17	161	152	97	114	103	0	90	55	221	46	51	89	53	168	116	65	56	200	82	17
	0	55	121	37	50	90	128	114	126	148	115	137	92	40	50	76	198	93	28	59	50	83	225	74	93	216	94	137	293	70	112
	0	101	111	220	215	72	27	35	153	14	93	166	95	184	253	146	84	293	70	102	36	58	159	20	56	116	108	47	45	24	250
	0	138	83	27	121	161	37	109	199	105	66	96	133	138	239	97	97	142	144	105	84	74	162	94	67	98	272	88	84	234	86
	0	123	144	45	91	81	88	231	66	97	44	62	96	50	120	113	61	152	105	23	151	164	203	217	95	63	74	65	43	178	102
	0	126	80	147	92	195	57	142	99	141	39	26	155	170	142	80	102	110	154	83	62	20	152	81	146	81	69	238	37	107	40
	0	84	94	102	169	98	149	61	89	81	185	115	114	256	157	85	205	155	33	280	41	197	212	178	82	90	101	119	141	78	88

h_pi = Inventory cost of item p at site i
 	8	8	4	6	9	5	6	6	5	5	4	1	3	5	8	9	9	8	6	5	4	5	7	4	1	7	4	8	6	4	1
	3	3	3	8	4	8	7	6	7	2	9	5	3	8	1	2	8	8	8	4	3	8	5	5	1	4	5	1	7	9	8
	3	1	8	5	5	5	2	1	9	6	4	6	9	9	2	2	2	3	8	3	8	4	8	1	3	1	8	2	1	7	4
	3	4	1	2	5	9	5	8	4	3	6	8	1	6	3	4	4	5	3	8	3	5	5	8	3	4	2	1	6	5	9
	8	4	1	5	7	6	3	7	4	6	5	7	2	8	2	6	3	7	3	4	9	7	9	1	8	7	9	2	1	7	2
	3	3	8	3	7	3	9	8	8	9	4	4	7	6	3	9	8	7	3	2	9	5	1	5	9	5	9	5	2	1	8
	8	7	4	4	2	4	6	5	1	8	3	9	5	3	6	7	3	2	8	1	1	8	9	4	4	7	2	1	1	6	3
	8	9	2	8	9	9	1	7	8	8	3	1	4	8	9	7	9	9	3	4	1	9	7	5	1	7	4	5	8	9	8
	3	5	2	3	1	9	2	2	9	8	1	2	7	1	8	5	3	1	4	9	6	9	1	2	4	2	2	4	1	6	6
	8	7	4	8	3	7	3	2	4	1	5	5	1	7	3	4	9	4	7	9	1	2	8	4	5	7	6	2	5	8	5

C = Vehicle capacity
	3600

f = Fixed transportation cost
	149110

a_ik = Transportation cost for traveling from node i to node k
 	0	620	1045	2200	2460	3265	1375	1270	1795	675	2115	605	2475	2570	525	2840	2440	1135	545	170	1645	2320	790	1030	1030	2235	1605	2390	1720	3045	915
	620	0	1535	2020	2960	2905	1020	1035	2345	1290	2705	945	2395	2155	920	2455	1855	1750	635	720	1935	1875	1120	1120	635	1640	1525	1930	2315	2560	1530
	1045	1535	0	2065	1430	3305	1725	1485	835	790	1295	620	2115	2795	625	2970	3070	705	980	880	820	2630	510	910	1565	2895	1445	2715	1595	3370	810
	2200	2020	2065	0	2845	1265	1055	985	2685	2585	3235	1760	515	1005	1850	1020	1950	2745	1660	2110	1540	1050	1685	1255	1405	1920	640	1125	3610	1600	2740
	2460	2960	1430	2845	0	4075	2950	2680	740	2020	945	2025	2620	3785	2045	3860	4330	1600	2370	2305	1340	3705	1865	2110	2895	4185	2385	3790	2155	4390	1885
	3265	2905	3305	1265	4075	0	1910	2000	3945	3750	4495	2930	1480	800	3010	465	1870	3965	2745	3210	2795	1105	2890	2445	2285	1985	1865	1085	4810	895	3930
	1375	1020	1725	1055	2950	1910	0	270	2530	1930	3020	1175	1505	1200	1235	1475	1385	2255	895	1345	1655	960	1220	850	390	1245	760	1040	3020	1705	2145
	1270	1035	1485	985	2680	2000	270	0	2275	1765	2775	970	1375	1360	1040	1595	1655	2045	745	1210	1385	1155	990	590	450	1515	550	1240	2845	1900	1965
	1795	2345	835	2685	740	3945	2530	2275	0	1295	560	1450	2595	3525	1445	3660	3890	860	1810	1650	1170	3390	1335	1685	2395	3720	2120	3475	1490	4115	1145
	675	1290	790	2585	2020	3750	1930	1765	1295	0	1505	830	2745	3120	740	3355	3100	500	1040	615	1590	2890	915	1335	1635	2895	1950	2970	1090	3630	245
	2115	2705	1295	3235	945	4495	3020	2775	560	1505	0	1890	3150	4055	1865	4205	4360	1010	2240	1990	1725	3910	1805	2190	2850	4180	2660	3995	1265	4645	1295
	605	945	620	1760	2025	2930	1175	970	1450	830	1890	0	1955	2325	95	2545	2475	1080	360	445	1055	2120	195	510	960	2295	1130	2200	1890	2865	1005
	2475	2395	2115	515	2620	1480	1505	1375	2595	2745	3150	1955	0	1450	2045	1380	2460	2815	1940	2360	1430	1545	1835	1455	1820	2435	880	1615	3705	2015	2865
	2570	2155	2795	1005	3785	800	1200	1360	3525	3120	4055	2325	1450	0	2395	335	1170	3400	2085	2545	2450	310	2325	1890	1560	1240	1410	300	4205	610	3320
	525	920	625	1850	2045	3010	1235	1040	1445	740	1865	95	2045	2395	0	2625	2510	1020	380	365	1125	2185	270	605	995	2325	1220	2265	1810	2930	925
	2840	2455	2970	1020	3860	465	1475	1595	3660	3355	4205	2545	1380	335	2625	0	1465	3605	2335	2800	2545	640	2525	2080	1845	1555	1545	630	4430	655	3545
	2440	1855	3070	1950	4330	1870	1385	1655	3890	3100	4360	2475	2460	1170	2510	1465	0	3505	2135	2490	3025	945	2560	2230	1515	225	2040	900	4155	1080	3335
	1135	1750	705	2745	1600	3965	2255	2045	860	500	1010	1080	2815	3400	1020	3605	3505	0	1385	1040	1495	3200	1085	1525	2005	3310	2110	3280	890	3945	295
	545	635	980	1660	2370	2745	895	745	1810	1040	2240	360	1940	2085	380	2335	2135	1385	0	470	1305	1855	510	530	625	1945	1070	1930	2130	2595	1255
	170	720	880	2110	2305	3210	1345	1210	1650	615	1990	445	2360	2545	365	2800	2490	1040	470	0	1480	2305	630	905	1030	2285	1500	2375	1695	3035	850
	1645	1935	820	1540	1340	2795	1655	1385	1170	1590	1725	1055	1430	2450	1125	2545	3025	1495	1305	1480	0	2365	865	875	1680	2900	1050	2450	2370	3055	1630
	2320	1875	2630	1050	3705	1105	960	1155	3390	2890	3910	2120	1545	310	2185	640	945	3200	1855	2305	2365	0	2140	1725	1295	975	1320	90	3980	745	3105
	790	1120	510	1685	1865	2890	1220	990	1335	915	1805	195	1835	2325	270	2525	2560	1085	510	630	865	2140	0	445	1060	2390	1050	2225	1935	2885	1060
	1030	1120	910	1255	2110	2445	850	590	1685	1335	2190	510	1455	1890	605	2080	2230	1525	530	905	875	1725	445	0	810	2080	620	1810	2375	2460	1495
	1030	635	1565	1405	2895	2285	390	450	2395	1635	2850	960	1820	1560	995	1845	1515	2005	625	1030	1680	1295	1060	810	0	1335	990	1365	2720	2020	1860
	2235	1640	2895	1920	4185	1985	1245	1515	3720	2895	4180	2295	2435	1240	2325	1555	225	3310	1945	2285	2900	975	2390	2080	1335	0	1940	950	3945	1245	3130
	1605	1525	1445	640	2385	1865	760	550	2120	1950	2660	1130	880	1410	1220	1545	2040	2110	1070	1500	1050	1320	1050	620	990	1940	0	1405	2975	2015	2105
	2390	1930	2715	1125	3790	1085	1040	1240	3475	2970	3995	2200	1615	300	2265	630	900	3280	1930	2375	2450	90	2225	1810	1365	950	1405	0	4055	665	3180
	1720	2315	1595	3610	2155	4810	3020	2845	1490	1090	1265	1890	3705	4205	1810	4430	4155	890	2130	1695	2370	3980	1935	2375	2720	3945	2975	4055	0	4720	890
	3045	2560	3370	1600	4390	895	1705	1900	4115	3630	4645	2865	2015	610	2930	655	1080	3945	2595	3035	3055	745	2885	2460	2020	1245	2015	665	4720	0	3845
	915	1530	810	2740	1885	3930	2145	1965	1145	245	1295	1005	2865	3320	925	3545	3335	295	1255	850	1630	3105	1060	1495	1860	3130	2105	3180	890	3845	0

coordXY = Coordinates (x,y): line zero => x line one => y column => customers
 	35	7	215	380	430	427	173	201	287	60	254	155	473	285	139	347	55	121	121	67	362	231	192	226	112	38	308	227	2	255	71
	621	501	726	348	914	100	384	430	876	753	982	618	392	172	628	147	134	831	555	631	655	201	627	545	431	175	453	184	963	54	800

d_pit = Demand of item p at customer i in period t
 	15	98	85	28	23	26	96	78	17	93	79	55
	74	77	13	11	53	79	19	65	67	41	41	91
	81	12	56	27	92	84	39	37	48	32	60	91
	96	45	36	29	49	91	93	35	32	87	91	74
	66	49	67	57	95	81	28	87	42	74	99	17
	52	49	38	80	96	56	33	63	43	71	84	44
	67	73	48	49	38	30	54	38	17	27	72	33
	79	86	73	32	41	90	25	81	77	52	77	73
	73	31	41	24	75	39	25	74	49	10	12	53
	68	50	45	29	90	55	92	25	64	39	51	98
	19	40	99	68	52	48	81	48	98	31	50	18
	77	88	23	70	86	94	72	46	42	62	18	58
	62	82	82	84	22	66	84	59	12	75	52	60
	26	52	28	100	21	73	13	50	49	60	20	72
	17	90	65	68	18	44	68	90	56	19	15	71
	71	78	82	72	31	26	34	57	100	37	60	67
	44	54	42	39	24	13	55	54	89	63	48	29
	53	78	58	54	46	95	11	19	99	73	30	30
	49	90	63	47	73	33	77	42	24	62	62	45
	99	28	67	61	97	52	67	21	78	61	79	48
	26	55	52	56	22	89	26	30	19	22	30	13
	98	71	77	99	50	93	24	78	40	54	83	92
	88	27	46	13	74	60	35	34	17	97	77	97
	84	12	75	45	82	50	89	45	12	58	64	37
	57	48	58	14	82	28	63	16	89	58	47	25
	89	65	58	88	92	34	90	81	84	29	82	68
	87	19	84	31	36	34	72	55	93	27	13	81
	35	31	39	40	40	48	28	56	91	34	48	50
	75	87	33	64	75	24	48	15	34	82	72	86
	59	93	24	89	63	20	99	99	36	11	14	38

	25	41	56	22	32	48	41	89	56	96	36	55
	91	76	20	95	81	69	59	15	26	57	79	80
	46	60	26	99	66	64	49	66	62	85	19	97
	19	42	64	34	46	90	54	62	80	88	61	32
	45	43	36	59	74	68	81	81	81	53	50	59
	27	31	29	97	25	44	68	63	58	95	15	80
	91	78	80	65	34	54	68	28	84	75	30	47
	68	39	40	26	77	64	67	28	20	91	68	37
	17	52	100	56	97	22	93	74	58	39	97	15
	56	89	52	25	58	32	85	90	50	23	83	62
	10	99	75	88	15	38	42	49	65	93	66	54
	78	76	96	81	65	23	59	33	92	31	96	81
	84	28	99	48	89	64	69	96	53	84	31	74
	92	19	48	74	92	56	38	32	28	43	83	77
	40	11	76	95	35	49	48	43	30	83	27	99
	59	77	44	79	10	45	90	27	62	25	70	12
	12	77	28	41	69	72	68	23	20	58	76	91
	44	23	59	53	19	70	28	59	68	11	78	50
	30	42	56	49	20	52	27	20	24	99	91	43
	95	96	11	48	24	17	33	12	68	13	62	90
	64	52	90	91	17	41	45	13	85	41	25	88
	15	85	29	12	23	80	13	42	17	69	95	32
	34	93	41	52	23	48	76	66	76	98	37	73
	72	62	43	26	13	64	62	11	17	30	21	91
	36	45	93	45	23	64	45	13	96	64	40	23
	85	11	91	48	84	31	12	77	85	13	43	38
	30	21	81	67	81	22	82	96	38	74	60	62
	52	18	80	85	75	62	25	54	12	98	61	38
	14	97	77	53	25	45	84	17	92	87	14	13
	88	31	23	78	67	38	82	29	13	51	93	39

	71	27	96	42	20	33	11	54	50	45	23	87
	71	80	48	14	98	32	98	73	49	41	93	71
	89	76	90	20	25	77	21	25	40	72	71	38
	61	18	77	55	95	17	93	34	10	27	94	64
	18	100	96	22	67	64	81	77	71	23	20	42
	51	80	59	61	71	77	35	15	26	86	25	60
	87	29	27	96	97	14	20	31	47	20	82	95
	54	86	67	60	66	20	79	26	91	37	89	20
	57	100	92	27	56	13	57	28	45	13	12	47
	42	17	99	89	60	23	68	27	13	43	21	60
	61	75	51	19	41	61	21	82	16	12	54	25
	66	71	19	28	70	59	42	37	99	53	41	70
	78	74	19	11	68	79	53	63	23	90	49	43
	22	10	81	44	76	51	48	56	20	80	65	66
	78	53	10	44	98	26	57	89	43	37	70	51
	69	26	66	64	55	97	47	65	16	33	34	93
	29	43	74	36	35	25	96	36	21	55	14	86
	39	61	40	17	57	31	45	61	29	69	45	67
	37	59	55	76	57	44	43	65	84	93	24	89
	67	62	17	41	32	69	48	89	69	33	42	64
	19	10	75	77	45	91	22	24	15	60	48	19
	90	42	38	88	16	37	95	87	67	90	28	23
	55	19	77	45	38	34	48	31	95	76	77	41
	57	21	60	54	61	64	96	96	34	84	79	62
	51	81	43	39	71	74	33	48	39	13	47	17
	63	44	46	25	34	10	57	58	87	36	76	64
	74	60	73	13	40	18	31	79	65	30	93	35
	37	29	58	68	60	95	93	76	43	74	19	25
	46	83	78	43	40	55	48	19	52	42	98	58
	60	39	72	40	58	65	57	49	69	18	69	65

	19	11	57	76	83	65	66	13	72	91	75	26
	81	72	69	54	25	22	21	31	64	17	51	22
	32	14	15	20	38	98	78	48	85	88	98	87
	53	81	82	35	79	31	45	21	32	57	55	72
	99	54	89	91	98	14	39	40	61	84	27	57
	24	91	90	54	75	56	74	38	62	67	96	19
	93	82	85	14	55	65	26	77	80	22	25	12
	100	99	90	95	30	88	40	29	68	24	75	11
	28	61	19	13	60	88	89	59	87	65	92	66
	17	94	38	91	98	73	11	65	91	13	31	68
	21	41	99	80	40	37	56	62	85	71	22	28
	84	46	22	94	68	99	20	69	29	52	60	83
	97	83	81	51	39	25	76	87	10	65	30	89
	59	55	31	13	24	36	28	13	87	49	53	65
	87	16	81	72	38	27	39	12	59	48	70	52
	91	90	32	16	27	35	51	48	45	15	12	63
	90	59	26	84	53	85	72	86	19	62	52	87
	55	26	92	82	68	48	41	46	32	39	48	42
	75	73	59	14	96	28	92	35	34	55	83	31
	46	76	52	11	70	88	64	10	54	19	81	15
	51	50	99	73	21	42	45	36	66	57	97	88
	89	26	72	54	71	66	34	84	99	48	82	18
	53	24	44	98	74	85	24	70	62	95	54	75
	81	27	60	91	58	72	49	46	95	57	24	94
	63	53	100	84	42	49	40	35	40	17	95	37
	65	52	75	94	63	60	89	20	79	13	81	17
	56	52	67	87	28	66	55	73	68	69	83	28
	65	94	29	12	38	50	81	98	40	44	87	41
	82	70	18	52	69	23	78	17	19	94	32	59
	17	55	12	74	15	13	32	93	51	36	15	21

	55	32	42	61	57	79	79	67	34	32	91	33
	48	12	61	45	67	64	31	69	97	91	14	34
	37	27	21	55	91	11	25	32	92	96	11	64
	50	31	26	94	15	92	22	96	72	92	65	79
	90	35	45	27	87	60	20	10	91	23	47	78
	47	81	17	62	76	13	25	20	42	81	18	44
	77	37	25	58	55	60	75	60	83	32	18	27
	46	80	49	98	70	35	37	91	17	91	35	80
	77	71	70	59	18	97	83	82	27	66	65	11
	30	26	59	36	70	67	39	31	18	28	58	14
	13	63	61	81	37	84	26	25	10	89	53	82
	92	37	39	78	60	56	36	49	71	73	20	49
	40	20	99	25	79	90	29	58	71	20	23	51
	50	15	48	27	86	70	59	65	71	96	83	81
	58	18	51	13	61	34	80	60	89	75	46	12
	40	66	76	16	52	68	96	93	99	37	40	15
	13	69	11	25	19	73	51	91	92	38	33	66
	28	97	36	60	45	15	18	38	78	49	32	76
	59	73	14	27	80	81	73	78	33	80	58	89
	50	14	59	42	38	60	49	32	41	82	26	34
	14	69	82	48	36	48	53	50	77	74	89	64
	60	89	76	27	78	40	13	62	37	71	76	67
	26	48	39	21	48	98	47	36	50	69	82	49
	93	82	68	63	30	55	95	35	79	97	39	69
	44	33	57	82	80	25	66	75	18	89	13	81
	94	42	29	12	27	70	48	100	25	29	73	89
	38	99	64	11	66	60	60	54	71	66	37	47
	80	87	61	65	29	58	96	54	20	25	29	100
	70	93	79	68	12	32	70	55	77	20	24	28
	44	68	52	17	48	50	38	50	72	15	77	13

	22	31	48	90	86	17	83	52	27	73	83	27
	27	35	49	56	94	19	32	29	88	41	99	98
	36	68	89	27	22	53	50	55	82	93	74	94
	89	43	83	26	36	94	69	55	58	56	65	48
	72	90	43	89	38	76	33	47	81	45	56	61
	27	89	68	58	86	72	35	13	25	48	37	55
	35	20	15	50	88	35	77	21	18	83	78	37
	42	95	16	93	56	61	22	75	68	12	84	23
	14	23	25	53	65	55	75	70	18	51	26	22
	93	61	76	98	62	65	51	89	42	65	67	44
	55	60	51	87	73	86	100	70	23	96	79	19
	95	75	37	46	42	36	71	45	58	87	60	33
	47	64	73	62	95	44	63	15	15	35	65	39
	76	90	15	72	82	73	80	25	89	34	69	75
	75	71	93	51	26	23	24	72	32	24	52	56
	84	86	32	28	62	50	18	99	52	96	38	39
	91	96	47	59	62	92	69	98	50	41	61	99
	70	37	69	47	16	45	37	71	78	69	15	68
	87	15	91	88	38	15	37	76	14	66	87	22
	36	76	57	31	27	83	36	34	23	56	79	15
	35	23	52	13	95	84	45	80	51	31	93	89
	97	62	86	90	39	58	10	57	34	22	35	78
	20	78	87	71	38	29	57	24	24	25	31	77
	56	48	57	75	52	26	65	15	33	74	45	59
	39	30	47	87	96	14	35	89	28	77	43	49
	94	14	22	79	48	63	54	79	37	45	91	82
	47	53	89	80	35	22	55	55	44	19	56	16
	45	49	22	16	83	12	86	59	57	27	34	39
	24	68	63	63	97	69	62	27	52	66	31	54
	77	94	79	23	21	71	18	30	88	13	85	32

	62	76	92	14	42	93	46	83	95	62	48	37
	27	56	14	92	93	77	30	51	60	79	77	23
	27	34	99	32	90	44	18	37	43	36	93	52
	73	48	60	20	34	92	79	86	39	31	24	10
	88	73	14	90	74	40	45	56	35	75	17	78
	37	95	99	10	73	13	24	61	38	81	29	70
	20	89	91	64	16	95	50	93	23	34	54	39
	44	99	56	83	47	61	53	37	75	77	86	99
	38	18	49	36	19	45	53	39	90	20	46	20
	66	74	60	39	58	76	14	26	32	75	68	74
	48	37	11	75	31	10	40	19	91	60	82	100
	28	43	62	53	59	68	34	26	93	91	10	91
	32	64	42	67	25	39	18	72	74	11	93	85
	32	25	85	97	39	89	66	96	22	55	53	51
	97	17	30	20	26	87	30	70	61	71	84	75
	97	79	30	16	39	27	86	39	77	23	20	85
	85	57	86	13	39	26	85	23	66	15	45	34
	73	71	78	41	86	36	61	67	65	97	16	35
	21	84	15	93	66	81	22	62	70	84	57	71
	84	80	31	88	49	99	11	88	94	45	79	17
	74	84	56	46	53	67	16	39	42	75	85	84
	49	68	28	17	92	24	62	27	36	23	57	57
	94	98	68	97	76	38	83	42	50	54	87	70
	15	52	27	63	48	17	39	39	30	93	41	80
	57	41	87	20	30	52	64	95	65	15	51	85
	93	65	82	32	80	45	69	86	76	67	30	80
	88	43	43	76	82	78	95	50	74	36	46	12
	50	34	36	62	66	64	83	46	18	33	34	81
	80	73	81	46	93	42	38	33	67	42	82	62
	14	72	60	38	52	86	95	52	83	76	56	36

	64	20	20	19	66	15	88	75	15	33	19	58
	50	94	82	51	63	51	90	95	71	46	20	42
	45	13	80	30	30	35	80	59	86	19	93	87
	12	14	19	46	32	38	79	94	20	84	35	75
	39	42	16	28	19	74	28	89	83	40	68	74
	88	38	86	82	72	42	35	51	48	23	41	11
	72	60	99	97	59	23	88	32	17	80	86	90
	66	81	79	38	15	50	23	80	67	38	65	17
	24	40	33	97	44	94	16	10	42	44	87	97
	44	39	84	44	18	66	21	87	86	74	96	35
	16	19	27	70	92	22	43	91	82	94	90	67
	96	86	42	80	19	44	58	87	56	12	39	19
	15	35	60	73	40	21	29	95	29	29	83	28
	61	59	27	44	91	48	25	86	98	56	67	67
	16	25	72	97	81	39	57	79	93	26	40	50
	61	33	73	60	41	39	25	33	21	12	68	68
	84	68	51	50	63	42	71	98	47	43	16	28
	84	21	87	22	89	72	20	45	14	27	88	34
	23	30	86	61	37	85	72	47	69	53	13	33
	13	52	86	74	32	90	50	38	20	87	66	68
	66	24	34	40	81	38	44	27	73	84	44	62
	74	38	91	93	18	60	96	90	77	75	66	11
	84	50	83	59	43	48	81	85	92	30	38	96
	95	17	25	77	39	39	11	79	86	48	90	11
	63	30	23	79	61	22	36	26	12	40	72	51
	26	36	12	30	31	51	69	52	75	98	91	29
	65	65	78	18	39	59	99	60	77	74	76	46
	43	54	98	92	11	49	90	14	84	10	13	26
	95	24	59	61	61	81	56	57	83	90	68	69
	42	60	25	15	94	68	67	92	80	28	92	70

	32	56	38	17	44	86	21	36	46	49	36	60
	62	18	20	44	42	65	35	79	54	19	33	57
	25	75	47	90	37	46	91	50	65	74	26	72
	17	75	99	82	63	62	74	77	28	95	20	58
	73	60	62	21	61	23	40	66	37	72	42	39
	57	42	14	68	90	39	46	32	96	45	81	45
	82	60	90	26	18	95	64	41	47	37	88	35
	99	85	50	14	42	55	82	99	76	13	82	39
	55	86	31	48	68	85	50	25	73	97	21	52
	39	45	96	70	53	84	16	42	25	50	59	23
	26	86	80	93	68	98	27	63	46	29	28	61
	56	99	28	93	60	11	18	11	82	87	73	83
	89	44	37	18	35	81	67	82	41	84	82	28
	57	49	36	39	39	39	27	36	13	69	50	72
	80	91	46	43	96	87	70	95	49	73	67	95
	31	71	32	61	35	89	97	13	47	75	11	21
	26	84	96	40	43	68	80	45	68	46	32	93
	63	91	39	66	88	43	20	72	90	81	20	14
	67	16	37	10	73	83	15	52	83	21	69	68
	30	32	36	94	41	72	45	86	21	70	49	68
	20	49	14	13	63	73	16	55	96	51	45	64
	94	30	28	28	93	70	88	74	97	89	21	49
	34	47	47	26	97	58	92	14	92	41	56	71
	85	25	36	81	61	86	21	14	83	23	79	25
	32	49	68	31	100	13	39	76	47	12	18	36
	30	39	95	54	69	18	25	54	35	72	72	46
	69	79	90	35	59	79	45	30	16	76	99	88
	37	50	88	22	36	47	30	58	61	34	40	82
	46	61	34	98	10	40	67	94	76	67	87	36
	40	92	11	43	86	32	52	48	44	55	96	45

	84	69	56	25	50	31	28	81	33	33	92	15
	94	78	84	70	31	33	62	66	31	90	18	30
	28	31	21	22	36	95	65	12	70	26	83	53
	54	35	80	37	94	18	66	95	64	56	57	50
	46	52	85	27	20	69	25	75	22	19	67	38
	15	82	52	79	73	13	65	31	26	37	59	62
	61	69	19	55	24	66	11	87	50	27	75	33
	12	19	58	13	49	24	74	24	30	57	86	42
	81	56	73	38	78	20	69	79	80	55	30	61
	58	41	29	57	92	60	11	82	75	75	38	78
	47	68	78	90	78	51	11	56	84	96	27	67
	48	66	53	82	14	87	45	82	99	34	70	83
	39	46	72	99	48	52	67	45	86	100	79	17
	21	54	82	28	94	90	74	39	73	42	58	46
	31	54	99	62	82	62	73	72	16	97	87	100
	92	88	25	100	23	43	53	30	69	99	47	24
	16	34	85	20	25	23	63	50	49	90	28	34
	33	65	88	86	60	89	81	12	79	42	89	24
	86	44	81	69	27	98	49	65	71	23	88	99
	41	29	12	57	15	63	14	69	92	72	66	15
	62	37	36	62	98	94	97	23	38	27	44	62
	85	62	27	38	81	50	77	23	86	37	52	76
	22	92	64	75	12	22	37	86	95	50	34	14
	71	11	28	47	67	75	67	50	27	68	34	81
	33	19	38	17	85	31	71	80	90	78	64	59
	39	62	29	42	46	35	61	50	29	55	42	31
	91	28	84	62	65	76	42	84	31	40	76	16
	72	69	67	32	64	88	27	66	97	59	27	53
	78	50	20	52	50	32	97	71	61	91	51	97
	88	33	37	31	10	34	31	83	88	96	93	29

