***** PARAMETERS PRP *****

Number of Customers = 30
Number of Products = 10
Number of Vehicles = 5
Number of Periods = 12

B = Production capacity
	49320

b_p = Time required to produce item p
 	1	1	1	1	1	1	1	1	1	1

c_p = Production cost of item p
 	30	30	80	30	30	80	80	30	80	30

s_p = Setup cost of item p
 	300	300	800	300	300	800	800	300	800	300

M = Big number
	197281

U_pi = Maximum inventory upper bound of item p at site i
 	197281	281	178	131	168	259	303	173	112	196	79	199	268	143	195	243	342	221	195	255	181	273	329	169	99	249	178	177	287	207	217
	197281	135	202	133	234	124	191	285	237	156	163	330	260	147	103	164	182	104	203	129	230	107	103	243	228	150	273	185	194	95	147
	197281	258	119	119	255	99	290	275	146	252	103	242	181	102	268	107	197	174	101	189	336	241	125	154	259	243	88	108	103	243	208
	197281	233	234	108	277	99	269	287	207	174	138	144	300	125	237	134	118	146	224	187	274	279	138	246	163	173	266	230	227	133	140
	197281	243	176	132	224	324	345	219	217	238	260	124	103	218	248	267	208	213	108	300	162	181	311	150	258	163	305	104	291	179	223
	197281	163	115	268	260	114	138	103	192	276	137	278	201	162	208	319	162	196	284	252	167	141	231	101	150	200	166	137	238	214	114
	197281	233	275	97	162	265	94	80	164	164	278	90	239	157	112	209	219	198	153	152	205	279	204	247	143	98	121	197	156	158	114
	197281	200	175	240	114	199	293	102	253	169	257	131	155	192	121	191	110	235	210	273	134	128	310	272	295	241	179	107	176	166	256
	197281	157	222	268	197	273	165	224	284	138	113	135	259	238	194	308	277	256	255	138	148	173	89	149	218	233	165	92	85	251	118
	197281	291	163	170	256	257	189	91	142	149	142	124	202	175	188	284	254	181	177	100	251	234	163	269	236	98	182	234	293	184	208

I_pi0 = Initial inventory of item p at site i
 	0	176	140	81	103	133	152	150	28	190	14	73	38	134	90	32	90	171	146	54	151	161	202	149	35	58	160	100	60	120	205
	0	55	12	70	194	85	190	244	120	97	86	39	142	82	69	77	25	58	191	87	175	64	84	241	193	115	165	181	51	92	143
	0	52	59	97	59	55	55	79	92	57	19	73	167	97	142	78	62	30	56	151	224	160	100	113	199	162	34	108	65	238	97
	0	168	89	83	130	65	123	138	170	121	130	56	280	79	89	96	97	133	209	177	111	156	62	216	120	58	191	178	120	49	44
	0	87	145	35	59	134	199	96	52	135	205	92	67	81	224	69	73	64	69	233	145	63	178	72	29	87	251	11	249	131	174
	0	15	32	50	210	112	95	50	133	209	18	234	201	91	74	140	74	150	198	246	90	46	21	80	130	169	142	132	148	179	93
	0	177	227	65	19	119	16	80	43	96	270	74	148	65	106	16	104	175	90	85	30	65	32	54	72	34	103	61	90	108	47
	0	72	81	217	68	154	176	82	174	74	40	46	82	155	109	189	14	129	147	60	75	73	243	54	228	59	138	77	119	108	246
	0	95	197	174	159	81	15	68	57	78	14	12	104	228	71	176	239	180	253	85	56	97	85	70	206	106	124	57	55	15	41
	0	233	18	122	170	145	41	54	79	67	24	78	139	131	118	83	147	46	144	52	237	180	60	148	193	85	132	97	54	147	199

h_pi = Inventory cost of item p at site i
 	3	5	9	8	2	4	7	9	9	7	7	8	3	7	1	3	5	7	1	8	2	9	5	4	3	4	3	9	6	8	8
	3	2	5	7	1	6	4	7	4	8	1	3	5	2	1	7	3	1	9	6	6	5	6	1	7	9	8	1	2	2	9
	8	4	8	9	4	9	9	6	7	3	7	9	2	9	7	7	8	9	2	2	5	8	9	8	3	3	1	1	5	2	5
	3	7	5	4	6	6	5	6	7	1	8	7	2	3	7	3	6	4	4	4	9	8	6	4	2	1	3	1	6	8	9
	3	9	7	3	3	4	8	9	7	1	8	9	6	9	9	5	2	3	9	5	5	1	5	2	4	6	7	5	2	6	5
	8	6	4	9	6	4	6	1	3	9	7	4	1	8	1	1	2	6	1	3	9	5	3	3	2	8	1	5	9	6	8
	8	4	2	8	1	8	7	9	2	4	2	4	5	4	3	1	1	7	7	6	8	2	7	7	2	3	6	5	6	9	1
	3	5	5	6	7	4	6	5	5	9	5	7	2	6	1	1	4	6	8	9	6	9	7	4	8	6	7	1	6	3	8
	8	1	6	3	3	1	8	2	3	3	1	7	6	2	4	9	7	9	1	2	9	9	8	5	4	6	5	1	2	1	3
	3	9	4	7	8	8	5	8	2	1	1	2	7	1	1	3	1	3	3	1	8	4	8	2	2	4	6	6	9	8	8

C = Vehicle capacity
	3450

f = Fixed transportation cost
	30473

a_ik = Transportation cost for traveling from node i to node k
 	0	161	164	410	185	835	588	374	434	647	832	254	71	814	139	650	316	350	220	636	491	607	822	713	389	421	492	118	145	212	953
	161	0	6	408	57	772	480	346	296	633	782	107	116	762	232	589	296	226	199	593	465	574	782	689	229	289	377	44	181	242	923
	164	6	0	404	52	767	474	342	291	628	777	102	120	757	231	584	292	221	195	588	461	569	777	684	227	284	371	47	179	240	918
	410	408	404	0	358	456	354	80	376	237	438	371	447	422	287	286	113	311	211	245	96	207	420	305	517	350	325	405	267	198	545
	185	57	52	358	0	715	427	293	252	579	725	70	157	705	219	532	245	175	153	537	411	518	725	634	224	242	325	83	157	207	867
	835	772	767	456	715	0	349	464	552	279	70	686	851	62	733	186	522	567	616	212	361	254	120	215	754	538	440	789	694	637	228
	588	480	474	354	427	349	0	300	212	388	389	379	581	367	531	215	335	255	387	277	293	300	414	392	412	204	105	508	470	441	558
	374	346	342	80	293	464	300	0	297	287	458	298	401	440	270	282	59	232	159	262	121	234	448	346	439	272	255	350	231	173	583
	434	296	291	376	252	552	212	297	0	517	583	189	408	561	422	391	295	92	285	429	368	433	599	545	202	26	113	333	352	356	746
	647	633	628	237	579	279	388	287	517	0	236	577	682	227	522	193	340	484	442	119	169	89	202	76	697	494	423	635	503	435	310
	832	782	777	438	725	70	389	458	583	236	0	703	854	22	722	197	516	587	614	197	346	231	52	164	783	567	471	795	689	628	171
	254	107	102	371	70	686	379	298	189	577	703	0	220	682	281	507	260	125	186	521	409	508	707	625	167	183	274	145	214	252	852
	71	116	120	447	157	851	581	401	408	682	854	220	0	835	199	666	344	332	242	660	520	634	848	745	335	399	480	76	183	254	983
	814	762	757	422	705	62	367	440	561	227	22	682	835	0	705	176	498	566	595	179	329	216	62	158	762	545	449	775	670	610	192
	139	232	231	287	219	733	531	270	422	522	722	281	199	705	0	552	214	331	145	526	376	492	706	591	443	402	449	201	71	97	831
	650	589	584	286	532	186	215	282	391	193	197	507	666	176	552	0	339	391	431	75	191	117	208	179	590	374	282	604	510	455	355
	316	296	292	113	245	522	335	59	295	340	516	260	344	498	214	339	0	217	103	320	177	292	506	401	412	270	274	296	173	117	640
	350	226	221	311	175	567	255	232	92	484	587	125	332	566	331	391	217	0	195	414	323	408	596	524	214	73	151	257	261	266	742
	220	199	195	211	153	616	387	159	285	442	614	186	242	595	145	431	103	195	0	419	278	392	606	503	350	264	304	195	84	72	741
	636	593	588	245	537	212	277	262	429	119	197	521	660	179	526	75	320	414	419	0	151	47	189	118	622	409	326	603	493	432	331
	491	465	461	96	411	361	293	121	368	169	346	409	520	329	376	191	177	323	278	151	0	117	332	226	536	343	291	470	347	283	464
	607	574	569	207	518	254	300	234	433	89	231	508	634	216	492	117	292	408	392	47	117	0	216	118	619	411	336	581	463	399	350
	822	782	777	420	725	120	414	448	599	202	52	707	848	62	706	208	506	596	606	189	332	216	0	127	798	581	489	792	678	614	147
	713	689	684	305	634	215	392	346	545	76	164	625	745	158	591	179	401	524	503	118	226	118	127	0	735	524	443	695	569	502	240
	389	229	227	517	224	754	412	439	202	697	783	167	335	762	443	590	412	214	350	622	536	619	798	735	0	217	315	272	378	417	944
	421	289	284	350	242	538	204	272	26	494	567	183	399	545	402	374	270	73	264	409	343	411	581	524	217	0	101	324	333	333	728
	492	377	371	325	325	440	105	255	113	423	471	274	480	449	449	282	274	151	304	326	291	336	489	443	315	101	0	407	384	366	636
	118	44	47	405	83	789	508	350	333	635	795	145	76	775	201	604	296	257	195	603	470	581	792	695	272	324	407	0	159	226	931
	145	181	179	267	157	694	470	231	352	503	689	214	183	670	71	510	173	261	84	493	347	463	678	569	378	333	384	159	0	72	809
	212	242	240	198	207	637	441	173	356	435	628	252	254	610	97	455	117	266	72	432	283	399	614	502	417	333	366	226	72	0	742
	953	923	918	545	867	228	558	583	746	310	171	852	983	192	831	355	640	742	741	331	464	350	147	240	944	728	636	931	809	742	0

coordXY = Coordinates (x,y): line zero => x line one => y column => customers
 	56	216	218	101	226	375	454	164	428	128	309	293	115	314	16	315	145	338	144	241	165	199	258	172	444	405	417	173	86	73	220
	938	922	917	531	866	167	506	580	716	296	146	848	977	167	805	342	635	732	737	330	460	349	142	235	917	704	604	929	797	727	0

d_pit = Demand of item p at customer i in period t
 	94	82	83	47	61	75	29	50	35	32	74	13
	84	56	84	85	61	17	24	56	41	67	85	51
	81	96	23	89	49	97	82	33	83	53	53	45
	11	92	35	95	48	71	43	19	70	79	29	81
	73	60	15	31	28	57	39	46	28	96	70	79
	71	81	38	90	77	51	93	35	46	24	35	85
	74	76	48	94	43	35	50	75	26	82	70	20
	28	46	28	84	40	11	13	20	51	20	27	79
	87	73	30	94	89	71	65	27	41	89	20	97
	14	12	39	27	15	44	95	33	53	47	30	67
	31	42	27	64	14	39	99	45	15	93	70	57
	38	96	31	10	96	65	68	20	27	65	68	60
	70	64	19	22	11	71	62	63	55	19	33	83
	90	99	36	43	48	41	23	48	89	91	76	94
	32	98	89	54	63	31	56	59	80	86	66	15
	90	100	61	75	76	52	83	62	21	55	70	75
	96	75	84	39	93	34	67	34	20	54	34	34
	50	96	100	15	86	37	61	91	75	11	61	95
	23	31	56	52	46	95	91	30	54	63	12	58
	14	43	94	32	84	20	21	87	87	23	11	27
	66	79	16	18	51	47	25	92	52	50	95	65
	92	27	57	26	90	86	45	66	53	95	95	57
	61	71	17	40	51	35	44	67	99	90	21	81
	35	60	69	29	14	41	71	71	74	36	59	37
	58	49	35	32	72	46	40	92	31	48	77	18
	38	88	34	29	98	51	66	48	90	31	69	69
	35	65	68	31	29	13	50	95	11	51	50	32
	34	26	50	48	43	87	77	73	23	76	82	69
	27	24	69	41	10	75	22	11	30	85	73	30
	12	90	48	55	13	42	91	12	95	53	86	55

	55	81	90	26	74	54	91	76	35	43	97	88
	12	21	52	80	54	25	54	79	96	17	91	25
	70	56	20	19	14	24	24	58	67	74	70	37
	53	37	48	56	84	43	82	51	16	87	100	46
	45	40	56	30	42	93	36	84	79	97	42	98
	15	94	17	64	96	45	96	37	59	84	58	97
	47	76	93	28	27	55	68	66	37	83	54	51
	67	53	94	30	75	51	48	34	51	79	76	54
	97	66	95	83	84	53	42	81	94	94	86	58
	86	87	88	17	40	35	94	43	13	48	46	55
	39	72	53	99	88	62	29	94	65	47	49	95
	47	95	81	49	24	35	50	31	69	28	85	30
	27	45	10	72	75	21	98	80	14	85	32	30
	44	25	44	23	89	33	29	82	40	90	69	52
	63	14	67	66	40	89	88	51	41	66	62	10
	14	11	45	26	49	43	45	92	27	43	94	58
	58	76	85	15	48	96	19	19	57	85	54	14
	99	18	22	52	42	63	67	15	17	33	83	99
	87	98	27	97	46	57	75	76	24	38	61	90
	51	99	25	14	43	38	52	63	60	96	60	90
	64	49	79	36	51	59	24	18	46	97	46	70
	28	17	39	87	42	55	65	26	67	60	73	58
	30	99	94	18	57	80	12	28	17	62	21	64
	40	31	52	70	23	69	53	26	25	66	80	11
	38	19	58	89	30	70	51	72	74	52	10	36
	96	69	83	83	64	66	48	47	82	75	82	23
	57	31	93	52	90	95	79	12	60	87	13	72
	51	79	53	15	14	79	53	45	74	32	34	52
	24	68	37	93	38	15	20	46	19	75	94	43
	84	59	83	51	96	32	89	95	75	97	74	48

	42	10	28	72	88	81	78	89	60	59	96	71
	59	82	60	25	53	37	42	93	48	36	89	90
	97	61	22	86	10	59	91	91	34	35	58	68
	59	53	85	63	37	88	95	40	48	22	97	77
	55	81	80	13	49	38	30	43	28	37	63	79
	55	71	70	31	76	82	26	12	84	97	71	22
	79	70	33	73	48	30	66	98	76	46	10	32
	61	31	45	31	22	70	60	13	62	50	94	43
	16	41	25	49	99	26	80	43	58	81	73	14
	19	88	30	44	21	86	67	87	40	59	59	15
	21	52	76	74	95	14	54	34	41	85	25	10
	13	43	88	23	17	32	52	61	90	36	23	65
	97	54	11	39	21	39	14	94	73	24	57	88
	13	37	92	100	91	31	98	43	42	45	23	28
	66	12	100	35	25	41	93	28	21	96	43	81
	62	21	31	98	16	26	46	94	74	45	69	10
	30	79	41	91	79	37	66	30	35	96	13	97
	56	81	15	48	51	90	29	98	32	27	58	19
	88	63	73	44	25	86	52	74	96	30	99	27
	74	22	91	37	51	98	97	54	34	97	91	61
	55	93	12	34	42	86	71	95	25	83	61	65
	20	80	95	40	37	70	86	77	78	94	16	55
	52	61	53	42	41	69	13	37	53	10	18	14
	97	27	44	31	79	82	22	24	24	45	51	95
	58	38	66	10	38	19	86	80	50	50	37	50
	34	24	69	47	50	90	76	39	41	15	12	28
	70	38	14	13	58	71	33	82	86	68	62	55
	65	90	19	20	54	62	46	21	48	71	45	77
	78	92	68	61	57	19	86	45	89	58	22	54
	97	52	84	88	49	88	57	45	97	35	53	87

	100	38	30	49	69	95	34	45	80	13	64	82
	26	41	22	67	44	88	45	83	87	66	59	73
	83	53	24	25	30	96	39	46	42	91	41	77
	15	17	98	20	83	15	39	95	78	77	88	39
	48	17	26	61	75	57	58	52	46	33	56	63
	54	69	93	10	83	26	39	47	97	72	40	15
	40	30	68	49	83	26	53	93	13	60	76	98
	84	86	80	35	39	39	84	97	24	73	89	99
	66	55	75	94	39	31	17	72	47	91	92	16
	63	67	93	71	80	96	86	63	23	56	54	78
	56	61	53	65	17	83	86	17	45	12	57	23
	25	71	84	100	47	69	69	17	95	62	11	70
	79	99	82	26	55	97	77	87	11	37	42	57
	17	23	49	12	81	16	71	82	50	36	40	92
	96	59	51	56	43	71	95	16	92	59	71	95
	97	65	44	92	61	25	38	49	74	65	43	55
	44	89	97	43	16	84	11	12	21	60	23	83
	47	75	23	64	50	10	75	87	64	65	14	99
	50	31	96	97	25	48	11	32	79	65	16	11
	26	85	68	55	90	51	24	70	34	81	34	40
	74	82	23	43	37	85	70	48	57	50	76	24
	62	89	95	47	99	53	92	96	75	38	46	36
	85	79	31	21	66	71	62	71	21	35	10	38
	100	20	97	68	62	31	24	21	52	49	97	29
	27	31	35	95	31	60	16	63	19	15	35	91
	78	61	52	66	53	83	54	17	17	75	49	33
	90	49	39	21	53	99	34	83	49	90	67	17
	87	33	63	53	61	50	59	15	94	99	34	34
	49	13	43	98	13	21	44	40	16	47	76	71
	44	53	87	49	92	69	28	84	72	90	77	93

	40	47	13	76	95	95	39	61	36	58	72	97
	49	96	39	11	21	51	37	21	31	65	30	77
	35	27	42	39	35	39	30	93	46	77	23	42
	15	44	36	39	99	67	77	55	100	36	68	35
	81	53	65	37	98	97	39	55	41	99	22	91
	47	72	80	99	65	89	60	94	12	85	73	51
	46	50	38	76	21	17	48	17	16	83	56	57
	16	36	76	48	91	22	23	90	29	51	86	82
	89	46	48	69	55	45	79	55	81	35	19	92
	52	93	60	62	21	50	82	84	55	13	16	37
	92	35	66	67	46	87	25	27	64	80	76	78
	67	84	50	43	69	24	52	13	93	17	25	82
	37	44	38	46	14	23	74	47	88	82	82	78
	84	52	88	35	47	50	99	65	93	13	79	40
	69	70	45	80	80	67	27	42	52	34	30	45
	73	26	73	20	49	35	51	79	35	14	70	98
	16	12	21	15	39	78	41	40	93	18	71	68
	17	18	34	64	64	40	54	79	50	56	94	79
	41	30	82	80	57	74	47	69	73	87	66	13
	64	51	30	48	61	67	49	44	44	10	87	91
	63	55	73	67	32	97	67	82	57	11	56	62
	65	33	80	14	31	81	94	48	93	54	95	58
	50	22	82	67	66	14	65	27	40	81	19	68
	29	62	98	26	55	18	23	91	47	80	35	56
	20	26	21	20	79	63	84	57	24	82	88	88
	36	30	100	85	13	96	85	81	25	70	16	96
	11	52	71	97	46	58	59	49	30	26	83	44
	95	52	58	44	38	41	94	55	87	39	25	70
	84	47	54	36	38	19	18	26	93	44	42	35
	74	18	82	92	20	30	34	54	15	82	92	77

	15	34	98	43	50	78	16	37	59	41	90	90
	32	90	82	14	41	34	79	67	47	66	62	76
	50	87	87	58	12	46	12	73	83	55	40	40
	76	47	87	74	85	21	19	37	26	99	23	31
	13	99	33	51	20	65	79	56	71	73	71	55
	95	63	49	75	38	28	72	30	23	11	53	15
	50	95	76	91	47	37	30	63	11	36	48	34
	68	65	86	28	13	76	52	72	33	95	85	96
	86	87	36	97	34	58	58	76	89	76	49	81
	18	11	54	96	52	51	11	56	31	51	42	76
	70	87	77	32	15	26	80	75	83	62	46	15
	52	98	51	72	19	35	73	91	24	26	23	39
	91	42	11	66	72	61	71	97	26	64	33	15
	74	41	84	37	45	77	15	23	92	42	83	11
	74	66	92	60	64	50	90	30	54	60	95	31
	11	63	10	92	33	28	60	83	72	30	78	87
	70	80	96	11	67	92	99	75	32	76	61	26
	94	25	79	38	77	88	58	79	24	32	65	22
	67	82	97	44	75	15	29	81	83	34	78	70
	11	66	13	89	74	42	86	31	93	72	49	40
	46	98	52	30	18	51	39	53	40	15	76	46
	21	49	50	26	67	34	54	86	50	94	77	84
	51	29	44	53	62	90	58	23	59	52	58	26
	18	74	38	99	14	87	44	20	45	52	49	60
	41	93	35	60	28	79	21	86	31	43	34	49
	43	99	49	27	98	98	98	20	33	69	12	18
	92	40	48	54	17	32	22	90	58	32	42	20
	71	77	93	93	57	87	46	17	73	64	18	17
	93	73	13	93	42	99	55	18	45	24	29	59
	93	54	18	91	52	33	28	28	78	69	60	82

	19	66	92	90	72	13	39	51	84	15	84	73
	84	61	82	82	57	17	23	98	21	54	28	53
	65	35	16	40	55	33	28	42	88	66	13	100
	19	87	23	26	60	71	45	83	16	77	83	56
	42	66	11	98	15	35	85	57	40	60	70	57
	16	26	28	21	95	33	15	71	62	69	60	69
	80	63	19	19	13	12	31	27	68	28	75	43
	14	13	16	88	98	13	23	22	88	32	67	18
	96	98	71	19	24	24	46	56	64	74	28	57
	98	92	80	93	82	38	20	91	55	83	37	65
	21	53	39	20	11	92	33	85	68	30	52	36
	98	50	61	47	46	55	70	89	55	10	76	61
	19	20	26	91	36	48	13	61	13	84	17	44
	95	11	60	82	71	59	72	40	34	65	50	34
	16	97	35	85	89	45	68	80	20	22	52	18
	37	67	97	15	56	74	27	50	44	81	25	85
	75	100	38	87	61	51	64	59	35	89	99	33
	60	30	45	18	49	43	70	74	42	62	32	88
	85	43	27	44	53	16	52	15	80	81	33	80
	30	64	72	95	32	25	53	73	11	68	41	52
	65	52	64	84	33	49	19	60	15	67	67	95
	32	80	55	94	78	25	10	32	20	82	70	33
	54	73	15	31	75	85	95	93	42	39	39	99
	27	45	63	94	55	43	59	11	31	74	11	57
	34	65	36	91	66	49	29	53	19	27	69	51
	56	47	44	54	100	83	59	12	39	79	70	84
	61	97	26	29	48	54	90	20	79	24	27	36
	90	43	49	31	100	49	36	78	17	15	67	47
	24	84	32	24	66	51	59	13	70	30	91	89
	47	80	79	12	82	17	44	68	35	97	78	46

	72	78	59	94	79	41	73	62	75	55	68	43
	13	68	28	72	60	48	55	25	85	87	92	68
	69	82	66	87	21	49	23	92	14	75	53	88
	68	88	21	30	15	83	39	98	77	70	27	68
	85	69	61	55	11	33	35	81	20	12	67	68
	69	39	57	11	59	18	71	69	83	67	72	88
	47	35	63	56	90	32	75	37	69	45	34	27
	91	83	99	31	63	18	13	17	39	43	54	57
	63	11	66	87	88	67	50	56	70	12	28	79
	40	89	100	64	83	42	38	45	33	90	88	60
	46	74	70	37	29	55	28	59	22	58	35	11
	82	75	96	17	32	12	30	28	82	59	73	34
	95	60	20	33	13	91	40	27	46	79	19	53
	80	29	62	38	69	33	91	50	95	77	84	18
	43	66	26	54	31	65	86	37	19	70	37	38
	14	96	61	76	77	58	49	13	87	14	79	37
	28	36	26	39	41	92	43	67	48	42	53	49
	47	100	86	80	51	63	51	25	93	97	84	61
	11	11	38	21	89	47	79	69	84	55	59	92
	34	41	71	58	76	89	16	99	81	68	84	84
	41	32	10	43	33	83	16	63	55	66	26	42
	41	72	49	81	28	97	77	19	98	13	86	84
	54	39	39	69	65	23	23	86	57	78	54	66
	13	84	89	42	85	17	88	79	62	49	66	34
	59	66	77	32	85	90	51	46	94	80	26	17
	33	74	31	18	70	72	13	25	35	63	60	42
	77	56	38	16	70	13	64	93	74	38	77	23
	56	22	41	99	83	15	63	87	88	39	69	42
	25	69	14	49	99	87	52	64	27	95	65	16
	79	49	81	37	66	93	62	41	66	90	62	41

	19	76	23	73	26	24	48	12	21	26	24	99
	38	87	72	49	67	84	40	49	54	30	70	26
	86	88	33	73	51	17	74	68	94	46	96	78
	68	35	56	38	63	79	55	69	95	76	89	63
	70	11	96	69	75	92	95	59	60	82	89	21
	15	56	38	34	83	29	89	24	82	60	75	76
	19	29	20	95	85	37	48	57	82	89	77	35
	57	57	12	71	66	62	67	68	52	33	67	69
	13	65	84	96	85	87	75	93	52	29	72	76
	14	12	78	97	62	75	75	42	50	42	69	60
	12	49	27	73	40	34	74	58	49	46	53	24
	55	49	42	65	76	26	60	23	98	37	11	80
	86	46	96	28	95	16	91	51	48	53	38	67
	71	29	57	44	35	97	27	20	23	67	27	85
	51	40	85	73	80	90	92	95	43	31	18	40
	23	93	37	86	26	45	67	58	92	66	56	15
	58	86	19	17	25	86	40	58	34	14	96	82
	97	71	85	98	68	22	24	74	83	49	38	57
	42	43	84	30	25	35	45	84	33	50	64	17
	56	64	57	29	59	46	44	36	48	72	34	47
	97	14	57	30	63	17	99	99	27	40	85	63
	85	76	13	54	39	21	92	13	66	19	44	11
	57	13	57	50	54	36	41	71	82	57	34	43
	51	44	95	16	71	48	65	17	41	36	84	85
	45	46	15	15	53	81	11	94	52	30	100	18
	50	74	80	21	34	72	66	37	57	31	53	83
	57	67	84	56	29	13	18	43	14	56	95	18
	12	43	82	41	33	31	17	15	21	76	95	41
	15	41	84	97	92	49	15	64	29	88	10	18
	41	29	87	29	38	26	88	77	70	93	53	76

	20	87	48	78	89	77	37	82	51	45	16	68
	18	52	11	60	49	15	92	76	63	90	88	37
	41	66	15	45	33	44	48	77	64	37	10	29
	76	94	95	60	72	47	89	69	35	62	47	21
	74	71	17	60	52	79	85	87	39	83	68	57
	19	22	30	45	94	29	43	20	80	82	58	45
	54	70	58	37	30	18	38	11	39	47	70	72
	40	39	90	16	76	13	81	40	44	13	54	61
	50	17	18	34	89	89	46	20	93	25	94	22
	24	92	23	33	42	24	62	38	59	23	46	100
	78	67	19	63	72	58	93	85	42	77	52	37
	62	77	92	21	51	17	61	47	15	44	49	71
	26	27	78	94	18	63	89	84	98	13	36	73
	98	20	62	45	85	36	55	55	32	30	17	30
	38	45	83	82	18	36	74	48	13	68	84	93
	42	65	40	34	43	99	15	21	61	95	55	40
	27	19	21	100	57	94	54	73	99	81	54	45
	42	29	73	94	95	31	90	37	24	90	71	32
	52	25	32	87	64	88	53	27	48	25	69	31
	100	97	40	67	25	84	63	89	89	10	79	10
	87	26	67	81	15	28	56	90	83	86	34	48
	60	55	20	68	10	76	54	57	18	93	89	53
	73	35	40	16	87	71	62	27	98	48	72	17
	91	10	21	71	70	97	77	87	26	76	22	59
	85	19	20	14	31	19	11	85	99	86	52	64
	18	46	16	52	55	19	28	43	62	41	77	88
	97	50	47	20	58	41	97	26	61	70	36	98
	40	14	24	63	59	99	78	89	78	83	64	13
	46	33	68	24	22	94	12	34	56	64	31	67
	46	97	56	76	17	39	58	92	44	33	43	24

