***** PARAMETERS PRP *****

Number of Customers = 30
Number of Products = 10
Number of Vehicles = 5
Number of Periods = 12

B = Production capacity
	49292

b_p = Time required to produce item p
 	1	1	1	1	1	1	1	1	1	1

c_p = Production cost of item p
 	80	80	80	30	30	30	30	80	30	30

s_p = Setup cost of item p
 	800	800	800	300	300	300	300	800	300	300

M = Big number
	197167

U_pi = Maximum inventory upper bound of item p at site i
 	197167	173	183	247	306	166	323	99	200	263	184	202	174	233	143	208	187	183	141	149	302	314	299	246	136	254	215	226	235	113	294
	197167	149	252	194	176	157	90	186	175	148	104	126	245	148	140	325	161	303	101	195	138	252	190	146	146	141	176	249	111	273	96
	197167	215	176	134	213	170	195	274	98	178	122	88	105	157	244	236	120	279	168	230	106	197	119	156	261	159	288	169	244	181	319
	197167	261	250	249	283	100	208	249	244	302	197	110	215	145	228	236	207	123	254	100	187	279	147	123	123	235	229	173	200	206	250
	197167	223	216	111	203	142	79	149	253	181	285	338	174	280	98	220	147	230	161	264	200	219	210	159	105	210	183	127	224	195	222
	197167	256	198	98	143	192	101	103	295	165	176	196	302	265	107	113	245	101	280	171	225	125	238	335	129	273	179	124	134	112	220
	197167	95	129	182	103	270	212	197	298	88	169	168	110	102	168	333	115	163	286	198	264	117	138	329	256	104	178	173	273	244	246
	197167	105	329	153	251	181	174	101	183	198	195	123	267	228	265	117	131	228	288	166	100	212	137	299	189	148	193	286	116	160	225
	197167	249	122	243	198	107	106	213	119	285	193	183	115	170	87	112	92	217	96	174	164	110	342	163	126	98	215	282	297	266	198
	197167	345	228	276	270	194	231	289	268	295	314	244	96	276	314	204	295	229	309	108	181	132	311	230	116	188	236	109	114	234	95

I_pi0 = Initial inventory of item p at site i
 	0	24	19	100	180	34	126	48	124	84	114	127	155	142	70	118	154	132	95	112	197	250	176	112	135	137	98	66	67	43	97
	0	32	251	192	121	134	90	30	78	81	54	92	128	34	60	146	156	162	28	193	131	114	178	120	126	127	171	21	83	249	86
	0	123	115	94	43	147	17	182	40	55	52	56	36	20	62	94	88	202	83	105	20	30	87	152	120	132	254	132	183	91	255
	0	151	45	75	182	88	92	132	181	208	31	25	104	57	25	143	107	109	99	83	175	143	88	72	24	174	157	113	46	187	79
	0	163	186	39	178	93	48	32	239	131	69	188	129	82	45	116	126	145	158	38	172	76	138	93	99	161	116	99	125	184	98
	0	174	113	86	49	174	72	81	268	111	162	177	130	53	24	62	141	65	97	134	29	40	48	61	42	177	88	37	128	99	111
	0	39	105	41	25	108	73	72	72	19	157	79	85	92	146	39	87	123	216	42	170	78	81	180	85	39	173	168	98	147	123
	0	50	257	50	41	100	109	63	99	125	114	107	250	144	156	14	61	151	261	132	93	112	66	72	174	84	30	79	91	122	133
	0	172	25	224	166	85	64	146	72	268	136	90	48	32	79	57	61	158	41	96	134	91	182	155	109	81	87	129	165	116	78
	0	54	123	252	50	43	83	107	57	253	175	50	0	26	281	144	41	194	159	102	171	87	192	207	113	88	53	57	63	175	61

h_pi = Inventory cost of item p at site i
 	8	0	0	0	0	0	0	0	0	0	0	0	0	0	0	0	0	0	0	0	0	0	0	0	0	0	0	0	0	0	0
	8	0	0	0	0	0	0	0	0	0	0	0	0	0	0	0	0	0	0	0	0	0	0	0	0	0	0	0	0	0	0
	8	0	0	0	0	0	0	0	0	0	0	0	0	0	0	0	0	0	0	0	0	0	0	0	0	0	0	0	0	0	0
	3	0	0	0	0	0	0	0	0	0	0	0	0	0	0	0	0	0	0	0	0	0	0	0	0	0	0	0	0	0	0
	3	0	0	0	0	0	0	0	0	0	0	0	0	0	0	0	0	0	0	0	0	0	0	0	0	0	0	0	0	0	0
	3	0	0	0	0	0	0	0	0	0	0	0	0	0	0	0	0	0	0	0	0	0	0	0	0	0	0	0	0	0	0
	3	0	0	0	0	0	0	0	0	0	0	0	0	0	0	0	0	0	0	0	0	0	0	0	0	0	0	0	0	0	0
	8	0	0	0	0	0	0	0	0	0	0	0	0	0	0	0	0	0	0	0	0	0	0	0	0	0	0	0	0	0	0
	3	0	0	0	0	0	0	0	0	0	0	0	0	0	0	0	0	0	0	0	0	0	0	0	0	0	0	0	0	0	0
	3	0	0	0	0	0	0	0	0	0	0	0	0	0	0	0	0	0	0	0	0	0	0	0	0	0	0	0	0	0	0

C = Vehicle capacity
	3450

f = Fixed transportation cost
	31403

a_ik = Transportation cost for traveling from node i to node k
 	0	243	278	296	443	322	184	448	353	242	174	235	93	383	213	160	482	483	67	228	186	216	374	351	443	283	123	308	564	724	489
	243	0	520	192	284	382	94	604	585	389	416	196	335	542	361	180	705	717	276	18	275	277	519	275	221	494	356	502	737	888	283
	278	520	0	548	677	428	458	369	114	292	105	478	186	323	285	395	252	220	252	505	350	382	344	553	708	166	171	218	426	578	745
	296	192	548	0	468	546	139	731	639	515	447	72	377	666	485	331	774	764	357	183	418	431	651	464	372	578	416	601	855	1013	444
	443	284	677	468	0	332	371	593	700	429	587	479	514	548	418	289	783	825	434	297	332	304	512	142	150	582	509	563	727	851	112
	322	382	428	546	332	0	407	262	410	136	372	511	334	218	146	216	466	521	267	381	139	116	182	191	438	287	300	253	398	531	435
	184	94	458	139	371	407	0	598	536	381	354	115	275	534	351	192	664	666	235	78	280	293	516	339	314	459	306	477	725	882	377
	448	604	369	731	593	262	598	0	286	218	383	679	400	66	248	425	261	340	382	598	330	333	87	452	697	210	352	161	138	285	697
	353	585	114	639	700	410	536	286	0	280	195	572	264	253	285	436	140	132	309	572	369	397	283	566	754	124	232	163	320	468	781
	242	389	292	515	429	136	381	218	280	0	245	466	222	155	31	210	355	398	177	381	118	132	136	291	506	157	180	134	349	502	520
	174	416	105	447	587	372	354	383	195	245	0	379	82	325	228	300	333	318	155	401	271	305	334	472	609	176	80	223	469	628	649
	235	196	478	72	479	511	115	679	572	466	379	0	311	613	435	298	708	696	299	183	376	395	601	453	402	516	352	542	798	958	471
	93	335	186	377	514	334	275	400	264	222	82	311	0	337	197	226	397	392	82	320	213	248	337	407	529	211	49	246	503	664	571
	383	542	323	666	548	218	534	66	253	155	325	613	337	0	184	363	262	331	316	535	269	275	39	407	644	159	289	106	195	349	649
	213	361	285	485	418	146	351	248	285	31	228	435	197	184	0	184	370	407	147	353	95	115	167	282	487	164	158	151	377	532	505
	160	180	395	331	289	216	192	425	436	210	300	298	226	363	184	0	543	567	146	174	95	102	339	192	318	330	224	330	558	709	351
	482	705	252	774	783	466	664	261	140	355	333	708	397	262	370	543	0	88	432	693	463	484	300	644	855	213	360	221	232	355	874
	483	717	220	764	825	521	666	340	132	398	318	696	392	331	407	567	88	0	441	703	496	521	368	688	884	244	363	268	319	436	909
	67	276	252	357	434	267	235	382	309	177	155	299	82	316	147	146	432	441	0	263	137	171	307	325	457	225	82	245	500	659	495
	228	18	505	183	297	381	78	598	572	381	401	183	320	535	353	174	693	703	263	0	269	273	513	281	238	483	342	492	729	882	299
	186	275	350	418	332	139	280	330	369	118	271	376	213	269	95	95	463	496	137	269	0	35	245	204	393	254	191	245	464	614	413
	216	277	382	431	304	116	293	333	397	132	305	395	248	275	115	102	484	521	171	273	35	0	247	172	375	278	226	264	469	616	390
	374	519	344	651	512	182	516	87	283	136	334	601	337	39	167	339	300	368	307	513	245	247	0	371	612	179	290	127	223	370	615
	351	275	553	464	142	191	339	452	566	291	472	453	407	407	282	192	644	688	325	281	204	172	371	0	256	446	392	424	588	716	245
	443	221	708	372	150	438	314	697	754	506	609	402	529	644	487	318	855	884	457	238	393	375	612	256	0	645	538	637	834	968	74
	283	494	166	578	582	287	459	210	124	157	176	516	211	159	164	330	213	244	225	483	254	278	179	446	645	0	165	53	295	455	667
	123	356	171	416	509	300	306	352	232	180	80	352	49	289	158	224	360	363	82	342	191	226	290	392	538	165	0	199	456	616	574
	308	502	218	601	563	253	477	161	163	134	223	542	246	106	151	330	221	268	245	492	245	264	127	424	637	53	199	0	258	419	653
	564	737	426	855	727	398	725	138	320	349	469	798	503	195	377	558	232	319	500	729	464	469	223	588	834	295	456	258	0	161	833
	724	888	578	1013	851	531	882	285	468	502	628	958	664	349	532	709	355	436	659	882	614	616	370	716	968	455	616	419	161	0	960
	489	283	745	444	112	435	377	697	781	520	649	471	571	649	505	351	874	909	495	299	413	390	615	245	74	667	574	653	833	960	0

coordXY = Coordinates (x,y): line zero => x line one => y column => customers
 	390	293	476	474	10	83	378	119	404	205	449	488	416	156	224	239	348	435	345	306	209	176	133	52	107	311	381	259	117	24	34
	647	869	383	930	873	550	830	291	295	491	484	860	558	345	515	698	167	167	598	858	608	619	376	738	987	376	525	369	154	23	982

d_pit = Demand of item p at customer i in period t
 	24	72	49	39	88	55	32	88	17	97	77	55
	19	48	67	80	88	68	32	24	34	79	92	99
	100	18	68	13	43	81	19	93	65	37	37	19
	89	91	94	61	17	97	50	34	14	73	28	86
	34	21	25	50	83	85	78	62	48	61	99	17
	95	31	61	90	55	27	49	95	87	65	92	27
	48	74	22	78	21	56	87	39	41	80	34	13
	60	17	47	64	30	24	42	25	64	44	11	51
	15	69	75	67	24	21	48	32	70	87	34	89
	31	83	97	45	88	88	21	26	14	92	79	72
	46	81	61	73	41	58	54	81	12	38	21	40
	28	60	67	90	56	96	83	25	58	48	50	34
	70	72	91	80	10	84	12	33	37	94	69	46
	28	22	20	74	16	39	10	87	18	37	66	12
	57	61	95	93	35	51	15	37	69	43	39	29
	61	62	31	41	91	35	26	95	72	90	96	46
	47	85	77	30	40	88	69	83	11	53	95	55
	95	10	11	27	18	10	91	59	71	73	30	69
	48	64	72	13	61	10	38	29	76	73	64	46
	97	100	70	41	37	31	44	95	61	14	79	55
	17	94	44	95	76	31	74	91	23	91	61	57
	82	79	15	85	34	48	75	46	78	13	100	62
	21	91	47	84	43	66	16	46	42	45	50	39
	59	76	72	39	51	84	99	97	83	43	44	70
	30	43	64	57	85	57	48	58	43	21	62	42
	60	38	34	72	34	32	75	31	53	53	100	63
	28	38	36	38	93	91	72	53	48	32	60	89
	47	20	42	76	99	40	65	73	56	86	89	11
	16	27	99	16	90	98	33	79	33	51	44	89
	23	74	84	29	27	79	67	31	89	67	43	93

	32	40	63	67	20	14	47	50	48	99	63	52
	80	75	96	74	43	70	67	61	19	93	52	27
	49	69	74	11	19	52	96	95	21	11	47	39
	38	14	46	23	22	19	29	95	73	23	83	64
	27	19	88	42	37	33	84	50	23	85	79	59
	90	24	55	10	13	47	44	53	12	69	75	49
	30	56	84	83	99	91	49	79	68	32	63	11
	63	15	63	47	92	87	59	70	91	37	59	18
	81	97	19	71	30	19	25	13	21	83	91	43
	18	36	25	79	52	87	61	16	92	67	20	73
	92	71	44	55	63	69	33	66	81	13	73	96
	38	90	32	59	32	57	89	36	39	16	30	69
	16	18	67	15	35	79	83	42	98	59	32	49
	60	51	29	53	49	71	27	72	73	13	31	31
	74	72	89	34	73	46	13	66	61	92	66	95
	97	59	92	22	11	31	22	51	18	18	44	18
	92	70	20	69	72	51	55	13	44	72	71	98
	28	20	90	78	23	74	77	91	17	46	37	25
	66	59	68	72	92	93	43	98	16	77	49	45
	61	70	14	79	17	44	90	26	19	24	86	22
	67	31	16	34	26	47	81	89	13	93	84	24
	36	51	91	43	66	27	77	85	97	73	39	73
	26	40	54	24	72	44	78	23	36	73	35	77
	40	86	57	14	27	55	30	84	34	67	64	26
	70	57	67	18	50	37	40	33	37	57	53	46
	27	54	76	14	93	30	79	91	43	99	68	31
	21	33	37	91	34	54	96	28	37	62	40	64
	47	36	86	13	41	16	91	52	90	39	75	78
	26	48	86	89	33	27	32	48	71	56	96	43
	86	11	63	58	67	78	67	53	23	39	16	17

	79	44	99	28	66	36	46	98	24	42	38	45
	94	21	58	85	38	63	46	77	75	33	78	36
	94	61	13	16	30	80	42	43	17	51	72	16
	43	26	34	52	26	68	31	92	34	45	38	21
	33	83	31	24	22	73	15	58	21	39	24	86
	17	92	40	61	64	54	42	91	28	16	13	68
	95	87	94	25	31	37	65	75	95	72	83	64
	40	87	52	52	52	35	44	53	89	41	28	14
	55	72	74	78	55	66	34	42	80	27	39	88
	52	92	70	56	63	46	82	53	44	24	63	88
	56	80	78	27	68	71	32	21	14	41	18	19
	36	61	29	99	31	40	46	69	95	42	15	66
	20	50	13	48	27	14	21	82	37	91	25	44
	62	51	75	61	17	28	87	27	98	48	97	80
	94	66	11	43	11	45	26	68	34	72	64	33
	88	43	67	59	81	19	73	48	72	38	86	44
	86	10	25	81	29	53	82	40	67	50	93	53
	59	24	93	98	12	54	28	42	28	94	59	81
	64	41	41	83	68	50	23	77	98	42	92	10
	20	16	86	59	59	88	15	82	57	36	64	51
	30	28	75	23	52	51	42	18	95	36	89	53
	87	31	11	43	77	82	93	57	69	13	90	58
	91	61	16	60	71	27	21	30	50	88	17	91
	55	65	27	58	81	89	98	46	90	30	55	89
	59	21	52	96	39	52	59	18	83	92	15	51
	55	61	50	88	24	27	38	79	95	46	57	72
	43	15	74	53	11	34	44	70	79	97	96	60
	18	75	67	23	37	49	69	38	58	33	33	85
	17	74	92	16	85	82	24	84	87	84	19	61
	18	96	53	88	69	69	88	20	54	64	80	67

	69	46	36	71	76	36	91	99	88	38	50	83
	45	65	54	39	38	52	16	92	70	38	30	62
	75	36	14	15	24	90	33	61	11	82	72	85
	38	23	61	60	97	89	42	57	10	59	99	44
	88	23	66	69	41	70	48	47	22	15	16	97
	44	20	28	38	23	43	72	13	69	42	75	31
	78	36	18	29	67	67	10	95	30	64	25	79
	43	94	44	32	61	82	14	26	19	52	89	29
	61	19	31	97	63	33	84	58	94	64	45	76
	31	83	70	95	37	27	34	19	53	93	24	26
	25	93	60	70	15	17	43	41	88	83	71	53
	86	18	27	55	24	58	94	36	69	82	28	69
	30	27	52	75	17	19	23	86	85	44	85	35
	25	58	48	69	31	19	38	59	79	34	33	53
	95	23	25	27	64	29	49	53	54	35	52	61
	54	53	93	90	75	18	34	17	33	60	64	29
	40	48	21	54	40	95	95	40	81	85	43	93
	99	91	52	83	50	39	61	32	68	81	29	76
	10	51	22	15	97	15	64	82	45	60	87	54
	46	82	47	81	60	54	100	50	49	65	79	36
	98	45	34	23	91	94	36	59	92	32	55	11
	88	38	92	79	51	28	32	32	19	20	94	16
	21	11	40	73	19	82	41	29	53	14	26	82
	24	69	56	61	95	67	56	74	96	55	74	12
	12	88	63	11	71	15	20	78	35	96	30	46
	75	82	34	29	10	83	29	52	29	49	17	60
	50	63	81	41	32	48	92	48	87	18	54	79
	46	31	39	98	85	60	34	17	87	22	49	32
	80	13	94	99	43	72	26	59	38	44	30	19
	79	55	66	39	13	77	92	75	83	55	41	74

	12	89	19	43	55	23	59	77	86	83	34	89
	36	31	30	89	12	54	86	26	71	99	73	40
	39	74	50	14	30	11	43	51	25	38	10	58
	86	92	41	17	15	36	43	72	19	89	49	51
	93	68	22	88	73	56	69	54	73	84	86	85
	48	55	22	22	55	33	77	34	38	34	23	30
	32	32	79	64	79	50	72	29	75	24	48	12
	81	77	81	53	30	95	80	36	70	88	43	24
	43	19	69	75	88	32	58	76	72	77	81	32
	69	87	55	92	30	58	69	69	14	52	55	34
	17	46	91	34	95	98	55	88	62	47	99	80
	60	69	49	95	83	35	31	88	50	67	47	22
	47	35	36	92	91	77	100	89	91	65	20	97
	45	69	59	22	16	45	58	65	35	97	35	42
	22	94	29	63	27	59	54	55	68	99	63	28
	57	51	18	55	44	11	14	89	16	16	39	32
	79	66	43	53	90	44	59	44	51	99	42	19
	75	57	26	32	27	72	15	64	54	100	43	77
	15	23	92	14	94	30	93	13	75	97	15	73
	49	33	57	33	39	69	29	47	28	86	40	91
	10	46	20	59	73	39	59	36	48	21	56	58
	19	82	37	32	60	85	94	11	74	71	32	33
	76	17	88	15	99	62	58	41	76	11	22	72
	61	22	16	65	28	29	52	21	32	25	37	30
	100	61	71	18	17	41	83	23	18	67	90	41
	83	33	70	15	97	37	64	23	46	45	14	22
	99	81	82	38	48	75	81	72	88	33	30	36
	54	71	86	82	40	51	51	10	13	79	73	63
	79	39	66	82	20	15	36	55	12	47	73	60
	98	46	19	96	24	61	78	75	79	26	31	33

	57	25	78	14	38	61	78	41	46	97	65	15
	18	16	79	22	35	37	58	70	86	60	77	37
	49	15	22	59	26	13	22	84	48	96	70	85
	49	20	49	64	46	83	32	73	48	64	25	18
	82	92	23	69	96	90	38	59	55	62	51	52
	30	10	32	58	52	80	67	50	50	55	44	76
	81	26	75	17	35	59	81	18	35	87	43	61
	13	89	68	98	31	10	88	62	70	58	33	89
	14	97	84	33	99	47	13	75	65	51	27	56
	62	29	71	87	86	16	84	85	59	31	41	53
	78	26	73	40	85	19	68	75	85	90	59	85
	91	39	79	92	70	77	54	94	96	45	97	72
	27	26	92	68	94	79	43	89	86	22	80	90
	24	85	67	54	63	18	90	96	19	89	22	15
	62	66	18	85	85	59	59	32	86	25	24	77
	19	46	11	65	55	57	13	63	97	46	52	65
	14	51	69	15	70	63	52	54	99	34	39	45
	97	37	88	70	83	31	68	42	23	52	18	63
	91	43	40	83	60	16	89	30	23	83	52	75
	29	80	71	73	23	79	88	90	10	27	22	84
	40	99	89	51	41	37	43	38	57	99	61	94
	48	23	87	20	52	67	26	68	52	76	36	17
	61	76	48	48	51	69	68	95	100	83	79	25
	42	100	31	36	55	31	99	72	91	56	69	90
	94	21	62	66	26	22	82	91	26	18	73	75
	88	34	47	47	15	58	93	63	79	55	69	66
	37	90	85	68	86	59	10	52	78	49	31	98
	24	76	28	60	52	28	68	45	30	31	11	83
	99	34	26	71	77	89	41	91	61	52	20	12
	80	31	68	73	71	30	71	23	72	37	80	23

	13	26	89	36	65	22	79	35	43	67	42	55
	16	89	28	44	39	16	77	76	19	52	15	44
	41	45	83	53	21	81	28	22	44	52	49	26
	25	88	15	14	89	18	39	78	41	76	100	34
	37	71	88	69	72	78	49	46	16	22	56	45
	73	76	85	46	90	70	74	71	29	99	99	34
	72	66	33	48	56	31	38	49	63	62	51	23
	72	12	99	27	78	28	66	72	72	97	35	57
	19	70	75	43	72	17	31	18	10	66	24	80
	58	99	74	33	59	15	23	88	56	77	46	48
	20	46	13	26	79	57	25	30	30	91	54	32
	85	62	24	97	89	12	68	65	45	10	27	78
	92	42	39	84	27	36	61	99	17	44	18	55
	60	86	35	23	89	99	86	43	17	76	28	30
	39	73	99	73	40	53	86	97	30	94	51	64
	87	63	66	20	60	71	36	32	59	24	79	91
	23	60	40	79	31	86	56	88	66	23	43	56
	43	88	85	65	48	87	76	96	65	94	26	86
	42	94	22	35	24	27	84	32	83	38	50	64
	94	76	80	71	89	37	48	31	94	24	57	90
	78	58	86	61	55	22	82	79	41	52	41	44
	20	18	43	69	89	43	19	62	30	57	45	56
	88	80	12	93	95	50	96	75	92	73	18	18
	85	87	82	90	97	10	28	13	17	63	30	13
	39	86	42	65	61	65	82	86	22	28	35	13
	99	74	57	11	47	63	79	49	79	36	27	90
	93	75	30	62	50	52	40	79	20	74	41	77
	98	90	23	68	32	87	87	22	84	92	90	46
	32	44	71	37	11	92	92	57	18	57	17	58
	55	24	44	91	54	84	58	36	48	33	19	44

	50	66	52	86	19	31	26	12	80	96	15	96
	97	74	47	39	77	57	76	29	79	77	61	76
	50	38	25	33	57	42	13	45	48	17	70	20
	41	72	51	76	84	85	62	37	96	53	39	58
	12	88	87	58	62	19	72	56	56	20	97	98
	51	58	40	46	48	93	90	66	27	89	39	49
	20	43	78	23	82	51	54	42	64	74	50	26
	99	41	48	50	78	87	22	19	20	21	19	45
	60	65	75	65	87	18	93	76	91	28	59	73
	62	26	26	37	70	58	81	88	85	53	94	99
	15	92	59	68	60	92	94	66	42	30	46	76
	91	58	21	80	83	99	20	49	75	64	67	95
	19	64	61	14	19	41	66	39	66	74	29	55
	67	89	22	98	70	72	68	44	26	96	91	51
	14	43	98	14	33	54	81	89	92	79	34	68
	61	81	30	18	76	43	11	13	96	26	11	56
	67	16	68	17	14	48	17	74	76	23	43	83
	46	97	32	86	100	59	86	31	63	18	21	51
	78	54	68	12	10	47	59	36	18	39	42	35
	93	42	29	29	61	77	78	15	35	50	61	32
	12	33	67	42	36	68	89	38	48	35	86	83
	66	17	31	51	19	18	11	35	96	87	86	30
	72	94	80	10	17	74	77	78	69	71	53	23
	86	88	16	83	42	83	88	77	64	39	33	55
	84	93	93	52	100	29	86	73	87	83	30	78
	30	34	95	42	13	76	25	21	21	48	40	19
	79	73	26	79	71	95	80	91	57	68	56	82
	91	79	27	77	81	93	51	65	12	11	58	53
	49	58	15	41	59	63	71	41	60	87	48	47
	69	64	68	90	98	98	59	57	95	94	84	24

	86	86	99	64	44	11	35	47	30	71	98	76
	25	96	15	98	56	67	70	92	84	42	27	59
	96	55	73	22	60	54	90	41	88	79	36	34
	91	75	89	18	18	74	46	72	17	45	23	26
	85	20	86	66	69	42	48	17	24	73	43	67
	42	22	22	55	45	59	94	72	23	33	74	93
	50	96	86	91	96	22	49	72	93	73	52	71
	72	86	40	49	25	53	64	96	39	38	65	89
	93	87	88	82	27	14	83	18	27	54	56	55
	96	40	58	77	44	98	63	93	77	47	60	20
	90	71	53	76	37	31	66	57	72	73	17	90
	48	74	22	91	63	52	30	43	84	65	74	46
	32	77	15	14	36	53	32	26	13	18	60	32
	79	28	88	19	50	14	42	46	62	23	13	59
	57	62	55	76	29	16	75	96	58	46	93	11
	24	13	24	71	11	56	76	70	77	23	91	13
	71	87	52	98	15	93	15	11	93	85	16	16
	41	48	88	82	11	56	29	74	48	63	18	18
	96	30	27	55	16	49	86	90	92	30	47	77
	48	86	88	34	54	68	48	20	83	50	36	41
	26	65	87	89	64	55	48	30	18	59	76	40
	90	92	35	99	50	93	19	86	30	90	60	77
	63	12	80	37	75	68	58	38	59	40	90	33
	15	43	15	36	33	81	35	84	42	31	47	41
	22	12	20	27	16	34	19	97	57	20	31	36
	14	28	45	30	24	73	99	98	69	86	54	24
	82	47	70	89	68	45	64	73	67	91	87	62
	85	80	21	59	93	100	22	87	28	19	92	27
	39	77	20	34	77	61	30	96	64	44	71	25
	24	54	95	98	71	50	86	91	38	52	91	43

	54	72	75	99	94	66	75	88	70	38	55	41
	30	49	44	92	45	82	36	82	12	88	33	92
	85	54	40	73	93	54	64	11	92	47	20	30
	50	96	67	77	43	25	90	60	14	20	59	46
	43	90	30	44	83	40	32	89	36	59	26	10
	83	24	80	50	19	20	41	29	71	26	45	67
	70	37	99	83	87	73	91	31	11	13	76	22
	57	78	98	15	13	78	87	35	19	45	20	98
	63	31	89	70	99	46	77	49	71	59	24	31
	93	82	68	34	20	31	66	52	84	86	55	83
	33	17	87	80	51	35	49	53	37	78	26	40
	99	27	83	22	38	44	47	19	33	75	60	28
	26	77	56	65	58	29	85	39	97	80	34	16
	92	95	94	79	49	48	69	51	67	36	59	15
	67	12	65	95	21	95	87	70	93	97	45	70
	41	72	20	51	89	22	65	81	84	73	72	38
	73	38	83	37	63	55	68	45	37	79	97	12
	66	93	46	55	25	62	42	82	81	86	16	88
	61	41	94	74	34	43	45	32	80	61	68	12
	84	87	57	92	45	61	72	96	67	12	10	42
	87	95	74	71	56	82	71	52	84	83	22	12
	57	91	44	49	97	50	35	79	56	17	71	100
	41	88	12	66	13	78	14	55	47	79	25	35
	75	38	17	95	39	60	63	88	88	35	84	15
	29	59	91	12	16	34	32	92	36	71	48	43
	15	38	45	89	37	97	48	78	91	11	84	76
	57	91	95	18	69	61	35	25	30	47	92	32
	63	78	78	33	57	92	13	40	96	34	52	50
	90	85	90	79	88	11	32	17	78	55	34	42
	61	42	47	77	10	28	36	66	44	44	35	81

