***** PARAMETERS PRP *****

Number of Customers = 30
Number of Products = 10
Number of Vehicles = 5
Number of Periods = 12

B = Production capacity
	49005

b_p = Time required to produce item p
 	1	1	1	1	1	1	1	1	1	1

c_p = Production cost of item p
 	80	80	30	80	30	80	30	80	80	80

s_p = Setup cost of item p
 	800	800	300	800	300	800	300	800	800	800

M = Big number
	196020

U_pi = Maximum inventory upper bound of item p at site i
 	196020	268	265	94	242	97	105	245	189	188	231	275	286	120	308	98	97	263	109	106	296	296	116	245	238	234	100	300	145	221	212
	196020	285	264	117	226	110	290	242	92	237	102	233	332	227	113	101	168	113	306	123	190	90	258	142	98	186	267	117	207	265	225
	196020	96	142	187	265	257	112	136	191	142	155	183	155	162	124	211	228	209	143	162	181	294	157	201	183	92	241	266	106	107	138
	196020	207	194	94	100	195	216	195	245	341	230	110	323	96	130	143	106	107	258	216	183	263	97	102	186	193	114	170	145	300	132
	196020	200	181	220	101	103	278	313	260	181	298	145	202	313	191	214	164	165	151	92	215	193	201	108	323	148	187	104	255	199	226
	196020	256	267	265	243	98	237	159	302	271	121	226	310	298	228	222	170	147	151	113	117	217	203	251	182	280	281	238	157	226	245
	196020	156	394	266	156	158	265	165	212	304	197	272	311	104	287	366	250	90	216	105	197	152	134	142	231	86	168	111	117	230	266
	196020	171	129	210	343	172	304	114	121	182	335	270	224	141	112	185	281	183	184	159	173	120	236	260	290	267	232	147	199	336	90
	196020	226	239	221	217	227	198	153	280	177	180	94	143	132	152	169	280	211	190	280	239	205	250	220	179	239	198	204	164	240	131
	196020	156	315	240	160	312	170	150	263	257	177	196	284	146	177	204	104	140	267	267	149	218	108	263	125	196	169	177	171	135	186

I_pi0 = Initial inventory of item p at site i
 	0	82	217	42	163	72	78	148	180	140	39	84	103	78	82	94	78	59	108	93	220	51	80	105	50	123	87	78	45	83	94
	0	204	171	98	120	100	285	76	36	234	96	52	80	129	75	90	153	69	276	102	133	0	175	67	72	124	158	99	158	79	18
	0	88	109	156	17	101	77	117	81	102	81	41	154	60	78	107	151	177	141	119	148	226	81	67	179	71	172	170	28	89	131
	0	82	157	92	65	108	118	116	240	175	120	21	100	59	85	38	95	44	35	149	162	156	47	82	175	99	103	147	35	98	65
	0	167	85	88	88	43	104	72	168	61	267	66	17	288	40	13	98	122	138	49	137	104	196	28	203	74	40	81	15	167	119
	0	134	215	165	167	95	84	142	231	45	71	147	201	96	175	175	89	140	85	73	89	149	46	243	42	239	198	64	116	85	37
	0	96	245	35	128	149	38	159	29	264	132	64	163	92	152	295	78	75	138	72	192	152	133	57	178	53	113	98	84	194	19
	0	94	60	32	37	96	201	73	64	155	156	188	118	32	15	104	223	110	45	87	148	67	100	250	222	51	161	105	119	192	57
	0	112	80	88	162	114	129	53	157	97	156	65	114	97	52	155	158	117	105	88	161	173	83	157	45	170	190	113	161	161	124
	0	125	298	36	99	253	161	15	140	39	157	184	197	144	136	140	20	106	209	125	130	84	97	90	81	119	46	169	145	40	130

h_pi = Inventory cost of item p at site i
 	8	0	0	0	0	0	0	0	0	0	0	0	0	0	0	0	0	0	0	0	0	0	0	0	0	0	0	0	0	0	0
	8	0	0	0	0	0	0	0	0	0	0	0	0	0	0	0	0	0	0	0	0	0	0	0	0	0	0	0	0	0	0
	3	0	0	0	0	0	0	0	0	0	0	0	0	0	0	0	0	0	0	0	0	0	0	0	0	0	0	0	0	0	0
	8	0	0	0	0	0	0	0	0	0	0	0	0	0	0	0	0	0	0	0	0	0	0	0	0	0	0	0	0	0	0
	3	0	0	0	0	0	0	0	0	0	0	0	0	0	0	0	0	0	0	0	0	0	0	0	0	0	0	0	0	0	0
	8	0	0	0	0	0	0	0	0	0	0	0	0	0	0	0	0	0	0	0	0	0	0	0	0	0	0	0	0	0	0
	3	0	0	0	0	0	0	0	0	0	0	0	0	0	0	0	0	0	0	0	0	0	0	0	0	0	0	0	0	0	0
	8	0	0	0	0	0	0	0	0	0	0	0	0	0	0	0	0	0	0	0	0	0	0	0	0	0	0	0	0	0	0
	8	0	0	0	0	0	0	0	0	0	0	0	0	0	0	0	0	0	0	0	0	0	0	0	0	0	0	0	0	0	0
	8	0	0	0	0	0	0	0	0	0	0	0	0	0	0	0	0	0	0	0	0	0	0	0	0	0	0	0	0	0	0

C = Vehicle capacity
	3940

f = Fixed transportation cost
	29233

a_ik = Transportation cost for traveling from node i to node k
 	0	355	106	698	188	553	126	601	219	356	303	396	581	461	148	226	646	449	529	412	443	485	329	298	396	332	434	307	351	558	433
	355	0	250	913	179	786	470	939	248	65	584	606	793	755	292	530	851	757	746	683	640	598	630	446	207	487	576	123	544	812	336
	106	250	0	755	88	614	226	701	165	255	377	444	635	543	125	308	699	537	583	485	488	500	412	313	314	353	457	209	390	627	378
	698	913	755	0	832	147	602	469	667	867	401	313	121	300	645	482	66	342	172	298	274	347	398	467	773	427	345	943	372	162	665
	188	179	88	832	0	694	311	787	199	201	462	520	712	630	190	394	775	624	661	569	562	560	499	379	297	420	522	122	463	710	388
	553	786	614	147	694	0	456	394	538	744	255	180	55	174	508	335	110	219	50	153	153	269	254	342	663	304	244	807	242	56	568
	126	470	226	602	311	456	0	476	287	462	202	322	492	344	210	121	557	328	440	307	371	445	215	276	474	298	388	431	293	454	480
	601	939	701	469	787	394	476	0	719	921	384	464	446	251	654	415	479	218	430	335	479	621	328	583	895	566	572	907	505	341	846
	219	248	165	667	199	538	287	719	0	211	346	359	547	516	78	306	606	523	499	440	394	368	398	200	188	242	337	286	297	565	217
	356	65	255	867	201	744	462	921	211	0	555	564	748	725	268	508	804	731	703	650	596	544	605	403	143	442	526	179	502	773	273
	303	584	377	401	462	255	202	384	346	555	0	141	291	172	293	81	356	178	239	110	186	298	58	202	514	193	239	581	145	256	464
	396	606	444	313	520	180	322	464	359	564	141	0	193	215	332	207	256	247	142	129	49	166	181	163	488	127	111	631	63	212	406
	581	793	635	121	712	55	492	446	547	748	291	193	0	228	524	371	66	273	53	198	154	245	298	347	658	307	232	823	252	106	556
	461	755	543	300	630	174	344	251	516	725	172	215	228	0	464	237	280	46	196	87	229	370	133	350	675	326	322	750	262	139	610
	148	292	125	645	190	508	210	654	78	268	293	332	524	464	0	241	586	466	474	394	373	376	339	191	265	232	335	299	274	529	287
	226	530	308	482	394	335	121	415	306	508	81	207	371	237	241	0	436	231	319	189	255	349	105	209	485	216	289	515	191	335	457
	646	851	699	66	775	110	557	479	606	804	356	256	66	280	586	436	0	325	119	261	214	282	361	406	708	365	280	884	313	146	600
	449	757	537	342	624	219	328	218	523	731	178	247	273	46	466	231	325	0	240	118	266	407	128	369	690	350	356	745	288	182	632
	529	746	583	172	661	50	440	430	499	703	239	142	53	196	474	319	119	240	0	152	108	220	250	301	618	261	196	773	203	102	521
	412	683	485	298	569	153	307	335	440	650	110	129	198	87	394	189	261	118	152	0	150	290	101	266	593	240	238	687	175	147	524
	443	640	488	274	562	153	371	479	394	596	186	49	154	229	373	255	214	266	108	150	0	142	220	194	511	154	99	671	99	194	418
	485	598	500	347	560	269	445	621	368	544	298	166	245	370	376	349	282	407	220	290	142	0	344	190	434	154	61	653	159	320	319
	329	630	412	398	499	254	215	328	398	605	58	181	298	133	339	105	361	128	250	101	220	344	0	259	569	249	286	619	197	242	522
	298	446	313	467	379	342	276	583	200	403	202	163	347	350	191	209	406	369	301	266	194	190	259	0	329	42	145	481	101	374	264
	396	207	314	773	297	663	474	895	188	143	514	488	658	675	265	485	708	690	618	593	511	434	569	329	0	362	428	314	428	700	134
	332	487	353	427	420	304	298	566	242	442	193	127	307	326	232	216	365	350	261	240	154	154	249	42	362	0	105	523	67	338	284
	434	576	457	345	522	244	388	572	337	526	239	111	232	322	335	289	280	356	196	238	99	61	286	145	428	105	0	622	99	290	326
	307	123	209	943	122	807	431	907	286	179	581	631	823	750	299	515	884	745	773	687	671	653	619	481	314	523	622	0	572	826	432
	351	544	390	372	463	242	293	505	297	502	145	63	252	262	274	191	313	288	203	175	99	159	197	101	428	67	99	572	0	274	350
	558	812	627	162	710	56	454	341	565	773	256	212	106	139	529	335	146	182	102	147	194	320	242	374	700	338	290	826	274	0	611
	433	336	378	665	388	568	480	846	217	273	464	406	556	610	287	457	600	632	521	524	418	319	522	264	134	284	326	432	350	611	0

coordXY = Coordinates (x,y): line zero => x line one => y column => customers
 	61	221	104	476	102	375	60	9	267	276	203	343	429	202	206	148	476	157	395	250	385	496	166	335	397	356	436	99	338	331	481
	631	947	727	71	814	177	506	33	704	914	364	354	182	193	656	423	136	193	222	265	329	417	320	516	839	480	413	935	416	143	735

d_pit = Demand of item p at customer i in period t
 	55	27	50	87	31	45	21	93	27	82	30	94
	55	74	88	45	71	64	81	85	78	46	36	72
	42	61	12	73	15	17	22	69	23	73	84	74
	89	74	92	87	43	12	59	77	53	65	21	53
	36	36	30	26	79	43	90	86	13	74	22	46
	78	91	19	82	69	53	41	23	14	63	41	56
	60	88	22	86	28	44	26	65	59	14	61	34
	97	30	53	72	28	21	52	48	51	39	18	57
	44	96	73	55	11	98	90	55	96	65	50	20
	28	11	89	38	33	75	89	37	32	20	29	74
	67	17	49	98	86	55	97	88	30	97	60	82
	13	90	36	87	91	55	73	74	84	50	20	13
	78	69	89	56	59	49	59	56	87	74	17	28
	17	65	81	95	94	69	33	25	71	58	97	33
	48	46	91	30	92	55	49	29	83	11	34	17
	78	68	33	78	40	36	73	10	25	54	19	65
	59	50	78	51	57	90	64	64	13	65	21	19
	79	29	100	66	70	60	37	51	17	41	66	35
	93	72	75	17	57	54	51	53	21	42	83	19
	10	34	95	81	81	99	94	46	42	41	74	13
	51	54	61	87	52	64	91	58	52	20	85	36
	80	73	28	23	78	65	43	32	59	46	94	77
	64	41	29	71	78	22	67	96	80	73	17	98
	50	62	15	32	80	20	40	26	88	35	57	65
	80	43	38	25	99	61	13	74	73	11	17	27
	87	39	65	87	61	23	61	15	15	37	72	38
	78	81	78	86	44	21	70	19	31	81	44	88
	28	17	84	82	59	79	30	41	37	49	28	46
	25	58	14	18	28	81	37	99	88	40	79	96
	16	78	58	92	69	45	38	96	94	99	84	78

	77	89	38	46	72	36	84	22	79	36	66	40
	17	44	75	35	78	74	34	17	78	55	48	78
	98	55	40	82	15	15	63	98	52	56	83	47
	15	81	24	35	91	71	59	19	100	35	86	62
	28	72	79	34	40	84	14	24	84	26	83	89
	85	93	19	88	90	41	94	45	57	92	81	86
	45	31	57	74	44	50	63	67	33	17	11	89
	23	13	85	29	99	25	27	49	67	65	34	37
	14	48	92	80	35	99	23	100	46	56	36	81
	10	68	18	71	72	26	85	64	59	23	54	60
	20	32	26	40	80	30	86	50	89	33	54	20
	80	34	64	67	84	91	48	77	58	81	30	83
	69	60	38	86	72	12	72	59	75	78	29	31
	75	87	54	81	52	31	70	11	26	64	92	32
	90	91	41	59	34	55	35	75	64	14	20	29
	70	83	26	84	51	49	19	92	44	88	18	49
	69	24	72	40	16	58	89	10	98	54	75	72
	27	97	91	61	49	94	23	46	81	58	11	96
	54	48	96	92	84	39	46	66	81	28	38	65
	44	61	28	21	80	84	96	55	25	12	44	21
	95	56	44	31	26	11	19	48	42	67	47	51
	22	69	84	56	79	95	35	79	65	68	73	49
	67	24	12	66	59	54	14	28	54	80	11	97
	60	12	10	91	85	29	16	58	60	72	61	33
	43	81	18	16	34	96	69	35	19	12	56	78
	83	75	13	40	89	48	85	90	46	69	93	69
	33	48	18	39	90	82	92	31	78	58	97	33
	64	94	57	61	89	70	96	71	72	55	29	69
	62	17	86	20	27	11	99	39	96	68	34	77
	18	46	89	66	36	35	23	16	52	58	78	22

	88	72	45	52	45	13	47	18	20	85	21	67
	11	15	83	85	98	74	18	50	29	67	10	27
	60	57	39	88	67	80	15	42	57	13	24	18
	17	44	92	75	76	92	94	73	45	80	32	74
	20	50	31	87	54	40	52	35	74	54	51	68
	25	52	71	97	55	17	96	14	71	96	23	57
	40	77	23	37	43	62	46	52	17	49	33	63
	81	32	48	25	95	84	74	22	23	35	26	27
	53	25	24	50	88	50	67	25	67	21	82	16
	81	94	97	42	13	23	55	15	26	52	62	58
	41	44	75	40	64	97	31	17	34	28	43	34
	42	81	31	38	62	77	11	33	94	36	72	43
	36	24	37	45	88	23	17	37	91	43	23	23
	78	93	88	19	27	63	32	82	44	64	66	90
	13	94	20	24	38	25	25	48	38	79	45	58
	39	53	59	66	84	75	36	40	47	94	79	11
	68	50	59	53	51	73	97	88	71	66	97	61
	75	66	91	87	94	79	65	66	67	91	47	31
	14	73	32	75	73	28	15	91	12	100	50	85
	50	98	91	18	27	66	68	72	65	85	60	23
	86	53	87	68	29	55	64	90	17	78	12	67
	14	67	16	65	77	34	17	77	78	50	79	53
	67	17	32	23	67	13	52	88	39	19	30	36
	65	82	32	33	10	70	20	63	35	38	64	38
	71	10	42	99	91	63	17	48	28	28	17	39
	53	68	51	98	28	30	53	18	74	71	88	90
	82	88	30	29	28	40	33	36	73	86	17	97
	28	97	26	50	14	39	10	93	94	70	86	26
	21	68	74	82	18	59	71	56	89	18	34	54
	28	81	22	23	63	77	21	73	91	12	38	21

	55	14	13	81	31	39	76	78	12	48	37	12
	68	89	29	63	86	30	62	25	30	10	73	17
	20	72	23	18	37	22	76	33	54	81	31	98
	65	97	56	54	85	24	18	19	57	87	18	17
	63	45	54	48	10	22	100	54	42	61	35	51
	44	13	30	31	28	58	87	16	23	31	70	88
	54	62	80	31	30	42	27	55	61	46	11	87
	53	90	97	86	47	43	33	30	56	38	84	78
	97	78	70	76	83	46	82	65	22	39	72	89
	96	24	95	27	40	33	84	71	55	60	24	81
	21	67	71	10	51	34	79	72	55	78	65	59
	83	17	91	41	68	99	68	41	44	43	94	87
	39	20	63	20	81	33	66	50	37	19	67	82
	71	14	72	34	34	13	70	15	28	16	87	67
	38	49	23	72	44	28	76	42	95	38	45	21
	22	56	17	16	99	69	49	57	83	89	22	54
	23	21	95	22	66	58	34	20	88	41	86	88
	35	88	12	76	83	82	54	40	85	99	34	87
	22	52	75	78	50	77	32	80	46	60	22	53
	50	43	54	15	71	12	29	19	26	82	90	58
	39	76	41	33	48	54	69	15	47	53	78	77
	21	26	75	91	80	16	11	54	17	89	84	15
	33	49	51	53	68	21	51	34	53	40	85	72
	61	34	39	41	41	11	11	70	66	40	14	19
	99	20	49	38	58	69	22	99	96	56	76	89
	59	44	72	35	87	98	79	48	40	58	20	44
	68	79	95	21	50	40	95	59	41	67	42	21
	35	74	65	33	11	77	60	16	28	48	57	75
	98	66	68	30	62	30	13	69	85	95	14	91
	65	87	22	98	72	98	35	80	34	91	78	32

	74	93	55	20	84	73	24	91	82	42	64	96
	74	11	93	67	18	72	28	98	67	98	31	66
	60	28	86	61	36	60	72	16	90	29	23	98
	17	71	73	76	58	38	74	16	62	64	39	17
	43	79	28	81	84	28	12	39	63	57	71	34
	62	42	72	59	73	51	29	47	11	58	97	66
	72	77	54	37	72	29	70	68	78	56	64	73
	79	89	89	99	31	19	60	57	61	57	95	43
	61	78	15	18	27	22	63	47	42	49	60	62
	73	46	72	76	14	96	75	81	18	74	57	34
	66	96	79	42	12	27	65	68	44	30	40	11
	17	31	42	76	78	32	77	31	17	12	11	61
	67	37	99	85	55	66	95	46	78	36	74	14
	40	11	16	64	15	14	90	15	71	97	82	57
	13	13	33	51	13	58	23	63	64	62	57	64
	12	86	72	50	94	91	81	19	20	23	50	58
	28	83	11	97	48	54	12	79	38	80	31	97
	79	59	60	12	20	62	89	37	58	32	30	65
	49	100	58	70	10	37	47	14	21	16	86	45
	38	99	85	65	97	89	49	96	90	56	21	76
	93	11	25	43	53	89	77	12	43	20	97	16
	79	29	30	58	18	16	12	38	34	90	14	64
	28	83	36	38	23	85	79	38	44	96	41	54
	97	89	17	58	94	46	29	63	65	32	94	90
	74	87	72	69	86	36	16	29	80	13	19	12
	40	15	43	51	44	57	76	84	94	54	95	96
	81	17	46	63	75	37	11	54	84	65	66	26
	15	71	80	70	22	100	63	89	58	51	89	58
	85	82	94	54	77	48	44	49	73	31	78	82
	25	94	16	48	37	20	70	64	56	90	61	96

	69	65	63	49	57	79	83	51	31	99	77	46
	90	52	55	18	58	75	10	88	90	84	88	94
	49	64	52	98	87	38	77	19	27	81	19	26
	56	30	81	77	55	90	63	27	14	31	48	11
	40	55	95	32	20	39	68	28	40	85	42	41
	41	43	15	77	88	43	53	97	19	83	59	94
	19	57	13	53	36	41	56	40	83	13	43	24
	84	49	68	30	70	42	60	62	81	27	63	89
	21	24	98	80	48	84	100	21	47	18	61	49
	71	73	83	70	99	19	26	10	72	92	85	24
	68	14	65	58	67	63	82	93	14	42	51	60
	69	60	72	86	37	21	74	51	93	17	83	81
	20	76	75	89	17	69	99	72	35	97	18	47
	47	34	94	98	85	26	49	56	72	49	51	22
	12	96	37	30	55	97	44	59	84	55	51	47
	45	44	97	84	85	44	52	49	39	36	57	46
	72	68	34	52	19	28	37	94	37	42	12	94
	85	70	96	97	64	94	82	84	68	55	29	84
	60	13	46	70	24	76	37	59	78	79	72	64
	37	52	59	68	69	52	38	84	85	62	17	78
	44	41	31	33	38	34	59	49	72	79	14	26
	46	78	34	85	57	89	62	45	16	53	34	10
	18	99	35	91	73	85	13	90	57	79	76	37
	42	27	27	45	70	33	87	49	70	71	13	13
	34	35	89	81	24	23	92	23	86	64	24	96
	87	20	91	59	97	28	40	89	63	66	15	19
	64	19	50	89	38	56	46	81	92	13	93	72
	39	36	31	10	64	69	78	86	36	73	71	34
	67	18	12	33	32	77	34	67	15	21	80	87
	37	71	27	45	16	25	91	60	55	27	48	86

	80	16	38	94	10	87	82	44	21	20	88	45
	82	68	95	97	96	90	69	77	44	94	46	87
	35	98	64	52	28	41	57	28	22	58	62	93
	84	44	87	68	63	19	44	53	13	75	27	47
	89	60	39	38	51	62	51	26	67	71	47	30
	38	54	16	88	71	91	16	83	44	51	59	25
	97	41	21	80	44	42	51	43	57	90	53	40
	29	93	87	88	55	30	60	83	96	87	99	41
	75	94	71	24	46	74	90	62	41	11	67	74
	52	80	99	39	47	61	45	56	11	11	12	78
	64	52	67	21	78	74	83	44	34	23	50	62
	28	62	73	46	68	97	54	21	100	31	67	100
	92	80	46	64	16	60	40	10	37	55	38	87
	30	23	99	85	62	14	69	57	48	87	36	78
	60	73	74	88	79	45	89	91	49	94	60	76
	78	25	58	47	24	35	42	78	56	13	64	79
	19	56	19	34	20	60	51	35	73	62	43	69
	12	93	21	12	94	84	61	22	38	79	35	96
	72	52	88	11	43	42	31	84	54	57	73	24
	94	98	71	29	13	42	51	20	11	54	28	81
	68	84	97	92	74	43	99	59	52	63	80	98
	34	74	25	81	11	13	32	23	73	15	63	91
	57	91	12	13	85	83	23	37	12	56	63	35
	82	96	94	19	41	41	64	18	95	17	75	52
	26	27	55	55	21	92	73	47	16	26	61	15
	58	21	34	83	15	50	29	86	69	79	63	83
	16	34	48	18	14	84	99	76	58	74	55	87
	84	76	41	49	73	53	63	46	41	79	45	52
	69	31	57	37	36	72	31	70	12	60	25	51
	19	99	68	97	82	67	22	49	67	82	93	52

	94	96	58	95	42	21	43	31	50	80	36	37
	50	10	77	34	36	30	17	17	71	85	27	60
	32	27	91	62	15	88	41	29	54	39	88	63
	37	77	91	24	75	92	80	58	84	40	77	87
	96	49	50	29	93	59	36	83	33	97	11	52
	15	76	78	32	27	84	54	78	64	76	59	86
	73	21	52	28	48	86	90	60	68	19	70	71
	24	40	50	15	32	44	72	26	16	16	55	94
	24	58	38	35	77	48	100	22	98	71	97	60
	26	74	56	100	37	83	46	38	92	66	93	93
	71	41	76	89	34	52	41	62	27	84	25	45
	85	33	65	22	35	86	28	83	88	85	49	12
	32	90	24	66	17	68	89	12	57	25	38	44
	15	87	94	84	50	14	92	20	48	94	27	48
	47	57	87	37	31	80	13	79	53	78	99	78
	43	24	78	78	79	77	13	87	88	11	54	43
	45	65	80	81	61	81	10	53	60	98	15	84
	45	99	69	93	28	62	55	74	12	54	97	47
	42	11	34	90	22	46	84	80	94	25	15	93
	26	51	17	54	70	95	36	35	47	33	20	34
	67	21	19	76	78	84	81	57	32	60	70	72
	62	38	57	79	86	20	92	26	62	80	73	33
	36	91	63	60	37	47	65	55	13	87	55	14
	98	71	53	52	79	67	13	65	76	21	46	55
	51	39	57	82	41	91	31	48	52	66	12	70
	14	36	81	30	11	39	50	79	28	73	77	38
	32	33	40	91	71	93	32	41	59	24	52	20
	43	76	21	11	10	100	35	21	16	96	16	32
	17	77	76	22	78	72	40	91	87	72	100	75
	15	42	80	73	58	72	38	41	26	59	24	14

	97	15	73	58	83	21	31	22	46	91	50	90
	80	89	98	32	74	15	59	45	42	69	85	30
	88	25	58	74	58	90	14	66	45	38	47	60
	70	92	40	98	90	31	51	15	42	48	58	15
	33	43	38	90	47	12	90	27	77	84	63	76
	32	75	22	16	31	31	77	95	20	77	71	48
	53	29	25	80	12	26	44	68	84	62	62	67
	24	28	75	30	96	80	39	81	30	84	55	51
	72	25	98	98	16	65	34	10	70	97	56	66
	48	79	17	12	58	20	86	48	69	36	46	21
	23	42	62	95	85	48	25	37	63	35	31	20
	58	56	37	65	36	20	28	94	36	79	34	29
	44	53	44	81	43	85	56	17	22	56	15	10
	52	22	72	59	25	91	68	80	59	23	18	39
	65	90	30	61	66	37	85	87	63	31	15	47
	66	27	65	16	71	66	51	87	43	13	89	78
	14	19	84	64	28	89	19	48	62	59	64	84
	23	82	38	20	31	23	47	92	50	15	93	56
	39	49	87	11	71	21	90	70	51	50	60	74
	23	97	41	75	44	91	41	67	13	98	55	71
	16	64	93	87	54	40	41	28	64	40	38	51
	83	92	48	84	74	17	72	49	26	100	92	12
	32	34	78	13	84	23	48	28	70	38	66	13
	45	29	66	51	49	83	75	70	98	45	40	65
	98	11	41	20	20	63	84	99	54	56	90	81
	65	74	51	87	78	31	87	91	28	56	88	55
	84	29	98	98	14	18	43	49	28	72	42	36
	94	43	24	20	79	51	39	48	61	97	73	25
	84	77	42	45	28	29	29	26	79	78	40	20
	66	58	26	31	43	78	96	14	28	27	44	13

	71	54	21	41	59	17	72	24	98	15	60	92
	88	44	82	84	46	73	99	13	40	91	68	27
	11	25	71	67	71	59	91	17	58	47	21	38
	18	47	34	69	18	90	26	60	29	24	15	49
	51	92	13	97	50	85	41	72	89	49	64	46
	27	39	95	13	44	60	45	22	68	98	75	93
	15	50	99	70	28	22	13	20	89	58	54	81
	70	70	45	60	97	28	75	89	84	76	68	28
	39	24	12	64	96	34	32	52	56	58	90	60
	62	95	33	69	83	15	75	56	30	82	49	59
	77	13	70	24	31	59	43	69	15	98	18	71
	84	32	55	26	67	100	30	58	88	19	63	59
	74	53	17	23	29	41	93	10	64	56	67	58
	42	56	38	80	70	23	92	94	10	66	65	70
	31	49	40	20	65	13	57	15	82	84	76	80
	20	98	71	94	68	52	62	47	32	18	40	20
	70	36	58	36	49	44	34	85	23	17	45	61
	94	52	63	73	73	92	83	87	71	24	66	23
	63	62	65	45	33	47	18	36	36	90	56	89
	74	56	23	81	86	11	46	72	32	10	18	86
	46	38	79	80	10	52	84	77	17	26	77	69
	44	53	36	46	14	91	88	38	75	20	58	86
	30	60	61	76	36	92	18	71	42	61	11	73
	81	36	81	91	20	35	79	67	92	68	44	56
	54	65	42	15	69	61	37	96	84	99	85	78
	46	33	64	40	10	77	81	64	10	71	100	79
	81	88	52	85	42	33	39	49	36	79	98	26
	26	23	96	37	15	48	72	12	100	29	16	38
	40	20	33	65	66	56	68	73	36	55	13	13
	57	73	73	79	57	94	72	36	90	73	22	17

