***** PARAMETERS PRP *****

Number of Customers = 30
Number of Products = 10
Number of Vehicles = 5
Number of Periods = 12

B = Production capacity
	50169

b_p = Time required to produce item p
 	1	1	1	1	1	1	1	1	1	1

c_p = Production cost of item p
 	30	80	30	80	30	30	30	80	30	80

s_p = Setup cost of item p
 	300	800	300	800	300	300	300	800	300	800

M = Big number
	200676

U_pi = Maximum inventory upper bound of item p at site i
 	200676	195	288	90	107	268	268	115	177	153	261	121	128	191	327	136	253	143	89	104	159	233	145	184	159	208	195	266	134	330	305
	200676	310	232	134	101	125	293	138	99	189	164	160	211	166	207	241	97	85	258	133	239	135	278	118	140	283	161	201	263	218	115
	200676	90	83	94	283	130	178	106	234	169	123	235	212	215	247	156	161	117	181	104	206	170	265	266	170	294	147	194	246	114	157
	200676	197	271	159	99	303	123	209	116	110	96	103	293	115	100	263	116	163	189	266	159	165	92	110	192	153	106	284	202	105	169
	200676	177	268	114	262	293	96	264	253	186	225	285	279	206	137	166	264	202	177	163	164	301	204	109	168	242	115	299	253	245	224
	200676	303	310	116	232	109	167	169	155	107	131	162	157	278	210	108	115	221	148	258	250	187	223	270	187	201	204	240	190	156	133
	200676	248	138	349	367	197	107	120	133	156	283	266	130	167	119	206	212	169	255	181	227	119	158	240	120	104	87	113	175	223	101
	200676	275	104	94	206	178	218	252	145	146	235	167	296	288	230	256	171	123	89	193	172	83	184	276	110	255	230	108	271	108	100
	200676	116	103	164	102	182	165	226	240	331	303	161	293	191	121	118	128	126	175	109	179	162	217	105	210	123	245	251	145	192	308
	200676	116	149	196	161	139	109	125	233	195	217	170	175	84	232	125	133	177	208	235	150	93	193	256	112	186	252	169	193	201	106

I_pi0 = Initial inventory of item p at site i
 	0	185	169	81	69	107	251	63	116	118	250	55	126	124	205	97	95	57	82	32	155	61	138	146	81	96	138	78	92	172	271
	0	172	207	86	90	123	90	34	81	185	50	120	200	113	195	70	91	63	112	80	94	124	245	95	83	75	152	179	87	215	58
	0	81	71	94	230	100	105	70	33	134	99	211	165	167	33	122	83	98	18	102	75	123	149	16	68	80	120	53	91	74	154
	0	15	226	120	31	120	62	58	43	20	24	21	67	96	92	167	99	66	100	152	130	35	75	72	85	123	66	33	143	30	139
	0	118	148	90	167	235	55	95	235	166	133	117	146	173	92	158	136	91	176	81	123	254	81	101	94	151	82	61	93	226	137
	0	96	258	75	64	79	140	82	130	80	55	57	146	145	198	15	31	140	128	82	70	89	163	164	71	190	162	98	142	141	114
	0	175	112	129	312	114	33	60	102	28	157	109	79	97	79	100	130	91	153	45	100	75	46	99	50	62	79	110	120	216	18
	0	201	59	85	30	153	121	127	58	93	117	121	144	226	40	210	57	84	0	32	171	0	140	64	11	41	115	55	144	42	63
	0	93	95	92	99	53	102	76	148	253	65	158	244	132	42	50	59	79	91	109	150	80	19	58	106	56	90	168	71	139	264
	0	90	92	181	49	51	64	99	23	75	181	18	98	72	61	82	22	84	199	182	128	0	170	128	52	65	122	45	90	117	77

h_pi = Inventory cost of item p at site i
 	3	0	0	0	0	0	0	0	0	0	0	0	0	0	0	0	0	0	0	0	0	0	0	0	0	0	0	0	0	0	0
	8	0	0	0	0	0	0	0	0	0	0	0	0	0	0	0	0	0	0	0	0	0	0	0	0	0	0	0	0	0	0
	3	0	0	0	0	0	0	0	0	0	0	0	0	0	0	0	0	0	0	0	0	0	0	0	0	0	0	0	0	0	0
	8	0	0	0	0	0	0	0	0	0	0	0	0	0	0	0	0	0	0	0	0	0	0	0	0	0	0	0	0	0	0
	3	0	0	0	0	0	0	0	0	0	0	0	0	0	0	0	0	0	0	0	0	0	0	0	0	0	0	0	0	0	0
	3	0	0	0	0	0	0	0	0	0	0	0	0	0	0	0	0	0	0	0	0	0	0	0	0	0	0	0	0	0	0
	3	0	0	0	0	0	0	0	0	0	0	0	0	0	0	0	0	0	0	0	0	0	0	0	0	0	0	0	0	0	0
	8	0	0	0	0	0	0	0	0	0	0	0	0	0	0	0	0	0	0	0	0	0	0	0	0	0	0	0	0	0	0
	3	0	0	0	0	0	0	0	0	0	0	0	0	0	0	0	0	0	0	0	0	0	0	0	0	0	0	0	0	0	0
	8	0	0	0	0	0	0	0	0	0	0	0	0	0	0	0	0	0	0	0	0	0	0	0	0	0	0	0	0	0	0

C = Vehicle capacity
	3670

f = Fixed transportation cost
	28799

a_ik = Transportation cost for traveling from node i to node k
 	0	59	256	256	199	86	185	444	359	382	181	242	401	410	209	274	315	133	425	225	432	157	175	268	387	11	418	23	336	519	65
	59	0	243	202	258	145	128	395	412	340	125	265	368	453	266	229	371	192	450	194	375	179	136	221	333	63	469	37	335	482	119
	256	243	0	359	379	289	227	557	415	533	294	159	580	376	339	421	413	339	291	85	368	412	358	408	293	248	438	250	107	679	253
	256	202	359	0	448	340	132	203	613	177	79	443	235	648	465	78	571	380	623	277	249	286	116	62	251	263	669	235	465	322	320
	199	258	379	448	0	115	383	618	209	543	377	271	542	314	68	449	145	68	403	385	629	220	348	447	579	197	280	222	415	664	149
	86	145	289	340	115	0	268	522	281	454	266	222	465	348	126	352	232	54	391	280	514	170	250	347	465	83	344	109	346	586	37
	185	128	227	132	383	268	0	333	518	307	74	320	357	534	383	197	485	318	495	147	248	286	157	183	208	186	566	163	333	452	238
	444	395	557	203	618	522	333	0	801	94	280	646	154	846	648	171	752	552	826	473	328	419	273	176	374	452	861	424	663	155	508
	359	412	415	613	209	281	518	801	0	734	536	258	742	137	158	631	70	261	281	460	746	425	530	626	682	352	72	379	395	863	295
	382	340	533	177	543	454	307	94	734	0	241	601	74	790	578	114	681	479	785	453	371	335	208	126	400	391	797	365	638	147	445
	181	125	294	79	377	266	74	280	536	241	0	366	287	569	390	128	495	309	548	217	278	240	88	115	256	187	591	159	399	387	243
	242	265	159	443	271	222	320	646	258	601	366	0	633	223	214	488	266	256	186	219	514	385	400	478	442	231	280	250	149	745	200
	401	368	580	235	542	465	357	154	742	74	287	633	0	809	585	161	684	482	818	503	443	326	233	176	470	411	808	388	684	122	462
	410	453	376	648	314	348	534	846	137	790	569	223	809	0	249	681	199	348	160	441	736	512	583	673	665	400	95	426	324	928	348
	209	266	339	465	68	126	383	648	158	578	390	214	585	249	0	477	106	104	336	359	624	270	375	473	567	204	225	231	362	706	147
	274	229	421	78	449	352	197	171	631	114	128	488	161	681	477	0	582	382	672	344	318	259	102	17	327	283	692	256	527	260	338
	315	371	413	571	145	232	485	752	70	681	495	266	684	199	106	582	0	203	329	447	722	364	480	578	662	309	141	337	411	806	252
	133	192	339	380	68	54	318	552	261	479	309	256	482	348	104	382	203	0	412	333	565	167	281	380	517	132	329	156	390	604	91
	425	450	291	623	403	391	495	826	281	785	548	186	818	160	336	672	329	412	0	371	657	560	585	661	580	414	254	434	205	929	376
	225	194	85	277	385	280	147	473	460	453	217	219	503	441	359	344	447	333	371	0	295	372	289	329	225	219	494	211	190	598	243
	432	375	368	249	629	514	248	328	746	371	278	514	443	736	624	318	722	565	657	295	0	518	355	304	79	433	785	410	457	482	482
	157	179	412	286	220	170	286	419	425	335	240	385	326	512	270	259	364	167	560	372	518	0	171	262	492	166	494	163	492	447	186
	175	136	358	116	348	250	157	273	530	208	88	400	233	583	375	102	480	281	585	289	355	171	0	100	342	184	591	158	458	347	238
	268	221	408	62	447	347	183	176	626	126	115	478	176	673	473	17	578	380	661	329	304	262	100	0	311	276	686	249	513	272	332
	387	333	293	251	579	465	208	374	682	400	256	442	470	665	567	327	662	517	580	225	79	492	342	311	0	386	718	366	380	525	431
	11	63	248	263	197	83	186	452	352	391	187	231	411	400	204	283	309	132	414	219	433	166	184	276	386	0	410	28	326	529	58
	418	469	438	669	280	344	566	861	72	797	591	280	808	95	225	692	141	329	254	494	785	494	591	686	718	410	0	437	402	929	354
	23	37	250	235	222	109	163	424	379	365	159	250	388	426	231	256	337	156	434	211	410	163	158	249	366	28	437	0	335	504	85
	336	335	107	465	415	346	333	663	395	638	399	149	684	324	362	527	411	390	205	190	457	492	458	513	380	326	402	335	0	784	316
	519	482	679	322	664	586	452	155	863	147	387	745	122	928	706	260	806	604	929	598	482	447	347	272	525	529	929	504	784	0	580
	65	119	253	320	149	37	238	508	295	445	243	200	462	348	147	338	252	91	376	243	482	186	238	332	431	58	354	85	316	580	0

coordXY = Coordinates (x,y): line zero => x line one => y column => customers
 	148	187	386	247	11	99	294	221	58	146	236	274	74	180	61	178	22	48	337	372	495	11	150	192	491	154	86	163	422	88	135
	415	459	321	651	271	345	528	852	68	796	573	209	809	7	225	687	127	328	35	404	672	490	589	679	594	406	2	432	221	930	352

d_pit = Demand of item p at customer i in period t
 	92	55	38	87	31	20	20	32	30	48	72	61
	32	37	100	21	77	89	21	23	64	92	67	67
	54	27	20	41	49	53	81	41	84	28	51	11
	69	56	58	66	25	28	23	13	85	73	67	76
	17	90	87	21	10	15	83	17	98	36	96	72
	38	92	68	53	30	17	61	76	72	90	29	18
	44	19	42	58	32	81	79	32	77	73	99	53
	80	36	100	34	59	43	40	43	81	94	61	38
	48	70	98	12	92	70	30	46	10	57	66	12
	50	91	55	54	79	51	41	96	64	98	80	23
	55	99	86	44	58	57	48	22	95	78	25	57
	48	78	95	16	63	74	59	46	93	29	78	87
	64	60	38	70	96	24	77	68	44	48	94	79
	67	60	78	50	30	29	86	85	71	76	81	71
	16	30	51	61	80	77	48	43	45	14	60	19
	61	34	90	65	63	79	100	50	39	51	64	62
	57	91	43	18	65	27	30	38	13	82	18	91
	25	57	69	91	60	28	11	31	19	29	33	82
	32	45	66	20	15	98	45	66	20	98	42	79
	87	48	20	38	24	44	60	81	90	12	54	79
	61	47	25	14	21	67	88	41	36	66	29	64
	75	35	28	60	70	41	57	75	50	35	26	27
	98	48	54	64	36	94	69	55	99	36	58	23
	35	46	87	33	85	72	76	38	25	36	30	74
	96	46	87	63	57	40	82	94	85	50	55	76
	48	18	72	89	77	100	46	80	79	46	88	38
	78	88	88	100	98	36	48	45	76	12	94	34
	55	37	16	46	22	84	86	13	47	68	35	28
	77	95	83	98	13	61	76	25	64	92	29	80
	53	74	63	81	95	83	64	78	42	68	11	20

	83	89	45	50	18	64	86	86	61	63	88	11
	74	20	41	72	68	76	92	42	99	33	54	24
	21	65	82	35	26	53	27	26	16	20	79	85
	90	49	44	15	64	58	22	17	85	20	85	58
	32	41	50	63	41	28	42	29	15	26	75	57
	13	77	47	58	41	83	83	27	100	22	57	95
	34	96	55	34	34	28	97	12	56	11	72	23
	69	12	64	83	75	31	23	31	14	61	82	48
	63	87	35	94	74	41	95	83	67	27	16	74
	50	69	82	34	17	74	31	67	41	26	79	86
	49	71	17	17	70	93	16	20	72	75	74	64
	20	88	92	72	22	61	52	16	33	67	60	49
	33	80	92	75	41	28	82	46	34	16	69	67
	38	58	11	88	30	84	73	71	91	40	18	18
	70	61	40	29	40	73	84	49	46	84	69	79
	73	18	47	26	78	46	28	78	24	99	40	26
	50	13	34	81	65	28	76	16	87	25	15	21
	49	63	94	75	53	96	57	54	32	83	92	25
	80	13	68	24	29	26	70	31	56	59	63	12
	94	93	92	55	65	51	79	24	22	32	66	44
	98	26	10	10	72	25	18	57	76	99	23	24
	68	94	83	67	100	86	89	62	43	50	27	65
	95	55	64	49	85	18	90	58	94	16	65	16
	83	92	51	77	97	47	95	86	43	89	37	44
	59	16	67	69	22	88	47	82	96	50	27	57
	95	57	33	88	45	72	70	64	13	11	75	19
	49	38	54	38	89	66	26	18	94	57	11	62
	35	52	84	65	26	93	45	51	35	72	14	58
	91	83	41	49	22	37	56	35	65	60	83	33
	35	23	11	52	33	58	59	25	17	83	45	18

	18	63	39	84	86	60	21	31	51	36	13	36
	38	33	37	35	73	19	24	83	70	48	26	13
	47	47	19	45	72	40	49	33	95	17	60	37
	73	19	78	60	63	79	85	18	46	23	69	65
	100	55	84	64	70	40	45	19	89	87	99	29
	11	94	46	94	80	13	70	35	31	91	82	63
	70	65	48	45	45	35	74	70	64	65	40	13
	33	85	51	99	65	50	55	77	86	11	10	79
	75	59	96	86	61	86	16	78	62	14	16	27
	30	69	87	48	38	67	79	92	90	36	44	57
	42	48	53	68	34	65	61	57	57	74	52	95
	35	31	99	93	59	67	98	95	80	79	75	37
	83	36	48	30	76	28	56	72	19	84	41	73
	33	95	62	64	45	57	25	90	38	96	60	77
	29	93	84	79	22	74	46	45	15	42	66	28
	42	11	30	74	78	71	32	76	65	15	62	86
	98	98	60	95	33	18	48	36	15	42	61	97
	18	52	88	81	98	46	92	71	49	40	62	26
	32	70	54	75	18	82	28	61	76	49	37	42
	75	63	38	84	96	55	58	82	93	60	78	40
	47	76	43	65	95	35	46	63	67	85	30	29
	77	12	60	85	44	33	38	56	15	47	74	96
	16	48	73	53	46	81	37	52	29	75	35	94
	43	25	59	12	70	72	46	91	66	15	81	100
	80	66	96	45	40	71	78	11	91	46	33	48
	15	47	58	47	75	25	97	63	45	42	49	24
	53	55	91	58	66	46	95	55	93	74	58	33
	54	37	41	60	73	83	48	78	72	50	79	62
	48	26	93	88	65	49	85	50	62	84	15	17
	67	72	15	90	33	10	19	62	87	68	65	39

	15	42	55	17	21	27	40	30	85	13	29	99
	73	63	90	67	18	41	31	10	92	92	51	22
	27	93	42	32	79	66	56	33	78	51	30	50
	31	24	55	45	76	55	14	90	72	36	44	52
	30	90	87	12	78	85	47	19	95	72	100	12
	62	97	81	89	87	94	30	69	28	17	75	11
	58	39	72	37	60	22	33	69	12	78	58	90
	43	78	95	48	59	53	23	28	87	73	16	90
	20	95	96	76	11	36	18	44	94	90	60	17
	13	11	49	20	38	33	59	62	99	48	90	51
	21	74	21	62	80	94	37	12	55	23	70	71
	33	34	16	79	93	40	67	78	75	58	83	46
	96	55	50	67	35	34	39	66	56	75	48	67
	92	92	47	22	23	23	77	54	20	55	49	44
	86	70	11	44	42	66	59	55	41	55	19	84
	99	87	13	94	98	64	11	97	19	31	24	59
	45	21	35	47	64	59	54	51	90	39	88	57
	50	50	63	77	21	44	79	98	83	61	52	76
	34	38	80	10	73	46	43	70	22	87	87	49
	22	45	63	77	75	91	53	71	15	59	50	15
	21	14	67	28	60	67	80	83	96	17	34	94
	10	65	34	83	56	80	67	16	31	11	78	19
	49	23	73	82	90	32	32	48	72	88	46	22
	54	31	23	66	95	96	76	90	97	75	25	38
	68	55	68	37	64	27	76	53	71	23	53	16
	66	35	96	65	17	85	39	74	11	14	47	86
	33	76	41	47	22	61	42	89	88	49	41	92
	37	70	26	10	22	90	84	13	54	74	98	27
	30	81	34	94	58	93	89	26	18	13	72	22
	87	52	35	28	98	76	50	96	43	44	16	49

	19	99	87	91	16	14	89	68	73	100	35	15
	64	84	50	43	23	69	59	73	76	99	89	76
	90	55	96	54	53	22	57	85	57	65	31	16
	46	71	50	98	99	97	26	98	38	16	91	55
	19	31	85	100	39	97	41	92	56	24	53	65
	12	43	71	50	13	82	75	11	36	51	94	40
	95	52	56	82	93	78	59	57	50	16	92	61
	17	82	92	44	83	24	84	74	43	35	95	87
	55	91	20	34	91	71	66	14	54	88	79	82
	77	56	11	13	59	33	12	39	59	92	19	71
	26	91	78	95	38	23	52	51	64	40	40	86
	58	23	65	83	68	70	79	55	36	46	44	42
	90	14	18	51	86	65	16	12	17	94	18	13
	92	89	86	13	79	62	80	72	79	65	81	24
	78	36	44	14	70	26	56	77	69	49	72	71
	39	12	33	52	85	41	99	32	54	93	18	76
	44	47	11	65	77	49	24	30	93	25	52	89
	27	74	65	10	57	18	36	65	60	47	43	29
	81	51	57	68	85	35	84	28	25	44	59	33
	76	47	42	71	84	99	12	63	36	73	20	31
	71	46	79	58	53	73	48	29	69	77	54	65
	81	85	80	99	88	60	14	53	100	10	47	98
	62	39	68	12	69	70	77	87	23	89	22	33
	94	28	31	12	17	13	51	62	98	11	57	31
	24	59	68	90	85	70	84	83	20	41	28	73
	62	20	86	93	37	78	62	45	34	72	10	91
	61	91	17	16	83	58	43	59	84	71	64	70
	93	59	78	86	55	95	81	49	70	10	13	70
	73	86	67	76	43	67	36	26	56	42	71	91
	79	58	66	26	26	58	23	70	88	38	68	73

	85	11	89	29	69	53	95	32	17	71	79	98
	81	76	19	82	67	81	11	76	91	90	17	52
	75	72	66	70	15	45	97	22	17	97	82	38
	64	82	47	81	72	87	13	70	34	73	41	32
	57	22	42	84	64	82	71	50	17	70	87	10
	77	34	29	63	47	63	43	72	29	60	78	74
	82	69	25	42	44	31	49	60	55	34	85	100
	64	66	57	79	23	29	77	41	40	29	28	85
	65	15	88	66	62	24	46	31	58	91	78	20
	55	43	33	77	79	77	95	94	32	97	14	92
	57	78	28	80	97	20	67	10	88	33	30	59
	94	52	71	24	90	17	78	21	13	91	32	43
	75	70	43	68	100	98	58	56	25	27	27	21
	45	68	85	80	73	40	46	34	92	87	98	92
	15	73	34	75	83	31	88	42	64	92	15	34
	31	11	81	21	42	82	26	55	97	72	80	90
	32	53	24	31	88	40	13	86	90	93	54	58
	84	44	27	24	35	55	57	12	28	44	22	12
	82	60	72	24	15	95	46	83	71	98	92	35
	57	13	59	78	84	46	12	93	25	29	89	14
	49	40	47	58	38	52	63	51	17	63	30	54
	60	85	18	79	99	61	97	45	88	94	98	69
	80	46	38	71	32	99	33	75	88	18	36	31
	71	15	45	99	41	93	42	49	75	70	54	94
	98	92	93	94	36	82	77	86	62	27	45	10
	31	22	81	28	23	45	75	30	84	96	68	29
	28	49	21	99	36	99	56	92	46	50	46	98
	97	45	49	27	47	66	95	67	74	35	70	87
	46	33	62	28	75	78	42	68	89	25	68	11
	77	37	67	51	62	48	92	95	55	93	53	66

	70	11	53	41	76	53	80	85	55	76	64	81
	16	96	63	87	69	77	96	40	94	88	48	51
	99	30	19	52	83	81	96	98	95	31	89	65
	90	79	81	62	42	92	26	95	82	39	98	94
	61	25	28	17	88	95	35	24	45	89	23	61
	33	53	73	11	44	23	21	59	89	95	66	75
	60	99	52	82	83	48	45	20	32	78	95	24
	83	19	56	65	93	91	53	98	15	85	70	68
	28	20	34	20	21	60	14	27	29	81	66	67
	11	51	95	70	23	47	84	27	64	94	64	50
	70	39	70	84	89	54	49	62	50	94	76	60
	79	26	64	59	15	45	50	19	63	45	31	22
	97	20	47	52	32	92	73	81	44	10	69	51
	79	60	24	11	20	97	81	20	87	97	81	59
	85	15	21	82	52	33	73	69	37	68	39	44
	72	58	52	58	48	26	23	64	34	65	62	73
	43	48	34	91	81	45	46	16	87	50	38	96
	25	76	52	71	57	64	67	88	95	78	14	78
	13	32	40	79	84	90	46	35	21	14	63	25
	13	34	33	20	91	98	51	53	73	97	31	88
	13	62	51	40	48	61	42	58	83	87	82	85
	46	79	88	74	87	96	14	76	14	12	12	33
	36	63	40	27	95	74	55	33	67	77	83	69
	50	98	67	82	46	26	75	95	42	48	66	26
	62	78	28	67	54	32	49	26	36	62	89	42
	16	63	16	67	25	54	82	59	22	17	28	71
	58	52	38	68	67	84	80	14	30	93	77	19
	74	46	71	55	67	87	30	47	41	75	72	33
	55	54	92	15	50	55	56	88	31	87	51	34
	18	95	33	25	21	43	46	78	45	93	11	97

	55	37	13	96	23	58	21	75	67	90	74	52
	59	100	44	50	36	49	74	58	27	28	47	49
	85	42	33	13	56	47	75	74	53	55	13	17
	30	89	33	24	26	87	67	37	37	48	61	78
	99	54	50	52	85	27	84	58	23	64	25	89
	63	28	30	88	15	68	88	78	27	38	68	62
	97	30	27	70	28	81	58	75	22	24	38	55
	58	65	49	11	49	64	64	73	16	21	57	53
	21	72	17	75	38	75	27	67	12	63	33	83
	42	75	52	32	28	19	89	88	82	53	85	59
	23	39	59	61	17	55	83	56	91	85	56	43
	53	24	19	48	71	53	80	98	89	19	59	98
	91	71	64	29	79	66	94	55	66	99	86	65
	40	51	47	35	10	23	81	17	59	88	24	77
	15	86	63	46	46	92	56	32	87	25	11	56
	17	40	74	72	24	31	63	81	44	48	90	98
	84	54	28	72	77	72	19	49	70	85	58	72
	97	50	46	42	65	41	22	25	14	44	44	45
	32	52	99	76	99	89	58	62	19	80	72	33
	59	65	47	17	44	80	88	41	15	68	64	98
	87	37	27	44	11	25	71	74	25	51	32	14
	93	47	91	92	86	34	29	15	62	63	34	90
	64	44	86	67	92	84	21	93	90	51	53	84
	11	31	55	13	79	33	90	69	86	98	83	11
	41	44	32	86	98	69	74	91	65	34	67	65
	25	50	20	20	45	91	69	53	65	94	71	88
	55	31	32	60	57	47	51	74	67	56	72	45
	86	32	26	40	42	73	46	49	63	46	68	79
	42	92	17	82	22	46	25	86	75	58	25	76
	35	28	83	58	100	35	82	25	11	77	26	38

	33	60	72	97	30	37	80	93	41	81	58	15
	95	80	36	13	31	63	15	45	73	56	37	73
	92	92	67	46	17	44	34	76	50	62	15	62
	73	26	79	23	11	89	25	99	27	67	43	51
	17	17	19	37	63	52	71	63	18	95	53	40
	68	34	33	50	22	88	96	26	82	42	68	52
	76	90	71	73	62	74	63	89	64	96	78	66
	23	67	27	31	88	25	79	72	89	78	74	67
	40	66	82	65	33	64	100	71	72	49	74	78
	65	87	14	87	72	91	58	77	50	85	10	32
	82	76	17	51	28	100	64	59	78	20	46	22
	89	59	96	75	14	88	65	61	94	32	20	10
	46	86	95	57	20	22	83	88	58	68	51	91
	42	82	41	38	95	95	62	37	88	35	57	54
	50	34	35	14	95	84	13	60	70	94	81	75
	36	23	80	43	91	49	99	81	69	72	97	27
	79	57	98	100	41	35	15	76	75	82	48	51
	77	14	77	21	46	58	67	71	83	56	70	61
	33	13	63	93	54	34	64	93	12	83	33	80
	32	60	17	41	94	32	95	62	29	81	97	77
	80	71	61	35	73	73	33	78	21	12	19	90
	19	79	24	48	43	38	50	46	41	15	37	81
	58	83	70	14	49	65	63	27	79	69	28	23
	83	13	10	80	11	99	58	14	61	92	40	70
	56	37	58	72	62	35	88	86	89	26	30	99
	39	25	26	51	91	87	89	15	87	92	91	41
	61	34	73	81	20	97	87	91	67	38	44	61
	71	27	94	62	96	80	35	96	56	94	93	63
	47	92	31	68	55	46	73	69	90	83	98	15
	62	19	85	98	12	93	82	44	92	42	49	60

	45	45	96	99	56	24	65	73	45	15	91	44
	92	95	33	35	23	46	45	18	27	98	66	17
	12	71	98	52	32	43	16	40	67	91	54	12
	13	19	17	33	51	74	54	72	46	48	28	27
	51	16	91	49	65	58	68	63	27	42	16	10
	64	51	66	24	51	47	29	57	74	49	74	67
	53	46	92	51	47	45	88	25	96	79	98	28
	23	21	76	38	74	53	15	11	50	45	54	98
	75	51	73	41	93	11	42	88	67	84	81	75
	70	66	45	42	27	36	48	59	35	85	56	83
	18	12	91	75	70	69	51	66	38	68	31	91
	98	80	41	74	74	30	31	60	71	91	27	24
	72	52	46	50	53	12	22	19	14	47	91	24
	61	82	71	38	43	44	49	55	52	12	92	96
	69	13	88	39	47	97	57	36	87	63	78	74
	22	32	34	61	72	79	36	87	32	20	14	43
	84	99	35	11	91	79	75	89	41	72	15	17
	33	89	54	23	14	15	64	30	88	30	37	22
	93	47	25	17	25	56	65	24	15	96	28	73
	67	61	75	20	69	82	44	38	27	51	20	47
	94	42	18	50	12	35	80	68	24	61	61	11
	98	72	53	44	94	58	62	47	98	45	33	69
	76	52	48	85	35	19	79	91	22	26	54	27
	52	87	25	59	27	43	86	44	61	56	75	54
	12	53	47	91	62	87	46	21	62	92	75	97
	40	82	86	67	13	89	54	62	59	44	80	81
	45	19	39	33	47	68	79	50	15	25	31	57
	16	74	58	41	79	44	17	16	90	45	67	31
	91	26	81	42	47	39	13	11	18	73	19	23
	23	54	83	67	72	88	38	12	95	56	26	20

