***** PARAMETERS PRP *****

Number of Customers = 30
Number of Products = 10
Number of Vehicles = 5
Number of Periods = 12

B = Production capacity
	50492

b_p = Time required to produce item p
 	1	1	1	1	1	1	1	1	1	1

c_p = Production cost of item p
 	80	80	80	30	30	30	80	30	80	80

s_p = Setup cost of item p
 	800	800	800	300	300	300	800	300	800	800

M = Big number
	201968

U_pi = Maximum inventory upper bound of item p at site i
 	201968	220	217	289	97	285	301	335	159	191	274	110	346	186	88	158	170	180	371	247	157	107	160	168	245	143	222	264	93	161	127
	201968	128	126	224	275	218	184	249	256	196	107	139	115	295	223	91	158	199	188	134	228	93	174	259	154	194	176	136	177	259	127
	201968	196	199	148	238	154	187	199	114	261	214	211	242	195	91	255	231	136	205	239	326	286	275	285	246	99	340	152	288	251	191
	201968	144	159	218	153	240	242	312	103	176	283	222	211	146	244	281	363	304	207	176	125	257	233	296	94	214	217	232	388	354	205
	201968	108	202	141	209	103	303	182	173	250	132	294	176	286	244	209	159	200	219	145	106	106	236	81	235	155	164	133	100	133	382
	201968	132	211	266	292	241	308	256	100	125	220	298	184	168	271	309	219	323	157	232	97	122	196	148	134	132	195	168	158	315	308
	201968	194	188	167	238	108	129	282	160	227	101	197	210	103	348	295	257	220	139	124	173	226	128	106	237	125	255	117	160	108	234
	201968	111	173	100	251	120	181	167	73	196	267	249	115	229	106	317	282	230	116	184	192	102	253	222	99	301	160	113	255	186	250
	201968	125	206	120	246	227	197	153	269	242	266	253	83	232	199	100	84	151	206	141	171	106	110	173	222	122	243	127	148	167	122
	201968	285	240	228	213	159	109	127	298	193	101	188	319	133	281	100	257	158	214	208	182	222	155	194	173	117	190	159	118	282	227

I_pi0 = Initial inventory of item p at site i
 	0	93	208	218	19	116	213	165	28	121	181	36	123	72	41	79	156	105	301	240	86	73	75	98	67	141	97	225	88	58	97
	0	52	98	97	159	169	146	127	48	163	55	102	69	13	203	88	81	139	141	92	159	81	66	213	149	131	114	74	151	220	125
	0	112	100	79	179	149	99	193	75	185	209	31	71	25	65	166	63	97	199	117	78	56	150	147	85	87	69	90	257	193	174
	0	128	137	24	144	121	85	119	67	93	180	114	146	114	214	206	48	218	110	64	125	59	44	93	91	138	192	180	117	150	184
	0	87	120	93	136	86	118	158	153	224	72	92	119	172	86	157	91	145	148	128	23	65	165	69	186	136	98	70	95	48	148
	0	59	41	47	119	35	154	86	59	90	125	132	153	134	240	236	212	119	19	22	66	29	150	42	71	14	141	91	116	106	51
	0	119	120	141	124	40	110	244	157	181	47	115	92	99	261	213	66	189	19	86	121	129	123	29	13	89	89	40	84	43	182
	0	20	78	58	116	118	120	137	31	161	28	210	103	65	91	170	219	179	48	154	26	92	21	132	51	98	117	109	65	149	223
	0	100	41	106	71	57	76	106	31	185	240	48	50	209	69	84	64	96	95	123	157	64	87	131	135	102	163	127	106	27	98
	0	116	71	190	174	123	99	48	214	49	100	125	159	100	73	75	195	148	66	130	173	192	136	164	122	112	68	95	80	134	171

h_pi = Inventory cost of item p at site i
 	8	0	0	0	0	0	0	0	0	0	0	0	0	0	0	0	0	0	0	0	0	0	0	0	0	0	0	0	0	0	0
	8	0	0	0	0	0	0	0	0	0	0	0	0	0	0	0	0	0	0	0	0	0	0	0	0	0	0	0	0	0	0
	8	0	0	0	0	0	0	0	0	0	0	0	0	0	0	0	0	0	0	0	0	0	0	0	0	0	0	0	0	0	0
	3	0	0	0	0	0	0	0	0	0	0	0	0	0	0	0	0	0	0	0	0	0	0	0	0	0	0	0	0	0	0
	3	0	0	0	0	0	0	0	0	0	0	0	0	0	0	0	0	0	0	0	0	0	0	0	0	0	0	0	0	0	0
	3	0	0	0	0	0	0	0	0	0	0	0	0	0	0	0	0	0	0	0	0	0	0	0	0	0	0	0	0	0	0
	8	0	0	0	0	0	0	0	0	0	0	0	0	0	0	0	0	0	0	0	0	0	0	0	0	0	0	0	0	0	0
	3	0	0	0	0	0	0	0	0	0	0	0	0	0	0	0	0	0	0	0	0	0	0	0	0	0	0	0	0	0	0
	8	0	0	0	0	0	0	0	0	0	0	0	0	0	0	0	0	0	0	0	0	0	0	0	0	0	0	0	0	0	0
	8	0	0	0	0	0	0	0	0	0	0	0	0	0	0	0	0	0	0	0	0	0	0	0	0	0	0	0	0	0	0

C = Vehicle capacity
	3880

f = Fixed transportation cost
	32054

a_ik = Transportation cost for traveling from node i to node k
 	0	460	348	497	99	413	116	592	521	173	405	522	435	543	112	168	38	359	168	347	540	411	520	366	358	569	389	208	158	494	581
	460	0	698	914	389	569	567	984	78	295	123	734	813	803	354	510	440	375	596	383	910	565	811	301	706	961	243	254	351	894	994
	348	698	0	242	344	254	262	288	732	428	692	241	118	219	433	202	385	386	199	370	212	256	182	450	11	266	508	475	496	207	311
	497	914	242	0	533	489	383	117	956	626	888	423	135	354	604	405	532	627	332	611	139	492	298	688	240	100	743	672	654	54	84
	99	389	344	533	0	346	182	615	442	94	355	476	449	512	97	143	109	264	208	253	552	343	500	267	354	592	291	140	167	520	616
	413	569	254	489	346	0	394	505	578	383	606	166	356	242	440	257	441	197	353	187	416	5	266	273	254	487	335	420	509	446	547
	116	567	262	383	182	394	0	481	623	273	519	470	332	474	227	142	150	398	64	383	436	393	442	425	272	459	461	314	272	383	466
	592	984	288	117	615	505	481	0	1019	705	969	403	171	319	693	478	628	668	425	652	91	508	267	735	282	24	794	752	749	99	74
	521	78	732	956	442	578	623	1019	0	351	200	743	848	817	419	552	504	382	647	393	941	574	831	306	738	997	244	314	422	932	1034
	173	295	428	626	94	383	273	705	351	0	265	530	536	577	93	228	163	251	302	245	638	379	571	227	437	682	232	48	144	611	708
	405	123	692	888	355	606	519	969	200	265	0	767	801	826	293	493	378	425	559	429	902	602	826	360	700	946	314	218	268	875	970
	522	734	241	423	476	166	470	403	743	530	767	0	293	91	573	355	555	362	414	352	314	170	137	438	234	389	500	571	642	372	459
	435	813	118	135	449	356	332	171	848	536	801	293	0	235	531	309	472	502	270	487	106	358	180	568	113	149	626	584	590	92	195
	543	803	219	354	512	242	474	319	817	577	826	91	235	0	609	379	579	436	413	425	233	246	57	512	210	308	575	621	677	301	381
	112	354	433	604	97	440	227	693	419	93	293	573	531	609	0	235	87	334	272	326	635	437	594	318	443	670	324	109	70	596	687
	168	510	202	405	143	257	142	478	552	228	493	355	309	379	235	0	202	268	119	252	411	255	361	308	211	455	354	275	301	386	485
	38	440	385	532	109	441	150	628	504	163	378	555	472	579	87	202	0	373	204	362	577	438	557	372	395	605	389	192	123	530	615
	359	375	386	627	264	197	398	668	382	251	425	362	502	436	334	268	373	0	386	17	583	193	454	77	390	647	139	273	394	593	696
	168	596	199	332	208	353	64	425	647	302	559	414	270	413	272	119	204	386	0	370	375	352	380	423	209	402	466	347	325	327	415
	347	383	370	611	253	187	383	652	393	245	429	352	487	425	326	252	362	17	370	0	568	183	441	88	375	632	151	270	388	577	681
	540	910	212	139	552	416	436	91	941	638	902	314	106	233	635	411	577	583	375	568	0	419	179	652	205	76	712	685	695	90	148
	411	565	256	492	343	5	393	508	574	379	602	170	358	246	437	255	438	193	352	183	419	0	270	269	256	490	331	417	506	449	549
	520	811	182	298	500	266	442	267	831	571	826	137	180	57	594	361	557	454	380	441	179	270	0	529	172	254	591	617	661	245	326
	366	301	450	688	267	273	425	735	306	227	360	438	568	512	318	308	372	77	423	88	652	269	529	0	455	714	63	237	370	656	760
	358	706	11	240	354	254	272	282	738	437	700	234	113	210	443	211	395	390	209	375	205	256	172	455	0	260	514	484	506	203	307
	569	961	266	100	592	487	459	24	997	682	946	389	149	308	670	455	605	647	402	632	76	490	254	714	260	0	773	729	726	77	75
	389	243	508	743	291	335	461	794	244	232	314	500	626	575	324	354	389	139	466	151	712	331	591	63	514	773	0	229	367	714	817
	208	254	475	672	140	420	314	752	314	48	218	571	584	621	109	275	192	273	347	270	685	417	617	237	484	729	229	0	139	658	754
	158	351	496	654	167	509	272	749	422	144	268	642	590	677	70	301	123	394	325	388	695	506	661	370	506	726	367	139	0	651	737
	494	894	207	54	520	446	383	99	932	611	875	372	92	301	596	386	530	593	327	577	90	449	245	656	203	77	714	658	651	0	104
	581	994	311	84	616	547	466	74	1034	708	970	459	195	381	687	485	615	696	415	681	148	549	326	760	307	75	817	754	737	104	0

coordXY = Coordinates (x,y): line zero => x line one => y column => customers
 	392	94	270	443	295	41	421	379	17	253	216	36	325	92	345	280	402	34	390	47	310	41	148	31	265	377	22	248	386	390	451
	594	944	269	100	612	378	482	3	955	696	958	213	165	142	695	470	630	574	427	564	61	382	135	650	260	26	712	743	751	101	17

d_pit = Demand of item p at customer i in period t
 	11	58	24	56	73	94	12	28	31	88	87	97
	87	96	25	54	98	40	58	79	97	81	74	80
	47	72	99	15	81	60	88	45	23	91	11	62
	19	86	33	67	30	59	98	77	31	20	20	43
	10	82	24	93	70	55	43	80	53	41	44	90
	95	32	86	96	37	42	93	61	88	32	29	31
	96	69	100	66	96	60	49	29	48	41	92	57
	28	86	81	86	55	61	10	18	87	14	80	30
	73	48	91	76	86	74	44	90	26	16	57	81
	84	97	63	69	30	44	23	72	18	86	31	41
	36	91	32	98	10	57	33	17	61	94	98	32
	38	85	35	85	58	95	64	63	81	88	91	47
	13	59	20	31	15	65	24	25	87	98	91	29
	41	17	16	15	79	68	35	50	75	27	24	78
	57	22	14	64	99	47	57	28	43	94	63	44
	34	13	61	48	92	62	26	39	96	47	78	84
	56	19	30	34	65	67	89	27	56	92	97	86
	94	53	65	89	95	61	80	93	96	63	53	49
	64	92	84	74	95	27	55	15	53	76	14	92
	86	86	17	13	24	86	67	38	18	14	88	91
	50	23	45	53	29	61	76	93	53	27	64	69
	61	14	25	46	16	33	58	84	13	16	60	55
	98	99	53	74	64	73	25	93	44	15	12	20
	19	48	10	60	76	50	96	81	65	80	71	78
	95	35	11	88	34	22	94	20	29	40	49	53
	39	58	65	80	33	62	82	18	95	49	19	65
	73	58	94	70	16	79	62	89	85	23	66	78
	12	76	61	22	96	50	52	14	17	28	70	61
	13	45	32	11	96	65	52	97	60	53	47	73
	97	79	90	21	63	14	80	79	46	97	73	22

	52	48	50	36	25	32	73	20	80	37	43	15
	98	82	98	39	39	99	53	29	61	79	30	50
	50	47	97	69	60	15	86	82	85	16	21	43
	21	72	66	67	59	34	18	65	67	21	98	71
	16	37	24	92	72	37	17	79	63	56	71	91
	45	48	53	21	79	37	57	69	78	91	93	65
	65	62	84	17	67	65	56	15	50	28	40	49
	48	81	50	50	98	38	73	18	58	93	90	70
	77	86	49	14	43	63	84	98	85	48	42	93
	37	18	94	52	44	39	94	35	96	42	71	18
	38	64	66	65	57	45	44	27	44	24	34	48
	38	31	83	59	42	57	98	98	54	40	63	24
	13	77	40	91	74	76	59	63	45	41	58	70
	32	45	69	57	99	63	16	48	75	65	36	65
	57	31	88	14	61	50	94	14	20	74	18	23
	81	50	64	48	68	39	17	44	69	32	51	67
	54	85	89	52	59	69	61	93	13	74	71	75
	83	58	77	53	31	79	89	83	59	41	76	24
	92	95	69	35	76	36	54	99	50	63	33	99
	81	57	21	83	45	48	48	47	93	61	71	28
	81	10	64	63	58	30	15	31	53	47	94	11
	66	49	61	22	55	54	21	94	14	93	98	67
	55	91	67	72	91	61	15	59	84	69	93	21
	62	87	98	14	47	17	66	31	27	91	11	63
	94	37	79	59	33	75	53	44	72	72	70	88
	18	96	89	96	38	85	89	53	30	25	58	28
	16	11	47	85	65	31	38	90	57	36	29	38
	74	77	34	67	83	68	44	79	59	32	19	70
	65	70	85	73	40	70	99	12	90	95	35	44
	47	65	13	98	72	98	76	39	39	92	49	73

	70	42	100	88	57	89	25	75	33	58	73	75
	100	31	70	48	52	37	97	80	64	39	96	80
	79	10	74	68	22	55	16	15	71	96	28	57
	47	51	81	23	86	68	39	53	69	97	15	86
	82	67	72	35	24	62	52	15	75	40	66	27
	18	81	90	96	86	14	56	66	75	14	98	52
	43	84	26	40	54	56	22	64	90	26	28	63
	75	54	34	57	91	72	49	69	13	87	35	46
	87	98	96	42	51	88	39	47	65	63	38	68
	16	48	99	46	53	78	100	45	61	44	29	24
	31	28	19	81	97	70	53	33	59	40	88	35
	71	29	55	88	94	49	60	72	32	91	65	21
	25	89	82	96	77	33	56	86	56	42	45	92
	65	49	12	72	58	66	15	69	39	58	17	24
	31	44	91	78	34	80	12	89	64	20	42	27
	63	68	18	25	13	25	96	69	19	22	55	82
	27	43	27	12	36	92	57	50	27	81	29	62
	25	74	65	35	22	71	44	73	46	60	36	63
	52	65	68	100	13	50	55	63	79	32	43	98
	78	65	56	58	75	47	28	92	48	65	74	96
	56	42	85	41	43	79	76	75	93	35	11	51
	75	75	82	15	83	65	13	35	77	14	48	78
	76	71	58	50	85	44	51	44	12	58	48	88
	85	44	53	96	43	39	30	68	78	46	91	66
	87	34	17	24	99	93	19	35	20	32	38	93
	69	89	87	89	72	68	40	87	69	56	53	38
	23	67	12	14	69	60	70	87	41	46	30	87
	96	64	97	57	93	86	80	56	99	19	22	94
	90	74	29	96	99	48	23	59	92	33	17	93
	99	75	42	35	81	88	66	55	27	76	28	90

	93	35	27	49	48	69	42	73	20	36	50	33
	28	71	38	54	75	18	60	72	64	10	80	67
	24	69	80	20	93	30	39	80	36	76	16	90
	92	52	31	83	11	53	70	14	15	79	45	68
	41	80	93	41	18	46	82	27	64	67	65	95
	85	37	97	79	60	43	60	21	92	77	28	46
	72	47	49	73	27	80	76	11	93	92	97	31
	67	43	15	56	41	59	87	16	26	97	90	18
	93	16	27	86	83	25	84	44	35	77	39	93
	83	57	40	32	83	50	26	16	96	70	91	34
	85	29	72	26	19	64	35	43	70	58	81	85
	54	42	38	12	71	65	18	24	66	72	73	97
	69	45	32	27	63	52	66	54	28	18	64	67
	27	90	32	65	93	61	66	85	35	63	46	70
	68	73	29	36	16	52	100	40	82	75	90	14
	48	69	94	91	90	95	54	85	39	94	67	45
	66	63	89	74	14	78	51	87	14	66	66	62
	76	34	55	96	86	60	93	96	49	46	70	66
	64	89	18	74	77	74	13	40	79	58	40	78
	67	58	79	57	52	57	76	89	18	77	26	95
	59	63	61	22	74	12	76	16	52	59	57	65
	44	67	15	89	88	81	36	46	50	92	26	64
	93	96	67	14	45	17	70	35	89	80	11	94
	74	17	43	21	50	71	31	42	44	56	89	27
	75	63	78	14	43	84	93	79	97	98	66	67
	95	53	44	44	48	32	27	40	81	70	62	56
	99	81	16	54	14	70	100	49	42	56	89	27
	92	25	72	55	96	60	95	90	56	98	92	100
	98	52	90	75	95	10	84	59	100	23	69	95
	79	40	35	30	34	35	67	86	60	97	10	42

	66	21	82	89	10	50	75	38	44	74	13	88
	83	37	16	92	95	17	17	83	53	39	31	42
	93	88	81	22	50	89	79	55	82	53	61	94
	51	85	100	29	67	73	30	30	99	84	92	95
	40	46	69	43	22	90	59	78	53	76	12	28
	31	87	25	56	60	91	39	46	31	76	86	100
	35	59	64	45	55	27	18	99	42	28	22	53
	63	90	83	77	78	48	47	35	32	20	73	47
	49	56	61	58	50	22	69	22	98	91	86	88
	59	13	29	14	79	79	14	18	70	26	69	56
	51	41	18	23	85	43	57	95	98	89	33	73
	72	47	83	46	45	49	58	18	60	79	72	75
	23	92	37	20	50	33	92	79	74	84	28	74
	16	32	20	18	64	89	10	85	96	69	56	31
	33	53	71	71	50	70	95	44	29	44	19	47
	91	24	30	82	74	45	17	93	62	14	11	92
	60	85	64	19	89	23	100	41	77	93	57	92
	19	34	95	54	62	67	13	28	71	65	79	71
	82	46	70	87	72	68	97	58	32	86	81	88
	23	22	94	54	22	53	68	57	23	88	85	47
	65	85	51	60	25	46	40	72	63	76	29	21
	87	78	37	52	83	50	28	90	28	89	14	71
	59	10	29	70	11	49	95	27	67	18	20	33
	89	16	62	19	60	94	30	54	33	41	48	19
	89	47	69	77	31	92	12	50	27	34	63	29
	19	67	12	80	39	91	11	86	96	78	57	21
	70	49	64	82	72	42	77	59	63	94	66	57
	38	57	73	51	63	83	18	28	46	25	68	48
	48	96	58	97	14	44	46	20	50	28	21	11
	77	71	76	67	98	96	100	80	93	63	50	46

	35	24	21	69	25	45	10	42	63	18	85	89
	41	100	67	17	23	50	19	71	20	39	32	27
	47	78	18	76	61	59	81	13	68	33	46	59
	98	21	82	70	65	59	49	41	95	55	19	46
	35	75	42	56	39	94	23	65	51	88	86	70
	82	72	44	62	97	19	63	15	100	75	56	54
	86	48	18	69	45	52	75	79	36	30	39	37
	59	48	24	65	89	26	44	73	45	72	18	36
	90	74	16	17	52	50	85	46	83	50	95	94
	57	40	28	51	65	41	60	100	81	11	89	38
	98	34	74	68	79	39	48	37	91	36	99	11
	54	99	47	18	28	97	90	76	60	80	11	77
	84	50	46	24	32	44	30	52	20	14	77	32
	75	60	29	76	38	67	63	73	12	43	81	33
	98	25	25	88	43	41	81	73	25	95	92	55
	97	21	94	11	52	63	58	66	45	81	52	16
	32	87	80	77	24	97	66	83	85	63	34	48
	19	45	76	18	37	64	13	88	74	55	51	89
	22	39	80	93	46	43	61	72	18	33	93	96
	66	92	27	31	85	84	13	22	11	28	54	69
	29	16	16	34	19	42	14	14	46	36	60	41
	43	40	67	82	15	58	92	25	60	61	14	32
	42	59	14	91	55	43	18	60	59	73	37	39
	13	42	16	76	35	86	42	30	61	55	29	51
	14	28	50	28	53	54	11	79	33	77	30	69
	51	53	37	18	99	63	11	88	35	49	65	15
	39	52	34	62	91	72	25	96	77	35	68	22
	68	48	47	11	35	27	76	44	84	96	20	74
	17	89	63	87	44	52	41	74	66	91	59	74
	18	33	83	48	99	26	82	81	50	67	56	97

	75	27	17	53	52	33	58	27	21	41	12	49
	84	36	60	19	25	58	35	30	20	86	41	70
	46	95	53	55	33	61	32	97	44	63	52	36
	26	33	65	21	52	22	58	44	42	88	62	58
	40	97	53	26	95	48	54	35	27	65	84	24
	48	62	26	74	70	98	54	93	16	86	75	71
	99	86	59	75	74	79	34	85	75	91	31	58
	50	62	45	96	37	95	19	44	54	20	76	40
	19	28	91	43	19	91	15	56	80	89	88	61
	47	87	96	16	23	34	36	85	68	10	80	22
	76	39	54	17	78	97	68	87	91	20	84	78
	92	44	54	13	26	89	21	39	97	35	52	67
	99	62	76	26	17	33	42	84	28	92	29	28
	14	91	70	86	98	57	17	93	93	74	54	89
	97	70	46	99	33	65	54	55	74	57	12	46
	66	83	54	72	95	23	78	76	71	53	61	40
	15	54	84	36	69	53	55	64	88	27	32	84
	19	48	24	80	68	88	29	54	39	41	16	50
	86	40	56	96	77	22	38	96	17	79	47	88
	35	38	48	71	34	87	84	32	33	87	90	54
	14	60	55	38	71	28	71	45	82	66	56	93
	68	55	60	43	94	58	57	64	50	98	44	76
	29	20	41	94	52	71	55	64	44	13	90	60
	13	27	99	39	37	28	59	34	86	13	39	94
	38	51	57	96	44	86	78	100	66	29	76	28
	89	53	56	40	90	94	34	89	40	66	51	62
	40	70	50	26	85	81	14	63	95	86	20	72
	30	54	57	12	82	35	66	69	72	16	77	69
	43	91	65	48	11	61	24	49	47	75	69	67
	53	58	71	15	95	26	25	95	59	63	72	70

	20	64	51	15	12	32	29	20	27	72	55	48
	34	44	99	69	13	23	11	95	51	19	33	29
	58	87	91	61	30	19	22	41	11	29	99	50
	17	78	21	85	66	61	85	29	49	50	16	46
	26	92	86	55	16	92	59	78	93	24	26	71
	55	65	65	51	35	67	96	59	56	50	38	86
	46	91	88	47	76	31	43	32	32	68	34	78
	31	89	15	24	58	55	27	53	39	13	13	22
	51	12	98	43	15	79	77	62	50	13	50	38
	28	59	66	65	23	36	76	55	77	48	29	79
	40	94	38	38	90	51	11	28	66	41	82	18
	49	54	49	70	98	46	54	70	93	15	54	38
	65	14	85	41	80	89	89	34	64	87	27	12
	53	38	65	50	42	15	68	31	54	66	55	99
	81	89	78	56	48	15	97	48	88	57	47	57
	72	11	99	37	80	14	27	52	61	79	45	100
	96	83	100	96	62	69	55	95	79	47	84	54
	48	55	11	43	48	27	80	85	98	89	66	47
	69	85	93	41	20	44	73	24	96	60	51	80
	26	99	12	11	74	89	41	24	79	33	51	36
	33	15	44	96	65	92	21	26	81	69	28	39
	21	97	25	37	85	85	96	46	85	70	59	53
	44	28	60	83	64	69	28	65	17	62	57	90
	51	32	64	70	28	80	20	33	56	81	56	22
	98	37	29	85	31	39	55	60	77	74	99	38
	88	29	59	93	12	85	51	79	21	39	70	12
	32	31	46	86	26	91	62	23	94	62	43	84
	65	45	70	66	64	78	57	44	97	73	92	15
	51	98	75	85	92	72	44	51	83	24	21	46
	35	86	60	42	93	34	96	48	49	60	72	75

	38	62	61	94	78	45	72	51	17	90	69	73
	23	18	50	43	78	26	50	92	89	55	62	33
	55	33	18	95	30	54	96	50	86	47	65	88
	71	62	48	76	39	21	32	88	64	85	75	76
	57	31	86	46	72	33	53	16	63	36	89	99
	76	78	74	89	22	88	95	97	35	41	30	63
	92	14	22	51	39	40	91	86	19	55	50	51
	31	48	81	29	74	78	20	95	38	16	42	94
	57	57	71	18	87	64	45	83	78	39	100	28
	69	96	55	20	27	72	66	16	20	84	15	99
	48	77	29	56	60	75	14	88	68	84	95	64
	50	41	40	77	13	58	15	79	49	20	14	40
	64	53	92	69	63	77	40	66	19	39	46	67
	30	39	62	17	48	22	51	18	11	25	75	79
	60	24	90	26	61	61	63	13	95	37	20	52
	49	15	12	47	91	22	23	67	37	74	46	23
	44	26	26	39	91	15	91	32	44	72	57	68
	79	16	42	23	59	36	69	16	98	62	83	34
	98	25	86	62	51	30	14	17	26	64	47	43
	56	44	57	59	67	20	73	53	60	21	79	93
	64	62	31	26	50	83	13	44	10	83	77	92
	70	17	66	93	47	85	98	22	35	27	51	49
	70	61	53	52	60	20	68	19	64	73	71	79
	58	77	24	32	85	27	23	38	16	23	77	52
	68	34	77	99	89	75	95	72	45	33	11	33
	97	66	69	39	11	49	16	42	33	14	60	87
	60	67	84	88	21	90	62	42	74	57	40	74
	68	25	13	89	88	68	66	26	44	13	13	80
	27	74	20	60	95	49	60	25	73	62	74	47
	11	60	27	37	35	22	27	76	38	72	24	59

	27	89	18	33	76	41	60	20	59	88	78	94
	71	42	76	87	73	60	89	29	33	67	21	71
	65	47	78	57	91	76	21	53	62	50	35	49
	63	31	80	65	95	26	17	15	81	87	46	34
	66	57	65	77	67	65	35	36	64	55	10	37
	99	54	28	44	75	22	85	16	71	49	50	63
	48	60	46	82	73	74	44	67	29	43	99	97
	32	87	95	44	22	84	27	99	23	71	61	69
	49	26	41	76	69	35	33	16	15	58	68	94
	11	89	19	61	12	80	49	61	11	90	29	96
	60	65	85	47	61	66	93	59	48	75	65	27
	15	62	82	71	25	60	98	92	82	17	81	81
	100	34	76	69	29	82	55	39	55	87	96	74
	22	51	49	52	55	51	28	66	67	69	83	82
	75	46	71	98	33	76	17	16	21	50	27	70
	48	98	49	84	94	40	66	12	57	68	88	67
	87	61	33	28	84	73	62	13	11	96	33	51
	48	18	74	53	51	64	16	48	68	17	92	93
	50	14	66	55	71	84	99	86	74	90	61	81
	59	41	73	82	60	30	83	39	41	66	67	88
	41	56	33	62	71	27	53	55	80	81	58	48
	61	75	29	68	24	45	90	97	24	58	14	35
	35	58	71	13	42	72	30	60	90	52	32	28
	82	40	90	40	69	13	93	70	12	58	56	68
	33	79	51	35	80	60	96	60	96	11	36	62
	68	46	87	41	73	63	34	72	63	24	94	93
	81	14	87	47	16	42	65	22	47	51	88	77
	80	44	77	16	83	44	36	82	21	82	69	73
	90	44	77	90	21	90	64	58	28	29	68	17
	34	100	37	91	97	76	16	66	57	37	41	29

