***** PARAMETERS PRP *****

Number of Customers = 30
Number of Products = 10
Number of Vehicles = 5
Number of Periods = 12

B = Production capacity
	49707

b_p = Time required to produce item p
 	1	1	1	1	1	1	1	1	1	1

c_p = Production cost of item p
 	80	30	30	30	80	30	80	80	30	80

s_p = Setup cost of item p
 	800	300	300	300	800	300	800	800	300	800

M = Big number
	198829

U_pi = Maximum inventory upper bound of item p at site i
 	198829	248	108	117	180	257	211	318	159	201	325	141	106	218	216	246	269	182	294	146	88	104	235	80	286	216	131	109	85	196	216
	198829	107	297	95	123	288	214	103	166	320	94	208	224	197	121	150	145	164	141	125	249	132	244	268	261	235	256	218	258	247	120
	198829	274	245	312	174	239	159	164	230	119	225	236	119	279	101	129	86	119	154	210	197	221	270	181	236	169	249	303	208	233	206
	198829	236	179	280	258	180	85	114	254	120	197	180	97	158	191	172	272	208	302	120	135	134	159	258	164	173	108	306	99	278	230
	198829	258	285	295	108	110	251	145	209	152	107	191	185	193	260	100	93	102	107	251	188	110	120	108	229	187	212	172	131	87	121
	198829	285	178	288	123	103	173	177	249	166	212	338	133	271	93	168	189	214	235	168	171	230	144	295	103	328	254	161	142	130	189
	198829	321	160	256	225	134	233	109	237	196	95	105	269	370	332	173	176	123	299	178	106	157	102	260	122	180	337	136	229	203	220
	198829	159	108	215	114	107	121	236	234	285	245	242	132	212	253	146	233	273	280	86	212	272	171	152	188	222	122	172	124	198	185
	198829	146	158	166	108	102	177	106	237	284	237	179	292	100	272	90	234	192	186	138	159	189	311	110	115	278	116	195	108	191	185
	198829	111	280	263	128	309	81	310	107	138	142	294	158	283	184	175	197	101	160	280	126	198	133	165	303	258	232	89	109	245	230

I_pi0 = Initial inventory of item p at site i
 	0	136	94	114	45	114	204	31	87	15	200	77	60	79	138	242	46	137	256	108	26	65	138	71	254	209	74	86	82	154	94
	0	66	139	23	59	13	122	30	157	202	94	93	112	189	100	94	28	93	82	61	179	70	166	90	203	108	104	73	189	82	58
	0	236	97	97	117	175	86	121	160	53	100	147	77	87	93	63	79	88	40	77	147	94	75	139	102	44	85	30	182	77	137
	0	102	83	95	179	141	49	48	205	30	151	35	32	156	94	125	101	158	120	66	112	89	104	143	134	20	29	153	26	94	83
	0	221	141	120	65	77	106	134	66	134	80	181	89	177	244	93	91	39	90	100	39	67	96	100	67	181	205	108	79	62	109
	0	65	44	245	78	26	49	128	175	93	204	51	71	94	26	146	88	210	161	88	41	32	42	85	75	258	246	102	29	63	161
	0	111	77	101	210	87	69	107	159	191	37	53	187	71	221	123	168	92	35	150	97	146	78	96	120	163	54	91	125	68	158
	0	59	67	176	73	28	73	92	133	40	234	166	132	181	46	54	209	142	60	0	111	188	37	128	93	145	116	65	89	198	156
	0	63	114	53	50	97	48	44	124	265	44	173	215	76	157	49	213	142	138	78	94	180	41	57	70	230	30	187	81	150	143
	0	75	123	70	35	65	60	83	45	132	85	152	104	53	180	22	121	26	105	20	115	94	104	86	47	235	221	0	89	88	52

h_pi = Inventory cost of item p at site i
 	8	4	9	9	4	2	8	5	5	1	9	2	9	2	5	3	6	6	8	3	8	3	3	4	7	6	1	6	2	8	7
	3	6	1	4	9	8	3	6	3	9	2	4	3	4	4	2	8	8	4	4	9	6	6	3	6	7	9	9	9	2	7
	3	3	1	6	3	3	9	2	6	1	2	2	7	3	5	1	2	9	8	4	7	4	1	3	1	6	3	7	9	2	5
	3	1	9	9	2	6	2	7	3	6	7	9	1	6	1	3	5	5	8	8	5	1	6	2	3	8	8	8	6	3	2
	8	2	5	8	9	1	3	8	7	5	5	6	4	9	3	3	6	2	5	8	1	3	5	6	1	1	7	4	5	2	1
	3	3	5	7	5	6	3	7	9	8	8	9	2	6	1	9	4	6	1	4	5	1	1	7	7	2	4	6	5	3	6
	8	3	1	6	2	7	2	8	2	2	9	3	4	5	1	4	3	7	8	8	6	6	6	3	9	7	7	8	9	4	4
	8	5	9	6	8	3	8	9	2	2	3	7	1	9	9	8	6	1	6	4	1	4	4	5	8	5	2	5	9	3	9
	3	8	5	7	7	9	8	3	6	4	3	2	3	1	2	7	5	4	7	1	3	2	9	5	5	5	6	3	8	7	5
	8	5	9	5	6	4	3	6	6	3	8	7	8	9	9	2	5	4	2	3	8	5	8	9	2	1	1	7	5	9	9

C = Vehicle capacity
	3700

f = Fixed transportation cost
	26691

a_ik = Transportation cost for traveling from node i to node k
 	0	526	641	518	817	126	389	415	615	445	167	785	363	304	858	541	369	627	455	420	204	121	253	214	475	657	801	176	201	535	58
	526	0	116	245	320	402	139	261	111	221	396	286	213	260	335	171	368	112	187	272	438	463	505	313	106	184	278	354	553	111	481
	641	116	0	309	240	517	253	354	92	309	506	207	323	373	226	225	466	69	258	364	551	574	615	428	202	128	162	468	666	172	595
	518	245	309	0	347	425	269	105	223	77	459	323	170	221	439	85	200	247	397	104	349	512	381	348	150	420	441	391	453	141	496
	817	320	240	347	0	701	452	440	211	396	707	35	458	517	130	288	545	208	493	443	681	772	723	612	342	345	210	656	791	282	780
	126	402	517	425	701	0	265	328	496	349	70	668	259	205	736	434	314	506	332	336	188	90	265	91	360	531	676	50	251	421	79
	389	139	253	269	452	265	0	227	242	208	258	418	142	160	474	230	308	248	142	240	328	324	404	176	135	280	412	216	439	190	343
	415	261	354	105	440	328	227	0	282	47	368	413	92	127	519	155	114	303	367	14	246	416	284	258	156	444	503	298	353	187	395
	615	111	92	223	211	496	242	282	0	235	498	177	270	326	248	140	395	24	294	290	500	563	556	405	145	216	222	449	615	96	575
	445	221	309	77	396	349	208	47	235	0	382	368	94	145	473	109	160	257	344	55	286	435	329	272	116	404	457	315	396	141	421
	167	396	506	459	707	70	258	368	498	382	0	674	289	242	730	456	370	505	295	378	256	68	335	111	372	504	661	72	319	434	110
	785	286	207	323	35	668	418	413	177	368	674	0	428	487	131	260	520	174	459	417	652	739	696	579	310	316	194	623	763	250	747
	363	213	323	170	458	259	142	92	270	94	289	428	0	60	516	178	167	287	284	105	231	343	293	179	125	391	482	222	346	180	333
	304	260	373	221	517	205	160	127	326	145	242	487	60	0	573	237	159	342	295	137	179	291	248	132	181	430	534	172	294	238	276
	858	335	226	439	130	736	474	519	248	473	730	131	516	573	0	365	630	233	477	525	746	797	799	646	392	287	110	688	861	339	815
	541	171	225	85	288	434	230	155	140	109	456	260	178	237	365	0	265	163	340	160	394	515	438	349	95	338	359	394	504	62	510
	369	368	466	200	545	314	308	114	395	160	370	520	167	159	630	265	0	417	448	106	172	403	184	271	266	551	617	300	260	300	365
	627	112	69	247	208	506	248	303	24	257	505	174	287	342	233	163	417	0	289	312	518	572	575	416	162	195	201	459	633	117	585
	455	187	258	397	493	332	142	367	294	344	295	459	284	295	477	340	448	289	0	381	446	360	527	262	250	215	390	286	550	286	401
	420	272	364	104	443	336	240	14	290	55	378	417	105	137	525	160	106	312	381	0	246	424	280	268	167	455	512	307	351	195	402
	204	438	551	349	681	188	328	246	500	286	256	652	231	179	746	394	172	518	446	246	0	266	84	197	356	605	712	200	116	408	212
	121	463	574	512	772	90	324	416	563	435	68	739	343	291	797	515	403	572	360	424	266	0	336	166	435	570	728	122	303	496	68
	253	505	615	381	723	265	404	284	556	329	335	696	293	248	799	438	184	575	527	280	84	336	0	280	415	678	773	282	82	461	276
	214	313	428	348	612	91	176	258	405	272	111	579	179	132	646	349	271	416	262	268	197	166	280	0	271	449	588	45	291	333	170
	475	106	202	150	342	360	135	156	145	116	372	310	125	181	392	95	266	162	250	167	356	435	415	271	0	289	359	316	471	62	438
	657	184	128	420	345	531	280	444	216	404	504	316	391	430	287	338	551	195	215	455	605	570	678	449	289	0	186	482	718	279	605
	801	278	162	441	210	676	412	503	222	457	661	194	482	534	110	359	617	201	390	512	712	728	773	588	359	186	0	627	827	317	754
	176	354	468	391	656	50	216	298	449	315	72	623	222	172	688	394	300	459	286	307	200	122	282	45	316	482	627	0	281	377	128
	201	553	666	453	791	251	439	353	615	396	319	763	346	294	861	504	260	633	550	351	116	303	82	291	471	718	827	281	0	522	237
	535	111	172	141	282	421	190	187	96	141	434	250	180	238	339	62	300	117	286	195	408	496	461	333	62	279	317	377	522	0	499
	58	481	595	496	780	79	343	395	575	421	110	747	333	276	815	510	365	585	401	402	212	68	276	170	438	605	754	128	237	499	0

coordXY = Coordinates (x,y): line zero => x line one => y column => customers
 	329	327	342	91	163	351	350	125	256	143	419	181	215	227	279	157	70	275	486	112	164	425	90	336	240	469	372	356	129	217	363
	862	337	222	402	63	738	474	501	252	458	722	92	518	576	6	350	600	238	435	503	743	789	782	649	396	221	63	689	853	339	816

d_pit = Demand of item p at customer i in period t
 	87	49	73	13	41	93	63	66	25	52	94	89
	94	16	48	91	25	25	92	60	34	85	14	61
	84	30	99	47	55	54	26	42	78	81	53	50
	45	26	86	83	97	13	68	42	44	100	28	87
	13	60	41	64	18	35	83	75	98	90	28	11
	47	75	38	44	78	63	32	75	36	67	64	15
	31	75	56	62	29	69	95	46	91	78	90	42
	87	64	82	38	92	16	40	39	40	42	22	73
	15	73	17	96	28	87	55	59	73	12	77	12
	91	72	37	97	100	47	23	30	60	95	88	40
	77	21	41	11	26	12	38	64	77	97	44	57
	60	82	38	30	56	56	52	52	72	47	36	56
	79	86	81	66	43	34	64	34	95	19	20	34
	26	38	74	99	78	47	80	48	29	57	56	15
	51	93	98	23	20	30	30	62	50	95	27	12
	46	69	57	93	32	56	29	53	14	89	86	21
	16	84	37	87	78	12	13	58	54	54	27	26
	63	44	82	67	88	39	22	18	68	87	59	69
	80	28	16	45	25	86	71	58	27	53	77	19
	26	56	46	47	55	57	42	29	45	11	51	63
	65	70	87	31	33	20	63	68	50	68	32	36
	31	45	62	31	81	25	44	64	69	81	97	76
	40	31	12	41	82	39	13	68	30	50	42	33
	99	29	63	63	63	41	18	64	97	65	61	23
	75	53	81	37	74	92	57	16	13	85	32	34
	56	18	68	44	89	78	88	45	96	76	69	60
	86	59	55	70	27	70	85	83	27	40	17	33
	58	24	18	13	44	89	17	73	37	47	78	13
	25	56	73	56	64	71	54	24	38	31	18	78
	23	18	53	39	24	74	32	55	65	25	98	12

	66	83	35	14	99	72	63	17	23	82	29	59
	92	30	17	87	92	36	54	44	99	51	57	54
	23	74	85	19	62	47	19	34	56	85	32	36
	59	89	77	14	76	58	21	38	94	77	67	68
	13	99	95	80	66	29	20	40	19	82	88	60
	38	84	56	10	61	96	34	27	59	95	16	65
	30	43	13	44	54	30	81	94	49	71	24	82
	75	82	16	77	65	43	98	41	39	76	34	16
	61	42	99	67	86	70	80	89	21	85	27	42
	23	71	12	67	43	79	44	85	14	14	62	50
	44	49	82	84	38	18	49	62	39	97	20	42
	53	59	83	97	33	76	59	41	52	15	38	65
	98	91	77	25	95	75	34	23	93	75	68	35
	15	85	48	99	75	36	42	83	86	18	54	83
	14	80	10	72	53	29	22	30	94	51	89	54
	28	51	42	14	54	92	46	38	56	62	57	41
	93	52	72	44	18	40	42	32	22	54	97	90
	47	35	61	35	36	27	75	71	14	84	30	50
	36	25	70	49	27	64	79	75	95	69	83	75
	87	55	37	41	25	43	18	92	70	25	84	20
	70	36	66	87	49	75	24	80	94	91	27	90
	73	93	92	16	42	61	82	51	17	14	97	93
	90	30	42	61	18	46	86	11	68	53	71	68
	69	99	35	77	23	80	54	79	73	82	86	25
	42	41	25	21	37	91	40	46	53	93	38	38
	44	24	36	82	39	59	40	78	14	32	88	79
	73	12	79	42	92	45	13	88	99	64	12	34
	96	93	62	90	20	25	65	25	89	58	71	79
	39	13	30	72	18	13	86	71	64	92	16	78
	58	71	49	69	70	79	57	91	21	70	34	51

	79	76	81	100	59	27	90	78	84	27	31	89
	72	25	52	72	64	60	72	72	85	68	53	39
	97	74	67	23	47	42	68	75	40	85	36	94
	25	13	79	60	99	24	90	88	74	40	45	60
	83	92	82	65	99	71	49	17	62	55	18	23
	25	23	38	71	94	78	78	21	87	43	21	58
	68	53	93	94	81	12	89	10	76	15	46	20
	30	36	94	71	67	61	60	31	83	62	17	77
	53	77	60	71	80	23	89	58	18	81	18	85
	42	58	38	54	46	75	46	48	22	12	83	15
	25	96	26	41	65	42	17	20	54	26	59	96
	20	57	55	96	37	75	38	84	95	50	93	15
	87	13	19	41	38	65	20	97	92	99	30	69
	56	37	24	34	28	97	19	96	39	72	75	29
	35	28	96	99	76	23	84	63	86	62	83	36
	29	50	51	17	38	12	16	57	42	64	53	85
	88	26	48	20	66	89	51	34	72	85	54	78
	40	79	29	32	81	66	75	70	30	27	61	27
	77	64	52	67	36	40	48	70	42	91	13	29
	73	74	95	64	80	69	34	71	86	31	91	21
	94	70	21	53	16	80	21	72	19	77	93	47
	50	25	69	19	94	54	59	69	71	73	32	34
	54	15	70	51	22	73	13	29	87	28	78	24
	43	59	75	49	52	57	54	72	82	41	62	63
	44	86	77	93	45	19	92	42	87	12	45	34
	44	18	23	66	20	76	54	67	57	69	39	65
	30	95	72	65	50	95	88	54	37	22	84	36
	87	95	90	57	66	62	16	34	90	100	37	97
	32	16	29	79	85	85	72	18	30	97	75	81
	92	45	47	19	73	70	91	81	97	38	76	95

	26	54	22	45	20	85	75	19	94	81	99	87
	83	27	33	91	45	91	99	75	91	21	45	16
	82	13	87	54	57	95	12	50	66	30	85	42
	97	20	48	14	51	18	54	59	84	53	26	96
	46	95	76	51	24	69	72	85	21	55	35	89
	49	98	17	83	31	25	71	12	41	21	34	25
	48	76	64	92	94	57	69	22	76	13	17	55
	71	81	53	61	85	71	85	71	28	13	86	56
	13	17	94	87	94	82	29	69	72	44	40	81
	13	86	52	48	97	92	24	98	20	19	18	24
	35	43	73	78	68	59	22	55	76	81	56	75
	32	82	80	28	59	15	12	44	24	66	80	59
	30	55	71	15	49	69	26	58	85	79	49	45
	94	31	11	46	85	25	14	98	96	89	84	90
	30	95	71	22	19	87	31	64	98	47	61	61
	85	16	15	35	98	85	94	71	76	100	56	86
	12	39	34	73	42	57	56	54	59	48	69	81
	37	83	31	26	14	88	96	97	96	69	39	49
	66	91	77	43	79	89	59	23	85	18	57	32
	31	81	65	82	89	37	63	80	94	72	56	57
	89	75	47	52	31	100	78	56	70	70	63	74
	54	50	20	20	55	71	73	13	89	49	93	47
	44	45	54	82	33	59	94	16	13	84	44	51
	67	67	45	90	87	29	23	82	20	36	75	34
	20	72	32	63	44	36	17	66	44	29	27	68
	29	49	62	31	98	60	92	24	56	16	95	38
	82	56	15	94	82	86	17	23	100	38	59	83
	26	85	58	63	23	15	98	40	38	94	11	42
	17	77	68	58	85	99	47	79	45	11	32	48
	24	48	11	98	43	76	57	58	86	21	80	88

	81	33	56	51	74	74	88	12	86	71	97	52
	59	82	92	56	35	58	44	58	10	61	70	60
	27	93	51	34	23	83	88	12	52	71	97	77
	65	57	69	54	55	50	61	24	35	40	90	46
	77	51	77	73	36	59	95	39	42	56	16	39
	39	67	26	61	89	59	49	98	80	43	86	56
	73	61	16	80	35	83	44	50	81	17	26	13
	42	24	26	85	13	17	89	98	66	93	42	31
	90	44	65	10	57	89	21	39	57	78	12	47
	57	23	74	69	50	32	46	98	51	86	16	37
	39	59	83	20	21	54	65	41	61	41	66	23
	71	18	99	89	82	17	24	24	27	44	42	19
	38	37	58	44	46	93	87	59	21	93	99	96
	79	82	28	55	38	78	34	81	16	33	59	41
	63	30	82	66	36	50	13	28	52	27	89	66
	67	24	81	16	40	30	89	20	67	34	26	64
	39	80	42	28	13	20	63	94	92	20	66	55
	67	23	20	38	50	88	94	24	44	63	79	52
	23	77	62	89	57	91	42	93	42	61	46	71
	39	34	90	81	85	76	61	59	93	47	28	60
	67	95	72	27	27	60	40	15	79	50	51	77
	72	24	66	72	61	47	55	88	29	87	79	41
	69	31	21	72	34	79	15	87	84	63	23	72
	67	10	79	76	33	74	97	28	97	16	43	67
	83	44	54	41	85	57	88	81	53	31	75	56
	79	18	70	38	13	68	18	63	37	14	67	24
	71	37	76	80	98	63	35	14	15	98	44	56
	79	59	35	80	93	45	58	82	53	61	68	71
	62	16	22	33	13	77	42	14	54	57	93	39
	78	31	38	92	14	31	96	68	98	37	82	58

	29	36	41	62	62	99	87	34	46	58	99	31
	44	27	31	88	27	75	80	57	52	92	95	43
	39	97	74	35	83	92	56	11	39	53	86	27
	78	27	35	98	70	43	98	27	42	82	62	75
	26	99	57	76	56	16	72	45	43	36	11	82
	49	28	62	52	66	85	15	74	94	82	21	64
	59	69	85	26	48	84	27	50	93	20	48	97
	80	13	82	78	17	43	53	35	47	86	39	24
	58	19	16	71	22	32	29	48	40	70	76	16
	75	30	99	99	40	81	21	27	31	67	40	27
	51	53	68	61	61	82	57	45	64	80	98	91
	71	99	66	100	76	54	59	37	56	67	99	16
	46	15	33	91	68	17	39	87	62	32	88	72
	15	11	98	78	77	23	22	75	61	11	54	34
	54	92	46	87	97	79	54	12	18	15	31	87
	73	15	39	13	79	25	52	45	81	38	39	68
	77	69	64	41	31	57	30	85	23	65	49	52
	20	89	52	98	52	93	47	22	34	17	24	15
	18	47	23	100	98	62	15	98	13	53	85	60
	41	12	82	59	24	54	82	18	16	63	36	26
	17	15	45	51	91	22	90	55	97	83	67	58
	13	29	91	33	76	40	73	63	18	51	49	38
	29	43	13	68	60	99	69	69	68	59	64	67
	75	60	18	65	32	23	63	16	67	80	40	78
	85	63	69	41	56	80	48	26	82	86	53	98
	61	87	79	19	87	88	23	50	45	16	39	15
	35	67	79	35	21	95	44	19	81	63	32	74
	29	68	35	67	16	54	20	19	48	36	78	97
	63	89	91	67	48	32	90	83	53	78	45	41
	17	69	75	97	32	32	79	41	33	46	20	25

	84	27	64	66	95	49	47	91	35	99	88	26
	77	15	86	40	95	30	85	13	26	59	95	17
	15	86	38	50	42	41	31	22	95	83	55	57
	95	63	13	39	55	67	76	87	52	77	31	19
	50	37	57	12	41	69	24	57	58	25	90	15
	38	31	13	78	91	19	89	20	11	55	74	39
	95	12	77	11	95	97	63	28	64	34	18	58
	13	39	78	29	99	80	97	43	64	95	19	54
	64	86	12	29	48	90	72	84	53	100	79	65
	16	21	68	39	42	31	75	24	92	41	56	67
	53	68	25	46	46	60	65	60	49	31	54	75
	46	34	17	90	62	41	68	56	80	10	47	95
	71	23	94	96	68	52	88	89	82	98	28	100
	69	58	94	81	69	57	46	30	64	100	80	49
	96	27	81	11	94	67	41	80	54	14	40	85
	15	99	54	88	81	33	22	87	64	31	56	73
	92	94	95	16	87	63	73	13	51	76	12	65
	35	43	89	50	87	65	89	20	52	78	19	91
	84	66	84	13	39	67	97	80	18	82	26	55
	21	31	24	21	23	29	67	17	78	38	27	49
	54	92	30	44	36	35	58	41	59	50	65	63
	78	41	54	15	44	94	12	31	77	66	59	38
	81	15	82	75	16	90	23	37	47	50	45	63
	92	28	12	75	95	22	41	52	86	83	51	95
	64	37	62	16	91	12	39	15	44	49	19	92
	54	74	64	18	89	45	73	48	78	95	79	91
	59	32	60	70	93	87	38	37	80	95	68	96
	44	57	24	55	22	90	43	93	86	74	86	12
	68	21	87	90	73	71	78	66	10	82	94	73
	46	42	70	76	98	14	54	25	58	65	43	70

	59	39	83	89	87	53	47	53	42	12	49	23
	67	49	85	31	80	91	14	27	74	35	71	25
	45	45	86	80	54	12	67	80	84	28	42	21
	73	92	11	23	37	51	50	67	39	65	98	78
	28	55	36	82	48	91	73	70	64	11	35	47
	73	72	90	93	55	11	27	73	77	15	84	54
	38	15	39	44	58	61	89	16	78	58	22	48
	76	38	19	55	32	13	65	26	64	24	58	91
	40	98	69	27	66	28	98	48	98	32	13	68
	44	65	77	48	57	33	59	60	16	23	51	54
	78	88	79	95	65	15	87	45	51	12	38	72
	58	38	36	35	21	12	51	78	94	25	44	34
	99	82	78	98	13	58	87	55	56	62	82	79
	46	93	75	39	77	95	35	23	82	61	37	96
	54	96	19	26	16	24	51	25	17	11	27	71
	61	48	58	42	18	62	21	65	40	34	58	52
	49	93	84	87	66	32	50	49	70	52	95	92
	60	77	20	18	43	59	71	98	47	11	83	85
	91	49	18	45	31	88	42	43	16	24	31	35
	22	89	67	44	39	42	68	14	54	28	76	92
	65	27	96	98	73	52	20	10	98	19	76	19
	37	38	46	51	62	92	88	15	75	62	96	23
	68	60	91	66	82	23	13	29	58	50	41	27
	93	98	48	82	18	34	85	43	48	83	75	46
	76	69	55	39	59	67	70	97	12	26	20	77
	25	91	42	28	83	45	77	52	21	95	87	86
	11	11	24	19	65	32	17	81	71	61	96	27
	40	49	54	42	13	78	37	93	21	30	28	11
	40	73	85	27	31	55	62	54	21	75	11	59
	77	52	27	97	95	27	90	65	50	59	13	86

	63	80	32	70	43	28	20	32	79	14	59	63
	85	29	88	24	35	27	100	49	58	87	24	26
	53	50	92	40	21	14	65	92	52	53	91	40
	50	50	68	68	31	68	77	56	11	20	58	93
	83	14	17	58	79	21	19	95	19	81	95	32
	20	28	26	22	92	82	13	30	58	57	78	25
	44	17	35	35	60	93	58	34	91	48	83	36
	83	41	26	74	21	77	78	89	43	38	67	74
	70	77	23	95	63	65	38	29	68	49	18	86
	44	56	83	31	22	80	93	86	38	35	71	73
	30	55	88	30	22	81	35	16	22	83	65	10
	73	50	92	21	76	60	80	30	24	72	52	70
	41	21	14	34	26	93	56	16	63	98	64	76
	34	60	63	89	85	85	19	67	69	52	96	96
	49	74	31	22	36	23	18	85	70	42	79	11
	85	37	91	35	38	97	49	67	78	69	28	27
	20	96	26	94	89	37	94	51	59	40	69	93
	14	77	47	27	89	95	92	68	72	57	34	71
	12	66	63	49	54	20	21	93	15	95	36	26
	50	44	12	42	32	29	78	77	96	96	23	56
	97	83	14	82	86	18	52	55	81	23	88	77
	41	12	39	55	78	69	86	49	55	90	87	85
	57	75	30	93	60	65	22	23	95	52	36	50
	21	49	28	86	31	79	79	38	50	99	43	88
	72	87	71	48	86	98	65	40	98	53	47	69
	30	94	74	68	98	48	38	39	35	77	71	25
	93	94	81	33	77	69	55	65	54	30	66	62
	81	20	37	53	84	22	43	93	45	76	40	56
	65	85	69	69	51	97	64	90	11	80	13	71
	80	63	88	49	85	63	57	51	34	85	40	46

	22	53	98	64	99	90	50	40	50	43	28	27
	96	27	38	30	25	84	16	44	76	50	98	89
	70	56	35	33	25	65	41	30	45	79	55	96
	13	22	62	15	92	45	100	42	28	19	31	43
	65	95	99	95	76	35	54	27	69	12	39	76
	11	18	31	81	31	37	29	28	66	10	79	62
	41	42	34	76	96	87	62	86	67	62	80	11
	45	24	30	64	91	66	31	36	73	51	53	76
	51	31	50	57	18	19	24	57	40	46	71	87
	85	20	30	25	20	24	90	83	62	17	41	72
	88	64	71	35	74	24	73	68	34	76	76	23
	44	60	85	44	32	37	92	17	11	39	98	71
	53	87	18	93	56	13	93	23	61	56	57	68
	49	80	51	69	86	30	40	81	79	83	11	78
	22	65	44	90	29	37	96	74	84	58	58	44
	10	43	68	68	15	97	32	80	77	37	41	23
	14	12	93	39	79	60	43	98	77	12	38	40
	95	10	34	95	37	92	23	89	12	49	85	20
	20	69	67	61	89	49	33	79	51	24	59	72
	34	10	71	90	86	12	99	79	98	63	99	16
	75	19	24	42	57	50	70	19	26	65	65	82
	61	43	97	72	68	51	86	13	98	44	69	93
	86	83	37	81	16	77	37	65	57	30	10	80
	47	60	74	56	61	75	51	74	43	70	95	20
	68	87	59	21	21	66	22	51	63	49	56	55
	96	28	97	22	84	49	43	26	91	35	66	59
	91	58	27	91	31	48	45	12	80	13	22	15
	38	51	43	38	48	25	36	98	61	59	98	59
	88	21	59	91	14	13	28	89	86	31	28	41
	52	77	63	28	65	27	88	19	74	55	75	66

