***** PARAMETERS PRP *****

Number of Customers = 30
Number of Products = 10
Number of Vehicles = 5
Number of Periods = 12

B = Production capacity
	49230

b_p = Time required to produce item p
 	1	1	1	1	1	1	1	1	1	1

c_p = Production cost of item p
 	30	80	80	80	80	80	30	80	30	80

s_p = Setup cost of item p
 	300	800	800	800	800	800	300	800	300	800

M = Big number
	196921

U_pi = Maximum inventory upper bound of item p at site i
 	196921	103	217	317	188	273	174	117	117	115	199	105	198	164	330	82	206	317	103	293	235	113	190	289	283	188	180	240	173	383	138
	196921	104	261	126	209	201	308	295	275	125	111	319	97	113	179	105	240	156	265	130	210	120	218	233	294	100	178	174	193	242	234
	196921	128	303	100	89	310	183	118	169	290	156	298	124	90	275	146	240	194	110	155	116	291	233	344	223	106	319	259	228	106	301
	196921	182	185	217	77	235	269	120	202	161	151	208	109	115	197	106	166	211	167	128	144	155	114	127	165	225	330	280	206	286	177
	196921	161	161	261	209	114	250	107	279	143	278	150	325	183	221	111	106	237	178	286	113	173	156	125	118	136	153	95	271	110	180
	196921	161	247	290	204	100	187	270	229	107	277	104	265	219	124	112	274	250	115	195	320	302	285	174	175	107	325	150	290	143	203
	196921	249	224	176	132	213	151	202	263	239	224	341	250	143	125	182	236	101	168	155	156	200	96	187	87	187	204	301	136	287	166
	196921	193	138	244	172	106	192	175	301	121	129	289	89	308	253	81	106	181	102	303	134	216	224	289	87	225	268	136	111	189	198
	196921	176	259	198	162	111	116	170	249	330	343	91	225	135	204	244	134	152	115	197	320	272	100	243	233	211	122	220	312	119	117
	196921	281	184	234	194	126	96	97	298	280	239	114	263	237	172	113	81	193	146	181	295	307	238	127	180	165	274	100	297	112	94

I_pi0 = Initial inventory of item p at site i
 	0	88	204	183	41	110	113	84	98	107	120	98	137	58	178	35	117	276	77	165	191	57	124	166	122	141	112	157	138	150	129
	0	68	206	82	192	161	110	137	190	123	100	240	76	49	82	48	54	135	205	52	132	113	90	38	111	70	66	134	68	72	195
	0	68	122	71	74	101	96	92	13	188	116	122	95	79	41	125	50	189	74	109	73	68	101	259	92	28	163	173	92	74	282
	0	48	182	144	71	85	58	91	20	38	96	148	99	81	151	95	14	165	97	64	62	105	62	90	61	159	269	195	195	262	116
	0	102	96	185	163	50	73	75	149	55	202	129	260	127	183	65	18	49	53	237	95	53	26	59	28	82	139	53	25	47	133
	0	93	95	269	142	82	112	110	129	52	210	47	107	168	40	85	143	73	107	141	167	209	194	169	149	80	200	58	267	111	42
	0	203	161	171	119	197	139	194	235	116	215	93	33	108	85	134	213	97	28	137	86	105	38	13	21	154	191	94	95	171	150
	0	141	117	51	30	55	98	166	204	66	97	196	67	237	44	0	78	157	65	281	111	194	50	169	30	87	216	80	30	140	192
	0	121	48	154	21	29	40	58	237	197	138	46	18	109	95	49	84	19	73	167	84	87	100	105	220	68	119	194	121	96	31
	0	18	144	94	79	45	48	51	234	69	168	77	94	128	86	83	64	48	96	173	169	224	101	56	31	86	260	63	111	60	0

h_pi = Inventory cost of item p at site i
 	3	1	9	1	9	3	7	3	9	5	3	1	2	1	8	1	5	3	5	9	3	4	9	2	8	5	8	9	8	4	9
	8	4	5	8	9	5	4	6	6	4	4	4	4	9	3	2	5	9	6	6	1	1	7	4	8	6	9	4	9	2	6
	8	8	3	2	2	6	9	5	8	8	9	1	6	7	1	4	9	1	6	8	3	5	8	5	4	9	7	5	2	4	8
	8	3	6	8	6	3	6	5	9	9	8	2	2	6	3	4	1	5	5	7	8	7	2	3	1	5	8	8	7	5	4
	8	9	6	7	3	3	3	2	1	4	7	9	3	5	1	2	6	6	6	3	9	6	9	6	3	7	1	4	2	2	6
	8	9	1	2	1	5	5	4	6	9	9	9	3	8	7	7	7	5	2	8	5	2	3	5	3	8	9	8	5	7	8
	3	9	4	5	3	8	6	6	9	9	8	6	9	2	2	6	6	6	7	6	6	6	6	2	6	5	8	3	7	7	9
	8	9	8	1	1	3	1	1	4	6	7	5	5	9	8	1	2	3	4	8	8	4	5	3	2	6	5	2	4	2	3
	3	7	8	5	5	7	9	1	9	3	6	2	1	5	6	8	4	9	4	7	6	4	6	7	7	4	6	4	7	8	5
	8	9	3	1	6	2	5	4	5	8	6	4	1	2	8	7	3	6	9	1	8	8	9	7	7	6	4	8	7	6	6

C = Vehicle capacity
	3830

f = Fixed transportation cost
	32581

a_ik = Transportation cost for traveling from node i to node k
 	0	188	896	940	673	460	940	718	674	59	462	832	646	589	353	703	504	901	202	323	487	477	640	391	332	902	46	802	600	598	614
	188	0	780	911	565	283	834	691	589	154	387	768	530	500	172	606	440	849	192	205	369	374	608	274	283	823	154	680	446	450	495
	896	780	0	454	223	794	73	416	252	837	444	257	252	317	650	205	419	324	699	582	414	419	414	511	575	194	891	103	374	355	286
	940	911	454	0	465	1051	406	223	382	890	532	214	503	454	856	408	476	131	749	719	599	572	305	664	631	261	957	488	682	654	532
	673	565	223	465	0	619	270	320	94	615	223	260	41	104	450	58	208	354	477	363	196	197	276	292	353	278	669	137	219	191	77
	460	283	794	1051	619	0	861	848	680	434	530	869	579	599	206	674	586	960	448	362	452	480	768	397	484	897	418	692	421	441	542
	940	834	73	406	270	861	0	402	276	882	481	227	304	353	710	238	450	277	741	632	466	466	415	561	613	146	938	169	440	421	340
	718	691	416	223	320	848	402	0	227	668	320	183	348	269	647	274	263	204	526	504	403	370	83	454	410	277	735	401	516	488	367
	674	589	252	382	94	680	276	227	0	617	213	189	125	90	496	54	175	280	473	385	233	218	188	318	344	234	676	195	301	273	151
	59	154	837	890	615	434	882	668	617	0	405	777	587	531	308	645	447	848	146	266	429	419	588	333	275	846	69	743	544	542	556
	462	387	444	532	223	530	481	320	213	405	0	382	207	129	328	244	57	462	261	188	113	73	239	134	133	443	465	359	274	252	187
	832	768	257	214	260	869	227	183	189	777	382	0	300	274	684	202	332	94	631	565	421	402	220	501	504	95	840	276	478	451	332
	646	530	252	503	41	579	304	348	125	587	207	300	0	104	411	98	202	393	452	330	163	169	297	259	331	319	640	157	180	152	38
	589	500	317	454	104	599	353	269	90	531	129	274	104	0	411	115	105	363	389	296	148	129	205	229	261	323	590	239	248	221	107
	353	172	650	856	450	206	710	647	496	308	328	684	411	411	0	499	384	773	268	157	264	285	566	194	280	724	323	547	291	301	374
	703	606	205	408	58	674	238	274	54	645	244	202	98	115	499	0	215	296	503	402	240	233	241	332	376	225	702	142	277	249	133
	504	440	419	476	208	586	450	263	175	447	57	332	202	105	384	215	0	410	302	243	154	116	183	191	173	399	510	343	304	279	192
	901	849	324	131	354	960	277	204	280	848	462	94	393	363	773	296	410	0	703	648	511	489	268	586	578	132	913	361	572	545	426
	202	192	699	749	477	448	741	526	473	146	261	631	452	389	268	503	302	703	0	157	300	283	446	211	130	700	210	609	436	428	423
	323	205	582	719	363	362	632	504	385	266	188	565	330	296	157	402	243	648	157	0	168	169	421	71	125	618	312	484	283	277	297
	487	369	414	599	196	452	466	403	233	429	113	421	163	148	264	240	154	511	300	168	0	41	327	98	193	463	479	316	165	146	129
	477	374	419	572	197	480	466	370	218	419	73	402	169	129	285	233	116	489	283	169	41	0	292	101	167	450	473	326	203	182	141
	640	608	414	305	276	768	415	83	188	588	239	220	297	205	566	241	183	268	446	421	327	292	0	373	328	310	655	379	453	425	309
	391	274	511	664	292	397	561	454	318	333	134	501	259	229	194	332	191	586	211	71	98	101	373	0	131	550	382	413	227	218	226
	332	283	575	631	353	484	613	410	344	275	133	504	331	261	280	376	173	578	130	125	193	167	328	131	0	571	337	487	350	335	306
	902	823	194	261	278	897	146	277	234	846	443	95	319	323	724	225	399	132	700	618	463	450	310	550	571	0	907	246	489	464	355
	46	154	891	957	669	418	938	735	676	69	465	840	640	590	323	702	510	913	210	312	479	473	655	382	337	907	0	795	582	582	607
	802	680	103	488	137	692	169	401	195	743	359	276	157	239	547	142	343	361	609	484	316	326	379	413	487	246	795	0	272	253	188
	600	446	374	682	219	421	440	516	301	544	274	478	180	248	291	277	304	572	436	283	165	203	453	227	350	489	582	272	0	29	151
	598	450	355	654	191	441	421	488	273	542	252	451	152	221	301	249	279	545	428	277	146	182	425	218	335	464	582	253	29	0	123
	614	495	286	532	77	542	340	367	151	556	187	332	38	107	374	133	192	426	423	297	129	141	309	226	306	355	607	188	151	123	0

coordXY = Coordinates (x,y): line zero => x line one => y column => customers
 	36	219	479	55	361	495	449	68	277	66	206	225	373	270	360	330	184	176	98	245	314	276	90	271	141	304	78	466	478	457	373
	972	929	194	33	383	987	128	255	343	922	543	162	422	432	832	334	491	82	780	726	573	560	335	660	658	111	989	296	567	548	459

d_pit = Demand of item p at customer i in period t
 	34	21	33	39	66	59	39	64	67	32	77	85
	84	21	99	31	98	67	66	96	92	60	88	66
	83	13	87	26	34	70	43	97	87	54	86	80
	41	60	79	19	83	76	74	47	80	84	31	78
	30	80	81	83	43	75	67	77	40	86	60	96
	13	25	75	37	33	46	63	92	23	66	38	10
	84	84	43	22	82	41	54	17	19	89	96	69
	98	70	82	96	20	28	86	85	65	15	24	32
	67	40	56	33	99	36	82	83	87	17	61	29
	12	10	60	38	37	23	47	80	48	37	33	53
	45	53	83	27	71	40	22	23	55	67	92	49
	37	100	43	63	40	15	52	99	11	19	33	82
	17	41	42	25	65	67	71	75	61	66	70	57
	77	26	75	64	49	63	98	34	87	47	73	99
	12	23	55	79	96	27	12	11	62	46	29	38
	25	92	51	88	84	55	44	98	11	91	92	91
	100	75	78	23	83	22	71	50	30	68	63	98
	14	63	78	55	43	34	25	23	26	87	89	80
	97	68	51	25	41	99	17	77	99	34	32	62
	24	70	18	79	39	17	67	69	27	17	97	40
	35	22	91	32	22	33	58	20	66	32	17	25
	68	56	74	26	84	96	84	20	31	55	82	84
	57	83	26	11	89	92	25	63	56	82	68	42
	30	75	17	74	65	36	51	84	40	75	51	80
	36	13	92	42	69	69	94	60	91	88	51	47
	49	14	49	27	94	36	53	16	77	80	16	28
	62	18	40	37	26	93	40	18	53	59	87	44
	45	32	61	35	67	99	55	54	39	68	39	98
	69	81	85	85	92	24	31	94	86	94	94	85
	39	60	30	38	98	86	19	38	18	55	48	23

	57	11	73	65	92	82	11	11	87	78	32	23
	79	41	86	15	67	18	10	82	60	65	68	35
	40	42	63	23	78	87	100	91	78	48	54	53
	43	58	65	26	88	43	51	14	49	45	51	93
	42	98	21	98	95	29	77	65	77	67	44	90
	58	52	87	92	92	28	35	18	80	14	85	97
	55	17	65	85	67	93	81	74	40	68	43	19
	55	53	56	26	11	62	65	89	89	82	28	45
	33	90	75	87	67	25	86	58	63	66	87	13
	44	56	93	39	67	52	16	67	40	71	38	81
	77	98	65	45	88	68	67	95	28	96	23	15
	53	23	47	16	90	16	15	67	97	26	81	53
	29	20	98	83	89	56	68	20	82	38	38	54
	82	30	34	35	19	38	36	51	82	64	30	37
	15	33	89	61	27	28	81	21	41	79	61	94
	54	84	17	93	11	73	92	23	19	66	13	30
	36	32	33	34	30	79	62	42	13	52	11	45
	87	26	76	16	29	60	66	90	26	44	62	53
	18	34	79	57	47	57	29	11	35	47	75	32
	93	11	28	85	66	33	80	39	55	40	16	83
	81	32	17	95	74	16	93	32	88	62	59	69
	90	18	33	78	38	31	49	26	39	59	45	17
	38	68	82	46	43	15	34	79	15	35	24	80
	86	25	57	88	75	51	68	32	91	20	86	27
	23	47	88	52	95	46	45	79	37	56	23	11
	66	72	61	57	34	90	66	80	96	13	42	36
	37	97	84	80	85	57	28	76	11	85	34	20
	68	74	11	80	90	30	55	62	89	66	85	63
	72	64	52	60	77	96	36	34	49	78	20	88
	26	98	71	70	92	65	83	82	11	27	54	23

	11	57	81	60	91	59	82	28	51	96	70	79
	38	31	53	12	45	53	98	87	95	88	54	73
	21	50	17	45	12	83	68	56	20	73	89	68
	60	14	54	52	73	49	42	20	55	60	29	28
	33	68	76	70	29	47	88	74	97	23	82	56
	96	92	29	61	23	99	68	32	21	44	88	77
	92	72	17	67	41	68	84	14	74	66	24	89
	13	24	36	74	83	60	79	56	65	37	51	98
	96	27	34	31	72	58	85	39	69	98	51	36
	98	18	11	88	93	87	47	21	55	64	17	26
	42	60	20	65	69	88	19	43	86	60	74	89
	95	57	42	28	44	91	98	69	59	53	37	73
	79	52	31	68	21	25	31	54	19	50	75	37
	41	30	46	72	43	99	59	19	21	95	95	39
	63	40	22	14	67	74	79	36	34	97	33	23
	50	41	49	72	23	54	10	12	49	79	58	79
	52	44	93	94	35	80	36	88	31	70	72	79
	74	75	18	34	40	37	79	92	88	21	44	58
	28	81	80	16	39	88	31	21	75	37	93	32
	73	51	33	96	42	30	44	66	97	30	77	59
	68	20	55	23	80	70	42	75	86	41	62	76
	56	45	64	12	99	86	14	74	74	22	100	54
	93	100	66	79	42	90	59	18	92	35	91	61
	92	35	13	43	10	43	16	78	29	49	40	86
	28	85	98	15	65	33	51	33	14	64	76	72
	88	75	42	83	38	68	48	33	95	55	58	83
	81	92	76	95	42	34	98	62	48	27	67	55
	92	43	11	45	38	52	26	54	21	66	20	79
	23	18	33	78	42	66	77	64	48	70	94	20
	69	70	69	74	30	58	51	55	85	23	48	91

	48	38	28	52	18	38	16	64	88	78	29	50
	58	39	85	75	62	15	12	30	22	37	87	32
	27	26	91	76	12	76	12	68	20	86	69	89
	27	44	32	34	27	65	87	17	21	61	21	23
	85	63	90	83	73	58	65	13	83	25	32	35
	58	32	21	46	34	78	21	96	63	72	33	92
	66	25	93	73	68	84	22	61	53	44	64	69
	20	47	87	40	58	77	65	23	16	64	76	32
	38	86	27	30	72	12	33	20	22	59	10	73
	42	54	85	43	53	16	49	70	24	88	11	69
	16	99	33	96	52	64	54	30	87	60	20	13
	99	89	27	40	15	76	44	26	42	60	37	97
	81	84	17	14	12	33	93	82	97	71	14	93
	45	23	83	29	62	69	65	38	17	64	36	59
	45	19	31	59	90	58	49	29	86	77	15	76
	14	13	93	28	53	50	38	20	44	89	43	12
	40	28	97	67	96	81	87	33	24	25	12	42
	16	65	16	31	39	46	54	11	57	84	31	52
	64	30	85	88	12	95	76	83	64	74	44	55
	62	89	28	67	24	68	25	48	63	22	36	44
	21	68	16	54	99	62	64	27	48	81	19	60
	50	12	44	72	17	73	58	90	65	98	94	11
	90	69	90	25	95	32	96	56	74	79	27	26
	61	21	21	17	69	81	91	59	18	72	80	68
	62	35	52	10	60	15	51	55	78	40	51	30
	78	80	57	54	60	79	57	99	68	88	46	27
	57	78	14	46	67	90	90	65	27	31	68	39
	95	30	70	10	59	57	53	30	40	58	23	94
	93	97	72	40	83	84	94	60	79	63	45	48
	33	83	85	90	65	22	37	93	96	48	12	45

	17	85	69	11	63	63	91	30	89	84	27	14
	14	82	72	97	14	26	27	37	21	90	85	78
	85	86	14	96	28	30	78	92	28	89	68	90
	21	16	48	78	62	11	69	60	15	93	11	17
	50	36	58	19	18	24	45	42	13	29	69	53
	73	100	41	93	97	88	27	34	60	11	72	53
	75	83	41	38	16	44	74	71	41	75	26	58
	75	74	74	86	71	14	32	54	37	32	37	83
	19	36	60	55	27	63	16	61	45	65	79	47
	65	45	56	36	52	71	60	43	54	65	45	76
	94	35	57	25	17	28	24	27	69	99	26	97
	81	53	68	58	11	79	79	57	83	51	60	99
	31	50	18	28	35	90	46	58	36	54	52	52
	32	78	73	40	14	48	59	52	80	65	78	45
	65	76	66	16	75	86	44	49	37	36	67	48
	18	83	26	70	52	62	17	88	23	55	52	90
	23	26	45	79	56	14	87	29	43	39	65	63
	13	40	99	32	47	59	43	46	16	57	23	60
	58	71	60	48	58	22	56	84	85	75	16	54
	95	23	54	88	42	42	69	53	97	27	31	55
	53	19	76	11	70	77	41	10	37	52	59	13
	26	16	46	62	66	53	26	26	49	14	71	13
	59	49	39	83	54	48	49	66	88	97	79	39
	28	92	47	87	98	59	85	12	61	34	48	58
	69	13	58	70	92	37	50	48	16	16	13	60
	71	34	34	46	12	27	61	62	57	49	73	87
	12	22	19	87	12	48	24	74	88	73	36	72
	25	81	67	40	80	99	58	98	48	92	86	38
	34	13	25	51	14	30	83	81	39	21	16	33
	100	33	22	73	53	36	39	71	57	95	97	43

	93	77	64	35	40	58	23	20	89	41	53	51
	95	62	24	84	59	26	83	46	60	22	91	88
	68	16	90	95	67	23	40	53	32	56	99	58
	92	50	63	66	46	26	63	75	67	22	11	30
	82	33	42	59	31	10	30	81	52	22	61	94
	66	46	46	23	28	28	73	88	97	73	95	85
	32	78	40	95	59	31	65	21	55	37	57	78
	13	48	68	93	22	86	43	91	50	34	41	99
	52	80	47	82	36	76	46	28	57	58	11	68
	14	53	66	77	59	28	11	97	79	97	22	62
	47	67	25	74	51	15	11	47	75	86	27	97
	61	46	11	26	16	71	52	62	74	52	88	77
	69	99	78	31	60	86	26	21	38	12	39	97
	40	30	22	72	70	54	51	12	61	30	32	20
	85	66	40	56	83	93	23	83	15	37	54	39
	67	76	100	43	19	88	66	41	20	15	94	29
	33	40	32	80	57	86	93	33	45	15	61	25
	11	96	60	64	39	20	66	51	47	94	100	39
	46	95	46	26	62	66	95	92	31	92	63	67
	85	82	33	18	85	99	31	53	43	67	84	87
	60	69	37	43	78	74	63	19	76	67	97	42
	88	93	13	23	90	30	40	29	97	52	40	90
	80	29	60	13	62	77	13	76	77	68	77	63
	58	91	23	21	27	11	32	42	41	40	77	62
	18	62	11	39	67	43	67	63	77	90	23	83
	48	90	62	54	47	76	89	95	47	80	32	59
	42	16	72	67	70	33	85	57	54	69	20	15
	30	63	95	79	75	54	59	24	58	81	35	44
	57	33	21	48	90	29	26	98	59	35	46	30
	25	17	18	47	20	89	59	33	48	61	56	13

	95	92	16	98	41	82	92	71	62	19	58	22
	65	96	73	47	31	41	64	60	52	41	46	57
	16	96	37	22	28	15	43	60	13	90	75	34
	44	75	83	28	13	11	19	65	91	39	13	47
	78	26	28	65	38	23	14	16	60	79	57	27
	94	45	95	92	37	69	62	82	67	90	85	85
	94	100	42	45	57	12	18	61	34	34	80	28
	72	87	35	41	26	44	66	48	84	95	12	20
	36	80	31	19	48	48	61	49	81	13	30	77
	82	35	98	25	94	20	72	64	26	100	19	38
	46	47	80	70	63	89	77	96	69	44	67	71
	33	83	75	10	76	14	17	77	85	29	79	23
	45	11	52	47	62	52	44	40	43	69	71	36
	44	24	17	63	27	53	20	54	25	74	87	11
	91	20	23	60	18	47	52	37	50	22	56	69
	77	95	16	25	87	84	50	20	94	77	46	38
	27	70	62	70	19	98	35	15	13	91	11	94
	28	87	35	74	11	74	96	17	70	60	89	29
	61	76	90	61	11	22	43	68	10	98	26	55
	75	11	31	76	48	47	60	16	95	97	17	49
	39	66	85	82	92	83	99	14	69	59	94	16
	12	14	12	69	86	16	97	70	42	31	45	80
	13	90	96	60	67	13	29	49	44	21	55	25
	21	82	24	24	52	46	43	77	12	50	29	59
	93	61	98	71	30	98	48	50	85	18	18	76
	63	80	48	84	67	91	33	81	97	63	13	95
	60	34	82	35	82	82	27	47	74	78	56	65
	95	54	15	18	58	71	19	30	95	32	24	31
	99	39	33	97	28	92	71	100	95	96	88	22
	43	57	50	42	60	52	67	19	29	28	27	23

	43	98	31	67	75	92	12	61	94	95	71	31
	99	18	48	62	71	58	72	90	61	76	91	83
	51	28	98	60	89	43	39	24	40	92	93	76
	17	13	61	93	14	39	22	29	65	30	90	43
	55	85	67	100	13	32	30	18	30	59	79	65
	16	82	36	29	53	30	26	63	92	38	33	78
	68	98	35	78	29	63	40	57	96	43	29	64
	40	85	53	26	74	84	19	90	76	94	22	60
	66	92	19	30	62	72	73	44	81	77	79	31
	97	42	24	88	63	37	42	77	47	69	99	87
	52	94	50	95	44	21	41	53	27	97	82	38
	11	56	29	65	50	27	41	26	49	54	79	48
	57	93	87	81	32	17	50	97	55	64	53	53
	12	32	34	50	45	36	49	37	97	87	54	74
	96	52	41	20	24	94	66	27	21	18	15	13
	78	62	39	12	45	71	14	86	47	46	81	52
	62	95	59	66	63	28	70	67	75	39	30	69
	54	11	58	18	20	25	89	73	100	14	50	98
	64	84	53	80	61	18	33	75	88	65	74	32
	26	31	54	46	26	38	62	87	79	24	27	37
	81	14	99	99	60	33	92	43	17	47	23	39
	50	45	73	53	18	31	37	57	35	98	92	84
	96	44	29	85	62	81	15	72	55	56	34	64
	30	65	26	57	13	69	25	17	96	65	33	25
	87	16	68	22	93	27	77	51	43	67	64	60
	53	57	41	65	55	82	60	37	95	18	49	32
	14	11	55	73	29	12	83	82	12	84	40	49
	30	94	75	78	18	37	53	11	75	61	44	90
	87	53	62	93	93	60	33	58	43	85	27	62
	96	96	98	63	30	22	82	97	22	51	75	60

	22	15	84	56	53	50	21	18	83	50	29	48
	20	28	49	76	60	33	90	86	39	18	37	85
	89	37	28	36	54	40	32	79	10	58	95	37
	21	87	100	11	28	42	90	47	85	36	22	80
	29	39	70	62	87	97	65	12	32	29	50	93
	40	79	28	33	28	16	92	48	89	93	97	51
	36	22	44	74	76	23	33	82	22	50	12	35
	68	87	82	32	84	59	66	75	49	35	89	21
	89	79	29	79	67	61	82	29	78	87	72	39
	91	47	14	95	61	97	24	66	93	80	71	83
	12	34	55	44	18	55	27	18	82	75	67	56
	18	28	71	39	96	82	39	61	39	58	96	49
	88	21	54	43	73	80	30	23	13	38	48	30
	24	42	29	27	63	61	51	64	19	71	98	64
	49	81	78	56	62	53	85	89	33	23	53	70
	84	58	98	88	94	58	47	29	43	43	86	77
	19	32	83	74	34	48	38	43	70	79	20	66
	73	76	28	86	92	71	65	52	20	19	77	31
	23	95	49	35	88	38	93	58	25	12	42	33
	84	91	91	49	23	69	22	70	43	61	95	71
	38	49	72	33	96	10	55	76	98	23	18	84
	100	14	41	31	60	77	26	82	72	35	15	49
	58	47	51	90	41	54	25	61	82	13	45	15
	97	57	66	97	67	13	44	58	40	69	70	21
	23	45	96	66	92	40	15	31	35	45	98	47
	20	99	35	88	48	31	98	66	96	33	37	81
	30	80	84	45	11	83	82	13	45	84	40	63
	25	71	25	78	38	88	70	90	85	60	49	69
	96	34	46	93	31	92	27	72	32	11	81	97
	31	45	12	54	100	81	66	28	75	20	95	97

	18	95	52	51	52	91	19	61	36	54	57	89
	12	40	47	45	26	39	21	97	19	36	29	31
	94	33	67	11	52	44	87	20	85	64	60	86
	30	49	95	86	98	37	72	38	29	87	72	81
	45	90	92	11	65	64	41	86	59	85	91	27
	35	13	99	30	17	11	77	84	33	12	97	68
	16	35	52	27	41	86	82	13	32	58	71	71
	100	98	36	76	17	69	16	43	71	71	28	91
	46	23	37	84	55	95	87	69	24	60	73	18
	87	50	31	91	59	87	67	78	32	26	75	35
	41	36	53	77	67	37	46	38	49	64	82	91
	94	29	65	86	77	56	79	91	59	72	27	54
	18	74	36	86	91	10	49	40	70	19	28	47
	72	14	18	46	25	73	47	87	95	95	51	64
	83	63	23	87	35	82	71	12	69	95	41	15
	19	45	85	88	20	74	14	12	38	17	25	51
	48	79	42	72	98	28	89	99	63	59	22	73
	12	72	12	11	15	38	73	23	89	78	66	96
	90	83	16	59	56	81	14	86	65	83	63	26
	57	94	18	40	75	78	95	26	15	84	57	69
	61	74	89	75	72	66	91	91	20	23	27	48
	72	29	90	98	80	31	83	91	31	29	64	17
	56	91	93	80	48	31	44	50	61	68	59	82
	31	55	37	78	73	83	19	94	77	74	30	67
	86	13	69	37	43	77	16	82	59	88	21	70
	75	85	88	12	47	90	48	68	53	99	61	97
	63	77	44	75	49	88	74	46	23	14	24	24
	48	63	55	58	54	88	15	98	11	96	84	43
	60	54	35	73	97	20	35	38	29	60	97	74
	96	76	32	51	22	62	51	29	19	27	58	43

