***** PARAMETERS PRP *****

Number of Customers = 30
Number of Products = 10
Number of Vehicles = 5
Number of Periods = 12

B = Production capacity
	49728

b_p = Time required to produce item p
 	1	1	1	1	1	1	1	1	1	1

c_p = Production cost of item p
 	80	30	30	80	30	30	80	30	80	80

s_p = Setup cost of item p
 	800	300	300	800	300	300	800	300	800	800

M = Big number
	198913

U_pi = Maximum inventory upper bound of item p at site i
 	198913	96	162	179	101	129	115	249	186	159	209	230	217	326	121	325	216	310	261	158	202	317	194	122	194	233	266	247	148	100	199
	198913	197	93	171	304	94	234	152	155	140	244	122	247	256	92	284	232	113	229	150	229	114	258	226	250	313	139	193	110	91	238
	198913	156	99	270	218	278	137	140	207	274	256	279	225	296	218	204	164	164	172	324	230	259	238	237	171	266	200	301	237	169	166
	198913	339	162	251	132	247	131	233	306	229	141	128	262	116	200	165	127	103	241	184	194	265	143	372	206	301	118	108	223	103	209
	198913	256	273	207	108	233	271	243	220	133	179	209	280	225	206	173	176	115	116	249	112	231	250	212	345	280	201	189	166	234	287
	198913	203	129	320	205	305	94	318	102	148	272	171	98	98	128	315	83	250	161	129	160	300	258	285	260	126	120	150	164	229	117
	198913	101	218	115	105	177	98	151	164	126	144	119	143	334	97	302	235	192	205	107	330	184	156	174	268	191	197	298	207	110	112
	198913	253	322	152	218	248	213	140	229	217	164	296	241	218	175	175	103	98	215	263	103	294	169	256	331	121	157	185	222	304	272
	198913	113	310	235	270	206	220	177	120	331	90	228	105	286	174	212	182	101	212	96	138	211	215	113	158	279	235	121	103	142	241
	198913	221	169	298	128	255	225	317	279	201	168	184	151	267	150	163	110	207	292	219	217	135	263	224	166	271	194	183	116	98	279

I_pi0 = Initial inventory of item p at site i
 	0	36	18	129	98	58	35	93	75	81	29	168	176	164	117	178	78	202	125	82	186	87	140	121	59	83	105	176	93	73	128
	0	174	26	98	243	86	143	111	99	89	74	93	100	186	87	10	208	39	36	66	72	113	175	196	212	275	74	118	92	18	138
	0	93	24	270	132	194	98	74	178	58	128	98	145	80	30	150	143	157	121	236	180	234	163	75	96	56	185	216	201	146	52
	0	98	134	126	67	114	98	75	62	215	95	99	259	112	99	46	33	95	87	86	168	178	90	92	42	47	85	22	218	93	174
	0	153	230	103	97	156	63	179	40	59	83	62	93	82	13	151	48	97	96	59	57	30	116	45	281	88	197	176	77	17	142
	0	72	112	258	117	156	93	115	100	65	74	94	69	18	87	42	19	128	121	102	73	207	127	73	60	96	33	85	67	63	92
	0	54	182	36	22	86	37	86	14	72	77	56	10	296	89	176	145	131	38	99	268	21	104	123	159	129	144	90	181	100	74
	0	46	192	133	133	42	93	66	133	139	98	38	96	35	43	111	87	80	173	69	71	171	164	126	285	78	35	57	124	169	110
	0	78	171	158	34	17	114	117	93	79	75	82	67	202	151	83	135	50	188	38	138	186	167	94	100	10	89	41	68	79	223
	0	144	50	178	82	94	11	167	234	125	162	117	99	154	12	144	104	192	154	102	165	119	204	62	88	238	189	136	63	82	127

h_pi = Inventory cost of item p at site i
 	8	0	0	0	0	0	0	0	0	0	0	0	0	0	0	0	0	0	0	0	0	0	0	0	0	0	0	0	0	0	0
	3	0	0	0	0	0	0	0	0	0	0	0	0	0	0	0	0	0	0	0	0	0	0	0	0	0	0	0	0	0	0
	3	0	0	0	0	0	0	0	0	0	0	0	0	0	0	0	0	0	0	0	0	0	0	0	0	0	0	0	0	0	0
	8	0	0	0	0	0	0	0	0	0	0	0	0	0	0	0	0	0	0	0	0	0	0	0	0	0	0	0	0	0	0
	3	0	0	0	0	0	0	0	0	0	0	0	0	0	0	0	0	0	0	0	0	0	0	0	0	0	0	0	0	0	0
	3	0	0	0	0	0	0	0	0	0	0	0	0	0	0	0	0	0	0	0	0	0	0	0	0	0	0	0	0	0	0
	8	0	0	0	0	0	0	0	0	0	0	0	0	0	0	0	0	0	0	0	0	0	0	0	0	0	0	0	0	0	0
	3	0	0	0	0	0	0	0	0	0	0	0	0	0	0	0	0	0	0	0	0	0	0	0	0	0	0	0	0	0	0
	8	0	0	0	0	0	0	0	0	0	0	0	0	0	0	0	0	0	0	0	0	0	0	0	0	0	0	0	0	0	0
	8	0	0	0	0	0	0	0	0	0	0	0	0	0	0	0	0	0	0	0	0	0	0	0	0	0	0	0	0	0	0

C = Vehicle capacity
	3720

f = Fixed transportation cost
	31930

a_ik = Transportation cost for traveling from node i to node k
 	0	231	549	615	257	322	472	333	237	198	368	489	494	137	835	321	634	499	256	588	387	107	358	381	729	399	212	760	249	238	116
	231	0	360	500	96	167	272	145	116	416	212	359	266	303	620	165	436	269	256	358	406	224	201	341	507	198	403	580	305	342	147
	549	360	0	243	426	459	429	221	460	746	187	163	196	653	307	229	88	274	607	267	747	578	473	664	233	401	750	221	662	701	434
	615	500	243	0	588	641	650	362	615	800	289	141	429	743	457	335	273	507	754	509	904	679	664	837	436	607	826	256	795	818	506
	257	96	426	588	0	77	215	227	36	414	300	448	294	283	658	256	495	270	182	363	323	207	114	250	540	143	382	645	242	290	211
	322	167	459	641	77	0	159	281	86	461	356	502	301	324	662	317	519	258	179	348	294	255	38	205	541	99	418	673	247	305	287
	472	272	429	650	215	159	0	322	239	619	393	520	237	482	561	369	465	164	326	234	408	413	133	306	440	75	576	619	395	456	415
	333	145	221	362	227	281	322	0	256	530	76	222	192	433	504	49	303	237	400	302	547	357	307	476	401	263	530	439	449	483	221
	237	116	460	615	36	86	239	256	0	384	327	474	330	251	694	281	530	305	148	398	292	177	122	226	576	169	349	679	206	254	207
	198	416	746	800	414	461	619	530	384	0	564	680	682	140	1030	518	831	678	323	769	388	208	491	432	922	553	81	957	273	220	313
	368	212	187	289	300	356	393	76	327	564	0	148	229	481	489	50	274	289	467	338	617	409	382	549	398	337	574	393	513	542	252
	489	359	163	141	448	502	520	222	474	680	148	0	315	612	451	195	232	390	614	410	764	545	526	697	393	473	700	297	657	682	376
	494	266	196	429	294	301	237	192	330	682	229	315	0	565	365	235	230	79	470	111	594	486	304	501	247	222	665	386	534	584	394
	137	303	653	743	283	324	482	433	251	140	481	612	565	0	922	432	734	552	187	644	278	79	352	303	809	418	101	870	146	112	238
	835	620	307	457	658	662	561	504	694	1030	489	451	365	922	0	525	222	408	835	327	953	844	660	856	122	574	1022	219	899	948	724
	321	165	229	335	256	317	369	49	281	518	50	195	235	432	525	0	315	284	420	345	570	360	345	505	429	307	526	440	464	493	206
	634	436	88	273	495	519	465	303	530	831	274	232	230	734	222	315	0	302	676	267	811	657	529	724	166	450	832	156	735	776	520
	499	269	274	507	270	258	164	237	305	678	289	390	79	552	408	284	302	0	435	94	546	474	253	449	287	167	652	456	502	556	410
	256	256	607	754	182	179	326	400	148	323	467	614	470	187	835	420	676	435	0	526	153	152	194	125	715	276	263	826	70	130	291
	588	358	267	509	363	348	234	302	398	769	338	410	111	644	327	345	267	94	526	0	632	567	340	532	208	254	745	411	594	648	494
	387	406	747	904	323	294	408	547	292	388	617	764	594	278	953	570	811	546	153	632	0	280	293	103	832	380	311	964	138	171	440
	107	224	578	679	207	255	413	357	177	208	409	545	486	79	844	360	657	474	152	567	280	0	286	277	730	345	180	796	143	143	177
	358	201	473	664	114	38	133	307	122	491	382	526	304	352	660	345	529	253	194	340	293	286	0	197	539	87	444	684	264	323	323
	381	341	664	837	250	205	306	476	226	432	549	697	501	303	856	505	724	449	125	532	103	277	197	0	735	283	362	878	160	216	407
	729	507	233	436	540	541	440	401	576	922	398	393	247	809	122	429	166	287	715	208	832	730	539	735	0	453	909	248	780	830	620
	399	198	401	607	143	99	75	263	169	553	337	473	222	418	574	307	450	167	276	254	380	345	87	283	453	0	514	606	345	403	340
	212	403	750	826	382	418	576	530	349	81	574	700	665	101	1022	526	832	652	263	745	311	180	444	362	909	514	0	965	205	147	325
	760	580	221	256	645	673	619	439	679	957	393	297	386	870	219	440	156	456	826	411	964	796	684	878	248	606	965	0	882	921	645
	249	305	662	795	242	247	395	449	206	273	513	657	534	146	899	464	735	502	70	594	138	143	264	160	780	345	205	882	0	63	310
	238	342	701	818	290	305	456	483	254	220	542	682	584	112	948	493	776	556	130	648	171	143	323	216	830	403	147	921	63	0	320
	116	147	434	506	211	287	415	221	207	313	252	376	394	238	724	206	520	410	291	494	440	177	323	407	620	340	325	645	310	320	0

coordXY = Coordinates (x,y): line zero => x line one => y column => customers
 	435	274	272	498	201	126	4	304	209	494	358	430	131	372	62	352	226	70	191	26	107	340	89	70	63	77	417	280	227	275	411
	757	592	233	146	653	668	567	451	688	945	398	269	368	878	10	447	159	417	834	335	961	806	669	865	131	583	968	13	893	933	644

d_pit = Demand of item p at customer i in period t
 	36	69	19	73	20	26	36	77	65	90	32	33
	18	27	71	27	89	100	94	23	99	54	34	11
	96	33	93	68	70	51	71	16	49	83	13	71
	29	69	99	67	37	66	91	54	13	13	29	36
	58	31	27	20	58	48	30	55	43	29	26	91
	35	92	51	54	99	37	30	52	49	81	54	53
	93	98	12	93	95	26	26	83	29	73	89	29
	75	59	13	45	48	11	48	84	76	59	12	29
	81	51	38	35	93	31	92	37	27	92	26	32
	29	36	13	22	81	74	55	99	12	91	76	38
	51	74	43	70	27	52	31	28	36	37	36	66
	14	33	58	71	95	76	54	66	24	69	52	38
	59	63	42	93	96	70	37	57	41	98	95	32
	33	84	28	65	52	98	79	38	46	60	70	73
	38	47	32	61	48	86	74	93	70	75	56	99
	78	64	31	50	40	91	57	33	11	18	23	22
	90	51	61	76	16	43	97	15	22	98	79	97
	59	66	11	95	97	90	100	65	31	77	46	47
	10	26	46	19	21	63	60	65	20	47	57	41
	22	80	84	55	64	41	59	45	76	16	52	13
	87	77	29	74	95	44	25	78	68	47	63	73
	43	32	65	87	31	51	59	49	50	40	19	55
	28	31	62	74	99	99	12	96	66	70	68	26
	59	32	71	16	79	80	80	83	37	69	87	83
	83	57	92	19	69	83	23	23	92	52	16	89
	47	58	78	44	85	85	79	48	50	98	52	75
	89	87	63	41	29	36	14	84	91	60	87	60
	47	46	93	36	61	48	26	11	80	23	45	77
	22	51	35	37	74	87	41	71	60	77	16	26
	40	15	39	34	52	51	42	61	96	95	60	12

	59	79	36	70	42	68	21	64	30	44	50	29
	26	73	47	56	76	51	51	10	32	16	68	50
	98	31	28	36	84	60	100	32	74	55	32	54
	11	71	62	99	14	89	91	56	86	23	52	75
	31	55	24	61	69	68	49	65	31	47	38	26
	89	54	11	68	60	20	15	96	56	39	23	30
	37	74	54	23	57	15	58	31	62	77	100	20
	35	64	48	43	57	81	33	41	64	24	45	86
	66	23	78	53	16	10	55	85	24	44	54	51
	74	31	81	27	10	60	75	14	16	79	89	30
	93	33	21	98	60	55	46	80	27	88	55	73
	32	68	41	83	35	78	13	48	75	48	60	11
	82	25	79	90	71	77	98	54	95	17	58	21
	25	62	59	48	26	41	96	17	95	13	54	14
	10	83	84	96	21	50	73	69	83	31	27	55
	20	94	52	42	43	30	99	76	78	44	52	66
	39	64	93	75	81	56	17	18	85	75	12	61
	36	73	31	28	34	80	98	54	78	84	59	32
	44	22	43	86	81	92	31	38	62	24	29	47
	72	84	24	22	28	22	52	30	45	92	20	58
	81	32	59	91	53	52	13	43	90	60	84	23
	42	59	74	93	84	75	76	95	67	37	48	25
	46	77	18	55	49	99	42	56	73	90	49	25
	27	36	80	69	25	83	77	74	11	61	46	10
	76	32	94	73	83	30	36	59	90	15	66	97
	74	39	44	22	64	46	41	39	48	21	38	81
	70	23	25	99	73	16	36	26	99	20	41	52
	92	54	22	67	71	55	56	81	48	28	62	26
	18	75	44	48	46	49	75	62	26	52	32	17
	18	97	23	36	69	67	55	52	72	58	83	83

	22	71	18	66	60	57	26	91	91	31	59	30
	24	85	88	59	22	29	21	31	13	44	94	81
	93	84	15	78	85	45	55	75	95	94	14	78
	14	78	40	21	19	14	53	24	11	94	75	80
	35	64	95	65	42	27	61	50	92	39	23	73
	98	26	68	73	39	26	18	50	21	23	50	55
	74	71	52	55	34	34	13	15	49	97	30	34
	89	89	86	26	97	74	99	85	17	74	36	56
	58	89	91	66	98	28	80	17	52	89	70	85
	27	66	35	24	74	56	40	47	69	66	71	40
	98	94	85	95	98	44	65	41	62	49	34	71
	69	41	35	15	87	76	67	75	22	58	78	52
	80	29	43	96	55	65	63	98	20	19	100	43
	30	36	68	13	29	71	64	72	27	93	70	82
	48	18	15	69	17	16	12	86	56	97	27	29
	76	67	42	67	71	46	34	60	20	75	43	53
	24	74	59	76	97	45	83	28	40	18	78	32
	35	86	58	74	87	16	75	92	31	93	15	25
	42	47	58	89	18	73	95	49	63	93	94	56
	45	77	34	24	19	19	91	70	31	35	60	46
	91	86	57	55	68	29	28	95	61	62	69	77
	33	94	36	53	88	38	10	37	77	39	25	42
	75	81	61	43	88	24	38	78	34	64	64	62
	96	18	36	33	26	90	63	88	31	95	81	26
	56	13	82	11	44	66	34	41	92	55	48	97
	99	40	46	98	73	82	51	73	26	64	50	97
	44	95	77	86	29	51	46	67	51	28	87	62
	12	69	40	80	68	91	79	56	12	83	48	74
	93	53	46	44	50	14	50	48	91	24	64	100
	36	16	87	23	54	95	25	67	54	35	72	99

	98	79	80	86	90	11	92	48	77	92	22	38
	29	14	91	66	44	31	67	46	15	21	33	30
	14	74	38	42	57	99	17	79	19	26	96	42
	35	32	50	97	48	63	56	92	84	94	74	68
	18	96	42	30	45	88	82	82	20	81	96	61
	98	87	79	43	60	85	94	92	16	57	21	53
	34	41	67	16	28	38	83	34	82	20	77	38
	62	84	87	73	56	24	53	28	24	73	86	85
	91	73	51	12	10	62	22	47	55	80	26	21
	95	88	23	92	99	79	87	97	63	54	27	44
	45	54	96	84	51	64	89	56	45	85	64	37
	71	19	75	94	41	100	91	21	56	53	84	82
	32	80	72	14	73	25	60	89	91	55	36	66
	38	61	71	84	19	57	37	25	77	37	38	56
	46	50	53	43	82	57	68	41	94	53	37	34
	33	23	47	13	32	53	74	50	34	55	52	43
	25	70	18	80	37	70	94	80	33	26	62	23
	87	54	82	86	20	74	27	79	85	19	98	11
	86	15	45	30	44	49	21	19	43	42	18	29
	71	97	84	61	37	29	23	72	94	81	84	42
	74	12	92	94	54	75	57	96	88	38	50	65
	90	94	90	98	91	78	35	94	40	58	46	41
	92	32	99	57	73	88	84	90	96	30	98	53
	42	66	90	12	94	15	16	86	16	89	21	71
	47	29	95	53	13	80	43	77	74	62	60	89
	85	54	94	83	11	15	93	74	54	51	33	61
	22	42	98	88	44	41	46	67	40	66	53	42
	45	99	21	53	34	34	12	57	71	43	14	52
	93	30	75	27	94	44	24	66	27	44	21	75
	86	88	92	44	43	15	41	37	51	37	51	42

	90	63	62	72	42	96	79	25	81	64	46	49
	13	64	83	70	11	48	64	28	76	88	99	11
	41	62	41	73	77	10	43	72	76	70	10	47
	97	63	65	35	25	79	91	17	10	43	64	56
	44	28	84	71	43	45	98	13	31	50	20	32
	47	16	37	91	29	53	54	96	21	77	58	71
	76	74	29	24	82	14	88	63	97	48	100	34
	40	13	39	41	46	44	83	94	74	90	57	39
	59	92	69	68	75	72	60	44	31	83	77	68
	22	61	94	49	56	63	79	29	84	25	91	61
	31	31	31	30	69	37	77	40	69	40	92	80
	93	35	84	54	65	19	93	41	85	12	47	43
	43	14	25	54	39	45	67	61	89	88	96	53
	13	92	16	72	30	22	97	100	52	12	75	38
	53	80	18	88	49	64	70	53	26	32	83	75
	48	31	38	30	36	28	88	71	61	57	20	21
	20	77	71	70	22	52	51	84	74	88	69	12
	96	75	71	87	91	45	38	34	13	23	70	53
	59	68	94	39	41	99	49	30	92	81	19	77
	57	77	69	35	51	35	43	42	100	47	100	18
	10	20	97	66	75	69	78	69	43	71	24	72
	62	28	26	53	87	53	79	72	19	47	49	24
	31	14	16	94	19	98	16	94	97	67	75	16
	45	87	56	93	93	75	88	29	55	40	96	71
	88	41	38	81	45	60	57	36	44	79	49	54
	33	89	75	40	11	11	38	56	18	23	66	23
	89	33	26	28	64	49	14	52	95	20	29	67
	61	16	82	40	73	44	28	70	82	90	11	66
	17	74	76	68	35	19	63	90	73	25	79	82
	15	20	76	31	80	91	88	88	24	36	100	40

	49	23	54	67	49	54	25	100	16	43	91	39
	17	78	17	74	25	47	86	22	49	65	12	25
	64	71	96	27	18	84	65	77	43	89	48	86
	61	56	94	33	37	91	64	26	11	14	55	74
	25	82	49	82	67	17	58	70	34	89	93	67
	93	64	28	55	35	51	12	29	92	13	15	79
	35	80	70	56	86	56	91	37	82	26	85	58
	20	15	65	88	67	44	86	14	46	32	80	54
	65	57	38	35	34	56	18	70	66	61	47	46
	74	30	97	31	64	80	44	23	38	34	79	59
	26	68	50	88	26	66	62	26	45	59	73	93
	69	27	48	44	42	78	39	23	59	15	50	92
	18	82	49	77	45	69	39	26	86	26	50	21
	87	72	99	58	44	95	62	18	61	79	59	35
	42	79	99	81	72	19	73	93	67	38	70	23
	19	67	37	39	20	26	20	68	32	63	82	26
	55	73	31	91	66	33	61	78	18	38	35	21
	79	42	59	80	47	42	56	63	18	62	66	28
	48	54	12	68	85	97	68	85	58	10	95	93
	40	21	12	39	63	90	81	73	89	77	42	14
	77	37	93	68	34	72	50	59	75	77	29	48
	68	59	74	92	99	38	41	83	26	76	90	28
	73	69	57	37	93	36	45	57	68	52	45	52
	60	89	87	72	44	84	46	44	22	98	76	57
	38	58	18	14	100	96	86	96	60	44	85	58
	33	58	46	86	63	99	24	25	82	26	80	96
	28	57	63	35	59	95	26	58	35	58	68	16
	53	14	85	58	36	86	62	71	66	41	50	34
	63	94	78	60	10	25	21	29	92	51	88	76
	43	49	77	16	73	93	56	60	13	87	84	50

	15	39	64	89	29	78	13	71	50	67	74	17
	79	79	24	76	67	36	54	10	22	43	15	19
	36	95	58	98	88	25	84	32	28	48	42	55
	22	35	45	89	41	42	61	97	98	35	29	36
	86	17	22	94	46	48	65	48	87	85	55	53
	37	40	25	35	85	22	92	74	97	36	20	24
	64	22	21	78	80	67	57	58	49	14	57	36
	14	20	14	77	78	27	19	87	40	32	17	67
	52	20	18	51	77	79	96	13	77	88	96	89
	77	92	51	61	14	50	25	27	75	22	59	24
	56	83	96	98	54	47	46	45	13	31	90	54
	10	33	10	40	80	74	20	74	41	23	87	80
	75	75	56	90	75	93	65	81	78	66	16	32
	89	41	67	13	25	47	29	85	30	14	91	49
	78	73	25	73	70	37	75	97	79	11	25	82
	90	55	99	70	44	96	43	54	56	36	31	32
	62	69	81	41	49	71	60	85	58	61	46	83
	38	61	18	71	81	79	53	77	93	60	92	95
	99	11	69	10	92	11	23	88	90	39	40	69
	23	62	89	94	87	91	45	31	68	87	31	84
	21	71	46	47	90	83	59	34	59	65	71	89
	91	13	59	16	60	76	99	32	50	20	95	14
	67	56	70	40	31	67	99	55	47	87	52	26
	100	59	72	50	35	25	57	58	72	98	89	90
	20	95	14	87	44	74	39	74	53	100	78	84
	58	86	56	19	52	38	25	15	63	51	83	45
	90	96	30	63	30	31	26	93	69	80	85	21
	69	44	68	31	56	69	49	30	85	35	17	69
	42	58	54	11	46	78	25	31	94	61	67	90
	74	84	60	37	63	25	93	48	50	41	50	48

	46	63	26	59	55	11	38	52	82	56	73	46
	19	53	42	78	55	73	63	84	54	63	97	92
	62	71	61	15	62	19	35	74	69	15	98	28
	43	32	58	90	74	87	49	79	13	19	96	15
	24	18	29	93	19	63	34	92	82	39	42	60
	93	59	12	41	24	17	36	35	53	34	51	55
	24	31	11	86	31	38	62	52	16	79	62	69
	62	71	57	42	47	64	29	46	10	53	58	11
	98	41	34	92	11	79	18	46	40	15	97	81
	72	26	99	73	52	61	63	55	16	53	50	37
	38	84	56	85	90	34	45	60	48	34	39	98
	57	39	85	86	14	47	90	73	87	46	69	31
	35	88	16	32	64	55	32	90	16	67	59	99
	43	88	18	13	35	47	83	18	41	28	97	15
	31	30	50	45	49	94	46	15	18	60	25	62
	31	56	69	97	28	85	28	41	37	96	38	14
	50	15	15	76	37	43	30	42	88	71	76	42
	40	86	47	53	33	33	96	93	40	29	25	70
	69	49	92	32	31	51	58	28	67	16	63	76
	71	75	77	54	10	92	82	15	11	39	48	42
	44	90	37	51	22	21	65	55	55	94	83	89
	44	30	90	95	52	15	70	97	45	72	31	33
	31	95	53	46	92	19	30	56	94	39	11	49
	65	77	89	54	94	91	27	41	67	96	30	63
	78	72	100	33	54	93	38	37	28	85	51	59
	35	95	40	38	28	47	26	83	57	92	11	74
	57	77	27	16	15	54	53	65	16	38	74	64
	80	44	30	35	54	22	58	86	23	63	98	73
	52	31	86	11	78	54	49	98	70	83	72	46
	54	26	30	24	53	87	72	64	86	58	74	25

	78	57	32	20	62	74	39	31	43	62	82	99
	88	29	54	84	41	67	61	57	46	70	61	85
	68	90	96	26	29	96	27	87	13	80	68	26
	34	44	92	64	69	70	79	62	97	92	32	75
	17	56	14	62	15	81	28	81	18	14	57	51
	81	13	20	14	46	93	39	63	26	57	48	29
	12	25	80	14	74	82	54	63	26	39	51	12
	93	83	76	95	79	61	38	14	65	12	69	33
	79	73	83	67	69	86	61	23	41	46	76	91
	75	31	12	50	30	58	22	35	35	90	40	61
	82	32	51	45	77	38	68	37	15	24	14	63
	67	88	45	36	14	88	41	98	17	58	26	52
	80	59	63	67	20	77	56	13	64	53	78	56
	57	94	68	77	55	71	31	32	26	36	69	78
	83	98	29	75	27	21	67	23	45	32	97	38
	31	72	32	87	18	70	52	97	95	40	46	89
	33	17	89	69	31	60	68	61	54	11	29	84
	89	99	44	81	84	79	77	92	75	78	37	13
	38	82	31	99	50	49	55	75	37	18	22	18
	68	70	12	59	30	44	21	96	69	35	14	33
	59	62	65	11	56	29	86	54	25	40	47	98
	82	85	32	49	56	98	40	46	46	38	23	50
	94	23	52	90	41	26	47	91	47	79	76	13
	35	30	35	95	54	41	58	24	39	42	86	91
	10	59	80	45	26	25	53	49	96	72	73	81
	89	21	28	83	73	64	19	46	66	88	38	91
	41	83	12	58	41	88	80	58	79	31	85	72
	16	52	39	71	95	80	55	83	46	22	18	38
	40	39	36	92	48	35	38	95	58	36	31	18
	89	30	53	51	57	64	33	70	66	91	80	40

	17	76	51	91	60	53	98	65	41	29	39	44
	50	26	93	37	50	80	73	32	64	63	29	80
	81	97	71	79	20	64	96	65	51	97	90	84
	18	64	60	88	64	89	93	50	39	54	88	61
	14	80	63	54	15	95	35	28	37	43	54	95
	11	61	52	36	78	74	14	61	71	28	13	41
	85	82	93	85	62	46	14	84	30	78	56	46
	15	86	39	94	60	73	87	51	80	28	20	37
	25	100	43	83	98	72	29	92	81	26	92	64
	19	53	90	87	35	66	50	79	49	50	19	73
	74	26	17	86	89	20	87	70	62	92	27	85
	99	83	77	79	82	91	31	87	78	28	96	74
	78	76	14	17	97	82	36	24	70	99	16	32
	12	37	12	70	96	15	65	57	61	59	68	47
	50	94	21	62	32	64	77	55	55	91	21	28
	63	41	73	51	51	31	32	83	75	43	84	32
	16	39	63	74	39	30	18	88	62	83	25	84
	36	35	83	47	89	84	42	39	87	70	69	19
	82	20	58	57	99	26	11	69	38	87	36	75
	68	97	52	23	57	54	98	10	99	62	18	12
	49	70	41	23	62	63	68	15	10	38	74	27
	47	71	86	48	11	37	81	32	17	38	65	99
	62	40	21	65	51	16	57	81	60	94	84	40
	88	40	30	18	13	76	95	71	44	97	43	48
	73	38	87	40	83	19	40	86	77	53	40	14
	76	29	84	92	67	63	24	25	33	23	26	41
	94	42	65	51	62	68	83	43	91	32	23	79
	63	67	31	13	74	40	91	77	90	43	70	34
	35	47	19	60	28	99	93	33	39	55	42	36
	85	42	39	49	99	28	56	64	76	17	75	40

