***** PARAMETERS PRP *****

Number of Customers = 30
Number of Products = 10
Number of Vehicles = 5
Number of Periods = 12

B = Production capacity
	49393

b_p = Time required to produce item p
 	1	1	1	1	1	1	1	1	1	1

c_p = Production cost of item p
 	80	30	30	80	80	30	80	30	80	80

s_p = Setup cost of item p
 	800	300	300	800	800	300	800	300	800	800

M = Big number
	197571

U_pi = Maximum inventory upper bound of item p at site i
 	197571	127	179	144	206	164	246	252	185	277	189	241	115	97	270	235	273	291	328	218	245	103	136	146	88	140	96	105	173	173	206
	197571	175	171	187	179	315	228	92	98	115	188	281	128	181	208	215	229	253	320	174	182	187	185	243	119	200	273	128	269	259	172
	197571	196	230	141	217	128	121	231	92	176	107	107	155	85	302	176	125	131	203	120	242	278	305	102	170	392	158	78	158	178	255
	197571	221	258	178	210	159	160	107	122	125	100	128	120	113	98	158	276	283	169	283	256	312	165	212	282	105	238	275	127	103	136
	197571	296	219	188	148	227	230	185	201	297	320	231	318	272	141	125	211	121	326	156	190	326	160	351	144	193	166	127	158	273	285
	197571	200	247	168	212	119	326	186	109	182	252	172	95	132	137	97	164	140	156	157	294	388	80	125	176	301	249	177	100	262	188
	197571	160	148	149	220	319	177	235	181	204	185	160	81	216	214	108	244	92	115	261	302	100	124	300	116	111	139	256	240	246	117
	197571	105	312	294	132	173	139	117	198	166	141	178	299	214	186	163	165	157	176	200	179	146	224	117	136	203	214	317	291	139	231
	197571	203	119	270	270	250	192	246	179	259	322	90	283	191	233	275	264	259	290	90	279	111	137	95	164	270	156	222	168	243	159
	197571	104	108	142	218	108	123	106	186	160	214	376	118	288	132	186	177	168	78	150	160	338	159	101	295	141	181	122	94	310	103

I_pi0 = Initial inventory of item p at site i
 	0	71	142	82	113	19	156	83	122	268	108	50	82	64	150	51	96	37	324	188	186	84	104	63	88	131	78	80	156	106	11
	0	52	94	186	173	84	110	85	35	34	14	223	56	137	99	95	114	94	95	64	113	146	98	202	58	126	39	109	62	90	154
	0	193	39	99	155	91	97	165	30	94	73	65	105	83	43	111	51	126	25	82	204	56	112	71	83	274	53	70	122	76	191
	0	158	122	142	201	111	81	107	99	13	59	82	54	104	88	43	161	117	120	231	105	123	66	88	281	63	151	194	83	33	130
	0	165	196	67	81	181	21	142	173	95	183	71	197	87	132	121	158	77	195	116	152	267	136	119	110	84	77	17	104	238	165
	0	47	138	107	205	83	113	151	28	132	169	146	48	114	83	70	14	112	43	88	133	191	72	101	64	93	95	100	85	58	90
	0	104	77	137	65	81	142	125	95	28	145	144	65	178	176	94	213	73	83	129	280	93	70	263	45	73	70	19	134	106	86
	0	77	154	93	115	83	125	82	153	96	73	175	186	38	156	95	151	87	137	60	50	131	71	55	57	49	187	95	284	113	186
	0	110	92	106	121	83	11	114	71	106	127	87	150	95	39	176	155	60	87	12	151	50	75	68	64	165	143	114	124	151	110
	0	49	101	81	82	62	98	84	162	106	185	328	90	69	99	185	153	165	33	97	91	177	108	96	56	119	78	94	72	168	76

h_pi = Inventory cost of item p at site i
 	8	7	2	5	3	9	7	3	8	9	4	6	9	2	6	7	3	4	5	7	5	4	3	2	9	2	2	4	9	5	9
	3	5	9	7	8	9	1	4	7	3	9	6	4	4	4	6	4	2	5	1	9	9	1	6	1	2	7	1	7	3	8
	3	3	7	8	1	9	9	9	2	5	6	5	4	5	6	6	5	3	9	7	8	6	1	8	5	2	3	8	6	1	5
	8	3	7	2	5	4	9	4	2	1	7	1	9	8	9	6	6	7	8	4	2	3	6	9	7	8	1	3	9	2	4
	8	2	8	7	6	8	9	6	9	7	8	8	7	7	5	2	8	3	6	8	8	1	3	2	6	2	8	2	5	1	1
	3	9	5	4	3	9	5	7	1	1	6	3	8	6	1	5	5	2	6	4	8	6	5	2	2	9	9	6	9	1	7
	8	5	8	1	6	9	5	8	7	9	7	3	8	3	9	6	3	8	2	1	8	6	4	9	3	8	3	9	8	4	5
	3	7	6	9	5	5	8	1	3	6	7	6	6	2	7	2	6	4	6	6	4	6	6	4	4	6	7	2	8	7	7
	8	1	2	6	1	2	7	7	8	7	7	1	6	6	6	9	9	6	9	6	5	2	3	6	9	1	4	3	1	7	3
	8	9	3	6	6	2	7	7	2	8	1	9	4	4	5	8	8	7	6	9	1	7	6	7	9	3	5	8	6	7	6

C = Vehicle capacity
	3920

f = Fixed transportation cost
	32426

a_ik = Transportation cost for traveling from node i to node k
 	0	19	305	295	338	383	577	574	369	258	344	225	341	393	631	409	240	206	317	461	419	429	452	615	217	657	411	734	584	290	250
	19	0	297	280	320	373	565	565	369	270	326	237	349	379	621	391	222	199	333	445	416	411	440	606	231	640	395	717	565	286	245
	305	297	0	455	318	93	299	274	652	557	407	528	645	176	336	447	241	463	599	266	688	418	182	314	511	497	251	551	481	558	65
	295	280	455	0	219	486	611	659	299	410	128	371	401	419	692	179	223	157	508	433	294	237	505	696	406	533	374	619	422	206	435
	338	320	318	219	0	313	399	460	509	552	109	512	581	219	484	130	107	331	636	215	512	105	306	495	529	337	158	420	247	410	330
	383	373	93	486	313	0	206	192	713	640	414	608	720	117	249	442	263	520	687	198	742	401	91	233	596	426	203	472	428	615	157
	577	565	299	611	399	206	0	110	875	834	507	801	905	198	92	509	402	682	888	188	892	448	126	122	793	322	242	333	384	775	363
	574	565	274	659	460	192	110	0	902	829	569	799	912	243	71	581	439	708	872	269	927	526	155	41	784	431	311	442	485	803	336
	369	369	652	299	509	713	875	902	0	255	427	236	161	678	947	474	474	194	346	712	73	535	757	942	291	832	653	918	720	101	608
	258	270	557	410	552	640	834	829	255	0	515	41	125	647	888	577	472	254	102	709	327	620	709	870	54	887	656	968	796	252	498
	344	326	407	128	109	414	507	569	427	515	0	475	522	326	593	66	169	270	607	322	420	110	414	604	502	406	266	492	295	333	405
	225	237	528	371	512	608	801	799	236	41	475	0	130	612	856	537	434	215	138	672	306	580	676	840	55	847	618	929	756	220	471
	341	349	645	401	581	720	905	912	161	125	522	130	0	711	966	578	519	253	196	762	230	631	781	953	175	916	705	1001	814	204	591
	393	379	176	419	219	117	198	243	678	647	326	612	711	0	274	343	204	485	709	90	696	294	88	279	610	321	87	378	313	577	226
	631	621	336	692	484	249	92	71	947	888	593	856	966	274	0	598	477	753	934	278	968	538	190	48	844	402	329	401	473	847	399
	409	391	447	179	130	442	509	581	474	577	66	537	578	343	598	0	218	329	671	321	459	69	429	613	566	366	271	452	248	384	452
	240	222	241	223	107	263	402	439	474	472	169	434	519	204	477	218	0	283	548	244	492	210	288	477	443	419	187	498	346	374	237
	206	199	463	157	331	520	682	708	194	254	270	215	253	485	753	329	283	0	353	524	226	379	564	748	254	665	465	749	562	96	423
	317	333	599	508	636	687	888	872	346	102	607	138	196	709	934	671	548	353	0	777	418	710	763	912	107	967	727	1046	882	353	537
	461	445	266	433	215	198	188	269	712	709	322	672	762	90	278	321	244	524	777	0	722	261	133	297	675	232	60	290	235	611	315
	419	416	688	294	512	742	892	927	73	327	420	306	230	696	968	459	492	226	418	722	0	524	779	967	361	823	662	909	706	131	648
	429	411	418	237	105	401	448	526	535	620	110	580	631	294	538	69	210	379	710	261	524	0	377	556	603	300	215	386	186	442	433
	452	440	182	505	306	91	126	155	757	709	414	676	781	88	190	429	288	564	763	133	779	377	0	192	668	346	162	386	367	658	244
	615	606	314	696	495	233	122	41	942	870	604	840	953	279	48	613	477	748	912	297	967	556	192	0	824	441	343	445	505	843	376
	217	231	511	406	529	596	793	784	291	54	502	55	175	610	844	566	443	254	107	675	361	603	668	824	0	861	623	940	775	271	451
	657	640	497	533	337	426	322	431	832	887	406	847	916	321	402	366	419	665	967	232	823	300	346	441	861	0	259	87	125	736	545
	411	395	251	374	158	203	242	311	653	656	266	618	705	87	329	271	187	465	727	60	662	215	162	343	623	259	0	327	231	552	292
	734	717	551	619	420	472	333	442	918	968	492	929	1001	378	401	452	498	749	1046	290	909	386	386	445	940	87	327	0	208	822	604
	584	565	481	422	247	428	384	485	720	796	295	756	814	313	473	248	346	562	882	235	706	186	367	505	775	125	231	208	0	627	518
	290	286	558	206	410	615	775	803	101	252	333	220	204	577	847	384	374	96	353	611	131	442	658	843	271	736	552	822	627	0	518
	250	245	65	435	330	157	363	336	608	498	405	471	591	226	399	452	237	423	537	315	648	433	244	376	451	545	292	604	518	518	0

coordXY = Coordinates (x,y): line zero => x line one => y column => customers
 	400	386	474	107	161	439	373	482	148	402	93	379	298	323	447	40	257	214	492	249	76	58	381	490	433	52	237	47	15	166	490
	338	350	633	365	577	719	914	906	69	81	492	114	13	723	967	530	530	251	35	773	73	596	789	946	124	895	715	981	776	168	571

d_pit = Demand of item p at customer i in period t
 	71	65	36	56	23	13	12	42	23	47	37	84
	73	69	33	95	69	52	88	19	56	73	47	41
	82	92	69	52	42	70	71	78	34	89	91	92
	27	86	25	30	66	40	83	27	52	85	37	61
	19	24	99	20	73	73	51	65	16	97	75	44
	77	28	51	91	57	17	28	26	69	60	46	40
	31	52	11	26	50	92	84	58	15	61	41	83
	81	41	52	73	58	57	79	78	59	18	92	50
	98	93	77	30	85	47	86	78	68	41	92	36
	84	24	91	18	48	25	95	47	59	14	32	31
	50	54	73	16	51	26	30	55	59	14	68	82
	48	34	93	43	23	65	97	43	57	73	48	64
	44	20	78	83	70	40	11	49	37	59	44	45
	11	62	77	52	64	47	67	94	82	50	11	32
	22	29	51	97	78	31	17	76	16	38	42	66
	60	36	77	25	78	100	68	41	82	98	62	91
	37	93	39	71	50	75	42	37	68	87	17	82
	83	83	67	91	63	69	80	61	55	33	79	22
	99	89	53	31	85	20	57	57	27	42	76	18
	78	74	34	28	41	73	76	66	20	98	47	100
	22	62	76	17	97	75	55	49	24	31	57	53
	34	50	20	62	11	53	18	48	96	41	61	48
	63	40	73	26	55	27	15	33	53	83	97	19
	32	56	62	36	27	76	77	33	32	34	16	44
	77	54	86	65	42	73	35	70	89	97	91	59
	78	40	53	56	72	45	93	34	37	32	22	16
	80	57	48	47	24	85	87	23	10	64	93	13
	85	15	56	55	46	94	56	69	51	71	26	67
	12	94	72	26	88	94	40	55	67	32	43	69
	11	92	64	13	59	97	37	49	62	28	75	32

	13	39	88	17	96	92	71	26	29	28	15	12
	83	11	31	32	14	51	46	92	17	54	26	57
	20	87	79	24	14	97	17	15	46	99	49	13
	72	62	39	44	84	81	13	49	76	48	84	62
	61	23	13	14	89	82	66	89	60	99	92	69
	28	13	27	42	36	81	32	76	79	68	29	37
	10	28	47	63	86	18	37	52	21	62	51	76
	35	57	74	18	18	29	52	25	10	10	12	50
	34	94	53	88	74	44	58	38	51	23	75	59
	14	65	73	78	27	46	79	66	96	35	88	85
	92	49	82	74	22	70	18	41	65	84	33	45
	56	52	97	79	61	96	43	88	36	21	66	74
	40	97	46	79	16	47	31	86	100	71	72	40
	99	63	88	12	46	92	79	65	96	43	55	94
	95	54	12	47	28	60	42	81	11	91	89	34
	22	92	21	54	29	62	44	58	91	89	58	68
	94	97	64	47	20	95	45	29	13	13	36	55
	95	98	25	63	58	97	77	27	33	74	62	60
	64	95	84	12	63	34	85	39	42	54	39	86
	26	38	49	59	22	70	65	32	34	41	86	24
	41	20	85	76	54	24	33	40	11	74	30	72
	98	46	36	93	59	52	43	87	56	97	49	23
	60	75	47	20	95	45	57	52	58	83	70	67
	58	74	61	94	85	15	84	82	15	45	71	29
	33	36	14	43	91	20	99	47	18	60	57	82
	39	81	78	27	65	71	30	85	70	11	12	85
	27	82	95	58	31	65	68	33	54	97	98	61
	22	40	51	21	74	64	82	43	28	67	81	72
	56	34	87	42	89	13	89	77	23	15	31	66
	76	78	72	12	26	66	63	45	79	49	27	93

	57	68	14	54	91	16	23	34	85	25	62	58
	39	69	99	67	42	21	27	45	43	24	40	36
	99	24	15	44	28	57	19	93	95	37	27	26
	74	29	52	71	45	39	51	42	97	41	97	13
	91	68	99	95	53	36	58	76	60	28	37	69
	97	46	38	78	27	83	67	58	44	43	53	91
	97	68	42	25	57	25	54	70	37	97	50	71
	30	66	47	43	82	45	44	33	31	29	30	70
	94	16	96	91	16	48	45	20	37	84	95	60
	63	10	99	30	88	86	43	96	12	68	25	20
	65	76	15	66	68	30	79	12	36	89	81	24
	45	60	49	97	43	45	84	59	20	17	54	46
	38	35	10	19	37	26	31	75	72	46	73	49
	43	14	84	99	99	53	98	45	83	21	68	18
	92	19	16	97	12	71	73	35	56	71	91	69
	51	93	78	89	76	66	34	66	40	89	16	49
	88	38	99	71	30	87	94	84	25	54	92	23
	25	21	52	88	70	34	87	81	19	33	34	64
	82	94	78	67	85	31	90	27	56	16	61	33
	86	37	48	33	91	73	76	83	53	15	40	92
	56	77	33	17	58	36	64	86	93	65	73	10
	37	75	73	50	33	90	64	78	34	52	96	51
	71	62	30	32	44	87	47	95	10	22	63	49
	57	26	17	48	14	45	18	21	40	30	43	49
	42	97	40	95	87	79	96	100	41	98	92	74
	53	52	59	70	17	98	26	44	26	70	98	19
	22	48	47	36	10	29	11	47	50	37	77	52
	40	30	52	71	84	47	85	19	52	37	66	49
	76	72	37	53	38	87	27	99	61	54	11	96
	47	44	100	84	31	68	25	98	72	84	51	61

	18	81	59	86	37	59	35	22	45	30	43	15
	83	39	23	24	78	50	71	40	53	55	25	79
	53	89	32	54	26	35	43	31	55	61	36	18
	63	66	72	30	48	98	56	31	50	44	12	59
	17	94	54	19	95	62	38	67	24	50	16	99
	81	90	96	33	29	18	53	17	39	92	76	16
	13	94	42	17	83	66	23	17	97	42	90	55
	77	22	99	23	92	28	59	34	81	77	40	99
	13	20	48	87	76	80	42	53	33	13	15	19
	59	77	77	12	39	15	13	62	53	93	51	48
	82	41	18	11	63	25	35	60	44	72	37	22
	54	80	28	61	42	84	56	11	89	64	80	70
	23	81	47	79	30	72	95	60	26	79	59	26
	88	42	80	18	60	29	41	53	21	25	52	80
	43	47	99	69	34	52	31	23	49	52	67	67
	66	43	24	28	95	57	34	59	92	39	89	36
	35	82	39	77	71	67	12	30	93	56	85	31
	52	68	54	66	38	13	60	95	21	48	98	61
	99	69	63	67	31	19	75	19	47	85	35	69
	68	37	84	32	39	95	58	84	74	31	99	66
	45	78	67	92	59	47	60	64	88	21	51	76
	46	20	85	81	12	81	51	84	21	93	52	34
	88	27	95	15	29	26	33	71	53	66	52	80
	88	95	51	47	80	25	38	37	26	91	74	24
	63	42	59	83	31	50	21	80	50	42	91	18
	88	63	98	32	45	17	72	62	35	73	28	100
	77	81	36	58	89	13	68	15	61	78	20	64
	83	70	68	77	41	34	93	89	34	36	58	80
	22	11	11	24	53	88	14	24	16	55	63	30
	95	35	76	24	18	36	44	34	37	36	90	20

	38	91	36	63	94	63	64	21	34	89	64	54
	28	75	93	74	14	46	19	88	83	12	32	92
	16	31	20	83	94	21	47	69	92	12	36	42
	81	44	22	27	60	33	71	28	12	53	72	90
	90	46	45	10	15	98	21	87	42	88	91	47
	21	63	38	13	17	16	77	34	86	48	59	80
	88	54	37	43	45	49	71	20	97	76	80	81
	71	17	85	21	41	86	62	81	28	51	38	21
	95	36	84	60	35	87	22	76	36	70	56	55
	96	41	46	86	30	81	79	91	80	69	49	20
	71	78	99	88	32	85	27	59	94	26	15	18
	62	18	78	39	58	85	71	93	15	98	60	86
	87	16	72	64	44	92	84	64	35	95	90	72
	40	46	46	58	15	18	61	18	14	78	80	88
	58	50	13	28	63	13	35	62	39	53	69	17
	57	57	44	94	64	67	30	64	91	91	88	98
	56	21	71	22	61	16	35	66	46	16	60	13
	96	33	66	92	58	87	66	15	69	66	75	60
	25	33	58	66	49	89	31	74	53	36	68	40
	60	45	47	91	56	40	17	28	51	77	41	18
	31	78	89	69	29	97	78	76	38	97	77	23
	46	72	18	25	31	92	69	83	27	97	28	50
	92	27	61	92	79	67	86	88	81	48	67	54
	54	42	14	65	28	62	14	82	46	74	76	17
	51	33	28	54	91	15	42	17	96	37	79	36
	77	94	52	12	17	20	98	97	75	36	37	48
	17	60	26	70	61	85	94	67	82	49	56	97
	18	25	61	63	24	81	13	29	56	65	98	99
	77	61	100	97	55	95	32	12	83	46	90	70
	37	30	20	78	75	57	42	84	22	68	85	85

	47	26	45	38	73	11	37	83	62	85	26	67
	36	36	66	64	66	30	63	30	20	36	72	73
	59	13	21	14	64	52	32	21	36	66	92	33
	100	49	56	44	34	33	19	54	44	61	62	79
	21	62	44	23	85	95	77	83	83	51	12	80
	76	37	86	88	76	40	38	38	99	100	21	83
	42	75	34	80	91	95	21	72	59	56	35	85
	14	14	85	71	86	30	71	36	27	81	88	49
	95	37	74	20	23	80	58	27	44	32	41	16
	33	48	12	76	38	97	65	71	74	28	22	41
	60	86	88	24	99	20	21	38	52	36	88	74
	25	23	83	52	47	71	53	22	71	15	86	20
	77	37	82	74	21	76	85	100	58	37	61	84
	83	81	75	52	67	97	42	85	53	46	69	74
	70	79	14	98	22	42	31	92	17	22	38	54
	14	88	77	71	46	71	30	32	47	75	10	95
	28	48	36	51	15	66	73	54	56	48	51	32
	43	95	53	46	80	51	84	39	26	39	24	45
	39	14	35	91	44	57	71	84	26	89	18	59
	52	81	94	64	70	27	43	83	37	59	43	53
	98	93	80	68	80	95	98	52	91	70	96	10
	20	12	40	35	14	65	65	24	23	25	57	99
	63	20	18	64	68	16	26	49	39	55	12	70
	64	79	19	13	27	39	37	98	18	21	15	98
	17	26	50	67	96	87	77	97	36	68	27	75
	74	21	14	99	90	29	82	37	16	30	12	94
	15	11	47	27	34	81	46	77	11	88	60	33
	10	75	36	66	24	12	53	82	62	70	54	57
	58	36	99	38	73	68	76	73	79	81	14	92
	90	48	61	45	94	49	18	92	65	56	74	61

	31	73	15	59	46	91	31	61	43	53	59	79
	77	99	83	96	79	98	37	59	50	41	83	87
	46	11	52	28	72	23	29	82	71	27	84	70
	13	52	35	63	55	67	27	67	21	85	82	92
	81	56	77	19	89	68	27	67	87	44	76	75
	31	47	64	97	45	11	13	93	90	92	26	99
	18	58	49	77	66	66	88	33	27	65	65	93
	19	28	48	42	31	40	25	62	24	81	63	80
	13	15	38	53	14	37	67	41	63	98	80	94
	34	24	66	21	54	68	43	70	72	12	21	69
	89	55	18	26	34	61	31	71	28	99	70	56
	65	27	35	91	34	20	21	50	12	37	35	58
	29	41	54	54	92	78	29	43	69	30	95	35
	69	30	77	86	90	23	13	16	36	79	78	45
	94	13	62	64	71	13	11	87	97	19	54	62
	91	55	67	84	42	81	73	32	22	100	47	38
	24	49	86	21	37	40	11	96	10	62	42	76
	17	66	60	70	80	73	28	84	28	90	31	60
	40	89	44	68	22	85	92	54	20	74	94	100
	48	92	89	51	76	52	99	36	51	24	23	84
	68	25	34	84	51	41	10	22	43	35	94	95
	70	46	79	79	19	30	75	89	45	30	85	95
	77	61	87	38	28	35	59	82	44	92	98	19
	45	71	53	37	85	89	37	67	70	59	22	58
	25	48	65	75	55	85	23	52	80	57	85	14
	70	23	56	26	68	25	34	61	15	85	49	43
	19	82	82	52	57	83	76	40	75	95	67	40
	49	67	18	100	72	64	36	88	51	72	42	61
	43	63	98	33	40	11	83	84	19	94	70	100
	86	47	27	38	59	94	42	75	47	47	61	79

	77	75	37	52	77	23	84	62	29	26	48	37
	63	91	93	31	38	63	94	44	60	32	48	92
	93	58	11	73	56	92	92	73	22	85	21	29
	10	74	31	29	51	46	23	23	78	34	88	42
	83	53	53	44	25	39	53	82	22	69	95	73
	35	90	91	32	72	53	89	89	91	63	87	43
	18	64	94	11	55	79	29	58	73	94	49	75
	36	42	55	20	27	100	31	94	66	67	21	36
	96	65	60	53	52	30	56	76	16	70	22	69
	73	96	95	37	79	41	73	58	52	66	96	82
	71	39	65	72	87	62	56	54	47	77	29	54
	57	79	50	80	96	90	24	38	30	68	68	37
	38	89	85	30	31	19	24	50	17	99	64	95
	20	34	25	77	99	28	47	30	41	85	52	19
	76	19	31	93	87	46	94	45	42	48	22	50
	41	83	10	17	21	73	94	31	92	56	45	97
	87	76	11	56	63	55	39	11	86	21	56	66
	62	44	21	10	96	85	97	49	44	47	97	51
	60	57	27	74	14	82	100	14	46	45	15	65
	50	57	35	39	60	45	33	50	12	43	28	84
	91	40	43	55	55	22	43	55	15	28	76	59
	71	14	93	23	58	57	12	43	17	85	14	50
	55	80	48	39	28	16	98	67	62	33	89	86
	57	83	84	94	50	65	84	53	70	49	98	29
	23	26	36	64	35	35	88	71	59	89	49	34
	55	74	58	51	20	12	67	65	28	37	14	33
	21	63	11	71	30	65	93	72	93	72	87	82
	43	68	92	81	83	35	26	91	91	79	90	93
	76	37	75	21	78	18	83	97	81	92	89	88
	77	27	82	60	41	51	35	13	48	83	89	86

	16	34	40	20	53	17	98	93	52	55	79	51
	71	21	28	95	46	62	83	67	90	37	51	61
	91	15	92	16	67	39	88	30	32	73	86	19
	20	20	81	51	95	51	75	27	81	97	22	28
	39	44	35	16	11	66	44	80	71	62	47	86
	11	21	57	13	35	27	79	59	52	57	83	82
	65	49	14	56	56	23	16	80	86	61	24	61
	71	56	78	34	18	31	41	17	35	51	45	60
	27	49	30	20	34	98	79	87	18	33	99	48
	49	78	12	95	83	96	45	98	62	50	79	25
	87	20	34	28	16	31	58	26	49	93	75	23
	73	27	50	81	82	85	27	39	16	40	86	72
	68	27	94	93	67	70	25	91	39	43	88	58
	39	48	47	45	49	82	71	71	31	26	98	93
	89	87	56	80	95	98	68	40	53	28	88	44
	39	26	16	74	94	50	54	69	95	84	13	19
	47	13	29	67	58	93	33	85	34	75	24	63
	87	74	66	58	71	16	84	62	38	85	12	44
	12	77	79	21	80	16	32	33	55	79	20	37
	74	16	61	81	26	80	100	11	51	18	99	52
	50	96	66	16	37	85	39	36	81	49	71	39
	75	87	51	65	12	13	29	16	85	11	63	39
	68	77	23	42	100	14	35	32	90	48	27	14
	21	43	61	63	65	54	74	69	24	48	49	83
	20	61	84	43	65	29	58	20	53	52	85	77
	47	14	82	66	19	97	74	11	22	60	50	83
	55	18	41	98	66	36	52	75	54	12	62	96
	48	76	64	26	43	87	50	24	62	50	46	96
	74	77	11	60	80	64	85	56	92	25	77	29
	76	34	75	96	62	39	50	38	55	15	70	26

	34	15	95	72	91	15	51	42	56	66	30	57
	52	32	17	44	77	31	78	36	45	70	87	79
	81	42	96	49	51	19	28	18	17	98	43	24
	18	17	22	25	50	48	76	36	71	51	62	46
	62	53	19	38	18	86	92	11	25	81	84	79
	98	61	51	16	52	94	76	81	25	24	90	69
	84	55	31	48	38	36	61	50	30	19	89	94
	76	86	48	62	21	38	67	50	86	53	93	65
	16	69	21	41	83	82	27	94	75	49	31	53
	39	24	27	95	51	92	29	16	48	54	81	87
	61	94	96	77	21	94	99	88	82	50	98	42
	90	93	56	24	74	21	67	24	56	24	83	97
	15	18	36	77	74	61	92	68	32	75	57	86
	68	31	88	41	64	73	78	70	32	82	67	97
	85	100	73	64	74	85	61	47	13	44	58	39
	99	40	14	21	34	66	88	78	84	23	85	77
	30	59	76	31	75	19	17	30	76	61	21	10
	18	15	26	60	27	40	16	90	23	29	93	32
	97	68	11	63	54	49	63	20	47	87	16	24
	54	37	91	88	27	27	58	54	80	29	13	81
	85	92	52	88	57	89	24	35	96	34	59	99
	34	74	100	26	38	49	30	97	62	33	67	26
	77	19	14	26	74	67	51	68	84	44	72	11
	12	44	82	66	53	13	89	90	96	49	99	15
	16	51	52	24	70	22	65	27	75	69	34	60
	78	34	36	99	84	35	38	55	65	75	37	89
	94	55	82	52	38	35	80	14	74	30	81	97
	21	51	46	45	41	90	41	14	13	64	73	66
	80	88	98	46	91	61	59	24	80	42	31	44
	11	65	33	86	41	17	93	47	38	55	60	70

