***** PARAMETERS PRP *****

Number of Customers = 30
Number of Products = 10
Number of Vehicles = 5
Number of Periods = 12

B = Production capacity
	48841

b_p = Time required to produce item p
 	1	1	1	1	1	1	1	1	1	1

c_p = Production cost of item p
 	30	30	80	30	80	80	30	80	80	80

s_p = Setup cost of item p
 	300	300	800	300	800	800	300	800	800	800

M = Big number
	195364

U_pi = Maximum inventory upper bound of item p at site i
 	195364	218	234	115	90	115	254	117	281	128	251	169	108	182	99	165	112	231	241	299	82	102	104	108	177	260	166	244	251	295	107
	195364	236	273	102	174	95	108	127	107	108	251	192	321	162	168	238	205	168	254	162	159	94	223	147	221	172	164	144	213	187	164
	195364	294	259	242	272	167	226	281	341	150	146	160	191	278	262	247	191	177	105	234	169	188	289	280	253	211	109	187	168	108	295
	195364	101	119	183	123	177	265	303	270	173	178	209	234	101	234	90	99	278	247	283	237	170	299	246	179	247	195	125	123	231	247
	195364	136	243	318	245	190	92	150	96	278	256	111	195	158	109	98	122	309	129	162	140	150	230	108	241	274	140	202	326	193	206
	195364	182	206	233	130	198	229	137	122	255	104	107	292	130	219	121	191	120	112	130	102	116	281	291	221	133	117	275	328	161	202
	195364	115	94	230	264	195	214	102	116	231	252	143	216	95	223	201	214	179	259	108	262	242	262	267	113	322	185	200	119	232	141
	195364	213	331	230	141	113	293	171	293	222	138	152	229	147	232	169	126	177	98	215	123	165	225	107	360	105	172	102	236	225	139
	195364	186	123	241	195	213	184	177	128	167	326	162	233	231	200	242	260	154	181	290	220	171	249	101	106	232	137	104	248	138	231
	195364	277	122	345	285	223	176	102	305	243	106	156	95	257	97	104	153	223	134	298	159	283	175	92	156	217	109	119	218	311	339

I_pi0 = Initial inventory of item p at site i
 	0	58	139	104	65	26	134	75	186	68	138	132	91	116	47	134	70	158	98	97	56	55	11	69	142	38	70	108	193	218	61
	0	191	267	85	85	65	93	76	93	35	118	159	33	127	80	97	89	144	209	103	115	35	165	72	149	69	89	81	58	105	146
	0	174	248	82	99	146	179	41	141	115	61	88	67	56	225	118	132	144	66	59	162	19	98	105	125	169	96	78	129	28	73
	0	60	59	140	81	160	29	98	90	160	149	160	32	66	91	72	98	107	27	195	71	102	125	130	96	98	40	63	36	214	61
	0	83	131	276	102	109	41	32	34	52	221	93	121	82	16	83	24	68	89	132	72	25	16	85	164	21	140	11	211	160	95
	0	81	27	92	92	142	73	17	118	154	36	79	138	94	160	82	85	73	99	119	28	87	124	210	100	17	106	135	259	134	161
	0	73	30	84	160	157	113	38	22	159	87	122	66	75	48	141	15	49	65	89	30	234	239	70	103	154	124	171	78	172	71
	0	143	92	225	31	95	24	58	105	183	134	100	92	36	194	28	16	79	77	210	102	151	163	55	213	70	92	66	76	82	83
	0	67	71	197	165	198	96	160	96	124	174	12	26	177	164	92	202	106	12	18	132	145	129	55	43	45	17	102	56	113	207
	0	160	100	124	94	177	167	76	145	162	11	130	94	228	38	97	128	107	103	238	142	75	95	83	47	198	82	31	122	205	77

h_pi = Inventory cost of item p at site i
 	3	6	2	5	2	6	5	1	7	9	4	6	2	5	8	3	4	1	3	5	3	9	2	6	8	7	3	4	1	8	3
	3	5	5	5	3	9	6	6	8	4	2	4	6	5	3	8	2	8	9	6	3	1	9	6	7	7	9	7	1	1	1
	8	4	1	3	7	2	8	3	1	7	3	7	7	6	5	8	1	7	8	1	2	3	6	4	5	2	1	9	1	9	4
	3	7	5	1	1	8	9	2	4	1	8	8	2	6	4	7	2	8	7	2	8	6	9	4	1	7	7	8	5	9	6
	8	1	8	5	7	7	3	2	5	6	9	7	8	6	7	7	8	3	2	6	5	2	7	2	6	5	4	5	5	6	3
	8	2	9	9	3	4	5	1	8	6	8	1	5	2	3	6	7	5	3	7	7	1	5	3	8	8	6	6	5	4	5
	3	3	6	6	2	8	3	6	9	3	3	5	1	2	5	6	6	9	8	6	5	8	4	9	9	7	3	7	2	4	7
	8	8	6	6	6	5	2	6	6	4	7	1	8	7	5	6	2	9	9	6	1	7	6	4	9	9	5	6	9	1	1
	8	3	3	7	4	9	3	2	3	6	3	3	5	7	9	2	1	2	6	9	4	6	3	5	8	9	4	6	1	8	2
	8	5	9	9	1	8	2	5	1	2	9	1	9	3	4	3	6	1	8	2	2	7	2	4	4	1	2	2	4	7	3

C = Vehicle capacity
	3600

f = Fixed transportation cost
	29760

a_ik = Transportation cost for traveling from node i to node k
 	0	593	242	455	674	316	331	738	311	120	398	793	528	560	138	221	206	560	726	104	481	900	57	356	270	538	50	607	886	207	910
	593	0	364	207	218	282	413	230	408	588	352	254	176	212	458	663	395	203	136	494	194	309	593	385	592	259	567	234	295	553	319
	242	364	0	277	488	121	281	542	141	226	193	588	287	321	106	385	36	321	499	138	302	672	259	284	365	306	208	438	651	208	682
	455	207	277	0	220	158	210	284	386	488	377	341	294	343	336	476	295	337	307	371	27	474	439	180	395	370	443	161	481	485	484
	674	218	488	220	0	373	394	75	576	705	541	137	389	428	555	672	509	420	200	590	193	314	655	361	579	473	662	81	351	694	323
	316	282	121	158	373	0	202	431	244	333	261	482	266	312	186	394	138	309	411	222	183	586	312	192	341	317	296	318	576	328	596
	331	413	281	210	394	202	0	467	422	410	457	528	456	504	265	279	272	500	516	288	230	680	294	34	188	515	341	316	690	448	690
	738	230	542	284	75	431	467	0	618	763	574	63	406	439	615	745	566	431	165	651	258	247	723	434	653	487	724	155	292	746	255
	311	408	141	386	576	244	422	618	0	236	93	656	272	285	207	498	159	289	540	221	407	703	348	423	495	250	264	539	667	163	712
	120	588	226	488	705	333	410	763	236	0	328	812	490	513	155	340	198	515	724	124	514	896	176	429	384	482	79	647	872	95	906
	398	352	193	377	541	261	457	574	93	328	0	605	195	200	282	573	221	204	477	303	393	632	431	452	557	159	352	517	591	254	641
	793	254	588	341	137	482	528	63	656	812	605	0	427	454	667	806	614	446	156	703	314	192	779	495	715	505	776	218	246	790	199
	528	176	287	294	389	266	456	406	272	490	195	427	0	51	393	653	323	45	287	424	297	438	544	437	607	85	490	389	397	432	447
	560	212	321	343	428	312	504	439	285	513	200	454	51	0	427	695	357	9	308	456	346	445	580	486	652	52	520	433	397	448	453
	138	458	106	336	555	186	265	615	207	155	282	667	393	427	0	292	71	427	592	37	362	766	154	280	292	410	111	494	749	183	776
	221	663	385	476	672	394	279	745	498	340	573	806	653	695	292	0	353	693	781	279	500	950	166	312	105	688	266	594	953	425	960
	206	395	36	295	509	138	272	566	159	198	221	614	323	357	71	353	0	357	530	103	320	704	223	278	338	341	174	455	684	193	714
	560	203	321	337	420	309	500	431	289	515	204	446	45	9	427	693	357	0	300	457	339	438	579	481	649	60	521	425	391	451	447
	726	136	499	307	200	411	516	165	540	724	477	156	287	308	592	781	530	300	0	627	286	175	723	485	702	359	701	259	175	687	185
	104	494	138	371	590	222	288	651	221	124	303	703	424	456	37	279	103	457	627	0	397	802	129	306	292	437	75	529	785	168	812
	481	194	302	27	193	183	230	258	407	514	393	314	297	346	362	500	320	339	286	397	0	451	465	199	417	376	470	136	461	509	461
	900	309	672	474	314	586	680	247	703	896	632	192	438	445	766	950	704	438	175	802	451	0	897	648	867	496	875	391	77	855	11
	57	593	259	439	655	312	294	723	348	176	431	779	544	580	154	166	223	579	723	129	465	897	0	321	215	563	101	585	887	259	907
	356	385	284	180	361	192	34	434	423	429	452	495	437	486	280	312	278	481	485	306	199	648	321	0	221	500	363	283	659	461	657
	270	592	365	395	579	341	188	653	495	384	557	715	607	652	292	105	338	649	702	292	417	867	215	221	0	652	306	500	876	455	877
	538	259	306	370	473	317	515	487	250	482	159	505	85	52	410	688	341	60	359	437	376	496	563	500	652	0	496	473	446	412	504
	50	567	208	443	662	296	341	724	264	79	352	776	490	520	111	266	174	521	701	75	470	875	101	363	306	496	0	599	857	159	885
	607	234	438	161	81	318	316	155	539	647	517	218	389	433	494	594	455	425	259	529	136	391	585	283	500	473	599	0	422	645	400
	886	295	651	481	351	576	690	292	667	872	591	246	397	397	749	953	684	391	175	785	461	77	887	659	876	446	857	422	0	824	79
	207	553	208	485	694	328	448	746	163	95	254	790	432	448	183	425	193	451	687	168	509	855	259	461	455	412	159	645	824	0	865
	910	319	682	484	323	596	690	255	712	906	641	199	447	453	776	960	714	447	185	812	461	11	907	657	877	504	885	400	79	865	0

coordXY = Coordinates (x,y): line zero => x line one => y column => customers
 	315	233	341	124	16	240	62	22	480	430	496	30	396	440	316	104	333	432	183	328	112	154	259	58	47	480	352	8	230	495	153
	98	685	338	510	701	404	310	775	361	131	452	837	619	643	235	35	303	645	811	201	534	983	93	343	123	610	131	621	979	199	993

d_pit = Demand of item p at customer i in period t
 	13	45	23	24	93	36	99	13	71	85	64	88
	31	39	69	97	26	84	45	54	39	99	93	27
	11	93	75	71	66	21	67	83	58	33	51	60
	40	25	41	55	24	34	52	69	28	13	73	88
	26	96	87	51	81	29	46	41	51	48	82	50
	15	93	26	58	19	69	97	20	19	71	39	83
	75	91	14	54	12	38	92	49	90	23	64	99
	54	59	73	68	85	41	45	69	46	54	31	50
	68	65	93	33	80	79	83	16	51	54	85	60
	67	19	28	24	38	90	36	93	60	59	44	44
	78	54	58	16	44	77	64	99	36	54	51	45
	91	86	54	44	43	25	59	57	71	10	32	78
	49	67	74	87	48	65	88	56	27	62	90	16
	47	59	14	90	31	11	43	29	96	37	37	98
	60	48	26	70	87	68	35	21	67	58	26	93
	50	20	55	47	28	89	49	41	62	74	76	79
	79	79	24	22	65	45	14	66	61	33	49	17
	46	38	14	57	51	52	29	98	76	90	84	89
	97	13	48	84	77	27	85	90	68	78	38	12
	30	26	49	31	15	75	29	34	94	80	17	13
	55	40	45	90	37	87	28	46	18	22	67	79
	11	67	41	38	65	43	83	23	57	94	24	75
	69	58	56	92	51	51	26	31	70	57	59	25
	43	99	61	66	13	15	84	34	43	14	37	21
	38	54	92	51	67	64	47	26	20	20	54	90
	70	76	24	22	59	77	21	83	100	50	56	24
	94	14	45	87	66	87	18	16	32	88	29	10
	36	71	57	29	73	76	86	64	56	66	90	48
	27	100	91	42	97	13	63	59	63	57	49	46
	61	18	16	41	30	86	88	73	39	29	92	66

	86	12	41	52	98	60	51	83	11	90	85	38
	86	90	91	57	78	31	91	38	43	93	52	69
	85	24	24	34	44	21	36	30	98	68	75	75
	21	64	78	85	100	20	29	71	43	43	85	58
	65	57	16	94	36	42	55	60	39	23	33	51
	93	79	12	12	75	33	77	52	43	74	24	73
	26	30	20	87	12	32	30	54	62	92	35	27
	61	32	75	10	69	20	36	61	50	74	94	61
	35	76	61	96	15	50	59	61	37	74	10	73
	94	24	60	78	33	98	89	57	65	58	70	26
	88	11	60	21	98	83	21	65	11	65	36	18
	33	78	63	91	81	27	69	89	95	31	65	48
	80	47	50	13	45	75	75	58	63	35	18	87
	80	53	29	96	47	85	84	34	80	24	26	32
	97	98	38	56	100	18	30	80	31	42	34	91
	20	69	31	23	92	14	49	95	41	35	81	64
	23	66	11	44	52	12	27	18	51	86	18	96
	73	93	43	22	57	97	12	13	26	50	90	34
	49	54	72	52	68	72	13	20	59	80	89	19
	80	35	59	23	93	14	65	95	32	11	50	77
	35	36	82	12	37	78	41	23	67	53	76	24
	63	27	75	34	23	20	41	47	60	30	41	73
	11	61	94	94	51	42	90	20	27	36	33	30
	94	37	18	15	43	56	86	40	78	58	42	95
	69	18	95	50	15	67	54	44	60	70	72	72
	25	64	91	54	53	30	21	31	97	58	61	72
	81	84	43	24	46	38	67	28	12	91	13	50
	34	24	40	16	10	69	54	22	85	30	61	65
	74	31	91	59	68	71	60	70	40	80	84	19
	68	78	21	73	91	62	10	19	51	92	74	16

	22	89	63	51	44	99	26	77	77	21	86	50
	72	96	80	43	20	58	26	70	10	80	26	41
	28	54	100	15	94	40	29	64	12	14	79	51
	40	59	75	90	13	55	23	22	79	17	81	98
	51	95	38	42	17	38	24	22	14	13	70	76
	22	41	67	49	28	69	54	24	22	51	77	38
	25	16	50	31	22	99	16	90	75	71	90	89
	60	81	84	35	90	68	36	40	88	69	77	91
	24	91	39	63	79	35	48	35	58	31	56	41
	61	85	50	22	48	66	38	70	50	13	15	67
	88	92	20	20	91	47	37	12	98	60	63	10
	67	15	85	20	52	94	29	15	58	29	70	40
	56	59	11	63	60	31	79	35	56	22	96	98
	78	13	35	99	43	40	33	20	67	99	56	46
	44	74	77	11	62	71	35	71	95	99	13	89
	29	36	20	47	59	94	11	29	74	46	43	84
	80	45	19	77	56	38	39	53	43	16	20	44
	14	52	82	35	60	44	76	46	33	42	90	55
	21	38	97	58	21	19	73	43	92	13	16	71
	56	58	48	35	95	10	80	56	97	53	12	75
	19	52	87	22	34	67	31	68	19	79	42	44
	98	24	90	49	46	86	13	77	26	84	70	30
	13	92	74	86	29	58	70	93	61	96	82	87
	15	49	61	26	81	83	21	52	70	82	34	33
	79	90	61	26	56	72	20	59	33	64	59	13
	96	86	35	22	80	45	25	22	43	52	81	64
	78	71	52	58	13	71	41	29	63	30	28	28
	34	95	85	82	49	71	17	46	38	81	37	36
	28	36	55	62	92	46	72	73	11	30	96	45
	73	20	63	75	99	74	79	90	67	84	99	61

	42	18	97	64	32	85	52	65	15	64	41	32
	59	71	65	89	44	28	84	32	60	83	49	51
	40	100	17	33	11	52	22	55	81	10	74	55
	81	87	51	43	63	35	54	49	79	57	51	86
	22	72	66	25	62	69	54	82	24	84	84	65
	29	58	81	63	76	85	85	42	46	59	74	96
	70	28	60	68	53	37	82	52	90	81	10	96
	90	88	17	57	45	57	75	25	73	30	28	64
	95	65	46	30	70	32	63	31	67	41	75	77
	93	13	43	90	76	65	86	19	14	43	94	75
	80	80	94	88	37	40	53	92	74	60	73	66
	32	84	76	19	40	21	81	56	95	29	73	95
	66	52	62	21	60	40	32	11	65	71	72	55
	10	81	86	53	84	94	27	51	97	12	72	35
	53	19	46	41	51	86	18	80	12	37	80	16
	74	24	91	100	70	97	30	12	18	34	29	15
	88	19	79	21	38	90	80	45	28	85	69	26
	27	76	81	71	81	52	12	40	63	52	94	92
	45	59	91	28	51	21	99	82	78	86	29	10
	16	55	29	35	90	13	83	82	68	20	44	34
	38	64	95	71	45	61	41	66	43	36	69	50
	36	64	25	91	50	98	89	16	29	100	54	65
	33	97	42	33	41	39	60	89	88	92	66	57
	96	100	12	79	13	13	64	87	86	29	63	72
	98	28	71	83	23	83	100	67	71	19	35	63
	40	98	98	22	39	62	21	52	61	48	14	30
	63	85	96	70	63	51	56	85	76	21	39	46
	14	22	89	35	76	99	62	83	88	28	52	88
	97	54	44	19	99	77	25	82	30	59	29	78
	61	76	52	88	97	66	75	18	62	69	25	52

	17	50	16	25	47	27	54	32	70	26	34	10
	78	53	60	27	60	56	55	60	99	55	34	93
	56	50	81	89	82	64	24	71	54	89	43	59
	89	13	82	23	36	15	94	17	77	40	81	21
	41	68	36	20	18	76	40	80	88	14	39	49
	41	92	12	81	28	11	33	31	21	77	43	80
	32	86	46	15	94	19	18	88	50	71	31	51
	34	61	32	16	47	64	36	33	82	77	72	20
	52	75	18	90	67	62	64	63	55	39	48	35
	52	80	89	86	97	72	45	26	42	33	61	84
	93	50	30	15	49	33	96	73	45	31	71	81
	59	62	77	43	66	31	58	79	94	91	49	70
	82	88	62	39	42	38	92	25	42	60	12	51
	16	59	89	98	11	50	35	31	89	43	63	67
	26	57	49	52	95	27	97	33	30	58	12	49
	24	99	30	48	85	52	85	89	34	92	43	53
	68	69	86	42	98	28	43	33	49	82	60	83
	89	45	85	36	93	47	37	95	78	91	42	33
	96	36	38	74	78	40	18	99	46	45	63	13
	36	36	11	42	24	14	92	54	96	47	12	95
	25	22	54	76	60	98	90	32	31	17	19	75
	16	30	61	81	15	66	79	22	39	40	56	48
	85	58	25	57	58	70	94	83	34	14	55	12
	97	67	24	69	93	48	56	73	56	46	59	36
	21	16	71	98	90	40	67	72	99	19	12	53
	67	73	40	14	35	28	85	49	36	28	63	42
	11	32	54	48	36	42	69	82	24	92	97	18
	59	65	87	80	88	59	78	17	78	14	69	89
	91	69	48	43	84	65	34	25	52	92	89	78
	95	72	31	67	43	72	22	23	45	26	60	61

	37	44	19	96	92	40	49	34	80	94	80	62
	27	37	75	38	80	60	84	16	12	93	53	44
	45	47	38	28	11	29	49	39	88	79	38	69
	92	72	21	87	85	89	48	15	98	47	99	27
	72	70	57	96	99	48	83	57	47	97	40	26
	73	92	28	17	34	74	58	10	92	37	12	23
	17	62	59	16	62	28	94	44	32	92	27	16
	47	71	54	29	52	79	96	60	96	56	56	34
	93	61	42	61	30	39	61	98	53	78	88	62
	36	75	82	91	12	31	35	40	41	79	55	44
	11	68	47	46	29	65	24	65	94	72	71	51
	41	97	84	27	28	24	85	81	71	78	13	72
	69	25	92	41	13	22	70	10	81	10	29	58
	85	75	54	30	26	51	82	47	31	89	29	59
	14	47	11	10	26	99	39	46	65	49	68	11
	85	56	12	73	84	29	21	12	39	16	21	11
	73	45	79	11	92	74	59	97	23	15	74	78
	99	49	93	43	25	80	45	55	40	31	50	61
	87	32	55	94	81	65	84	39	42	74	94	34
	28	18	29	99	93	75	94	21	20	19	28	89
	75	12	69	43	86	72	54	29	82	62	79	34
	77	47	80	79	72	98	83	46	79	63	77	43
	38	78	55	39	78	95	51	71	34	52	11	97
	100	14	62	16	71	40	31	26	10	19	94	47
	17	15	29	85	51	29	56	21	22	93	50	64
	93	13	100	76	24	43	83	25	76	33	38	100
	64	71	18	55	98	78	77	21	22	42	55	60
	84	97	78	69	92	51	72	35	37	94	47	30
	24	89	21	25	46	40	19	18	26	53	75	48
	21	93	18	29	38	34	34	61	91	72	83	32

	73	37	96	24	39	53	23	82	70	16	98	77
	30	78	17	74	11	26	27	52	73	90	50	35
	84	88	20	78	33	29	65	73	44	72	88	15
	57	65	38	17	30	33	85	66	96	35	26	86
	62	95	16	76	72	37	40	47	79	89	80	87
	38	75	49	39	15	87	48	74	27	61	80	49
	38	68	36	23	83	93	56	71	38	17	48	42
	22	91	11	55	54	92	49	81	87	42	91	18
	80	15	64	86	26	44	49	94	41	16	12	27
	64	23	13	41	87	69	20	31	55	65	46	91
	36	86	42	25	85	14	30	20	52	92	33	57
	15	51	76	73	95	24	15	38	27	47	41	17
	75	48	38	12	56	86	31	37	31	67	69	19
	48	72	75	39	25	85	39	79	48	60	64	36
	47	68	26	25	21	89	89	54	17	94	36	37
	15	12	61	89	38	24	53	30	39	53	56	44
	49	87	27	44	56	100	44	59	59	93	71	26
	65	47	30	22	84	94	50	20	51	47	46	66
	89	58	34	96	32	54	61	92	16	66	38	14
	20	10	27	59	66	91	38	50	66	83	81	37
	90	14	62	68	94	23	67	13	28	56	45	20
	80	66	93	97	17	72	29	73	61	50	57	92
	70	19	58	90	41	37	67	25	89	68	46	30
	43	60	33	95	49	27	97	64	47	68	30	66
	85	12	57	22	33	77	98	32	97	96	92	72
	88	36	65	12	85	98	43	58	30	73	80	72
	73	98	99	56	80	61	46	12	62	80	52	80
	18	15	45	94	85	46	91	93	16	39	80	89
	40	64	68	17	87	27	92	52	54	85	65	46
	35	36	74	57	16	38	55	90	48	72	17	24

	65	78	80	54	80	42	92	37	84	99	47	92
	92	26	54	96	39	70	80	82	84	49	100	22
	61	51	27	86	26	80	50	17	96	75	88	33
	31	30	55	48	26	53	46	68	22	80	73	32
	63	18	14	11	89	55	23	31	12	15	43	76
	24	30	82	51	37	81	99	55	76	45	83	40
	58	41	70	64	37	54	51	91	78	41	73	27
	81	24	88	53	57	72	59	34	69	87	44	36
	72	81	30	57	58	93	30	62	43	33	66	40
	50	18	22	44	71	59	16	58	36	93	70	13
	100	80	64	82	40	91	68	92	76	74	81	65
	15	77	95	13	82	92	36	43	45	66	53	71
	36	21	21	95	39	12	22	99	26	77	64	75
	40	62	92	25	92	86	43	25	35	23	81	93
	28	90	87	22	49	78	81	24	52	56	39	71
	16	52	42	14	80	68	14	16	66	20	19	98
	14	12	53	20	46	52	42	26	99	87	51	28
	41	36	44	76	27	21	73	55	31	49	81	53
	96	86	28	39	62	87	82	18	18	36	31	63
	81	21	45	98	78	93	24	78	63	98	29	28
	91	60	28	90	66	91	21	41	11	18	81	61
	88	75	66	13	22	71	39	84	21	87	46	62
	55	37	38	41	83	64	90	91	23	17	34	66
	93	53	67	88	40	81	88	81	61	90	74	48
	70	39	25	39	85	28	57	43	36	26	100	83
	64	28	83	64	54	35	75	58	73	60	66	26
	66	54	12	56	54	73	60	50	20	81	53	34
	76	31	69	28	14	93	89	60	47	73	64	65
	66	16	81	61	79	68	24	32	36	72	76	64
	83	87	17	66	58	67	88	27	100	58	84	97

	67	48	25	98	86	73	82	24	80	89	55	15
	71	99	22	16	29	82	14	48	93	85	95	82
	73	33	91	86	35	54	82	44	26	74	95	29
	18	52	84	11	39	21	31	32	60	50	50	20
	69	57	49	23	55	60	18	49	41	11	32	47
	23	73	11	16	67	97	71	19	72	38	18	47
	72	88	63	19	17	62	57	11	54	31	14	42
	96	40	60	13	69	52	29	93	77	83	62	92
	66	58	99	50	58	19	56	23	57	87	53	42
	86	16	18	54	64	89	99	91	94	14	58	100
	12	15	45	87	78	48	81	59	54	46	73	48
	11	15	24	94	12	71	49	76	90	34	20	63
	68	90	19	98	30	58	72	61	21	89	69	19
	55	41	68	33	71	84	17	42	63	84	25	18
	63	29	32	60	49	18	18	17	97	60	78	59
	89	38	75	16	18	81	46	18	45	21	79	99
	32	27	47	70	54	80	10	43	77	42	78	56
	12	22	60	25	81	51	17	82	59	55	24	54
	18	75	97	32	66	79	56	72	72	31	77	22
	72	60	80	20	33	11	98	68	74	14	81	49
	73	34	38	24	16	95	47	21	17	39	44	64
	15	74	40	88	19	42	96	35	20	87	14	68
	55	30	50	74	73	20	85	12	38	82	54	34
	43	74	21	73	81	71	38	77	47	15	48	47
	45	39	97	29	27	56	69	88	22	74	79	70
	17	24	76	19	33	31	40	44	57	77	72	59
	11	57	34	95	68	20	62	71	93	21	40	54
	56	80	99	25	96	55	55	51	90	65	15	57
	41	72	48	95	24	78	17	19	18	53	22	65
	73	16	38	80	39	24	99	49	86	90	45	55

	15	97	30	18	44	94	65	81	13	92	60	55
	100	49	91	76	74	71	80	90	39	11	29	24
	61	63	36	59	45	88	82	87	29	98	91	89
	67	27	51	32	21	46	52	73	81	90	73	71
	91	64	22	68	38	28	66	46	34	12	36	30
	28	60	79	83	56	43	50	99	35	91	22	56
	76	63	69	74	43	35	57	40	34	21	39	61
	92	53	50	40	39	43	33	82	97	94	59	50
	32	70	60	33	61	27	30	26	49	48	64	82
	11	81	77	77	62	92	23	66	52	17	38	39
	67	12	51	73	96	69	66	51	14	13	86	25
	70	24	99	78	81	17	22	26	15	79	20	41
	49	93	86	69	42	64	94	82	37	31	28	96
	38	89	40	59	34	53	24	27	30	50	53	87
	97	14	19	20	79	24	12	11	42	39	12	45
	25	30	73	24	87	80	19	89	50	35	84	14
	69	38	22	38	19	22	72	68	80	41	33	33
	49	30	24	35	11	55	86	56	18	28	66	79
	89	84	65	21	84	45	29	83	26	88	20	80
	54	88	21	57	80	18	49	33	72	46	31	85
	75	51	61	18	64	67	44	37	83	18	80	82
	95	21	16	39	29	48	26	26	25	26	55	15
	83	29	95	65	28	57	16	38	34	40	26	38
	47	48	75	36	14	32	39	14	61	64	16	21
	93	51	54	75	12	23	80	32	69	56	28	77
	50	32	91	35	86	37	48	35	62	57	21	100
	31	60	88	72	26	26	92	42	89	17	92	76
	92	30	44	85	98	95	71	44	86	74	98	53
	43	62	100	33	98	49	63	46	88	78	54	32
	77	77	60	77	95	77	86	57	67	45	72	23

