***** PARAMETERS PRP *****

Number of Customers = 30
Number of Products = 10
Number of Vehicles = 5
Number of Periods = 12

B = Production capacity
	49398

b_p = Time required to produce item p
 	1	1	1	1	1	1	1	1	1	1

c_p = Production cost of item p
 	80	80	80	80	80	80	80	30	30	30

s_p = Setup cost of item p
 	800	800	800	800	800	800	800	300	300	300

M = Big number
	197593

U_pi = Maximum inventory upper bound of item p at site i
 	197593	164	190	99	122	224	175	344	243	100	290	195	105	226	327	238	242	222	110	243	264	171	281	288	302	119	127	162	301	168	240
	197593	339	182	158	333	227	271	185	243	98	184	240	257	129	252	76	200	265	223	130	254	160	88	137	103	202	200	207	221	169	261
	197593	248	169	180	182	131	201	214	96	100	163	128	92	184	139	120	152	214	98	328	123	111	124	164	167	192	200	165	152	204	242
	197593	170	132	236	133	207	260	225	247	115	178	271	155	185	218	257	313	113	203	333	318	236	255	222	129	254	165	259	126	128	110
	197593	128	196	112	231	303	210	223	167	131	174	368	309	130	173	250	193	111	128	199	111	348	303	99	137	220	148	124	136	84	246
	197593	197	178	232	202	126	139	222	125	256	116	110	114	215	157	159	113	227	252	280	189	114	248	115	167	187	230	175	106	247	85
	197593	283	115	99	261	162	107	255	125	240	241	134	255	244	107	333	138	133	257	274	125	198	302	273	162	287	122	253	130	143	176
	197593	250	101	264	207	112	336	188	160	167	203	179	270	144	106	256	324	130	180	306	315	251	262	273	221	150	285	147	111	135	115
	197593	99	177	228	245	90	172	276	178	99	79	118	262	111	227	77	83	191	192	178	211	265	101	96	199	335	249	308	82	260	129
	197593	189	303	114	261	148	184	231	177	96	278	281	187	228	102	168	208	305	179	200	206	183	119	124	227	185	229	291	282	114	232

I_pi0 = Initial inventory of item p at site i
 	0	106	87	91	105	34	111	80	153	11	140	143	64	165	207	158	184	209	98	136	23	124	192	238	78	92	121	151	114	144	170
	0	192	180	42	69	174	166	181	128	63	116	24	45	103	203	0	141	15	94	72	24	122	73	80	67	14	138	145	135	79	110
	0	89	162	66	71	94	44	122	53	70	131	85	68	175	45	36	122	194	92	128	65	43	65	146	74	143	128	27	12	44	23
	0	95	54	41	115	174	54	132	201	28	10	222	33	158	52	28	134	89	26	57	250	207	42	97	122	154	78	63	81	14	93
	0	59	117	100	173	87	84	114	163	118	143	315	71	110	123	52	193	24	49	74	75	189	148	73	118	191	79	99	85	65	204
	0	125	53	25	186	85	113	196	90	160	77	62	30	111	14	92	85	187	164	184	49	92	189	108	85	37	64	140	53	60	65
	0	97	89	63	246	13	75	231	95	206	192	69	87	84	70	69	54	70	100	245	77	159	177	148	53	63	40	169	119	104	103
	0	89	92	90	124	87	281	24	120	47	54	105	252	105	71	137	28	94	171	167	48	189	112	92	150	94	150	76	109	96	32
	0	58	62	176	208	39	140	190	43	66	66	74	39	81	164	29	47	31	42	158	145	201	98	38	158	247	101	274	74	192	45
	0	186	254	114	66	99	146	149	96	42	73	74	149	55	58	127	69	151	79	104	170	42	118	112	168	29	102	86	255	98	172

h_pi = Inventory cost of item p at site i
 	8	0	0	0	0	0	0	0	0	0	0	0	0	0	0	0	0	0	0	0	0	0	0	0	0	0	0	0	0	0	0
	8	0	0	0	0	0	0	0	0	0	0	0	0	0	0	0	0	0	0	0	0	0	0	0	0	0	0	0	0	0	0
	8	0	0	0	0	0	0	0	0	0	0	0	0	0	0	0	0	0	0	0	0	0	0	0	0	0	0	0	0	0	0
	8	0	0	0	0	0	0	0	0	0	0	0	0	0	0	0	0	0	0	0	0	0	0	0	0	0	0	0	0	0	0
	8	0	0	0	0	0	0	0	0	0	0	0	0	0	0	0	0	0	0	0	0	0	0	0	0	0	0	0	0	0	0
	8	0	0	0	0	0	0	0	0	0	0	0	0	0	0	0	0	0	0	0	0	0	0	0	0	0	0	0	0	0	0
	8	0	0	0	0	0	0	0	0	0	0	0	0	0	0	0	0	0	0	0	0	0	0	0	0	0	0	0	0	0	0
	3	0	0	0	0	0	0	0	0	0	0	0	0	0	0	0	0	0	0	0	0	0	0	0	0	0	0	0	0	0	0
	3	0	0	0	0	0	0	0	0	0	0	0	0	0	0	0	0	0	0	0	0	0	0	0	0	0	0	0	0	0	0
	3	0	0	0	0	0	0	0	0	0	0	0	0	0	0	0	0	0	0	0	0	0	0	0	0	0	0	0	0	0	0

C = Vehicle capacity
	3680

f = Fixed transportation cost
	31186

a_ik = Transportation cost for traveling from node i to node k
 	0	97	357	392	356	39	360	177	258	199	373	523	82	386	349	245	681	530	71	394	299	393	730	145	195	135	537	717	574	430	291
	97	0	271	297	292	59	268	192	173	159	304	485	18	328	259	242	642	436	167	312	203	370	668	211	169	114	456	642	498	400	257
	357	271	0	98	382	325	47	440	254	209	373	334	288	424	248	294	468	187	421	50	113	299	430	481	384	355	190	381	240	552	218
	392	297	98	0	323	356	54	436	218	283	308	426	314	363	179	379	551	143	461	130	96	396	487	497	368	355	228	413	286	499	311
	356	292	382	323	0	325	344	252	143	420	27	700	295	44	145	522	845	440	415	430	271	619	806	357	181	228	549	735	607	178	506
	39	59	325	356	325	0	326	172	221	183	340	511	43	357	311	245	669	494	109	364	261	386	709	164	174	113	507	691	546	411	279
	360	268	47	54	344	326	0	425	223	235	333	381	286	386	206	328	512	170	428	89	83	344	464	475	363	341	213	404	267	516	258
	177	192	440	436	252	172	425	0	231	348	277	676	179	266	318	416	833	578	203	487	345	556	855	107	78	86	630	820	677	267	446
	258	173	254	218	143	221	223	231	0	281	145	560	182	185	95	384	708	355	325	303	142	476	684	312	156	162	435	625	490	300	364
	199	159	209	283	420	183	235	348	281	0	425	329	170	461	339	107	487	395	245	229	217	211	533	343	326	272	360	530	388	552	99
	373	304	373	308	27	340	333	277	145	425	0	696	308	56	130	528	839	420	433	420	263	619	794	380	204	247	535	719	593	197	507
	523	485	334	426	700	511	381	676	560	329	696	0	498	743	578	294	159	433	555	297	434	143	263	667	646	597	286	333	255	856	232
	82	18	288	314	295	43	286	179	182	170	308	498	0	330	270	248	655	454	152	329	220	380	684	194	161	104	474	660	515	396	269
	386	328	424	363	44	357	386	266	185	461	56	743	330	0	185	561	888	476	441	472	314	661	848	373	202	254	590	774	648	142	548
	349	259	248	179	145	311	206	318	95	339	130	578	270	185	0	445	716	297	418	294	145	514	665	405	240	255	406	590	464	322	408
	245	242	294	379	522	245	328	416	384	107	528	294	248	561	445	0	449	476	264	301	320	155	534	385	409	351	409	556	424	642	92
	681	642	468	551	845	669	512	833	708	487	839	159	655	888	716	449	0	524	711	424	576	295	201	825	802	754	364	321	313	1006	390
	530	436	187	143	440	494	170	578	355	395	420	433	454	476	297	476	524	0	597	177	237	449	411	638	508	497	162	311	217	616	393
	71	167	421	461	415	109	428	203	325	245	433	555	152	441	418	264	711	597	0	455	368	418	776	131	242	188	596	772	629	468	328
	394	312	50	130	430	364	89	487	303	229	420	297	329	472	294	301	424	177	455	0	162	280	381	523	432	401	145	334	192	600	216
	299	203	113	96	271	261	83	345	142	217	263	434	220	314	145	320	576	237	368	162	0	372	542	402	281	262	295	486	348	439	270
	393	370	299	396	619	386	344	556	476	211	619	143	380	661	514	155	295	449	418	280	372	0	397	536	537	482	336	443	329	760	115
	730	668	430	487	806	709	464	855	684	533	794	263	684	848	665	534	201	411	776	381	542	397	0	872	807	770	262	133	202	980	452
	145	211	481	497	357	164	475	107	312	343	380	667	194	373	405	385	825	638	131	523	402	536	872	0	177	151	667	853	708	366	436
	195	169	384	368	181	174	363	78	156	326	204	646	161	202	240	409	802	508	242	432	281	537	807	177	0	61	572	763	623	238	423
	135	114	355	355	228	113	341	86	162	272	247	597	104	254	255	351	754	497	188	401	262	482	770	151	61	0	545	735	592	298	370
	537	456	190	228	549	507	213	630	435	360	535	286	474	590	406	409	364	162	596	145	295	336	262	667	572	545	0	192	60	725	318
	717	642	381	413	735	691	404	820	625	530	719	333	660	774	590	556	321	311	772	334	486	443	133	853	763	735	192	0	145	911	466
	574	498	240	286	607	546	267	677	490	388	593	255	515	648	464	424	313	217	629	192	348	329	202	708	623	592	60	145	0	782	332
	430	400	552	499	178	411	516	267	300	552	197	856	396	142	322	642	1006	616	468	600	439	760	980	366	238	298	725	911	782	0	646
	291	257	218	311	506	279	258	446	364	99	507	232	269	548	408	92	390	393	328	216	270	115	452	436	423	370	318	466	332	646	0

coordXY = Coordinates (x,y): line zero => x line one => y column => customers
 	393	315	208	115	39	359	168	273	143	387	21	466	323	14	61	490	498	49	453	219	171	497	304	379	215	266	182	178	213	20	425
	784	727	479	508	821	766	503	914	724	586	801	267	743	856	678	560	112	382	821	431	585	406	60	928	862	829	291	100	240	997	495

d_pit = Demand of item p at customer i in period t
 	23	83	63	12	79	58	41	78	36	46	58	79
	66	21	85	96	45	78	78	12	25	89	86	80
	91	74	59	29	33	59	30	33	88	51	12	33
	37	68	77	92	21	93	59	33	69	58	36	89
	23	11	81	57	12	58	28	86	99	40	89	87
	45	66	95	30	33	99	52	77	82	52	46	22
	21	21	38	99	82	71	34	87	100	76	100	97
	60	93	53	26	17	87	77	42	76	85	55	57
	11	84	47	40	91	23	18	90	64	65	33	36
	85	55	82	18	92	34	92	70	21	67	24	56
	51	92	85	59	93	18	60	87	34	96	96	10
	64	63	26	19	15	38	50	41	98	77	49	92
	73	92	87	83	99	72	81	31	76	86	86	36
	30	80	97	77	77	71	50	25	74	70	91	42
	78	15	65	50	71	19	92	96	89	55	30	55
	43	44	97	35	11	96	17	44	96	47	17	33
	36	74	54	45	46	66	99	51	54	54	44	44
	55	43	13	53	81	95	18	96	67	43	59	37
	38	98	42	60	10	54	29	98	60	49	17	29
	23	86	58	34	69	20	78	27	41	14	88	96
	93	31	98	16	92	100	15	17	29	83	19	89
	68	70	54	31	13	54	13	36	88	80	98	69
	56	75	93	14	90	15	17	92	60	64	95	19
	78	87	56	26	81	59	73	28	68	26	84	59
	32	60	74	80	37	23	63	88	78	99	24	54
	39	82	69	16	63	96	90	79	31	71	36	89
	83	68	27	18	62	47	30	44	33	46	95	96
	67	47	96	99	36	39	26	86	33	47	78	68
	70	56	18	47	21	41	46	38	18	53	14	83
	46	86	38	21	43	29	25	23	44	54	86	81

	35	99	58	95	92	35	92	97	56	81	13	60
	53	34	93	88	29	14	42	76	32	31	18	36
	22	20	94	79	61	72	40	76	52	52	51	13
	69	84	42	41	61	75	52	68	45	97	76	90
	48	98	28	81	62	92	99	99	63	99	57	80
	18	95	20	33	70	17	78	98	63	54	81	23
	83	23	75	16	94	91	53	61	86	79	32	45
	47	57	24	70	74	55	94	36	38	32	16	40
	63	87	24	74	61	16	24	23	91	47	33	42
	58	58	80	17	83	31	64	47	100	89	93	17
	24	50	14	49	13	43	26	29	92	66	76	93
	45	26	93	20	56	44	52	80	44	71	73	13
	64	39	11	63	59	17	71	56	32	35	14	56
	62	84	57	55	56	46	72	10	32	14	43	73
	94	57	78	11	34	18	52	20	43	11	22	13
	43	98	82	30	30	90	21	40	26	15	73	51
	15	99	41	32	46	55	37	56	94	49	85	27
	58	36	48	98	31	68	34	15	27	78	10	31
	72	72	45	93	67	94	43	50	80	87	44	33
	24	39	98	50	90	50	35	23	46	68	34	53
	82	40	19	32	73	86	85	32	41	92	20	39
	26	47	20	86	57	30	40	71	16	70	27	38
	20	60	43	94	48	74	54	97	76	79	95	81
	47	20	52	89	12	23	17	78	69	58	58	97
	14	52	43	21	43	92	75	69	51	67	18	60
	37	82	19	15	78	24	16	12	74	26	74	24
	84	23	38	11	86	65	59	49	60	72	31	43
	70	65	100	92	27	85	56	99	85	85	66	55
	79	53	34	33	27	22	38	29	73	89	14	16
	25	70	15	68	55	67	58	81	94	84	96	71

	19	35	35	49	33	47	34	38	35	99	84	87
	31	43	52	36	20	87	85	97	57	29	74	66
	66	77	30	15	71	66	32	42	86	98	53	82
	71	22	47	33	17	96	61	59	83	82	63	93
	15	66	13	95	49	20	15	99	31	63	42	17
	44	83	62	12	59	10	71	54	92	30	39	47
	24	64	34	96	65	26	43	52	34	66	53	84
	53	88	84	37	82	47	17	27	29	12	48	52
	70	92	30	47	48	37	22	27	89	48	34	55
	36	82	13	78	74	30	48	67	88	13	61	62
	72	13	90	66	99	96	90	63	20	50	81	26
	68	59	12	45	45	65	38	44	21	43	89	24
	38	10	74	53	44	96	54	14	31	98	19	22
	45	86	92	98	63	49	32	71	52	96	74	74
	36	86	76	94	79	25	14	73	96	40	29	72
	50	72	56	32	13	81	66	12	41	41	63	79
	27	98	69	81	11	95	26	39	59	29	80	27
	44	48	57	66	70	25	56	29	64	31	67	31
	54	74	94	35	81	49	90	75	36	89	65	46
	65	30	65	86	72	57	32	73	92	96	55	17
	26	17	87	27	17	10	59	29	62	52	43	13
	65	79	62	66	64	39	81	69	20	83	65	51
	27	79	40	64	74	20	82	18	60	62	38	90
	74	55	46	30	97	52	61	31	84	22	34	81
	62	81	79	51	43	51	74	43	25	84	84	92
	41	87	77	80	35	69	30	83	16	38	10	34
	27	20	32	68	13	37	94	12	11	31	17	33
	12	20	12	46	36	56	43	24	68	30	19	89
	44	65	89	16	86	33	15	56	39	47	27	96
	23	96	57	67	86	58	56	11	53	87	34	98

	95	79	27	19	14	90	49	44	13	16	52	12
	54	94	83	89	72	89	54	38	35	13	84	85
	41	22	71	50	28	96	94	31	67	27	91	90
	27	25	63	63	25	34	32	26	20	41	89	86
	92	64	18	94	14	28	70	37	46	11	85	63
	29	25	81	51	73	75	70	40	75	15	54	36
	60	72	97	35	63	91	42	48	31	68	50	18
	91	70	40	15	27	83	93	56	89	41	61	74
	28	73	57	51	43	71	23	32	96	79	64	72
	10	65	20	53	18	70	64	37	91	24	24	58
	96	35	91	39	87	35	95	83	17	14	16	43
	33	96	97	93	70	11	28	18	29	61	49	33
	82	76	45	79	70	29	53	97	28	99	34	49
	52	78	77	46	64	80	33	36	57	50	32	50
	28	33	26	33	82	63	83	28	75	55	97	14
	59	75	78	95	98	29	91	16	18	93	50	50
	11	78	65	88	19	57	99	86	38	32	70	34
	26	35	19	94	54	57	57	13	17	67	11	37
	57	19	20	98	99	84	85	84	52	67	55	80
	83	78	89	58	27	48	31	86	98	21	82	63
	60	90	36	21	71	16	51	26	20	23	97	56
	42	36	11	36	26	25	86	55	71	62	66	97
	97	99	81	12	74	13	69	40	10	18	83	70
	68	54	46	45	24	85	83	86	52	99	65	65
	88	66	92	48	58	26	49	75	49	28	86	96
	66	12	59	23	64	23	46	68	35	38	46	14
	63	61	19	50	39	78	31	100	45	61	55	20
	81	64	84	67	13	91	85	22	86	23	54	86
	14	93	93	67	46	65	73	40	47	88	53	88
	39	27	27	75	73	88	36	96	62	29	67	38

	17	42	91	74	83	76	16	47	60	82	79	100
	11	24	82	74	67	77	15	81	36	52	52	16
	100	88	52	90	11	35	38	85	34	38	80	23
	85	88	97	53	71	56	21	37	34	75	52	24
	35	52	99	25	80	51	94	54	21	96	61	59
	84	93	49	79	41	31	99	15	15	11	88	24
	33	32	49	13	67	60	81	84	87	45	33	86
	58	12	82	11	36	32	68	55	22	30	54	40
	24	94	34	49	58	17	50	15	81	15	26	59
	48	25	70	92	87	28	81	32	36	66	41	90
	95	62	65	93	60	67	92	95	88	39	35	91
	71	59	82	60	98	47	89	30	45	42	45	73
	72	38	73	47	80	23	89	56	95	82	89	36
	57	66	41	87	44	54	54	51	85	96	13	42
	52	19	36	95	79	53	62	94	77	60	91	31
	96	97	97	65	100	27	28	59	86	60	28	28
	24	98	50	35	29	66	13	36	95	43	97	80
	49	98	42	49	78	18	88	96	60	38	89	63
	41	33	86	43	60	89	44	26	23	43	19	89
	13	62	67	36	47	28	96	93	40	20	73	92
	50	63	76	96	87	85	38	34	66	69	93	77
	97	51	42	61	10	15	62	53	87	81	90	78
	73	13	85	88	30	13	24	19	38	72	65	76
	70	48	44	76	17	58	10	84	12	35	50	44
	66	37	17	71	36	66	76	12	39	59	92	89
	66	13	70	17	82	65	17	25	61	40	79	57
	99	93	13	93	86	37	38	92	85	59	17	33
	85	57	80	26	53	84	81	72	95	13	82	90
	65	25	17	10	56	52	35	15	38	56	48	89
	59	67	78	93	44	97	76	44	11	100	47	22

	42	70	13	47	16	48	21	44	43	86	94	68
	53	99	53	34	62	68	48	66	43	92	77	18
	25	34	62	93	82	85	22	84	70	34	30	75
	91	11	84	35	43	37	68	22	60	25	73	56
	24	61	79	10	95	97	73	83	77	76	54	24
	30	58	25	84	53	14	28	44	49	40	70	62
	84	12	53	47	29	46	33	77	58	90	55	82
	90	70	11	19	12	56	84	61	35	11	34	17
	26	76	58	84	91	26	20	23	19	32	78	82
	77	66	91	96	22	40	23	20	70	22	83	84
	33	29	90	13	13	63	87	100	89	82	36	24
	30	38	77	55	46	22	94	82	18	86	57	78
	18	77	16	88	64	17	12	30	35	70	64	25
	14	26	39	71	88	11	10	43	74	62	89	99
	63	29	90	17	85	99	24	44	59	37	16	72
	30	55	66	61	10	11	51	98	100	78	66	53
	49	41	97	75	14	17	59	19	35	11	54	74
	51	10	25	78	98	12	35	94	90	57	26	28
	21	95	68	76	60	14	22	83	93	13	74	52
	49	78	58	14	32	16	48	72	89	23	75	12
	92	53	37	99	59	64	65	74	20	39	63	21
	58	54	77	23	12	10	75	84	18	25	92	68
	97	11	29	73	25	63	54	17	84	86	57	91
	85	87	33	47	50	94	58	59	37	53	26	38
	37	51	52	18	93	49	63	48	58	16	60	17
	64	36	69	60	39	16	82	23	48	79	19	18
	19	64	57	89	42	79	65	15	100	76	69	24
	53	65	35	92	76	71	93	22	91	11	17	11
	60	45	38	71	59	15	40	97	32	44	63	29
	35	30	52	81	19	47	72	27	25	20	63	39

	46	51	33	65	81	72	82	31	91	19	68	40
	89	84	22	92	36	31	25	19	85	77	61	69
	63	74	51	57	71	61	55	37	12	43	23	47
	70	100	76	12	86	54	29	36	62	95	71	93
	13	76	81	89	43	55	48	83	11	18	38	93
	75	80	98	22	66	22	17	73	75	30	69	12
	26	20	88	97	66	75	48	87	30	26	14	35
	49	46	86	93	34	15	37	97	95	10	88	100
	86	95	10	15	22	37	44	91	50	35	77	14
	44	79	69	46	31	88	74	44	75	77	83	12
	69	46	73	79	21	56	15	67	36	41	23	11
	63	24	35	80	57	80	49	83	48	26	30	36
	17	67	30	67	21	32	55	54	27	48	75	93
	70	39	91	22	25	49	18	88	16	37	96	89
	69	90	37	74	67	91	68	79	65	73	43	44
	28	26	71	42	17	70	60	71	33	29	86	20
	22	35	13	62	86	72	30	48	57	63	21	24
	55	45	35	43	14	71	26	39	78	91	34	85
	64	73	62	46	85	13	41	96	43	67	46	22
	77	76	39	84	74	18	10	67	75	54	95	82
	68	91	24	59	78	55	27	21	17	34	86	33
	81	27	11	58	98	81	68	96	70	74	46	15
	44	56	48	98	100	65	69	31	78	95	74	60
	53	83	52	47	30	69	88	23	48	48	12	96
	63	84	34	77	41	35	27	43	25	94	71	95
	21	19	70	80	98	52	80	73	88	61	62	29
	68	35	66	91	63	85	79	75	25	99	26	47
	41	43	11	24	42	65	50	17	37	90	77	24
	72	32	88	81	27	89	98	86	70	63	78	76
	78	25	78	14	25	45	29	43	41	31	98	20

	40	49	74	72	78	45	70	75	79	52	20	97
	92	98	14	33	43	22	16	95	19	38	80	53
	90	94	98	13	70	82	51	72	27	75	86	33
	56	68	17	71	61	36	85	88	88	22	16	14
	87	99	41	84	11	15	36	75	15	55	89	62
	98	28	81	74	71	27	99	95	54	76	48	56
	24	68	21	95	64	86	71	78	85	36	35	88
	79	24	17	78	72	39	52	94	42	74	32	37
	47	24	72	51	84	46	37	80	80	34	87	25
	12	42	41	45	46	27	75	29	56	62	25	27
	29	76	96	14	59	73	32	17	30	16	79	15
	50	94	95	13	65	15	82	86	41	39	38	31
	16	89	30	43	48	10	97	85	81	15	15	45
	52	19	87	54	87	33	47	94	93	43	13	15
	77	60	22	80	20	80	67	87	15	13	76	18
	28	66	69	60	98	79	13	72	95	88	51	59
	94	88	64	76	54	84	73	41	45	82	13	68
	74	42	55	48	88	42	68	65	76	25	91	47
	57	98	12	97	80	90	75	73	12	23	72	46
	48	26	83	85	45	42	74	67	92	75	91	29
	15	56	99	19	15	21	69	96	58	13	61	81
	96	16	88	100	25	94	35	30	63	95	56	87
	92	65	57	36	82	37	43	47	34	26	98	38
	60	41	49	86	80	55	50	77	29	62	16	57
	52	42	41	26	33	51	98	42	53	41	49	71
	94	31	25	23	62	50	75	61	50	75	64	75
	37	39	77	29	77	62	29	13	15	87	68	53
	29	29	51	48	24	58	73	79	71	62	59	80
	96	49	31	93	46	34	19	33	40	32	21	45
	32	91	87	88	31	50	35	45	16	60	61	94

	16	42	81	13	88	79	46	48	21	21	72	67
	62	45	41	60	38	56	47	56	27	32	47	20
	91	21	64	36	81	60	80	62	20	61	65	42
	75	40	15	78	64	56	91	82	79	42	40	73
	39	77	48	44	38	52	69	15	31	73	41	14
	66	24	32	18	93	100	89	23	94	86	48	14
	95	95	19	45	90	22	19	68	67	26	98	19
	43	23	49	78	64	77	97	53	15	62	81	69
	23	43	86	74	19	20	32	48	42	78	90	40
	66	42	41	37	65	13	33	20	26	50	64	14
	74	81	35	34	31	96	28	75	88	41	33	92
	39	70	83	49	49	21	58	15	50	67	40	88
	81	33	38	49	89	28	35	67	14	93	42	99
	54	30	80	92	46	86	50	14	21	52	71	84
	29	23	46	21	77	12	16	51	30	44	93	21
	47	30	34	59	60	46	64	48	25	36	16	34
	31	62	90	93	62	86	85	60	55	35	81	25
	42	88	70	92	22	75	67	20	38	91	83	80
	58	76	24	21	75	47	94	76	34	87	81	37
	73	72	11	20	45	90	87	21	27	78	14	94
	76	86	16	23	75	13	59	28	82	89	56	34
	12	86	81	88	35	67	15	55	14	98	37	15
	15	23	89	67	28	84	81	49	38	29	52	18
	67	91	73	75	23	78	43	69	94	75	28	81
	72	86	54	35	71	46	97	78	81	23	80	82
	67	34	40	18	69	16	59	43	48	65	65	74
	97	95	82	19	23	33	63	53	58	90	29	96
	31	43	59	53	40	30	85	12	46	20	42	31
	63	73	56	82	63	72	42	68	29	76	60	97
	32	13	34	24	70	55	41	83	40	29	27	68

	44	68	74	37	85	31	47	96	90	82	44	57
	81	91	82	12	56	37	78	97	15	81	81	17
	35	79	96	72	31	68	33	44	44	46	72	64
	66	67	89	47	41	25	59	39	19	37	79	58
	68	31	75	33	26	26	45	53	63	49	29	92
	72	50	24	36	62	43	24	64	10	97	17	52
	20	66	63	17	56	67	56	51	27	36	18	77
	85	11	84	82	90	51	89	43	21	49	49	55
	42	67	42	61	30	33	72	56	44	29	41	59
	73	89	51	41	48	39	31	69	98	64	41	24
	74	82	93	94	99	73	19	94	73	25	48	68
	31	12	45	61	24	64	27	43	15	16	20	91
	55	61	84	42	59	48	14	17	38	56	56	17
	47	11	33	90	15	65	59	27	67	50	81	69
	48	79	65	37	93	46	42	24	92	24	75	45
	19	11	39	53	52	99	26	77	17	62	92	78
	40	51	60	59	89	94	58	45	51	94	12	78
	19	60	87	92	18	79	24	89	66	21	73	86
	45	59	31	53	44	96	14	20	31	45	67	94
	78	92	78	79	52	74	84	58	71	38	80	40
	42	75	10	97	62	16	85	80	98	31	52	84
	81	37	12	98	78	88	36	71	10	82	76	44
	49	63	72	84	94	37	80	94	20	22	52	77
	35	51	82	67	39	88	20	96	57	82	20	43
	14	15	67	68	44	38	75	69	28	59	26	53
	75	27	30	70	30	50	95	34	48	100	66	63
	45	41	98	55	46	46	42	16	42	89	88	91
	76	97	26	56	90	100	53	54	88	93	66	47
	73	25	22	90	94	73	14	80	15	24	92	80
	98	74	70	70	49	46	13	73	63	88	24	29

