***** PARAMETERS PRP *****

Number of Customers = 30
Number of Products = 10
Number of Vehicles = 5
Number of Periods = 12

B = Production capacity
	49271

b_p = Time required to produce item p
 	1	1	1	1	1	1	1	1	1	1

c_p = Production cost of item p
 	30	30	80	80	80	80	30	80	80	80

s_p = Setup cost of item p
 	300	300	800	800	800	800	300	800	800	800

M = Big number
	197083

U_pi = Maximum inventory upper bound of item p at site i
 	197083	150	178	121	131	210	151	290	231	187	214	142	107	205	235	238	179	104	211	105	121	165	191	268	265	117	219	163	69	114	110
	197083	194	275	199	208	257	105	302	99	185	235	342	155	236	210	112	194	202	179	245	207	75	71	115	149	165	146	114	276	167	205
	197083	153	204	174	271	164	192	97	217	117	107	110	224	147	124	322	352	180	132	165	287	98	105	71	307	169	222	154	202	156	125
	197083	89	111	154	235	116	245	183	209	215	311	277	283	121	258	89	238	331	318	186	97	155	278	92	135	100	221	146	166	213	301
	197083	235	253	246	112	171	237	264	288	234	95	248	251	202	131	270	138	160	189	110	108	173	298	159	263	318	103	131	235	104	223
	197083	322	224	250	247	306	105	294	183	227	128	91	187	90	112	173	172	101	240	180	332	288	102	328	256	106	110	183	241	127	146
	197083	204	118	218	120	211	219	112	163	233	70	115	149	101	170	230	343	128	159	215	261	151	91	186	198	247	98	131	186	335	110
	197083	106	125	214	134	104	296	198	129	209	108	233	217	194	159	174	91	163	143	285	116	210	139	206	168	131	248	272	95	243	117
	197083	343	155	173	88	166	254	129	101	179	172	185	220	157	123	183	134	111	124	159	287	154	271	229	155	205	198	189	122	203	144
	197083	99	278	231	196	281	318	263	168	114	121	201	225	161	200	238	228	288	225	251	216	236	130	158	112	114	114	243	311	300	270

I_pi0 = Initial inventory of item p at site i
 	0	86	143	65	118	89	19	19	59	119	154	87	102	203	94	21	118	90	94	97	63	120	43	198	85	49	210	140	65	103	31
	0	194	215	170	75	249	79	40	64	108	97	86	133	47	181	99	82	135	109	121	82	50	66	104	66	152	84	86	146	165	166
	0	152	126	12	38	11	152	83	183	30	74	49	51	86	97	65	31	79	86	137	55	68	95	62	118	72	181	85	94	63	112
	0	39	82	78	93	28	34	11	114	13	45	133	34	54	257	63	120	241	143	158	69	152	120	21	54	20	169	10	10	55	186
	0	115	149	97	76	83	89	134	158	131	92	98	218	21	97	136	84	56	83	106	75	159	95	18	184	107	75	71	207	75	222
	0	204	130	168	211	147	83	62	161	171	77	87	154	14	85	123	98	38	65	131	206	28	81	59	184	73	72	32	158	110	22
	0	45	18	164	117	100	154	54	91	218	0	51	93	48	121	158	135	97	70	161	106	85	66	124	122	23	17	115	57	67	101
	0	76	85	180	131	53	250	181	78	160	80	141	144	99	129	12	61	123	91	89	87	145	97	43	110	69	112	134	87	91	58
	0	115	150	80	88	135	127	116	40	128	144	175	147	60	119	62	76	72	91	114	64	65	32	83	155	37	133	139	104	105	111
	0	81	23	188	37	93	247	172	147	81	81	83	35	110	189	77	137	143	138	193	188	20	123	94	88	112	34	74	51	129	37

h_pi = Inventory cost of item p at site i
 	3	0	0	0	0	0	0	0	0	0	0	0	0	0	0	0	0	0	0	0	0	0	0	0	0	0	0	0	0	0	0
	3	0	0	0	0	0	0	0	0	0	0	0	0	0	0	0	0	0	0	0	0	0	0	0	0	0	0	0	0	0	0
	8	0	0	0	0	0	0	0	0	0	0	0	0	0	0	0	0	0	0	0	0	0	0	0	0	0	0	0	0	0	0
	8	0	0	0	0	0	0	0	0	0	0	0	0	0	0	0	0	0	0	0	0	0	0	0	0	0	0	0	0	0	0
	8	0	0	0	0	0	0	0	0	0	0	0	0	0	0	0	0	0	0	0	0	0	0	0	0	0	0	0	0	0	0
	8	0	0	0	0	0	0	0	0	0	0	0	0	0	0	0	0	0	0	0	0	0	0	0	0	0	0	0	0	0	0
	3	0	0	0	0	0	0	0	0	0	0	0	0	0	0	0	0	0	0	0	0	0	0	0	0	0	0	0	0	0	0
	8	0	0	0	0	0	0	0	0	0	0	0	0	0	0	0	0	0	0	0	0	0	0	0	0	0	0	0	0	0	0
	8	0	0	0	0	0	0	0	0	0	0	0	0	0	0	0	0	0	0	0	0	0	0	0	0	0	0	0	0	0	0
	8	0	0	0	0	0	0	0	0	0	0	0	0	0	0	0	0	0	0	0	0	0	0	0	0	0	0	0	0	0	0

C = Vehicle capacity
	3520

f = Fixed transportation cost
	32395

a_ik = Transportation cost for traveling from node i to node k
 	0	164	631	248	257	137	169	723	252	406	556	372	249	357	262	403	230	156	261	297	89	32	741	418	500	139	521	247	677	474	842
	164	0	713	207	111	88	79	734	279	483	512	254	362	199	308	304	126	9	174	151	250	178	736	302	556	235	495	155	741	312	843
	631	713	0	876	709	748	769	326	440	231	488	673	385	792	407	629	640	709	608	859	577	653	394	679	179	496	429	620	93	965	426
	248	207	876	0	300	135	129	934	466	648	718	448	497	345	487	505	333	205	381	181	322	233	940	494	735	380	701	362	917	362	1045
	257	111	709	300	0	198	181	681	271	485	433	148	398	106	307	206	70	118	108	173	334	278	674	195	539	280	427	92	723	262	781
	137	88	748	135	198	0	35	800	332	519	592	342	376	274	354	392	211	83	258	168	223	135	807	390	603	254	570	239	786	355	912
	169	79	769	129	181	35	0	808	345	539	590	328	402	248	371	381	205	77	253	133	256	169	813	375	620	278	573	234	804	321	919
	723	734	326	934	681	800	808	0	474	376	288	581	535	728	462	519	621	734	575	853	707	753	70	564	270	590	262	593	244	895	124
	252	279	440	466	271	332	345	474	0	215	321	273	169	362	39	260	202	277	178	421	254	282	490	300	278	130	277	185	463	531	591
	406	483	231	648	485	519	539	376	215	0	376	470	171	575	179	439	416	479	389	630	362	430	420	486	110	269	314	399	272	745	499
	556	512	488	718	433	592	590	288	321	376	0	309	461	458	333	244	387	514	338	604	574	587	258	284	327	450	64	357	446	618	363
	372	254	673	448	148	342	328	581	273	470	309	0	436	149	311	66	143	260	118	305	433	399	563	48	495	343	319	127	668	315	669
	249	362	385	497	398	376	402	535	169	171	461	436	0	500	139	428	335	356	328	512	193	269	570	467	278	127	406	329	440	657	658
	357	199	792	345	106	274	248	728	362	575	458	149	500	0	400	214	166	207	186	176	437	375	711	181	618	384	467	178	798	175	818
	262	308	407	487	307	354	371	462	39	179	333	311	139	400	0	295	238	305	216	453	252	291	483	336	250	130	285	223	434	568	582
	403	304	629	505	206	392	381	519	260	439	244	66	428	214	295	0	183	309	143	369	454	432	499	50	451	352	257	159	618	377	605
	230	126	640	333	70	211	205	621	202	416	387	143	335	166	238	183	0	130	49	234	295	256	618	190	471	222	374	30	655	331	725
	156	9	709	205	118	83	77	734	277	479	514	260	356	207	305	309	130	0	177	157	242	170	737	308	554	229	496	158	738	320	843
	261	174	608	381	108	258	253	575	178	389	338	118	328	186	216	143	49	177	0	279	317	289	571	160	436	227	326	20	618	358	678
	297	151	859	181	173	168	133	853	421	630	604	305	512	176	453	369	234	157	279	0	385	300	847	346	697	385	600	261	882	192	954
	89	250	577	322	334	223	256	707	254	362	574	433	193	437	252	454	295	242	317	385	0	91	733	476	464	125	531	307	632	561	829
	32	178	653	233	278	135	169	753	282	430	587	399	269	375	291	432	256	170	289	300	91	0	771	445	526	166	553	275	701	483	872
	741	736	394	940	674	807	813	70	490	420	258	563	570	711	483	499	618	737	571	847	733	771	0	540	319	612	247	589	314	874	108
	418	302	679	494	195	390	375	564	300	486	284	48	467	181	336	50	190	308	160	346	476	445	540	0	500	381	302	172	668	335	646
	500	556	179	735	539	603	620	270	278	110	327	495	278	618	250	451	471	554	436	697	464	526	319	500	0	361	265	449	186	791	392
	139	235	496	380	280	254	278	590	130	269	450	343	127	384	130	352	222	229	227	385	125	166	612	381	361	0	407	223	539	534	710
	521	495	429	701	427	570	573	262	277	314	64	319	406	467	285	257	374	496	326	600	531	553	247	302	265	407	0	345	393	633	354
	247	155	620	362	92	239	234	593	185	399	357	127	329	178	223	159	30	158	20	261	307	275	589	172	449	223	345	0	632	347	696
	677	741	93	917	723	786	804	244	463	272	446	668	440	798	434	618	655	738	618	882	632	701	314	668	186	539	393	632	0	972	336
	474	312	965	362	262	355	321	895	531	745	618	315	657	175	568	377	331	320	358	192	561	483	874	335	791	534	633	347	972	0	980
	842	843	426	1045	781	912	919	124	591	499	363	669	658	818	582	605	725	843	678	954	829	872	108	646	392	710	354	696	336	980	0

coordXY = Coordinates (x,y): line zero => x line one => y column => customers
 	75	226	60	124	330	153	183	385	205	104	479	439	39	424	177	453	301	218	322	298	7	53	453	481	171	102	417	313	142	485	470
	744	807	114	987	769	856	873	91	529	340	363	669	498	817	503	605	706	805	662	939	688	766	107	646	254	608	351	679	71	980	1

d_pit = Demand of item p at customer i in period t
 	14	72	96	15	52	94	46	17	46	52	16	80
	34	28	81	96	15	92	98	82	65	73	22	27
	20	45	58	38	97	27	60	95	34	89	83	80
	84	34	61	26	29	17	38	87	43	19	39	46
	54	35	67	96	40	22	25	31	94	47	62	58
	19	68	27	76	28	31	21	100	15	79	67	71
	19	40	66	79	78	47	54	39	84	76	32	83
	28	31	52	29	22	93	62	86	42	52	34	23
	28	91	69	82	94	46	87	49	72	52	24	53
	82	72	23	90	15	67	35	37	58	97	33	34
	51	36	72	75	30	32	36	26	64	19	56	69
	43	22	37	59	45	61	21	89	48	96	86	34
	26	63	59	55	52	26	48	56	25	89	40	77
	13	81	49	91	16	35	48	74	97	58	82	60
	21	73	48	89	95	20	22	65	28	33	22	56
	15	86	17	81	40	75	43	30	45	31	53	20
	30	60	46	37	85	62	32	89	34	18	58	73
	30	64	16	38	42	48	68	66	72	58	53	77
	52	45	71	29	95	39	10	28	64	56	57	81
	63	88	15	55	89	72	73	59	95	41	17	57
	75	45	71	77	84	24	23	29	33	26	95	78
	43	96	81	35	72	13	16	59	75	89	91	95
	19	96	36	47	36	93	10	94	87	55	56	15
	85	96	28	71	76	49	70	40	60	100	60	61
	49	66	83	35	16	71	79	48	92	84	53	28
	80	10	47	73	92	99	17	93	30	78	11	27
	59	33	48	63	23	39	86	12	77	82	70	59
	65	75	23	36	12	12	25	13	41	10	22	80
	86	17	30	12	10	49	16	43	59	46	51	38
	31	23	32	28	54	83	53	58	63	99	59	79

	21	63	19	91	75	13	19	46	96	38	17	84
	47	71	20	77	65	42	43	68	41	55	82	48
	62	65	23	20	74	43	33	87	38	65	34	54
	14	15	46	82	66	18	90	27	82	95	51	38
	75	83	30	61	71	24	74	21	45	15	96	22
	79	29	39	56	82	35	65	33	74	40	62	34
	40	64	89	37	82	77	72	45	38	35	80	66
	64	58	32	56	41	44	25	92	42	35	83	22
	86	22	88	84	52	20	26	44	95	80	58	86
	80	17	53	67	81	97	15	91	41	23	95	46
	86	88	86	18	98	81	35	31	99	63	76	59
	80	53	64	54	30	77	15	46	50	31	75	43
	47	96	15	31	11	11	17	44	49	85	98	63
	38	83	60	43	52	77	38	42	50	68	21	57
	58	41	14	17	84	76	93	26	40	63	87	72
	82	63	34	27	19	85	81	98	80	90	75	40
	94	41	75	89	50	37	30	95	93	96	54	55
	47	62	81	74	95	17	85	36	53	75	51	41
	99	22	42	95	36	88	42	67	47	16	100	81
	12	35	22	13	42	66	100	90	62	78	24	76
	50	52	33	100	24	11	22	10	35	44	48	19
	41	13	12	22	52	17	35	45	20	61	68	42
	31	42	31	58	32	97	13	52	68	75	98	91
	27	39	71	21	34	63	55	15	35	56	16	15
	74	78	26	49	86	44	27	63	23	76	69	45
	84	63	14	22	18	24	58	77	54	65	22	82
	86	42	30	68	85	81	58	20	48	77	52	38
	55	69	22	51	90	73	52	16	40	99	11	84
	40	14	46	65	97	98	17	96	14	35	92	54
	96	70	54	98	63	29	96	38	60	76	39	100

	77	75	85	93	90	95	85	53	59	62	55	91
	32	94	86	25	99	73	51	83	84	41	51	97
	12	43	68	32	15	31	95	20	96	12	41	56
	38	45	66	35	40	94	12	60	72	11	96	82
	11	71	42	47	22	79	28	13	89	30	22	38
	29	33	56	34	57	32	79	32	17	49	15	27
	83	76	47	60	64	57	80	50	13	23	18	12
	72	34	77	87	38	69	37	27	37	84	31	59
	30	33	96	34	54	64	11	81	92	68	71	66
	74	65	53	52	30	46	74	79	23	45	59	44
	49	67	24	45	73	60	59	85	83	29	19	69
	17	34	51	37	99	38	89	27	93	61	30	95
	86	83	70	13	16	17	16	53	58	76	14	84
	37	60	93	48	65	92	28	86	34	53	55	94
	65	53	97	66	34	46	62	80	51	79	92	48
	31	96	53	86	56	97	99	72	20	69	97	69
	32	47	76	29	39	88	89	52	71	44	78	74
	24	62	29	14	31	90	30	20	25	98	70	35
	62	75	49	60	16	80	70	14	66	79	71	17
	55	95	52	14	74	48	32	46	87	25	87	73
	68	55	85	40	97	38	54	15	29	20	14	74
	26	69	98	47	32	29	74	82	51	59	28	33
	50	12	19	75	30	14	47	43	40	38	29	27
	36	49	33	66	40	49	94	78	91	75	71	55
	72	51	70	32	94	65	30	47	67	82	52	14
	71	56	54	60	34	46	29	72	70	53	56	64
	85	97	15	51	72	39	41	68	44	30	30	43
	71	23	28	28	24	98	100	62	50	15	11	96
	18	45	45	11	20	89	99	90	24	11	85	87
	90	22	75	85	64	25	94	29	65	53	100	45

	39	97	20	13	12	50	26	22	81	96	60	16
	82	30	88	27	41	20	15	64	85	85	34	93
	78	91	46	11	30	76	56	11	49	41	59	67
	93	99	68	44	62	53	74	36	29	43	35	69
	28	65	17	60	31	100	96	24	92	39	75	67
	34	62	81	63	69	93	19	41	69	20	97	86
	11	13	14	67	42	81	16	86	77	49	27	67
	73	41	41	96	54	31	35	29	71	29	51	77
	13	28	73	39	96	25	36	95	49	64	37	90
	45	29	79	91	92	15	33	94	73	19	89	87
	43	25	65	17	77	65	34	11	89	99	70	69
	34	49	32	94	58	57	47	29	38	54	87	100
	54	83	71	14	64	75	50	85	14	48	74	92
	54	100	13	90	35	35	30	41	53	55	26	86
	37	26	34	94	20	69	30	15	41	48	52	69
	12	80	28	76	34	52	49	26	46	65	74	28
	98	50	38	55	88	76	62	60	21	99	89	58
	98	45	99	70	88	78	75	48	56	24	65	18
	71	54	33	76	35	70	81	64	48	64	62	86
	46	23	75	33	27	65	70	11	92	57	49	36
	68	84	31	15	36	54	81	21	93	27	27	83
	54	66	91	49	19	31	71	48	25	46	68	99
	21	42	16	40	51	98	32	69	51	17	46	70
	54	85	100	95	85	96	16	19	37	67	73	82
	20	23	83	59	19	24	42	62	90	97	46	37
	81	88	18	59	48	95	46	44	44	60	58	21
	10	20	94	31	65	40	10	86	98	60	52	18
	10	62	26	78	91	56	91	57	11	83	33	67
	55	59	61	22	15	61	76	45	57	58	85	45
	85	81	20	43	77	56	54	90	76	26	57	58

	48	67	21	76	67	67	77	80	22	78	15	88
	37	76	36	72	10	54	74	33	18	77	56	63
	37	60	40	56	77	82	80	84	27	100	53	41
	53	23	51	43	36	55	78	79	67	56	86	44
	83	73	71	21	63	22	68	35	92	61	64	29
	76	13	57	40	42	99	21	25	64	40	73	18
	59	27	48	96	74	94	77	83	65	75	49	44
	43	82	22	11	20	98	83	24	72	67	94	74
	60	71	11	59	73	68	96	83	66	62	19	35
	92	77	26	99	21	50	13	18	21	55	16	79
	78	20	50	92	21	50	52	88	39	13	34	57
	60	70	88	86	16	77	80	48	29	86	44	70
	21	11	83	97	50	19	73	79	37	86	28	22
	55	42	85	71	77	44	76	55	91	97	54	39
	27	40	33	36	34	97	37	60	75	87	65	56
	29	23	32	55	49	57	60	62	11	70	21	82
	40	16	89	93	48	29	78	92	32	24	42	58
	83	65	38	83	87	12	32	47	34	55	17	14
	90	16	55	39	60	64	39	88	23	56	82	46
	19	56	36	79	95	89	33	54	29	27	44	85
	16	83	31	29	38	48	12	70	55	47	63	27
	95	21	90	81	30	39	69	92	71	15	38	74
	18	18	31	28	41	52	33	33	58	57	75	32
	21	80	16	67	58	20	33	58	47	100	81	51
	25	82	27	45	58	98	99	73	60	61	53	83
	75	36	22	26	35	66	80	78	93	53	23	32
	36	35	34	27	39	18	67	63	16	67	63	57
	70	51	86	53	56	79	36	23	84	47	45	74
	75	13	78	41	17	38	38	25	90	73	60	73
	26	90	19	87	67	89	64	76	13	18	60	59

	84	67	53	61	74	80	72	71	52	75	18	65
	11	86	20	13	43	29	31	78	83	40	70	33
	62	21	85	57	16	55	95	40	78	64	13	15
	90	87	34	71	31	57	31	16	42	75	28	30
	100	47	87	98	94	91	52	80	31	98	44	97
	53	30	27	72	10	87	99	64	46	44	57	38
	29	33	90	38	46	22	26	93	90	53	99	87
	79	82	62	33	53	81	67	56	36	81	44	56
	80	91	63	76	29	33	80	69	55	11	48	47
	77	59	80	54	78	43	94	96	21	70	43	54
	87	60	47	13	22	18	29	74	39	31	76	51
	78	76	43	18	93	81	68	63	29	73	27	97
	14	27	83	50	62	30	30	69	97	29	32	18
	85	12	11	49	66	54	60	34	88	85	97	32
	11	35	77	24	13	86	70	94	32	89	80	79
	98	51	51	92	17	100	13	54	21	40	98	52
	38	64	45	59	86	13	18	35	34	97	56	63
	31	34	53	62	50	12	65	68	24	83	58	35
	16	30	85	13	79	77	71	96	92	45	92	24
	82	25	99	42	72	53	82	13	42	94	95	97
	28	20	52	35	93	84	53	80	57	29	96	65
	81	34	81	39	31	37	54	34	36	69	67	51
	59	22	32	94	41	64	86	71	59	83	91	86
	36	90	58	84	19	56	41	49	18	92	20	52
	23	50	94	54	25	89	14	39	42	84	29	93
	72	97	14	60	45	75	23	30	96	37	24	84
	32	40	22	62	22	52	82	30	53	87	38	28
	69	89	89	77	25	12	15	98	92	27	43	86
	12	29	69	93	15	61	23	17	11	38	53	85
	22	68	89	13	30	11	22	22	80	36	29	17

	16	29	58	91	25	67	74	50	11	60	89	43
	18	99	20	92	29	44	72	67	28	50	95	93
	99	65	79	33	88	53	64	95	97	45	62	90
	30	87	47	55	29	44	32	40	31	47	24	12
	85	15	57	49	10	80	30	67	76	63	18	84
	55	14	47	38	61	95	27	57	60	83	88	32
	22	32	59	72	76	36	79	26	68	88	84	28
	53	38	79	20	69	46	43	81	62	48	42	71
	70	72	76	86	86	48	50	12	54	65	39	40
	75	14	18	12	17	13	39	30	95	65	11	28
	51	55	49	41	70	85	36	67	69	35	41	88
	64	29	57	67	14	92	80	53	20	56	33	32
	48	55	76	19	40	50	50	61	77	26	17	84
	66	55	41	60	36	74	70	25	17	46	98	92
	71	11	76	17	93	87	23	96	22	14	22	20
	80	55	69	90	76	57	74	76	51	100	22	73
	69	28	83	82	54	14	73	56	75	83	90	60
	70	59	37	38	59	84	54	69	45	21	63	38
	31	74	32	24	47	10	46	42	57	32	65	55
	41	65	56	98	55	23	48	83	24	69	19	45
	72	13	61	21	37	59	98	24	85	59	35	41
	40	26	78	47	78	99	11	13	30	69	36	21
	28	96	74	45	50	54	26	41	54	90	96	88
	96	26	27	82	40	28	53	58	37	43	84	20
	23	77	87	94	63	87	42	53	93	70	43	10
	17	36	25	77	20	82	52	58	70	33	22	94
	50	33	32	19	50	11	50	13	48	92	83	41
	13	30	14	32	99	86	59	31	60	43	60	31
	67	88	73	62	47	72	60	10	79	97	65	84
	16	85	40	41	52	98	63	30	69	63	67	34

	62	14	50	58	16	40	96	47	90	63	88	13
	85	25	58	85	99	79	43	62	11	78	84	42
	89	91	50	74	80	43	47	42	53	13	17	44
	56	75	52	95	69	79	91	65	65	62	26	69
	36	17	58	21	33	19	96	28	71	71	86	86
	81	57	19	93	29	22	40	83	69	76	45	96
	100	81	83	90	95	59	74	31	19	35	94	29
	78	97	81	90	46	25	52	50	43	86	50	77
	40	88	32	25	73	39	24	70	95	12	33	95
	40	40	67	41	11	13	25	96	63	98	93	61
	35	28	45	33	92	43	20	10	13	89	54	98
	92	52	57	32	41	62	42	16	74	98	35	51
	99	77	73	47	34	22	44	98	84	89	63	46
	25	25	79	71	93	17	27	35	75	79	11	98
	12	30	86	87	68	65	57	71	85	46	39	49
	46	15	63	34	56	27	68	100	24	43	55	16
	24	99	95	11	87	28	60	64	24	64	45	50
	91	20	82	96	89	57	79	78	54	42	76	96
	89	83	70	19	43	38	47	65	74	52	20	83
	87	28	53	99	92	74	22	17	36	94	41	54
	91	54	67	44	15	42	39	28	75	29	61	85
	24	19	54	96	100	59	39	92	86	95	70	98
	43	62	64	91	68	33	73	50	43	12	57	21
	12	98	97	39	68	10	56	88	50	39	77	36
	69	62	32	51	50	92	98	58	63	32	79	97
	24	38	50	92	91	98	51	56	37	97	52	57
	82	52	64	97	61	12	63	88	70	71	69	88
	15	72	97	20	16	99	43	59	91	14	28	15
	91	44	56	86	66	34	17	93	92	49	90	12
	58	97	48	90	68	38	72	69	36	12	79	36

	41	74	59	69	68	93	88	65	62	65	78	61
	74	76	23	80	60	43	58	22	43	24	58	57
	48	32	42	43	79	20	41	69	89	77	68	84
	88	19	24	55	19	17	43	88	59	15	86	13
	67	68	41	14	85	52	30	32	88	66	42	80
	14	24	89	94	30	74	40	25	16	77	37	89
	17	84	15	56	17	92	35	13	25	31	48	82
	40	79	23	44	99	50	17	47	89	26	51	43
	44	84	91	70	40	72	15	30	31	69	73	95
	98	46	79	62	37	48	25	70	14	15	99	95
	31	23	90	31	72	15	12	39	48	32	92	69
	17	33	97	87	43	45	37	68	86	79	47	20
	60	98	55	37	47	11	35	74	16	57	69	68
	35	84	59	30	52	92	99	72	23	45	87	61
	62	40	13	75	51	33	93	34	42	49	36	20
	76	73	59	55	82	88	57	71	86	33	54	67
	72	44	95	54	16	12	59	65	70	20	80	80
	52	39	69	68	81	74	19	99	23	63	71	83
	70	44	97	54	28	65	48	69	84	20	18	39
	64	74	91	91	89	69	69	97	30	16	93	78
	65	92	24	26	78	77	62	58	23	80	13	19
	32	78	15	58	75	89	86	50	60	49	14	44
	83	53	13	46	88	94	62	39	55	48	58	49
	16	43	96	22	58	32	91	41	74	45	39	63
	37	58	62	97	83	81	87	83	71	26	63	71
	74	59	81	81	66	33	69	51	70	57	60	89
	81	58	67	17	22	70	90	38	65	91	73	85
	67	37	77	68	71	34	80	82	83	99	22	11
	38	67	100	57	21	20	49	52	61	43	29	73
	16	95	84	75	37	11	98	24	26	14	64	33

	81	20	51	30	88	26	88	42	23	80	14	49
	23	19	68	81	64	19	86	85	66	87	53	15
	27	63	25	73	39	57	18	41	65	34	80	33
	37	61	57	89	26	15	57	67	14	16	17	15
	29	64	50	39	23	67	79	63	29	74	84	73
	74	81	21	71	70	96	45	63	66	12	75	89
	54	34	84	71	42	87	64	16	29	48	52	51
	27	65	55	82	55	82	46	93	12	80	64	10
	81	89	79	27	13	16	25	65	90	32	82	84
	81	69	47	82	89	23	87	47	82	17	23	77
	83	83	63	89	58	94	48	30	86	27	95	47
	35	33	15	40	98	72	69	10	44	24	70	29
	46	16	48	12	97	37	76	72	23	74	93	49
	92	20	77	90	71	84	42	38	78	90	60	57
	44	33	27	94	94	20	44	42	40	20	36	76
	41	84	12	97	69	25	64	59	30	67	50	86
	37	94	12	32	89	91	68	47	36	88	34	63
	69	13	56	66	57	92	74	82	33	12	99	22
	77	55	61	40	37	72	90	28	44	77	94	79
	71	16	26	75	28	38	57	82	18	26	40	42
	20	33	19	82	91	94	50	41	55	94	91	39
	30	93	96	54	90	59	76	68	69	48	26	72
	94	17	42	27	36	84	17	71	92	77	35	40
	88	34	11	96	37	10	42	13	22	41	29	24
	19	93	64	37	92	95	47	37	90	49	19	42
	34	73	85	57	94	65	15	10	84	75	38	51
	74	35	30	76	35	45	53	31	78	41	44	41
	51	51	28	81	63	78	57	31	63	83	63	98
	33	96	95	68	59	61	43	59	66	40	48	52
	37	39	60	32	56	89	12	50	87	85	52	49

