***** PARAMETERS PRP *****

Number of Customers = 30
Number of Products = 10
Number of Vehicles = 5
Number of Periods = 12

B = Production capacity
	49185

b_p = Time required to produce item p
 	1	1	1	1	1	1	1	1	1	1

c_p = Production cost of item p
 	30	30	30	30	30	80	30	30	80	30

s_p = Setup cost of item p
 	300	300	300	300	300	800	300	300	800	300

M = Big number
	196739

U_pi = Maximum inventory upper bound of item p at site i
 	196739	100	212	144	233	124	172	141	112	115	208	150	297	245	298	124	248	286	178	231	134	179	323	275	124	263	230	189	181	224	113
	196739	100	165	249	104	131	308	298	186	291	280	270	92	178	100	245	153	303	179	110	299	71	224	275	151	170	253	175	219	147	123
	196739	127	276	238	170	101	96	103	103	126	145	350	137	241	165	220	106	228	300	193	200	157	88	174	105	102	150	186	141	113	362
	196739	175	230	85	194	308	261	204	239	164	148	208	124	212	162	294	144	231	105	185	187	235	121	116	120	114	234	185	154	193	110
	196739	260	277	193	170	231	205	172	115	212	120	217	210	140	249	165	181	298	253	198	229	241	163	242	237	207	111	191	295	227	146
	196739	242	291	149	316	221	87	139	217	199	214	204	131	152	230	250	116	171	239	144	325	311	198	255	236	246	190	257	174	239	187
	196739	230	109	142	223	100	106	215	219	91	111	178	216	214	113	169	119	133	190	303	216	154	293	174	94	210	215	281	300	269	126
	196739	262	180	246	258	153	86	116	228	121	214	176	245	313	136	212	197	227	141	117	186	149	210	110	329	135	232	252	273	99	151
	196739	136	218	265	244	305	183	110	109	254	114	306	225	186	167	185	126	229	352	195	101	201	212	150	173	163	243	254	101	263	98
	196739	142	118	105	300	98	206	95	205	244	211	291	362	98	192	217	207	105	233	287	187	94	318	165	204	156	211	239	86	282	150

I_pi0 = Initial inventory of item p at site i
 	0	12	94	32	141	108	156	96	32	90	192	142	149	181	154	117	140	68	107	60	49	111	80	20	46	44	127	30	151	24	88
	0	57	141	214	98	99	201	223	90	111	227	162	50	159	76	44	115	83	109	43	210	43	179	61	145	59	169	44	114	21	93
	0	97	207	144	79	93	37	68	58	87	67	179	36	185	78	135	84	36	257	185	65	111	82	72	48	32	103	180	89	92	95
	0	159	193	15	170	100	166	79	223	142	144	87	100	143	151	75	90	169	74	99	131	209	96	57	98	87	152	56	25	64	85
	0	152	112	175	25	99	156	19	55	59	68	163	183	78	88	94	97	179	153	59	45	170	109	37	60	192	91	121	55	93	63
	0	73	127	98	139	209	70	128	21	196	112	118	39	109	212	193	88	149	152	95	206	238	73	176	15	225	129	23	111	128	32
	0	196	97	53	124	54	83	194	118	30	109	69	216	175	54	146	99	99	150	81	163	22	87	115	54	94	134	31	146	64	123
	0	52	146	60	160	143	61	67	130	98	208	125	71	141	70	122	188	29	43	30	147	126	151	40	136	33	187	47	137	67	27
	0	84	88	134	228	91	76	78	108	127	84	193	112	185	66	162	31	196	121	133	100	127	87	148	103	26	49	20	82	81	54
	0	137	103	86	237	95	143	84	89	127	48	89	141	95	145	140	158	52	60	86	138	83	223	153	58	24	128	188	69	114	137

h_pi = Inventory cost of item p at site i
 	3	2	6	8	8	8	2	2	9	1	2	8	2	9	1	6	3	1	5	3	6	1	3	8	2	4	2	3	5	7	7
	3	7	5	1	7	6	2	6	5	9	3	5	8	8	1	1	5	7	5	3	1	4	2	4	8	6	3	3	6	3	6
	3	4	8	8	3	2	8	9	9	1	8	4	7	2	1	4	4	7	8	2	9	6	4	8	3	9	2	4	2	4	9
	3	1	3	2	7	8	8	1	2	5	7	2	1	3	8	2	3	3	1	9	4	5	7	2	6	4	8	5	9	6	1
	3	6	9	5	2	1	4	9	5	1	7	2	4	1	1	2	5	2	8	2	4	1	4	6	2	9	1	4	2	6	9
	8	9	1	3	7	2	5	2	9	6	6	6	3	4	7	6	5	5	1	7	5	5	9	8	8	4	1	8	7	7	9
	3	9	5	6	9	6	6	7	2	9	5	1	7	6	8	4	8	5	2	8	9	3	3	2	5	9	6	6	2	1	8
	3	3	3	8	7	8	2	3	9	1	5	2	1	7	2	4	8	6	6	1	9	4	5	5	3	5	8	9	5	9	5
	8	9	1	1	5	8	9	5	4	4	6	1	7	8	8	4	5	9	5	3	8	6	7	7	7	2	7	5	6	3	3
	3	8	2	3	2	3	7	6	6	9	9	2	9	6	2	5	8	8	7	4	7	5	2	4	4	1	6	2	5	6	8

C = Vehicle capacity
	3620

f = Fixed transportation cost
	30721

a_ik = Transportation cost for traveling from node i to node k
 	0	301	122	470	240	177	199	446	552	218	232	484	507	387	223	144	511	209	161	440	377	109	460	228	228	106	443	279	151	381	274
	301	0	344	676	536	347	319	738	254	476	514	404	240	306	502	291	384	313	169	672	577	269	251	133	528	391	185	107	181	232	100
	122	344	0	359	275	63	320	404	594	133	297	597	575	497	165	68	617	115	176	339	263	75	546	231	241	87	513	357	163	478	282
	470	676	359	0	462	333	663	325	908	262	524	954	915	855	287	391	976	364	513	74	100	423	900	545	409	376	856	710	502	836	590
	240	536	275	462	0	332	310	273	783	232	70	608	721	534	186	338	657	390	399	401	400	321	653	465	54	189	657	495	387	563	513
	177	347	63	333	332	0	373	430	589	153	358	637	584	535	197	58	652	63	181	326	234	94	568	221	294	146	524	378	170	507	270
	199	319	320	663	310	373	0	575	527	403	258	305	437	225	392	330	348	394	279	625	572	290	352	330	333	288	376	235	277	259	355
	446	738	404	325	273	430	575	0	991	278	340	878	953	798	240	469	922	490	576	253	327	476	900	634	242	348	889	725	563	815	685
	552	254	594	908	783	589	527	991	0	727	754	459	136	403	754	537	403	546	419	912	811	520	246	369	779	645	167	296	432	313	320
	218	476	133	262	232	153	403	278	727	0	282	699	705	604	53	194	728	213	309	224	180	208	670	361	182	116	642	484	296	596	413
	232	514	297	524	70	358	258	340	754	282	0	548	683	479	241	353	599	411	393	466	457	329	607	459	118	214	619	461	382	515	504
	484	404	597	954	608	637	305	878	459	699	548	0	326	105	694	584	73	637	486	922	859	545	214	501	636	584	302	304	491	175	493
	507	240	575	915	721	584	437	953	136	705	683	326	0	279	724	527	268	553	404	909	816	502	114	373	726	609	65	229	416	195	334
	387	306	497	855	534	535	225	798	403	604	479	105	279	0	603	481	125	533	381	827	759	442	168	397	557	490	237	203	386	92	392
	223	502	165	287	186	197	392	240	754	53	241	694	724	603	0	231	727	259	337	238	217	237	682	394	133	118	660	499	324	603	446
	144	291	68	391	338	58	330	469	537	194	353	584	527	481	231	0	596	66	124	382	292	41	510	169	307	150	467	320	112	450	220
	511	384	617	976	657	652	348	922	403	728	599	73	268	125	727	596	0	645	489	950	879	559	162	494	681	614	254	294	496	155	480
	209	313	115	364	390	63	394	490	546	213	411	637	553	533	259	66	645	0	158	367	267	105	547	181	354	201	496	360	150	495	227
	161	169	176	513	399	181	279	576	419	309	393	486	404	381	337	124	489	158	0	505	414	101	390	67	381	232	344	202	14	337	115
	440	672	339	74	401	326	625	253	912	224	466	922	909	827	238	382	950	367	505	0	111	409	885	545	349	339	848	696	493	815	592
	377	577	263	100	400	234	572	327	811	180	457	859	816	759	217	292	879	267	414	111	0	325	801	447	347	288	757	612	403	738	493
	109	269	75	423	321	94	290	476	520	208	329	545	502	442	237	41	559	105	101	409	325	0	478	158	295	140	440	288	89	414	210
	460	251	546	900	653	568	352	900	246	670	607	214	114	168	682	510	162	547	390	885	801	478	0	377	664	565	93	190	400	94	351
	228	133	231	545	465	221	330	634	369	361	459	501	373	397	394	169	494	181	67	545	447	158	377	0	446	295	317	201	78	339	52
	228	528	241	409	54	294	333	242	779	182	118	636	726	557	133	307	681	354	381	349	347	295	664	446	0	157	661	498	369	577	496
	106	391	87	376	189	146	288	348	645	116	214	584	609	490	118	150	614	201	232	339	288	140	565	295	157	0	544	382	219	487	346
	443	185	513	856	657	524	376	889	167	642	619	302	65	237	660	467	254	496	344	848	757	440	93	317	661	544	0	164	355	147	283
	279	107	357	710	495	378	235	725	296	484	461	304	229	203	499	320	294	360	202	696	612	288	190	201	498	382	164	0	211	139	190
	151	181	163	502	387	170	277	563	432	296	382	491	416	386	324	112	496	150	14	493	403	89	400	78	369	219	355	211	0	345	128
	381	232	478	836	563	507	259	815	313	596	515	175	195	92	603	450	155	495	337	815	738	414	94	339	577	487	147	139	345	0	325
	274	100	282	590	513	270	355	685	320	413	504	493	334	392	446	220	480	227	115	592	493	210	351	52	496	346	283	190	128	325	0

coordXY = Coordinates (x,y): line zero => x line one => y column => customers
 	263	111	171	37	430	109	406	361	19	201	466	474	154	399	252	123	421	60	131	110	57	155	262	77	382	253	173	216	136	309	54
	448	707	369	36	277	361	586	13	943	240	336	883	943	810	226	417	933	399	540	36	133	442	907	579	254	343	881	723	528	826	625

d_pit = Demand of item p at customer i in period t
 	12	63	51	27	95	53	25	66	79	13	45	71
	27	67	21	95	43	63	63	51	38	54	33	81
	32	84	26	14	13	55	64	50	68	97	46	27
	74	67	78	65	24	43	39	70	66	24	65	85
	25	83	24	80	51	68	94	18	97	53	92	59
	51	85	20	40	95	54	46	93	29	80	79	15
	35	48	13	63	27	36	32	88	80	31	74	36
	32	86	14	74	20	50	94	63	94	29	73	40
	42	48	84	60	37	60	71	17	61	39	76	93
	46	99	47	14	13	90	65	44	81	51	46	28
	29	25	38	50	70	64	11	20	63	91	56	81
	63	28	58	30	93	21	88	13	75	90	55	98
	69	31	81	56	23	62	38	19	54	53	63	38
	69	85	81	89	29	85	33	77	27	75	23	42
	60	57	95	13	67	45	46	60	59	69	87	83
	75	16	49	44	49	91	31	73	48	33	11	75
	55	13	67	33	73	60	54	81	26	78	66	80
	90	17	32	93	23	32	64	93	89	64	81	35
	60	32	48	22	88	81	30	20	58	67	10	39
	49	34	51	68	41	91	13	24	19	35	46	66
	26	85	57	19	78	27	18	31	45	48	93	11
	56	24	27	83	50	74	81	82	92	74	75	57
	20	32	45	67	58	96	78	19	66	32	85	63
	46	82	35	27	76	59	42	83	86	41	79	86
	15	29	99	50	59	30	100	40	94	16	87	13
	18	83	26	41	87	83	61	26	22	40	47	18
	30	35	70	51	13	42	11	90	72	15	11	14
	73	34	44	51	80	58	62	62	72	69	33	87
	24	23	97	17	21	77	64	64	11	44	82	13
	88	30	62	83	33	61	68	99	86	26	21	23

	57	95	15	25	77	13	39	82	45	28	27	99
	36	56	49	24	87	59	76	69	86	28	36	54
	57	21	42	94	17	31	56	16	65	27	79	93
	98	15	73	58	91	53	23	55	42	35	51	28
	43	56	66	67	70	36	15	89	81	99	83	79
	88	96	17	37	93	50	94	97	54	58	26	29
	85	63	75	68	32	84	13	71	51	44	36	93
	90	98	10	39	64	61	72	88	100	69	11	43
	91	20	70	52	100	44	79	78	53	11	21	79
	71	29	43	84	28	27	99	75	83	28	82	24
	91	71	69	62	84	31	88	71	95	18	38	92
	50	22	74	17	99	21	61	66	11	28	86	19
	79	80	35	49	73	66	37	51	40	38	72	91
	76	34	54	21	17	24	11	69	76	92	75	53
	44	51	24	73	44	98	61	60	75	83	39	84
	21	17	51	26	83	48	61	54	94	31	28	97
	83	75	58	74	85	53	53	43	71	30	14	87
	99	10	26	29	59	26	39	45	75	40	41	47
	43	25	72	87	41	25	31	97	33	80	47	78
	100	67	43	28	46	18	89	25	84	34	92	92
	43	58	29	17	15	20	69	12	25	31	16	88
	91	43	45	82	62	19	33	50	44	79	53	70
	33	28	44	98	46	71	91	35	99	23	69	24
	81	33	31	45	93	58	67	53	10	54	14	65
	59	75	40	96	79	85	88	21	16	48	36	36
	93	76	79	99	26	96	34	44	21	36	96	58
	44	14	76	68	34	88	32	96	55	65	50	77
	72	42	15	38	99	93	57	43	68	51	44	34
	21	97	12	47	51	20	91	45	30	11	95	66
	53	11	29	93	52	69	98	64	70	86	78	35

	97	87	61	61	52	61	95	67	33	79	15	54
	38	99	70	46	18	39	17	46	85	53	98	53
	55	89	34	93	76	48	88	61	49	53	21	48
	79	95	41	94	28	46	61	39	54	87	14	41
	93	20	51	48	52	86	42	23	46	86	26	34
	37	68	79	72	31	40	13	14	61	32	65	62
	20	48	15	33	53	72	84	44	58	76	52	61
	19	19	20	86	57	51	96	22	24	69	76	80
	87	84	46	67	84	87	86	12	20	33	79	73
	25	42	10	41	52	87	37	44	18	19	46	13
	97	82	38	100	77	57	79	59	90	98	13	50
	17	19	24	63	20	79	50	78	76	61	16	46
	99	86	11	58	65	51	48	21	96	51	77	61
	78	88	58	55	70	50	16	79	36	65	19	45
	81	18	36	24	83	15	73	77	58	52	83	61
	28	56	48	12	50	91	27	45	89	76	70	42
	36	82	88	43	97	14	22	69	89	74	23	48
	92	27	60	78	24	74	57	86	47	74	81	21
	14	31	80	60	87	71	26	75	81	12	29	12
	54	11	52	27	68	85	98	32	18	63	54	37
	49	11	51	82	87	19	62	42	23	21	100	81
	82	25	39	17	59	38	70	47	77	28	22	23
	72	92	65	28	89	28	87	33	58	61	42	42
	48	26	21	62	36	12	100	76	74	25	52	95
	16	16	31	27	98	91	36	12	93	55	71	65
	51	52	24	44	56	15	75	77	75	88	12	32
	87	66	27	50	36	11	49	38	89	27	38	41
	89	60	77	93	89	42	84	78	15	90	89	41
	92	54	41	43	89	93	36	32	88	63	17	31
	95	57	97	44	75	62	77	82	97	83	84	15

	24	79	28	28	64	75	73	17	60	42	14	21
	50	46	82	15	29	50	44	69	23	43	52	50
	15	94	41	32	25	64	45	57	32	20	23	61
	74	96	78	38	71	14	75	81	73	54	99	21
	100	90	38	84	92	72	11	20	73	75	50	35
	73	67	26	33	56	73	26	41	81	62	42	47
	28	51	69	84	16	60	78	51	25	23	33	93
	68	95	60	79	82	57	89	72	26	12	38	40
	53	89	30	21	51	15	79	48	38	94	100	36
	92	52	72	61	46	78	56	12	22	15	55	30
	17	53	17	21	93	33	24	52	36	43	13	97
	35	17	48	48	40	44	61	19	52	21	50	59
	37	52	54	20	92	75	45	73	28	18	54	88
	66	41	44	75	59	79	94	17	65	59	31	16
	75	70	90	53	17	31	55	52	71	56	94	41
	73	17	91	99	58	34	35	12	27	33	31	64
	31	55	83	75	81	82	31	45	54	35	49	73
	74	49	13	13	38	99	67	66	39	60	22	91
	17	60	22	81	83	62	20	28	18	85	35	44
	63	19	49	92	73	29	28	14	69	59	20	46
	74	68	25	42	70	97	16	98	71	70	58	16
	43	53	45	82	100	28	25	24	85	48	98	94
	37	20	51	13	56	19	27	45	44	80	15	56
	98	90	41	47	51	34	14	43	99	88	52	61
	87	83	32	50	43	43	55	19	35	69	79	90
	50	30	72	80	18	52	16	92	51	37	30	34
	56	100	16	85	98	81	17	63	56	55	27	85
	25	52	74	30	87	32	37	37	65	64	12	100
	64	15	83	73	11	45	87	90	91	74	68	69
	85	26	87	19	18	79	80	38	83	67	39	41

	27	86	39	41	97	84	77	99	54	81	64	32
	37	75	82	63	82	13	75	65	69	71	20	12
	49	21	44	61	24	93	24	17	20	25	10	74
	25	95	99	39	41	86	59	17	15	62	75	68
	99	21	52	96	79	93	96	72	95	72	68	82
	26	53	54	23	32	15	48	32	89	33	21	65
	19	56	86	28	64	63	48	49	56	69	94	56
	55	91	59	87	57	14	55	55	30	87	72	27
	39	20	88	63	28	43	77	17	75	67	50	70
	68	59	16	92	70	23	11	99	47	69	71	97
	89	32	42	71	47	48	21	89	77	68	42	26
	47	53	83	55	13	42	84	38	42	63	75	35
	27	51	58	67	57	27	65	70	14	30	58	34
	34	24	30	29	49	77	46	56	97	95	21	39
	94	13	19	84	65	58	14	95	71	57	74	14
	11	70	16	57	18	41	14	80	69	65	90	13
	89	75	15	60	75	20	95	100	75	54	47	11
	61	53	39	72	42	50	79	33	12	85	65	16
	28	31	57	30	98	22	18	95	54	78	26	57
	45	36	99	71	76	48	49	41	53	70	73	25
	97	73	84	22	81	73	25	11	89	87	50	30
	62	47	80	37	23	80	98	84	39	23	64	14
	37	24	36	78	70	67	73	56	98	73	20	93
	11	49	85	82	56	90	61	55	44	24	97	58
	13	65	79	35	49	25	25	53	81	64	64	69
	91	58	93	42	17	58	37	24	47	62	96	39
	17	32	72	53	84	23	21	77	77	42	12	64
	55	59	84	45	17	46	84	29	88	82	19	100
	83	10	30	71	67	51	50	95	31	95	65	32
	18	45	81	58	58	19	67	22	60	25	42	90

	20	53	89	93	13	94	37	83	61	91	76	15
	40	87	36	78	53	28	40	67	47	72	50	100
	98	75	52	84	74	96	49	71	87	69	96	44
	67	72	52	99	82	57	88	24	59	96	47	15
	79	76	54	75	86	41	67	23	78	19	17	47
	15	44	11	20	48	71	65	35	98	48	18	50
	49	47	32	98	33	55	74	23	28	42	24	50
	21	24	43	43	73	54	83	94	98	37	11	70
	49	47	21	79	12	71	37	14	61	49	77	80
	38	29	45	37	16	84	74	56	87	67	70	40
	27	24	16	51	60	11	34	55	69	33	16	93
	22	17	14	12	51	11	45	47	54	56	52	13
	20	89	22	62	94	58	57	11	69	36	79	11
	39	56	74	43	92	92	26	60	24	48	66	69
	73	66	54	92	87	46	68	67	12	69	49	67
	28	60	99	100	52	23	30	87	38	18	84	76
	31	37	46	35	70	17	46	32	71	68	17	43
	46	67	39	87	32	26	41	73	45	43	55	19
	95	50	17	93	24	19	35	25	27	80	36	76
	62	59	85	38	35	37	57	99	86	28	96	97
	92	32	40	74	34	83	63	21	78	99	70	60
	73	16	91	96	62	65	57	27	88	44	74	97
	80	96	51	55	82	94	59	11	26	56	83	72
	15	46	71	97	46	64	54	54	70	91	87	12
	37	70	84	34	72	34	68	75	25	69	96	73
	17	56	56	36	76	82	61	22	22	17	32	94
	23	31	99	14	65	58	18	99	53	44	99	13
	64	47	83	38	52	90	87	38	40	59	76	22
	55	73	55	76	90	28	27	35	100	45	65	69
	32	69	97	66	88	94	34	33	23	19	97	97

	57	61	57	21	92	17	86	88	73	45	64	30
	97	78	48	14	19	79	15	57	83	84	35	47
	53	80	96	93	68	69	72	84	92	44	68	34
	93	31	82	22	21	76	23	60	67	90	81	24
	34	20	86	67	92	74	43	55	53	35	25	17
	31	52	86	67	22	29	53	91	69	23	72	42
	63	64	26	41	53	62	24	69	83	48	14	99
	46	72	63	79	39	74	14	83	25	45	46	71
	20	10	25	98	22	22	83	52	80	51	28	55
	35	74	81	42	71	40	39	15	71	68	98	31
	21	48	98	61	41	42	41	98	87	74	54	45
	100	22	94	98	25	27	27	22	33	34	100	66
	70	74	31	53	25	98	29	73	38	43	36	71
	20	34	99	78	44	66	69	39	64	43	94	26
	42	27	77	76	47	80	97	50	18	65	76	20
	99	97	80	62	59	77	100	23	38	13	50	17
	99	86	60	84	45	35	56	71	61	75	65	63
	32	26	92	76	62	44	98	26	14	34	46	20
	81	98	99	72	61	12	43	88	68	16	20	69
	51	73	39	23	44	51	42	46	68	69	50	92
	22	18	38	80	21	76	77	67	76	95	35	10
	87	65	97	12	75	66	94	49	51	35	35	38
	78	37	44	34	18	10	25	77	51	23	63	63
	54	55	38	39	50	46	69	40	32	20	31	91
	94	77	31	93	72	26	15	29	39	59	15	79
	14	13	64	43	62	28	71	89	61	30	72	98
	31	73	57	31	98	82	53	11	58	14	98	69
	49	97	98	75	89	21	37	48	64	44	32	66
	64	37	32	70	91	72	93	31	81	80	93	64
	81	42	11	95	78	41	38	84	63	86	100	37

	20	32	28	41	53	49	100	68	84	36	82	36
	51	62	33	88	65	39	99	98	44	52	27	60
	60	69	22	34	56	99	18	97	72	28	11	24
	20	63	77	69	15	49	92	12	12	59	98	54
	62	33	48	20	35	68	71	50	56	52	21	97
	21	40	76	66	51	51	44	21	18	79	35	13
	29	38	86	21	99	54	76	42	89	48	46	69
	86	44	89	65	14	34	80	57	36	46	80	52
	98	99	81	64	90	23	40	67	19	100	30	12
	39	21	86	62	22	61	72	37	62	56	77	47
	89	36	90	16	45	60	52	83	37	88	38	70
	71	20	15	43	57	48	23	84	81	82	15	50
	83	58	89	11	70	82	78	78	74	63	24	40
	26	44	80	19	95	17	59	14	62	59	60	10
	63	13	46	100	51	57	50	16	85	76	19	61
	78	87	23	57	31	31	20	13	96	43	94	19
	29	65	83	35	15	34	85	30	37	73	15	43
	43	32	66	35	52	84	81	42	13	27	49	38
	30	91	34	48	83	86	36	51	66	83	70	21
	62	85	87	98	45	84	25	41	64	53	24	75
	53	73	81	47	54	64	21	38	17	64	57	25
	39	26	37	49	79	92	64	27	59	51	95	13
	40	79	89	45	52	12	33	35	56	71	73	72
	53	83	78	60	55	72	83	51	45	24	93	93
	33	94	99	92	51	39	46	80	79	55	67	76
	96	17	74	69	73	99	54	65	54	37	22	37
	47	29	99	39	38	71	17	70	12	75	38	69
	38	99	44	37	99	51	79	43	56	54	18	36
	67	50	34	87	30	49	81	82	29	38	13	33
	27	73	59	85	79	37	67	25	40	29	10	74

	84	76	31	32	13	44	22	53	44	46	53	44
	88	84	80	26	24	20	46	14	52	47	100	72
	85	49	37	27	84	90	78	73	71	51	69	80
	12	85	54	77	99	10	23	74	67	96	68	67
	22	69	72	90	89	67	35	71	20	53	96	47
	41	35	16	43	88	47	64	57	24	16	64	53
	14	64	57	55	62	13	72	93	61	29	62	75
	51	57	98	66	41	53	69	67	26	60	29	34
	29	98	19	28	98	71	94	84	63	53	90	35
	65	19	51	10	64	81	93	87	97	52	35	32
	70	51	49	23	97	55	49	79	86	32	53	91
	87	25	44	81	35	83	73	55	84	46	52	11
	64	92	29	79	54	38	97	94	40	12	99	47
	66	52	37	60	35	48	35	59	32	82	96	66
	73	89	88	88	100	12	32	48	85	67	25	33
	31	77	80	75	75	31	66	97	56	74	40	56
	76	52	68	66	28	65	76	54	20	55	45	83
	48	73	58	58	45	82	74	77	74	100	91	64
	68	65	51	62	88	79	91	78	77	10	83	26
	11	77	12	36	31	78	25	37	96	99	85	19
	48	63	16	94	15	76	89	94	82	58	96	74
	51	36	36	96	96	51	85	98	37	96	82	84
	52	96	20	91	34	65	18	41	62	34	26	61
	68	35	61	37	64	82	61	17	56	98	21	92
	26	49	73	14	23	54	48	25	28	85	53	11
	49	15	77	19	73	30	43	65	92	12	58	49
	20	50	78	69	90	83	98	41	79	47	61	45
	69	13	58	37	57	12	52	51	73	51	98	35
	81	29	32	62	57	16	59	58	44	86	25	83
	54	63	31	10	25	63	35	92	66	19	31	99

	16	76	14	31	57	72	23	57	24	91	86	19
	73	30	47	73	93	15	20	71	93	68	29	97
	74	12	24	71	61	61	62	92	23	75	15	59
	91	80	66	28	96	68	14	82	81	18	16	80
	52	43	35	87	49	83	58	26	78	19	13	47
	95	48	26	12	26	58	59	21	89	49	73	63
	84	52	28	46	28	63	85	34	11	23	76	40
	16	73	79	40	96	18	57	24	63	90	29	30
	36	91	41	76	42	12	93	36	85	44	16	13
	48	61	100	69	12	95	16	65	19	24	35	89
	89	20	61	37	56	71	59	29	28	55	97	96
	22	63	56	93	74	89	95	90	52	76	68	90
	12	83	93	21	71	11	41	40	79	29	26	79
	86	59	30	63	45	91	66	33	28	32	25	18
	37	73	18	12	46	87	70	20	37	87	73	92
	79	18	61	95	73	85	55	58	17	23	18	38
	52	77	63	33	36	83	12	60	29	89	40	53
	32	28	22	74	93	21	52	58	37	48	50	43
	86	47	16	37	59	99	83	33	82	31	85	30
	69	69	93	74	84	97	16	65	15	23	83	58
	14	69	34	31	67	78	36	87	18	35	42	55
	21	85	96	21	48	84	83	95	22	86	91	30
	51	66	36	76	39	27	98	47	43	84	56	38
	25	33	37	56	83	85	58	55	35	27	57	60
	24	27	62	72	49	47	96	11	86	39	17	92
	58	16	54	92	93	92	75	85	35	60	98	87
	99	89	55	19	32	22	60	60	11	48	20	59
	69	20	99	48	82	46	31	19	13	28	18	42
	20	94	54	57	55	95	77	70	58	41	25	31
	57	41	23	16	84	57	94	90	21	25	21	72

