***** PARAMETERS PRP *****

Number of Customers = 30
Number of Products = 10
Number of Vehicles = 5
Number of Periods = 12

B = Production capacity
	49206

b_p = Time required to produce item p
 	1	1	1	1	1	1	1	1	1	1

c_p = Production cost of item p
 	30	80	30	80	30	30	80	30	80	80

s_p = Setup cost of item p
 	300	800	300	800	300	300	800	300	800	800

M = Big number
	196823

U_pi = Maximum inventory upper bound of item p at site i
 	196823	142	120	183	232	288	113	290	247	112	229	227	110	274	198	131	163	228	234	100	155	265	175	110	193	172	163	305	302	162	152
	196823	270	182	118	263	291	126	213	199	90	111	127	267	219	296	107	150	156	105	144	182	116	132	170	254	152	270	202	148	163	181
	196823	177	230	260	223	279	259	177	155	95	231	189	86	153	283	174	203	196	263	255	246	100	203	241	259	227	182	102	87	242	152
	196823	104	288	187	195	227	143	102	116	102	103	157	114	172	129	150	333	212	165	161	101	173	263	227	171	172	135	323	139	213	187
	196823	194	188	208	204	259	286	351	239	325	156	204	237	274	243	146	239	265	146	222	202	167	131	311	186	234	112	114	198	247	220
	196823	247	127	146	328	138	167	232	180	273	111	115	268	124	352	202	67	119	218	264	119	156	199	178	142	138	226	88	222	86	241
	196823	180	95	194	105	128	204	114	127	88	79	222	113	169	95	271	128	219	311	213	140	289	104	324	195	286	101	232	136	203	258
	196823	132	175	88	100	101	96	112	235	117	221	172	251	104	166	295	265	113	171	156	305	335	193	250	224	156	180	117	117	123	113
	196823	106	192	130	137	170	191	269	290	158	265	313	229	166	268	170	322	124	278	105	267	108	224	230	168	127	197	259	302	218	225
	196823	209	293	119	108	172	191	248	241	84	153	173	111	184	259	104	207	112	294	108	241	257	107	236	143	105	126	179	96	235	153

I_pi0 = Initial inventory of item p at site i
 	0	91	91	94	113	147	89	76	52	72	124	148	99	18	148	100	152	126	61	83	84	99	86	64	44	105	76	229	166	86	65
	0	218	125	87	114	172	124	135	133	16	67	109	228	78	21	21	134	141	94	127	79	36	91	149	162	30	258	88	119	156	17
	0	166	191	118	172	236	64	22	147	89	144	48	64	128	67	118	171	95	132	94	206	14	184	131	120	198	153	16	13	62	91
	0	96	232	154	157	79	132	61	80	79	98	122	82	102	114	142	106	164	77	141	23	106	153	176	99	55	93	236	94	94	120
	0	33	168	77	108	249	91	135	22	26	132	120	179	247	150	45	64	248	114	79	172	99	89	218	119	113	91	61	110	144	61
	0	232	96	86	245	119	60	49	174	182	87	96	116	122	35	109	61	70	140	242	87	122	91	139	65	73	212	81	109	12	153
	0	144	95	23	93	64	137	35	125	29	52	165	70	167	57	240	73	159	153	63	89	249	34	142	85	248	91	121	99	94	132
	0	53	133	0	80	64	19	44	21	58	102	168	145	65	137	251	147	105	30	60	284	162	56	211	92	120	132	19	99	23	97
	0	63	43	58	70	43	169	255	145	38	152	228	186	24	187	107	12	110	163	91	203	82	190	191	160	125	115	90	270	52	63
	0	197	68	24	97	84	152	77	66	44	98	161	100	174	74	82	66	37	96	73	241	178	81	225	24	85	91	108	72	191	136

h_pi = Inventory cost of item p at site i
 	3	0	0	0	0	0	0	0	0	0	0	0	0	0	0	0	0	0	0	0	0	0	0	0	0	0	0	0	0	0	0
	8	0	0	0	0	0	0	0	0	0	0	0	0	0	0	0	0	0	0	0	0	0	0	0	0	0	0	0	0	0	0
	3	0	0	0	0	0	0	0	0	0	0	0	0	0	0	0	0	0	0	0	0	0	0	0	0	0	0	0	0	0	0
	8	0	0	0	0	0	0	0	0	0	0	0	0	0	0	0	0	0	0	0	0	0	0	0	0	0	0	0	0	0	0
	3	0	0	0	0	0	0	0	0	0	0	0	0	0	0	0	0	0	0	0	0	0	0	0	0	0	0	0	0	0	0
	3	0	0	0	0	0	0	0	0	0	0	0	0	0	0	0	0	0	0	0	0	0	0	0	0	0	0	0	0	0	0
	8	0	0	0	0	0	0	0	0	0	0	0	0	0	0	0	0	0	0	0	0	0	0	0	0	0	0	0	0	0	0
	3	0	0	0	0	0	0	0	0	0	0	0	0	0	0	0	0	0	0	0	0	0	0	0	0	0	0	0	0	0	0
	8	0	0	0	0	0	0	0	0	0	0	0	0	0	0	0	0	0	0	0	0	0	0	0	0	0	0	0	0	0	0
	8	0	0	0	0	0	0	0	0	0	0	0	0	0	0	0	0	0	0	0	0	0	0	0	0	0	0	0	0	0	0

C = Vehicle capacity
	3520

f = Fixed transportation cost
	30101

a_ik = Transportation cost for traveling from node i to node k
 	0	295	254	232	644	272	653	257	231	166	557	485	328	686	394	683	252	219	308	430	324	506	242	354	528	148	358	694	558	579	558
	295	0	467	343	352	458	398	125	460	132	263	210	260	392	574	390	513	342	321	174	152	211	54	474	244	182	252	400	352	295	297
	254	467	0	154	808	45	861	482	31	351	699	676	329	825	143	844	99	145	253	633	406	658	421	158	648	287	371	843	787	760	761
	232	343	154	0	667	127	740	388	164	249	554	551	177	678	233	702	240	16	107	515	258	517	304	140	499	179	218	698	684	627	638
	644	352	808	667	0	791	196	410	804	482	123	177	527	98	897	40	862	671	610	241	415	151	405	781	196	530	495	72	304	87	167
	272	458	45	127	791	0	855	484	73	349	680	668	298	804	125	827	143	122	219	628	384	641	415	114	626	281	340	824	788	748	754
	653	398	861	740	196	855	0	396	851	512	284	191	633	290	971	210	895	739	707	228	514	276	441	869	355	575	610	256	149	148	102
	257	125	482	388	410	484	396	0	467	140	350	238	356	472	607	450	504	383	398	178	265	295	109	527	350	210	358	470	306	336	304
	231	460	31	164	804	73	851	467	0	339	698	669	340	825	170	841	77	153	268	623	409	655	412	186	650	278	381	842	773	754	752
	166	132	351	249	482	349	512	140	339	0	392	332	240	522	470	521	386	243	266	285	184	342	78	388	364	71	253	531	440	423	413
	557	263	699	554	123	680	284	350	698	392	0	164	407	130	781	152	759	559	491	215	298	56	316	663	75	431	374	144	348	137	214
	485	210	676	551	177	668	191	238	669	332	164	0	443	255	783	216	718	551	516	64	324	124	257	679	211	391	422	244	196	98	90
	328	260	329	177	527	298	633	356	340	240	407	443	0	521	382	558	414	187	86	425	119	379	249	259	343	195	42	546	610	503	533
	686	392	825	678	98	804	290	472	825	522	130	255	521	0	901	84	888	683	607	316	421	182	445	780	180	560	485	40	400	178	263
	394	574	143	233	897	125	971	607	170	470	781	783	382	901	0	931	205	233	296	746	483	746	533	128	722	402	421	924	910	859	870
	683	390	844	702	40	827	210	450	841	521	152	216	558	84	931	0	899	706	641	280	448	187	443	814	221	568	525	47	330	123	198
	252	513	99	240	862	143	895	504	77	386	759	718	414	888	205	899	0	228	344	669	476	714	462	254	714	332	455	903	808	807	798
	219	342	145	16	671	122	739	383	153	243	559	551	187	683	233	706	228	0	121	514	263	520	302	147	505	173	228	703	681	629	638
	308	321	253	107	610	219	707	398	268	266	491	516	86	607	296	641	344	121	0	492	197	461	297	174	428	204	125	631	672	581	606
	430	174	633	515	241	628	228	178	623	285	215	64	425	316	746	280	669	514	492	0	308	166	214	648	248	348	409	307	187	160	129
	324	152	406	258	415	384	514	265	409	184	298	324	119	421	483	448	476	263	197	308	0	265	158	367	243	176	102	441	494	385	414
	506	211	658	517	151	641	276	295	655	342	56	124	379	182	746	187	714	520	461	166	265	0	265	632	89	384	349	190	317	131	191
	242	54	421	304	405	415	441	109	412	78	316	257	249	445	533	443	462	302	297	214	158	265	0	440	294	135	249	453	381	346	340
	354	474	158	140	781	114	869	527	186	388	663	679	259	780	128	814	254	147	174	648	367	632	440	0	601	318	297	804	821	750	768
	528	244	648	499	196	626	355	350	650	364	75	211	343	180	722	221	714	505	428	248	243	89	294	601	0	392	307	204	405	207	277
	148	182	287	179	530	281	575	210	278	71	431	391	195	560	402	568	332	173	204	348	176	384	135	318	392	0	218	573	509	477	475
	358	252	371	218	495	340	610	358	381	253	374	422	42	485	421	525	455	228	125	409	102	349	249	297	307	218	0	511	595	476	511
	694	400	843	698	72	824	256	470	842	531	144	244	546	40	924	47	903	703	631	307	441	190	453	804	204	573	511	0	374	158	239
	558	352	787	684	304	788	149	306	773	440	348	196	610	400	910	330	808	681	672	187	494	317	381	821	405	509	595	374	0	226	140
	579	295	760	627	87	748	148	336	754	423	137	98	503	178	859	123	807	629	581	160	385	131	346	750	207	477	476	158	226	0	86
	558	297	761	638	167	754	102	304	752	413	214	90	533	263	870	198	798	638	606	129	414	191	340	768	277	475	511	239	140	86	0

coordXY = Coordinates (x,y): line zero => x line one => y column => customers
 	22	200	134	228	359	178	183	77	106	132	379	216	349	455	223	385	38	213	324	166	315	331	168	291	409	158	375	429	56	278	193
	635	400	862	741	87	857	3	384	850	512	208	191	613	103	973	57	886	741	695	230	499	235	443	865	276	577	581	73	79	116	104

d_pit = Demand of item p at customer i in period t
 	64	11	16	55	42	90	23	16	87	63	61	41
	91	62	92	22	68	25	35	57	99	89	37	40
	48	46	52	79	90	84	78	10	91	76	34	43
	19	94	35	26	62	85	91	78	16	18	74	97
	31	44	72	31	64	58	44	96	95	50	40	66
	89	88	17	93	37	20	85	61	63	21	45	56
	76	96	94	57	68	49	14	31	45	53	23	90
	52	85	73	11	90	80	68	82	92	23	34	52
	72	93	60	48	22	13	92	28	30	85	52	75
	28	77	19	99	77	73	32	38	98	12	50	83
	80	28	40	68	82	27	29	79	50	96	37	65
	99	58	74	58	17	27	24	58	95	43	95	10
	18	44	80	85	73	48	33	95	69	36	56	20
	98	50	88	20	17	99	67	37	28	26	50	15
	55	45	52	21	97	17	29	51	68	60	17	12
	95	57	25	92	73	95	15	42	34	26	53	45
	29	18	79	50	76	94	15	76	18	56	91	82
	61	66	91	18	77	96	53	68	48	32	77	15
	16	15	52	54	91	57	18	78	81	22	67	49
	84	17	66	56	44	76	53	53	11	46	60	54
	60	14	25	92	35	54	63	65	19	50	95	64
	86	91	40	65	57	60	44	92	59	43	46	15
	64	86	46	35	42	54	65	69	29	55	22	92
	34	10	97	24	71	20	76	17	42	65	43	79
	58	47	96	87	76	55	25	78	72	23	20	50
	76	89	12	84	23	82	56	44	37	40	78	30
	87	69	73	19	77	73	23	90	48	63	13	98
	15	76	75	98	58	54	45	61	69	96	21	56
	63	23	17	68	23	29	70	22	77	11	30	53
	48	17	94	29	40	44	28	37	42	90	77	63

	57	67	94	93	78	30	80	90	56	63	14	87
	45	16	64	30	71	45	29	67	30	87	11	51
	56	31	36	99	36	52	85	70	35	81	99	25
	73	41	75	36	64	52	15	54	72	83	49	18
	61	56	55	93	92	13	74	12	95	77	20	51
	24	16	84	60	69	57	42	31	38	39	27	16
	67	11	57	99	35	95	87	43	61	12	47	26
	100	33	71	52	40	100	34	76	10	23	41	18
	16	79	65	58	13	12	82	65	13	31	19	87
	67	84	66	54	94	31	67	51	80	12	36	23
	37	12	47	13	12	85	66	20	94	27	60	36
	65	91	72	78	74	21	53	78	58	27	96	89
	28	17	33	18	68	11	53	28	82	61	60	67
	21	29	59	30	51	81	92	36	94	100	86	31
	21	100	48	17	30	12	31	38	57	37	23	12
	62	72	75	73	89	26	80	96	79	70	97	81
	70	71	40	74	37	26	76	62	66	23	14	66
	94	61	95	61	41	94	59	32	10	27	32	24
	61	46	20	93	21	65	37	27	70	30	65	42
	79	65	31	25	99	79	42	62	65	64	86	32
	36	99	90	72	82	46	58	22	21	40	72	58
	48	43	34	39	20	41	20	12	87	57	71	57
	37	15	97	76	90	17	46	100	34	49	92	27
	64	43	22	33	52	46	27	78	55	45	99	45
	11	19	55	24	51	26	34	92	99	69	30	99
	38	83	54	83	90	46	98	82	41	91	62	43
	88	42	46	63	75	72	40	87	77	59	77	82
	98	21	72	20	24	35	47	13	85	66	38	71
	20	66	70	38	13	46	68	98	91	62	30	48
	17	51	45	75	38	79	35	73	84	69	97	59

	26	62	36	42	59	63	63	56	17	22	69	16
	87	11	93	97	72	61	78	67	55	13	43	13
	84	34	54	82	99	65	67	57	54	40	93	50
	68	67	11	26	40	36	76	97	45	97	50	56
	34	75	77	50	56	20	62	69	37	57	50	82
	14	36	14	91	73	85	67	35	70	37	88	11
	22	91	31	82	28	31	83	38	44	43	27	11
	15	19	83	30	70	83	88	23	34	78	13	82
	89	56	39	12	11	80	15	37	21	76	59	73
	67	39	38	96	40	11	36	79	65	86	87	50
	11	37	37	26	15	34	80	77	25	85	13	13
	64	36	28	35	30	28	11	12	86	51	58	74
	37	91	61	15	62	57	37	64	20	47	66	54
	67	18	93	95	62	55	67	18	92	59	23	29
	78	40	97	39	16	91	12	45	71	77	36	93
	84	87	67	35	27	40	77	70	93	46	95	90
	19	76	94	82	28	65	64	79	87	99	22	68
	29	62	41	63	85	77	21	33	63	57	56	45
	94	93	62	21	78	64	80	22	98	14	93	47
	96	95	15	69	15	36	25	19	68	97	35	20
	14	91	11	22	62	83	41	48	77	79	32	41
	34	77	73	45	38	15	38	75	71	71	14	57
	33	40	58	65	28	25	42	69	75	54	43	47
	37	63	20	95	32	53	60	28	62	39	47	85
	93	69	36	42	84	26	54	15	79	26	61	96
	54	37	62	79	84	89	49	60	75	51	44	43
	16	41	75	72	73	33	54	71	41	46	62	26
	13	88	51	45	80	13	85	16	51	20	50	12
	62	54	97	81	14	23	70	95	88	20	38	83
	73	18	91	99	29	25	73	15	68	33	12	73

	96	74	74	59	27	85	26	53	46	20	22	43
	92	33	95	12	58	18	53	77	24	56	98	76
	83	15	56	84	47	31	59	21	40	40	32	53
	91	38	28	43	25	48	70	32	71	22	57	59
	79	51	46	31	81	18	52	22	93	55	97	56
	51	70	11	88	51	37	28	51	36	40	94	14
	61	76	34	92	15	18	11	84	83	90	15	35
	46	34	94	29	90	72	24	84	58	23	79	63
	79	56	52	87	15	37	79	22	92	13	30	50
	98	80	75	57	53	42	21	11	11	63	44	65
	92	30	63	85	58	15	51	13	32	81	62	44
	70	12	35	15	97	32	45	94	71	91	26	94
	43	30	29	91	40	27	21	68	69	99	73	99
	22	92	27	91	35	65	66	86	52	90	80	68
	33	76	33	98	15	22	93	50	52	61	43	22
	45	61	92	69	18	36	70	39	88	87	97	98
	85	16	33	30	92	31	14	19	50	22	48	69
	39	38	65	42	82	80	78	35	52	55	34	59
	58	36	47	93	37	55	47	60	83	14	20	93
	23	91	36	32	17	36	28	56	80	85	36	84
	61	45	65	30	33	43	26	65	97	67	88	70
	57	96	68	98	74	76	44	38	80	21	50	88
	55	62	59	98	100	41	97	23	35	22	54	34
	37	62	90	64	70	38	58	27	93	23	55	65
	55	33	64	58	94	73	67	56	18	48	27	96
	22	71	46	33	44	38	76	67	68	43	17	15
	97	88	33	18	18	41	96	93	77	77	82	56
	60	34	95	40	71	16	16	67	61	12	30	54
	94	43	23	14	77	74	31	85	44	75	29	50
	20	100	85	88	12	46	84	33	94	97	45	44

	33	61	97	67	73	41	25	63	71	74	99	71
	71	66	31	97	88	91	32	54	13	79	72	56
	59	18	92	46	55	39	26	93	96	18	45	38
	22	15	71	95	35	81	28	37	56	67	31	75
	54	86	42	67	61	85	15	96	15	97	62	96
	91	37	29	34	28	49	81	47	97	99	74	20
	84	51	88	74	100	57	82	90	27	67	55	67
	22	48	85	46	94	51	66	47	30	76	85	67
	26	79	88	86	52	54	81	60	64	57	90	43
	56	38	38	45	85	38	63	20	12	69	100	61
	68	52	62	94	68	88	82	39	62	72	41	89
	85	94	38	68	22	64	12	39	25	52	54	15
	66	63	84	34	92	60	55	39	38	86	29	11
	20	38	62	30	52	54	77	43	47	41	21	97
	45	28	14	45	36	53	44	77	62	73	23	85
	64	44	56	59	67	17	46	20	52	17	80	52
	59	68	68	53	95	41	35	78	40	13	29	57
	15	54	45	63	48	62	17	38	98	24	82	36
	14	34	31	85	74	98	97	43	62	66	12	50
	35	38	28	71	73	65	11	54	48	44	73	67
	69	30	76	52	35	54	50	20	16	36	41	22
	58	31	66	66	19	89	94	74	23	86	89	88
	97	18	19	84	35	95	90	65	85	42	17	100
	55	64	80	77	95	41	54	89	24	41	42	80
	44	22	47	33	35	44	54	21	67	42	61	92
	91	45	82	11	27	41	55	62	32	70	58	96
	61	62	45	63	37	28	55	89	59	92	66	29
	84	26	29	51	77	37	37	52	62	22	67	49
	50	35	59	11	62	39	38	72	62	16	86	62
	61	47	80	47	26	33	31	75	90	53	33	85

	68	55	84	25	60	71	43	19	90	50	94	81
	42	54	34	48	80	14	14	21	92	11	37	61
	86	85	22	10	47	91	25	26	10	97	25	59
	31	99	41	74	70	94	92	73	67	49	12	86
	79	40	27	15	52	30	87	63	28	22	34	75
	35	25	51	67	14	34	22	28	54	87	26	57
	49	58	74	93	53	14	88	71	80	17	38	62
	64	65	45	58	16	11	87	61	72	10	36	15
	19	85	78	25	53	75	84	64	18	87	42	24
	87	48	25	86	92	72	42	31	25	53	78	24
	96	53	77	23	76	37	71	79	41	65	10	61
	49	67	99	51	92	82	71	24	96	67	20	85
	50	13	59	31	19	48	70	26	78	73	16	14
	35	61	73	62	83	81	77	63	91	53	79	87
	88	21	64	49	63	81	60	41	53	94	97	98
	27	34	11	69	70	33	25	25	14	65	16	14
	70	96	98	61	24	55	51	87	28	43	72	29
	98	42	37	22	88	86	45	87	17	17	40	74
	45	74	79	44	99	50	98	95	76	50	35	48
	87	99	76	20	30	13	89	70	75	73	51	28
	39	83	45	34	68	68	57	52	66	37	37	39
	91	52	24	14	28	85	60	44	94	40	11	55
	47	92	60	49	11	88	23	20	82	74	71	94
	54	11	91	31	76	16	69	55	32	90	21	21
	73	88	95	78	85	29	14	90	76	81	83	34
	22	69	53	68	24	69	69	44	74	43	45	97
	71	10	11	70	38	50	85	29	59	54	20	33
	89	20	83	31	31	36	97	15	26	94	71	73
	12	78	38	80	11	24	15	95	34	71	11	48
	56	32	47	18	28	27	68	37	95	13	68	89

	84	18	42	13	14	22	58	45	95	13	37	98
	95	51	86	74	60	95	28	10	13	12	33	15
	23	64	82	73	45	58	64	20	45	33	41	33
	70	23	22	51	79	70	30	77	52	62	61	34
	64	98	64	51	69	59	38	93	79	36	54	61
	31	90	16	12	21	89	67	39	54	33	73	86
	35	47	39	40	77	95	25	58	41	60	73	94
	93	32	72	36	74	90	49	57	60	70	69	57
	15	14	79	43	27	60	90	70	19	42	30	37
	27	25	27	11	89	62	60	40	46	30	46	11
	42	48	75	13	24	47	37	73	92	91	93	31
	70	49	21	31	83	84	19	53	79	52	61	78
	85	82	29	20	45	43	54	98	64	85	48	22
	57	69	70	42	27	19	93	12	37	43	42	57
	43	66	95	36	54	33	62	58	24	93	41	45
	73	80	35	24	85	90	67	35	96	22	74	87
	53	49	57	76	44	12	95	77	70	54	32	37
	35	97	21	39	97	82	25	40	82	54	98	76
	31	32	68	61	98	38	68	25	13	73	95	38
	89	57	89	34	60	82	76	98	97	34	28	93
	86	98	65	72	23	41	50	79	35	75	50	20
	16	18	96	28	62	91	68	83	48	11	27	74
	85	57	59	78	65	38	70	96	30	55	70	75
	85	32	38	84	54	99	46	76	53	83	87	42
	49	63	42	94	55	50	69	43	77	49	59	37
	12	49	30	16	19	87	21	29	46	52	31	13
	53	36	32	83	57	56	87	41	82	59	41	70
	99	68	74	81	60	60	89	13	61	97	71	40
	12	39	43	89	98	51	52	41	24	66	36	58
	90	42	71	34	40	70	97	41	86	64	68	70

	53	92	89	95	28	44	48	95	31	51	69	96
	63	70	73	12	36	98	88	29	45	50	40	94
	100	19	49	84	19	15	13	13	81	46	19	67
	80	68	29	27	25	86	47	14	84	79	18	45
	34	12	18	12	82	79	60	46	19	67	83	95
	19	33	50	58	28	20	71	61	64	84	21	67
	20	24	93	27	70	20	60	88	15	87	81	89
	21	51	40	85	70	46	42	38	98	11	40	22
	58	73	94	67	25	98	84	59	28	47	35	32
	63	39	45	28	60	20	76	61	92	33	89	58
	98	70	100	28	44	13	31	99	65	20	28	93
	37	30	15	63	61	53	51	55	91	39	12	95
	11	37	17	32	11	34	71	35	45	17	22	85
	52	52	33	59	40	63	92	79	40	24	48	82
	85	86	80	52	47	47	19	37	86	47	22	100
	51	96	90	89	51	12	68	83	21	69	70	94
	23	82	97	11	78	48	38	77	82	71	58	12
	30	80	82	10	70	74	35	84	63	45	100	12
	29	31	30	90	51	35	92	65	63	42	35	62
	95	65	29	95	43	15	90	79	87	21	42	72
	53	83	26	79	63	71	66	36	77	77	83	90
	56	59	78	32	37	56	69	32	29	39	26	67
	81	54	14	62	67	63	93	38	34	17	37	39
	11	81	71	55	15	12	52	97	34	87	76	82
	13	19	88	68	23	65	64	69	16	75	70	55
	33	99	62	97	72	23	60	20	83	54	77	39
	19	39	41	16	87	55	84	96	21	78	99	64
	19	57	23	68	73	74	53	84	69	25	73	86
	23	77	40	80	51	62	72	100	23	44	98	69
	15	82	44	78	17	43	12	68	10	10	17	56

	63	95	28	48	21	74	49	57	12	87	72	27
	43	48	57	54	36	37	85	73	11	42	42	48
	58	83	71	82	48	99	74	17	36	91	75	45
	70	87	64	49	26	97	81	80	61	68	59	78
	43	69	15	87	30	63	70	59	37	86	58	64
	87	82	25	19	46	90	52	87	64	72	71	68
	77	73	70	35	68	21	74	42	95	96	56	99
	80	65	96	49	83	46	37	48	31	74	43	43
	38	11	16	17	45	63	25	89	21	67	23	60
	88	35	29	29	75	32	17	90	85	28	51	78
	77	98	53	98	79	87	36	29	22	51	34	86
	82	84	20	75	32	43	20	88	65	54	49	75
	13	11	23	27	41	23	30	48	94	43	26	19
	96	40	51	26	92	14	15	100	31	61	93	25
	18	89	93	26	17	89	99	15	76	37	48	71
	12	80	61	72	49	67	28	85	90	59	71	98
	15	95	19	41	36	14	51	43	51	20	22	89
	25	39	22	77	30	26	95	72	65	82	71	63
	12	36	43	69	85	87	17	68	16	77	45	74
	74	93	36	65	94	80	55	72	69	64	46	53
	82	38	43	90	42	37	70	55	74	81	24	13
	94	46	38	12	50	72	21	39	48	15	37	65
	31	53	26	81	65	11	50	25	34	92	53	30
	74	18	68	17	76	26	54	32	41	32	15	50
	95	30	89	45	91	40	52	98	67	99	22	34
	16	99	25	35	71	85	99	21	39	31	29	42
	67	23	88	42	53	77	81	68	97	75	11	96
	81	95	94	100	80	90	97	80	98	26	19	45
	52	12	60	10	37	86	24	21	71	20	70	59
	63	22	78	99	40	63	37	11	79	74	40	69

	74	44	79	47	38	67	13	11	81	21	17	10
	68	25	40	62	52	83	81	68	54	46	32	93
	24	49	88	81	65	86	40	84	16	41	46	92
	58	39	89	70	14	42	26	91	13	86	91	26
	84	90	48	91	72	48	15	65	18	70	38	50
	66	86	48	85	69	76	97	14	31	87	78	26
	77	77	14	47	79	55	75	84	97	95	31	12
	66	38	34	94	77	30	23	87	23	67	12	28
	28	16	53	36	18	54	49	35	60	47	46	62
	98	57	17	23	88	72	64	51	31	11	30	68
	50	65	46	73	56	15	77	67	39	43	88	74
	100	40	93	43	69	37	85	63	28	18	62	30
	90	48	36	97	74	27	80	87	21	26	62	86
	18	56	99	37	86	23	25	26	54	92	37	69
	36	12	34	68	98	59	42	49	73	77	32	42
	66	42	84	71	57	63	77	97	69	89	76	36
	37	83	12	74	49	82	93	46	63	14	82	37
	96	90	54	61	42	55	74	58	20	29	99	27
	73	70	10	38	100	75	63	50	70	28	41	28
	95	72	74	59	70	13	73	85	16	62	75	29
	79	99	59	85	58	32	70	66	69	44	20	89
	81	72	22	35	45	51	41	34	56	66	84	54
	95	60	70	13	98	65	41	46	33	49	84	54
	24	67	32	83	42	19	43	77	71	27	51	37
	70	15	72	51	53	49	58	27	73	93	47	22
	91	83	49	53	55	71	71	51	36	40	67	91
	87	21	83	67	67	42	95	53	95	27	10	70
	72	59	38	49	91	43	44	17	55	46	31	32
	68	25	48	50	57	51	97	32	83	52	61	81
	64	26	46	12	69	42	61	77	42	92	29	50

