***** PARAMETERS PRP *****

Number of Customers = 30
Number of Products = 10
Number of Vehicles = 5
Number of Periods = 12

B = Production capacity
	49507

b_p = Time required to produce item p
 	1	1	1	1	1	1	1	1	1	1

c_p = Production cost of item p
 	80	80	30	80	80	80	30	30	30	80

s_p = Setup cost of item p
 	800	800	300	800	800	800	300	300	300	800

M = Big number
	198029

U_pi = Maximum inventory upper bound of item p at site i
 	198029	200	90	334	118	194	229	202	229	120	245	275	174	112	295	260	114	285	272	170	123	265	130	118	191	327	243	106	275	197	169
	198029	127	112	239	114	275	209	152	266	274	156	307	151	92	167	260	173	106	180	245	229	205	183	238	119	90	134	164	288	271	256
	198029	82	180	298	178	248	177	342	120	108	331	320	265	234	207	247	296	209	119	197	204	95	112	296	275	161	261	83	186	172	206
	198029	98	99	130	161	92	189	294	113	144	261	102	312	124	161	308	260	139	175	151	178	337	270	307	279	182	246	112	263	77	261
	198029	178	195	106	227	197	188	147	272	114	225	235	147	84	266	162	169	118	135	227	183	98	182	172	132	195	147	240	222	173	173
	198029	180	277	204	263	263	256	177	278	100	295	327	129	141	129	276	260	140	270	245	97	261	95	147	187	182	268	177	234	140	92
	198029	328	190	138	97	94	291	301	304	120	325	97	276	162	186	184	195	124	190	212	131	207	300	202	162	258	104	263	142	177	279
	198029	171	131	268	123	250	133	312	304	335	187	137	172	207	205	193	127	179	156	183	201	156	247	193	274	268	296	88	204	110	188
	198029	116	327	83	167	132	229	118	319	236	216	203	220	96	207	172	109	228	231	295	262	211	168	173	118	273	116	115	240	242	190
	198029	128	240	282	161	231	109	189	110	307	242	103	82	133	195	336	103	242	166	130	168	128	215	109	242	95	173	114	290	141	225

I_pi0 = Initial inventory of item p at site i
 	0	123	84	284	99	167	95	82	38	78	180	65	172	20	203	102	57	24	181	100	113	249	43	55	43	224	20	84	168	175	97
	0	76	87	59	16	186	164	116	199	216	143	98	103	13	75	233	142	62	22	243	25	26	98	43	29	25	109	140	202	190	203
	0	52	162	202	118	17	141	86	55	87	263	30	110	161	12	153	71	139	74	126	168	88	66	89	204	159	21	13	145	158	43
	0	38	86	92	128	46	157	28	92	85	218	75	95	113	144	136	115	75	101	93	94	280	33	208	58	113	169	17	97	55	70
	0	61	165	74	85	36	127	69	186	78	25	121	72	57	72	78	34	13	129	189	39	81	90	128	109	193	25	92	197	149	136
	0	70	244	176	74	162	140	51	192	64	10	134	59	105	33	181	187	81	183	24	81	193	81	42	163	95	134	175	197	60	88
	0	274	187	66	76	69	58	242	58	116	83	79	82	80	163	150	152	86	97	170	43	137	116	197	137	209	101	170	130	143	43
	0	39	29	156	62	151	87	131	131	133	128	105	99	18	201	36	87	110	55	80	86	72	220	70	126	91	144	84	29	105	121
	0	44	30	41	126	119	50	108	235	31	204	143	159	29	104	119	73	147	118	67	76	88	151	171	81	94	47	69	209	159	185
	0	82	78	140	157	54	52	116	104	186	70	78	73	57	165	318	98	127	134	116	135	23	117	60	203	93	85	85	105	135	192

h_pi = Inventory cost of item p at site i
 	8	2	3	2	4	5	5	5	5	1	7	9	5	6	4	2	4	7	6	3	3	8	3	8	9	6	4	3	2	8	2
	8	5	1	2	2	1	3	1	5	7	4	7	2	1	8	1	8	8	1	6	5	3	6	8	8	3	6	4	4	7	5
	3	2	3	2	4	2	9	7	3	9	7	4	8	9	6	7	1	7	2	5	1	1	3	9	6	4	2	3	7	5	6
	8	4	4	7	9	7	2	2	8	5	6	7	6	6	5	5	3	9	1	2	2	5	6	1	4	1	6	9	5	7	6
	8	4	3	5	8	6	1	2	4	7	4	6	3	7	1	9	2	1	2	6	7	5	4	6	2	1	8	2	5	4	2
	8	7	3	8	8	7	2	2	6	2	4	8	5	3	4	8	8	7	3	2	9	9	3	6	9	5	6	8	1	6	2
	3	5	2	5	4	6	2	7	9	6	6	6	3	1	8	2	4	6	9	9	7	8	6	2	5	9	5	9	2	7	7
	3	3	7	2	3	1	6	7	5	3	5	7	1	1	6	1	9	6	6	6	5	9	1	5	9	4	3	7	4	8	5
	3	3	1	7	1	3	4	2	8	8	5	6	6	8	3	6	9	6	2	3	9	1	4	9	2	9	4	1	4	5	1
	8	1	4	4	8	1	2	8	6	2	7	4	6	5	6	9	5	3	3	3	7	5	2	1	1	6	2	6	5	1	7

C = Vehicle capacity
	3420

f = Fixed transportation cost
	30566

a_ik = Transportation cost for traveling from node i to node k
 	0	484	819	554	162	204	595	636	670	264	234	466	678	370	485	907	286	768	162	576	910	961	131	61	536	100	891	354	840	176	337
	484	0	345	71	367	556	280	237	196	264	538	353	360	497	3	423	233	304	389	255	439	512	483	468	152	499	504	587	463	330	558
	819	345	0	277	711	850	330	231	150	608	821	519	329	723	346	133	542	63	699	327	95	189	827	809	300	817	285	832	278	651	806
	554	71	277	0	436	619	271	205	130	331	599	381	340	545	71	353	297	240	455	249	372	449	552	538	147	567	458	640	421	398	611
	162	367	711	436	0	339	544	560	562	112	355	466	633	443	367	785	235	667	213	521	805	871	116	118	456	238	829	465	781	169	441
	204	556	850	619	339	0	567	636	713	411	49	391	634	219	557	958	323	792	170	554	933	962	334	263	551	105	856	162	804	235	153
	595	280	330	271	544	567	0	103	249	476	529	195	90	405	282	460	316	268	445	26	392	399	650	607	129	561	297	517	245	420	493
	636	237	231	205	560	636	103	0	151	475	603	288	142	494	239	359	351	169	498	97	301	329	672	639	105	617	273	605	228	461	579
	670	196	150	130	562	713	249	151	0	459	686	414	288	605	196	246	397	111	556	236	244	321	677	659	172	673	350	710	321	505	682
	264	264	608	331	112	411	476	475	459	0	416	436	565	465	263	676	199	567	255	451	702	774	225	227	372	321	747	511	701	192	484
	234	538	821	599	355	49	529	603	686	416	0	349	594	171	539	932	305	762	164	518	901	926	363	292	522	135	815	121	763	231	108
	466	353	519	381	466	391	195	288	414	436	349	0	247	212	354	645	238	457	305	193	585	591	551	494	247	409	468	324	416	307	301
	678	360	329	340	633	634	90	142	288	565	594	247	0	455	362	461	403	271	524	114	371	354	737	692	209	638	222	568	170	504	545
	370	497	723	545	443	219	405	494	605	465	171	212	455	0	499	845	292	662	232	401	794	802	488	418	434	282	673	113	622	280	92
	485	3	346	71	367	557	282	239	196	263	539	354	362	499	0	423	234	305	390	257	440	513	483	468	154	500	506	588	465	331	559
	907	423	133	353	785	958	460	359	246	676	932	645	461	845	423	0	641	193	800	455	132	242	900	890	414	916	391	952	395	747	925
	286	233	542	297	235	323	316	351	397	199	305	238	403	292	234	641	0	487	160	295	630	676	335	292	251	276	609	365	559	112	336
	768	304	63	240	667	792	268	169	111	567	762	457	271	662	305	193	487	0	643	265	143	210	783	761	242	762	261	771	243	598	744
	162	389	699	455	213	170	445	498	556	255	164	305	524	232	390	800	160	643	0	428	785	826	262	196	404	120	741	257	689	68	232
	576	255	327	249	521	554	26	97	236	451	518	193	114	401	257	455	295	265	428	0	394	409	628	586	104	545	315	512	264	401	487
	910	439	95	372	805	933	392	301	244	702	901	585	371	794	440	132	630	143	785	394	0	114	921	901	383	904	264	905	275	740	879
	961	512	189	449	871	962	399	329	321	774	926	591	354	802	513	242	676	210	826	409	114	0	986	959	426	945	186	915	215	788	891
	131	483	827	552	116	334	650	672	677	225	363	551	737	488	483	900	335	783	262	628	921	986	0	73	568	230	939	483	890	244	464
	61	468	809	538	118	263	607	639	659	227	292	494	692	418	468	890	292	761	196	586	901	959	73	0	536	159	900	411	850	190	392
	536	152	300	147	456	551	129	105	172	372	522	247	209	434	154	414	251	242	404	104	383	426	568	536	0	522	376	539	329	362	512
	100	499	817	567	238	105	561	617	673	321	135	409	638	282	500	916	276	762	120	545	904	945	230	159	522	0	857	256	805	170	240
	891	504	285	458	829	856	297	273	350	747	815	468	222	673	506	391	609	261	741	315	264	186	939	900	376	857	0	785	53	716	764
	354	587	832	640	465	162	517	605	710	511	121	324	568	113	588	952	365	771	257	512	905	915	483	411	539	256	785	0	734	320	30
	840	463	278	421	781	804	245	228	321	701	763	416	170	622	465	395	559	243	689	264	275	215	890	850	329	805	53	734	0	665	712
	176	330	651	398	169	235	420	461	505	192	231	307	504	280	331	747	112	598	68	401	740	788	244	190	362	170	716	320	665	0	293
	337	558	806	611	441	153	493	579	682	484	108	301	545	92	559	925	336	744	232	487	879	891	464	392	512	240	764	30	712	293	0

coordXY = Coordinates (x,y): line zero => x line one => y column => customers
 	141	67	124	63	26	344	333	252	108	1	372	406	393	464	65	19	191	160	238	311	150	254	11	82	209	240	407	488	401	185	466
	17	495	835	565	131	14	580	643	686	240	53	400	646	197	495	915	298	784	146	567	926	971	16	28	548	27	867	87	815	187	106

d_pit = Demand of item p at customer i in period t
 	62	61	98	70	83	96	71	25	88	25	36	84
	59	25	67	92	79	12	10	95	16	14	19	50
	72	79	35	98	41	63	44	70	81	69	57	93
	99	38	23	93	86	61	33	69	65	43	20	75
	41	50	76	96	61	55	48	94	46	72	100	37
	26	69	94	85	23	82	50	32	83	41	57	44
	65	17	23	51	47	33	83	39	44	58	69	76
	38	74	95	40	44	17	85	72	60	82	57	22
	78	76	12	77	93	56	59	25	59	47	62	76
	50	98	32	66	69	49	70	30	25	85	97	65
	51	14	74	38	32	29	54	75	83	38	97	76
	89	83	68	61	51	44	17	19	60	39	81	83
	20	96	69	14	56	78	83	82	65	36	29	46
	63	78	62	94	98	40	88	59	75	97	99	32
	40	62	85	94	78	73	11	87	86	88	60	15
	57	87	59	46	40	33	89	49	20	74	87	44
	24	58	84	70	85	81	80	28	43	25	71	34
	52	45	38	46	55	69	64	95	63	20	95	11
	40	60	85	81	31	55	100	49	43	83	38	16
	17	96	88	20	29	94	31	96	91	15	80	79
	85	38	85	41	18	39	64	31	41	79	65	50
	43	94	82	98	11	85	48	81	20	85	56	78
	55	70	50	20	78	50	40	37	54	63	96	96
	43	77	50	78	39	38	32	13	29	51	91	31
	38	76	26	84	99	75	49	84	64	78	34	77
	20	46	18	95	22	35	33	15	95	85	42	78
	84	71	64	25	34	87	79	13	95	26	32	26
	18	34	25	91	67	94	67	72	63	18	96	14
	78	97	98	30	13	39	23	57	63	95	99	94
	70	16	11	34	17	64	82	33	21	20	65	74

	76	53	72	76	84	55	60	47	33	86	80	39
	30	57	75	42	56	43	98	72	26	38	79	56
	59	80	74	47	62	89	80	69	60	51	31	15
	16	27	37	69	30	93	63	72	56	89	57	72
	75	53	58	20	58	53	61	13	33	56	93	86
	34	34	96	58	14	39	48	90	24	32	81	77
	17	41	58	69	56	76	29	50	99	24	35	52
	96	71	32	96	95	77	20	71	27	60	93	61
	52	83	81	49	68	60	47	84	43	22	37	31
	92	51	65	72	42	28	25	23	96	26	31	74
	19	79	64	39	71	31	61	66	67	95	47	98
	34	36	33	34	38	100	68	18	32	68	87	57
	13	97	35	52	44	53	12	74	25	78	54	13
	75	95	70	82	48	45	44	44	60	64	28	12
	72	57	22	82	88	79	89	24	59	41	93	73
	72	70	97	39	10	60	18	83	62	69	96	16
	62	17	60	68	81	72	34	25	86	61	30	38
	22	92	15	42	17	98	97	43	57	17	28	13
	59	72	61	51	65	18	51	42	71	98	54	92
	25	97	37	73	19	90	55	68	98	86	25	15
	26	74	51	78	55	18	97	90	85	66	83	96
	51	47	99	83	49	30	68	63	29	63	81	70
	29	14	29	89	60	42	61	27	63	37	47	74
	29	39	14	31	21	38	69	14	38	21	13	31
	25	48	92	75	50	27	12	48	39	60	19	44
	33	76	64	89	47	43	98	73	63	93	60	63
	47	93	28	19	62	35	78	90	63	35	31	76
	38	87	48	29	95	34	40	35	96	66	41	82
	53	64	73	13	44	29	93	89	16	92	58	27
	73	90	40	56	84	42	70	34	39	44	31	11

	38	14	88	27	51	17	53	82	12	33	24	54
	99	63	20	91	87	32	65	51	36	63	57	57
	70	30	58	44	58	76	36	61	99	64	94	26
	34	84	54	79	56	80	80	12	54	60	25	94
	17	96	45	73	53	65	48	63	18	78	92	96
	22	85	34	76	68	75	86	10	59	86	23	82
	86	88	98	86	95	24	94	81	14	90	34	31
	55	91	64	38	99	76	41	42	48	57	93	13
	24	63	98	60	39	26	21	58	73	65	50	73
	95	62	15	91	80	78	73	98	64	61	40	37
	30	70	85	40	98	79	84	51	94	53	19	65
	14	96	98	85	27	96	78	44	44	99	28	85
	96	42	23	83	17	63	33	42	90	89	99	26
	12	29	25	59	53	64	89	82	31	73	38	66
	77	48	28	59	55	70	65	97	22	22	24	26
	71	74	16	15	80	85	61	25	25	89	92	77
	31	40	68	85	56	92	29	11	31	17	92	76
	31	43	83	47	23	94	87	91	29	66	69	50
	27	76	23	27	34	24	22	90	67	56	50	96
	84	84	97	77	45	75	25	71	71	94	65	29
	88	14	58	39	42	43	46	15	95	43	18	71
	66	15	71	19	50	24	38	72	91	55	93	76
	47	42	98	81	93	25	43	82	19	48	64	69
	86	17	74	27	65	20	82	77	45	73	13	82
	41	38	80	82	11	18	77	10	88	90	98	11
	21	95	49	73	85	33	70	59	78	86	88	45
	13	44	23	68	34	14	48	15	76	33	71	58
	96	49	86	84	86	18	51	81	76	60	10	48
	70	75	13	93	21	93	13	28	21	21	26	42
	43	89	26	24	83	84	25	15	33	82	100	13

	38	82	76	45	17	40	99	72	54	11	34	22
	86	22	66	28	84	71	21	62	49	16	45	45
	92	20	99	30	70	99	42	77	78	46	77	52
	26	60	42	90	51	62	27	35	75	61	84	30
	46	90	62	85	33	13	79	23	16	38	11	56
	91	66	63	23	19	54	88	79	77	53	63	78
	28	70	93	80	88	57	45	89	96	45	99	91
	37	55	79	28	87	95	12	35	66	71	42	72
	85	91	12	34	54	81	49	35	32	22	44	35
	36	66	79	37	28	29	42	51	70	54	93	42
	50	25	74	29	68	39	92	53	42	85	12	42
	72	23	92	96	76	43	92	73	79	37	39	26
	48	65	27	14	32	59	57	24	94	51	12	14
	51	93	23	83	72	44	26	51	96	19	59	27
	44	70	22	63	91	50	96	96	82	25	78	23
	22	29	53	11	95	57	63	61	92	43	71	26
	35	25	15	78	36	24	88	10	68	71	26	79
	58	43	92	45	89	19	58	70	37	85	44	60
	45	48	65	83	31	68	43	37	30	46	73	35
	43	26	25	96	28	30	13	21	42	92	82	36
	42	86	91	61	57	51	97	19	66	97	82	59
	33	64	94	59	62	97	86	24	18	11	55	45
	68	34	30	76	73	93	95	56	18	91	23	79
	58	23	69	61	76	44	72	11	88	12	93	62
	15	10	64	24	44	37	91	81	48	32	72	29
	73	96	92	29	43	93	66	41	51	47	54	54
	17	25	27	86	81	91	90	27	89	55	31	53
	31	66	93	61	15	59	98	37	67	20	42	43
	43	12	37	90	52	12	29	42	26	35	39	42
	56	14	85	52	93	41	38	81	98	89	42	93

	61	35	64	77	59	38	12	56	12	45	46	28
	74	91	68	23	77	56	35	99	60	84	88	26
	21	53	97	55	88	89	30	18	27	38	77	41
	15	70	23	81	93	17	47	28	52	50	41	28
	13	23	71	11	96	33	25	41	17	42	61	39
	85	29	13	80	40	61	20	42	57	25	92	20
	69	23	34	17	63	98	47	32	46	83	19	58
	98	35	25	28	98	73	57	15	61	43	38	82
	78	51	20	15	44	64	39	79	36	95	88	75
	25	54	72	75	22	73	91	74	19	40	97	33
	75	46	43	61	78	18	35	20	14	78	33	62
	72	77	32	21	22	74	76	42	46	67	15	43
	57	91	25	30	32	24	13	75	35	78	20	24
	72	99	92	95	36	60	83	15	20	82	77	67
	78	47	10	51	87	97	21	99	27	17	15	97
	34	83	22	20	43	93	85	14	12	49	23	30
	13	60	74	95	91	14	63	18	32	85	68	95
	81	48	15	64	71	41	37	19	72	12	55	24
	41	67	55	26	85	67	46	40	56	62	71	66
	39	78	19	24	76	89	94	59	91	17	74	70
	32	49	100	26	71	73	38	87	36	21	20	32
	90	12	39	11	15	42	70	30	32	50	28	18
	23	27	23	55	28	21	10	77	98	15	65	74
	32	77	40	98	52	43	98	99	30	87	79	58
	82	56	55	80	98	27	77	78	28	95	57	48
	25	19	59	31	16	64	37	84	82	21	88	62
	92	61	41	76	91	18	15	29	70	90	80	57
	48	45	13	91	73	100	57	57	30	47	54	52
	51	98	44	33	84	24	94	94	38	79	30	23
	19	54	52	11	58	12	10	55	45	69	69	66

	15	22	33	96	43	13	73	15	61	81	24	63
	86	14	73	71	27	93	53	37	43	99	10	59
	71	93	12	50	29	12	60	25	99	75	27	60
	18	56	14	47	52	75	93	74	74	74	29	25
	33	100	29	98	26	39	42	32	57	21	70	85
	65	37	38	92	63	54	24	69	59	29	20	65
	23	28	35	59	14	86	32	17	15	58	34	24
	76	88	28	84	58	90	68	35	83	87	76	62
	64	71	56	40	98	84	12	47	20	32	62	12
	10	25	59	43	89	33	25	85	99	80	66	95
	50	84	74	18	86	50	66	86	87	35	71	78
	46	13	58	65	28	71	83	37	28	12	35	38
	84	21	20	14	99	38	93	25	75	59	14	22
	33	49	90	97	21	74	80	92	54	64	54	64
	69	53	59	32	100	26	69	95	37	51	47	24
	40	56	66	25	29	81	94	95	86	32	83	92
	16	65	68	51	80	59	43	26	50	48	32	22
	96	87	92	72	61	51	99	48	16	99	67	22
	24	66	70	17	87	98	66	56	57	90	14	89
	13	68	26	65	88	11	82	72	63	13	55	28
	69	87	37	74	68	21	87	54	43	99	72	71
	37	44	39	12	11	21	21	98	100	25	65	97
	42	62	37	28	38	11	52	56	57	95	43	66
	36	42	85	86	69	54	97	42	62	12	75	88
	56	18	21	50	31	89	43	71	57	75	15	20
	74	31	29	49	49	75	22	72	51	83	85	24
	59	43	73	32	38	72	79	68	52	67	41	84
	39	36	81	41	60	94	88	67	97	35	42	23
	60	43	18	98	75	31	12	28	32	84	30	50
	52	20	16	42	14	74	46	67	38	18	78	86

	76	52	62	84	71	29	98	22	92	98	14	88
	77	99	11	32	84	54	18	54	74	85	77	96
	66	79	65	86	39	95	82	62	34	59	87	75
	76	22	12	32	52	53	37	13	66	58	62	100
	69	31	58	38	12	50	55	17	66	36	82	52
	58	54	50	19	44	72	27	90	69	95	98	22
	61	89	92	81	44	96	70	83	24	26	23	34
	58	95	88	13	49	68	28	53	38	57	89	93
	68	48	27	18	98	51	85	87	57	72	41	66
	83	90	68	19	71	95	72	57	68	55	84	19
	79	27	71	13	65	54	79	59	58	21	19	35
	14	68	32	79	56	69	35	94	56	62	83	15
	80	29	41	66	45	36	61	99	17	59	32	84
	74	38	51	84	33	26	65	83	98	28	98	67
	76	74	71	20	21	37	19	62	64	51	14	44
	11	77	64	65	46	32	74	78	16	33	33	55
	86	47	86	96	90	44	65	12	82	26	30	82
	97	94	22	53	65	97	27	94	88	93	12	18
	40	57	73	88	56	33	20	16	50	72	69	63
	43	99	47	95	42	30	79	53	78	84	46	90
	61	23	53	22	54	31	21	14	35	47	84	52
	71	45	53	77	94	83	26	25	32	78	63	72
	97	62	38	24	72	94	85	11	70	13	23	18
	98	39	21	11	100	17	27	63	67	63	49	92
	75	73	61	94	58	83	72	12	33	56	99	57
	75	26	55	12	14	11	35	17	61	37	37	35
	41	48	17	64	88	68	14	64	85	80	12	50
	70	60	37	56	39	98	54	22	20	13	66	32
	50	93	59	64	57	20	35	88	36	87	95	23
	43	50	97	38	31	63	22	33	99	71	96	26

	39	23	61	10	30	50	81	68	26	34	13	77
	29	31	62	80	27	51	64	38	21	54	45	20
	45	73	38	90	57	49	43	43	48	15	96	45
	62	88	57	53	41	76	52	82	55	67	49	53
	34	32	74	11	78	61	17	97	20	90	69	18
	87	33	82	91	89	66	48	81	19	73	97	34
	31	100	61	16	39	89	85	75	48	81	52	72
	47	84	82	31	66	54	93	34	52	56	83	48
	51	82	20	36	77	88	89	96	18	76	73	99
	60	68	89	52	28	14	66	25	99	94	91	61
	90	15	85	30	26	61	24	14	16	14	23	12
	28	71	95	46	99	87	83	54	20	40	35	29
	18	49	66	89	57	66	31	94	28	35	64	23
	86	17	98	32	68	15	50	14	100	98	27	11
	19	17	60	62	38	100	29	49	11	25	23	29
	87	48	30	94	95	17	71	85	45	62	32	97
	36	74	87	35	80	51	81	76	21	71	76	26
	55	62	42	44	19	85	80	31	61	65	34	45
	80	15	85	21	12	31	49	12	70	36	50	88
	86	36	13	29	96	53	90	33	88	32	30	17
	72	31	98	58	22	54	43	22	87	21	47	70
	74	94	52	73	64	89	21	72	95	13	63	31
	70	24	34	23	61	24	72	62	64	52	39	53
	39	87	99	20	51	42	83	90	92	59	89	70
	13	24	54	22	39	71	100	53	73	80	92	23
	20	40	84	49	68	33	94	55	94	79	25	70
	84	28	42	28	59	58	36	19	19	38	90	25
	12	17	46	43	41	57	23	45	92	86	94	56
	45	60	31	88	68	55	92	22	26	86	32	53
	33	74	14	12	59	31	81	60	47	55	60	39

	44	74	23	95	28	32	92	94	25	39	88	59
	30	81	82	68	19	87	89	80	89	35	26	99
	41	11	41	54	100	57	18	27	16	22	91	21
	18	32	76	46	40	70	97	42	91	43	89	25
	19	16	43	41	23	27	63	96	66	64	33	36
	50	26	99	94	39	54	39	20	94	68	38	67
	82	26	62	47	20	66	76	90	45	79	35	81
	73	67	53	42	79	85	87	55	90	33	39	62
	31	29	71	85	99	55	62	25	79	50	46	76
	41	68	95	74	13	13	78	63	40	91	13	60
	82	61	49	22	54	96	35	45	69	52	34	11
	25	61	73	39	79	97	74	30	41	52	67	22
	29	49	71	82	48	42	42	50	16	26	86	32
	28	76	46	39	31	49	31	57	34	95	77	57
	92	27	70	79	58	58	41	34	86	90	38	14
	73	85	68	38	16	33	43	72	82	51	15	76
	64	83	84	13	29	14	49	75	44	86	71	72
	70	48	30	26	44	86	96	75	30	19	70	98
	67	63	77	24	32	73	29	37	82	65	77	82
	76	75	29	29	32	60	25	46	78	90	39	50
	88	65	20	54	66	76	43	28	37	41	62	53
	25	48	48	30	100	25	81	82	30	79	59	64
	47	66	58	35	32	14	34	10	39	18	67	98
	60	21	90	35	94	55	88	24	69	81	19	70
	49	45	81	17	81	54	56	19	95	26	42	89
	47	91	19	25	34	65	41	80	49	80	71	92
	69	66	91	22	42	37	97	49	65	37	78	38
	70	77	62	97	59	51	91	38	16	14	47	99
	62	17	80	68	50	91	10	46	94	81	38	88
	74	27	84	96	80	83	32	74	81	14	72	41

	37	45	79	93	48	75	76	82	57	47	29	99
	78	25	60	97	10	78	48	59	58	97	61	48
	63	77	16	17	69	99	60	27	78	53	91	26
	40	96	21	12	21	23	95	65	98	81	50	43
	54	55	88	75	81	40	46	34	17	16	23	25
	52	97	29	62	18	83	83	88	69	24	16	35
	76	40	84	65	95	84	41	88	38	87	45	11
	67	37	42	88	87	52	73	37	47	18	85	26
	73	51	11	51	92	79	62	70	86	74	13	75
	70	74	96	32	80	55	96	26	75	57	14	50
	60	18	67	25	41	40	83	13	97	12	78	84
	35	38	64	41	23	18	20	71	58	17	71	35
	13	25	19	45	79	94	66	36	57	59	27	10
	66	99	13	59	28	53	10	18	72	63	64	40
	90	98	31	99	87	80	57	39	70	18	56	82
	35	63	18	26	83	29	87	87	25	38	52	76
	95	32	66	86	33	28	48	65	50	55	77	92
	60	32	42	27	61	75	85	35	69	84	74	20
	37	79	57	30	89	56	96	76	57	60	86	57
	99	36	55	47	20	58	92	70	25	97	35	37
	23	73	86	54	53	61	87	28	31	91	88	93
	31	86	34	64	77	100	13	16	70	54	19	81
	30	20	10	92	13	43	39	13	66	12	75	24
	13	98	92	91	89	43	13	22	19	21	51	29
	93	41	64	89	12	28	16	50	51	15	56	52
	85	79	46	46	77	59	69	63	19	38	63	49
	50	35	57	83	90	39	40	68	26	73	30	91
	25	17	63	82	45	89	76	36	38	81	54	89
	66	69	72	56	12	14	45	53	41	65	41	31
	89	59	44	62	94	77	40	20	31	76	47	36

