***** PARAMETERS PRP *****

Number of Customers = 30
Number of Products = 10
Number of Vehicles = 5
Number of Periods = 12

B = Production capacity
	49261

b_p = Time required to produce item p
 	1	1	1	1	1	1	1	1	1	1

c_p = Production cost of item p
 	30	80	30	80	80	30	80	30	80	80

s_p = Setup cost of item p
 	300	800	300	800	800	300	800	300	800	800

M = Big number
	197043

U_pi = Maximum inventory upper bound of item p at site i
 	197043	260	253	298	107	139	205	171	280	176	316	238	243	121	84	178	275	270	260	119	150	195	319	256	289	125	172	233	102	242	285
	197043	145	249	137	293	155	171	215	157	98	257	179	207	110	135	118	124	258	121	216	97	265	98	206	256	225	92	187	128	165	216
	197043	265	286	247	258	173	171	134	119	95	134	138	225	260	165	174	215	188	117	112	267	102	151	135	185	289	260	172	134	169	125
	197043	228	215	114	213	88	236	116	183	301	119	149	109	122	97	151	126	269	161	257	221	311	100	234	180	313	230	205	169	146	242
	197043	229	194	93	132	255	330	223	91	262	124	215	228	189	199	283	252	127	135	182	281	207	275	312	205	128	92	287	264	170	151
	197043	135	191	102	206	178	235	282	127	216	169	235	148	278	79	307	286	130	121	117	198	151	145	117	118	232	223	103	197	307	250
	197043	83	90	197	198	237	294	165	307	124	195	227	200	100	191	124	156	109	153	180	204	211	168	258	249	154	248	105	175	215	178
	197043	269	189	250	242	116	139	173	90	290	282	160	203	245	115	313	273	266	235	124	343	123	123	182	140	164	245	313	271	335	199
	197043	273	318	291	234	147	178	152	96	183	215	198	125	117	121	235	111	317	99	230	146	129	99	146	242	271	249	220	211	84	134
	197043	110	148	286	234	231	140	193	146	339	324	246	298	131	108	202	207	196	250	108	149	111	149	172	165	214	88	223	168	192	102

I_pi0 = Initial inventory of item p at site i
 	0	184	165	94	85	15	116	99	90	117	98	66	100	89	28	100	103	226	72	66	135	161	164	190	124	86	91	197	41	158	72
	0	97	161	116	174	107	145	29	53	48	150	165	199	102	93	13	68	60	100	215	20	28	77	132	85	105	68	78	60	143	89
	0	181	81	37	105	144	20	66	72	63	94	70	185	251	83	159	161	161	107	78	126	52	72	113	42	243	217	152	134	61	83
	0	212	36	50	96	57	129	105	85	184	38	77	74	88	89	109	120	132	151	113	83	97	44	17	53	201	160	67	102	115	97
	0	80	149	37	12	20	89	144	85	205	88	47	71	156	70	121	84	35	74	181	63	197	201	129	187	89	16	48	92	89	105
	0	86	136	101	127	156	168	22	127	20	168	206	108	97	14	32	275	107	82	75	70	62	144	64	115	195	165	92	130	52	97
	0	74	74	183	188	109	192	32	295	108	137	164	148	59	124	90	58	53	150	166	47	163	82	119	205	153	197	41	168	191	118
	0	53	69	181	115	58	67	144	64	196	133	71	201	72	71	185	67	53	40	78	159	110	54	116	90	152	236	213	93	278	172
	0	113	199	85	18	144	173	82	94	109	201	131	97	76	51	76	70	237	83	151	35	71	98	107	34	62	141	85	58	78	63
	0	67	147	86	83	66	121	175	104	168	312	169	178	91	105	177	149	118	85	69	95	47	109	149	132	131	44	162	161	116	94

h_pi = Inventory cost of item p at site i
 	3	3	3	1	7	8	1	7	7	8	1	2	1	1	1	6	1	4	7	7	9	6	8	2	4	4	5	5	8	9	3
	8	1	6	8	6	9	3	9	1	3	2	3	1	9	6	9	3	4	9	1	6	9	2	6	4	9	7	1	6	8	1
	3	1	8	2	3	9	4	5	9	7	6	4	6	7	4	9	5	3	8	9	5	3	8	9	5	3	1	2	3	1	7
	8	3	3	8	5	4	1	6	4	2	5	8	1	1	7	8	8	1	8	5	2	2	3	6	1	6	1	8	7	3	4
	8	4	1	8	6	1	1	2	7	6	5	4	7	5	4	4	4	4	8	7	1	7	6	3	5	4	5	3	6	7	8
	3	8	9	9	5	4	9	7	7	6	3	7	8	6	8	8	3	3	3	8	8	8	4	6	6	6	6	5	9	2	8
	8	1	7	1	4	9	1	9	2	8	5	9	2	9	2	4	2	4	8	5	1	5	9	7	4	9	9	8	1	8	9
	3	1	5	2	7	3	8	6	1	8	9	1	7	1	7	8	2	2	4	4	7	4	4	7	6	4	6	7	2	2	4
	8	7	6	8	6	4	3	6	2	3	9	1	7	9	3	7	8	3	7	3	8	7	7	3	1	5	5	8	1	1	3
	8	3	8	1	3	2	5	6	5	5	2	9	6	2	2	7	7	9	4	3	8	3	3	2	2	2	6	8	9	1	9

C = Vehicle capacity
	3430

f = Fixed transportation cost
	28520

a_ik = Transportation cost for traveling from node i to node k
 	0	58	583	106	504	559	365	341	78	129	860	366	443	522	789	854	361	857	537	66	151	183	447	544	336	379	34	734	650	724	823
	58	0	531	161	475	503	310	290	56	150	824	319	386	468	739	819	314	813	480	120	118	145	396	493	312	323	38	691	607	671	787
	583	531	0	667	331	102	232	430	514	568	435	228	172	70	221	444	238	345	181	649	449	531	138	51	381	315	551	252	189	142	403
	106	161	667	0	542	652	459	446	156	125	906	443	537	609	864	897	435	918	636	73	220	282	530	625	372	483	128	796	714	808	869
	504	475	331	542	0	404	350	565	428	418	365	237	370	331	415	356	228	405	460	561	358	561	270	285	171	479	472	291	231	427	330
	559	503	102	652	404	0	194	354	497	567	535	241	118	74	299	545	255	439	80	623	440	477	154	127	418	239	529	352	290	194	504
	365	310	232	459	350	194	0	228	304	380	609	115	78	164	450	611	127	555	184	430	252	300	117	205	285	130	335	442	360	368	573
	341	290	430	446	565	354	228	0	324	427	835	330	261	363	648	838	338	771	291	387	322	176	342	418	458	116	327	664	584	547	799
	78	56	514	156	428	497	304	324	0	104	783	293	382	454	715	777	286	780	482	141	74	196	377	472	262	339	45	658	574	655	746
	129	150	568	125	418	567	380	427	104	0	783	341	457	515	755	774	331	800	563	160	129	294	432	523	249	434	117	678	598	708	746
	860	824	435	906	365	535	609	835	783	783	0	527	582	489	304	24	526	154	615	920	710	884	493	427	534	726	827	184	253	408	38
	366	319	228	443	237	241	115	330	293	341	527	0	157	179	423	526	15	498	265	432	224	358	93	182	183	243	333	378	293	368	490
	443	386	172	537	370	118	78	261	382	457	582	157	0	103	392	587	171	511	112	506	329	364	103	159	338	146	413	406	329	300	548
	522	468	70	609	331	74	164	363	454	515	489	179	103	0	290	496	192	410	137	587	392	462	88	64	349	247	490	309	238	205	456
	789	739	221	864	415	299	450	648	715	755	304	423	392	290	0	322	430	164	375	854	646	750	345	249	532	532	756	156	185	119	287
	854	819	444	897	356	545	611	838	777	774	24	526	587	496	322	0	524	176	624	913	704	883	496	433	525	730	821	196	259	423	41
	361	314	238	435	228	255	127	338	286	331	526	15	171	192	430	524	0	501	279	425	216	359	105	192	169	254	327	380	295	378	489
	857	813	345	918	405	439	555	771	780	800	154	498	511	410	164	176	501	0	518	920	707	849	440	354	557	657	823	123	207	279	150
	537	480	181	636	460	80	184	291	482	563	615	265	112	137	375	624	279	518	0	599	435	433	194	199	447	183	510	431	368	264	583
	66	120	649	73	561	623	430	387	141	160	920	432	506	587	854	913	425	920	599	0	213	217	513	609	391	436	99	798	714	789	883
	151	118	449	220	358	440	252	322	74	129	710	224	329	392	646	704	216	707	435	213	0	231	311	405	195	311	118	585	501	590	673
	183	145	531	282	561	477	300	176	196	294	884	358	364	462	750	883	359	849	433	217	231	0	411	503	416	253	180	731	647	663	847
	447	396	138	530	270	154	117	342	377	432	493	93	103	88	345	496	105	440	194	513	311	411	0	97	264	235	415	326	244	279	458
	544	493	51	625	285	127	205	418	472	523	427	182	159	64	249	433	192	354	199	609	405	503	97	0	330	304	511	248	174	186	393
	336	312	381	372	171	418	285	458	262	249	534	183	338	349	532	525	169	557	447	391	195	416	264	330	0	400	305	436	361	509	498
	379	323	315	483	479	239	130	116	339	434	726	243	146	247	532	730	254	657	183	436	311	253	235	304	400	0	357	551	473	432	690
	34	38	551	128	472	529	335	327	45	117	827	333	413	490	756	821	327	823	510	99	118	180	415	511	305	357	0	701	617	692	790
	734	691	252	796	291	352	442	664	658	678	184	378	406	309	156	196	380	123	431	798	585	731	326	248	436	551	701	0	86	235	156
	650	607	189	714	231	290	360	584	574	598	253	293	329	238	185	259	295	207	368	714	501	647	244	174	361	473	617	86	0	220	219
	724	671	142	808	427	194	368	547	655	708	408	368	300	205	119	423	378	279	264	789	590	663	279	186	509	432	692	235	220	0	385
	823	787	403	869	330	504	573	799	746	746	38	490	548	456	287	41	489	150	583	883	673	847	458	393	498	690	790	156	219	385	0

coordXY = Coordinates (x,y): line zero => x line one => y column => customers
 	108	151	363	12	34	435	320	434	111	8	87	218	374	362	368	65	204	240	480	82	116	290	288	318	37	420	114	214	215	434	92
	138	176	662	95	636	591	435	238	215	219	997	487	491	593	882	990	485	984	525	78	288	137	547	639	466	353	171	864	779	784	960

d_pit = Demand of item p at customer i in period t
 	76	58	50	83	40	73	43	31	16	26	36	91
	83	82	97	46	21	99	14	11	61	68	99	79
	94	77	75	88	86	21	92	82	98	80	68	32
	56	29	79	29	78	33	84	14	63	32	55	90
	15	18	50	25	93	14	72	39	18	17	16	39
	48	68	82	19	58	56	73	18	13	16	93	71
	99	41	21	87	36	17	72	46	81	62	79	41
	90	17	81	42	86	56	36	93	17	54	24	76
	18	99	60	14	42	49	95	73	70	85	64	34
	98	35	83	82	95	99	93	85	45	64	95	73
	19	30	17	79	33	65	27	60	60	34	50	97
	10	90	87	41	89	88	67	71	97	32	40	17
	77	12	11	47	47	91	48	59	11	42	18	22
	28	36	21	27	20	67	96	39	89	33	29	21
	42	58	91	32	31	51	91	50	70	51	94	50
	87	16	40	43	11	85	93	50	21	43	85	86
	60	30	39	97	72	64	19	64	16	41	97	48
	38	34	64	89	49	57	45	33	70	75	34	35
	19	47	42	44	65	79	78	45	85	96	95	16
	73	62	34	32	22	92	26	78	33	18	52	76
	28	42	91	70	28	95	12	49	38	15	78	40
	37	31	96	71	93	68	23	42	75	95	67	67
	96	94	69	91	11	75	28	76	11	82	42	93
	80	44	77	88	53	56	89	16	81	35	55	19
	86	47	30	62	40	45	88	77	63	46	75	91
	91	97	25	22	54	47	59	76	62	79	26	50
	38	19	78	62	84	50	20	45	16	39	75	33
	41	64	48	68	47	11	51	81	48	55	69	26
	82	76	23	68	78	59	34	22	61	88	96	38
	72	83	15	76	10	36	97	65	62	55	72	41

	97	96	57	34	41	99	45	83	84	85	82	66
	79	82	92	58	67	87	15	59	94	75	26	13
	89	27	83	85	80	88	43	94	24	83	38	86
	93	48	33	60	67	13	65	95	99	49	19	62
	32	75	36	14	28	79	46	57	81	39	74	57
	93	19	33	99	62	80	28	16	57	81	36	81
	29	98	74	31	64	65	22	63	58	62	66	12
	53	10	28	60	14	10	98	50	69	38	21	21
	28	20	32	13	42	90	96	22	40	89	28	87
	67	48	35	57	34	12	87	30	53	56	67	71
	76	51	38	51	10	58	90	98	29	87	92	35
	59	53	65	22	85	13	39	55	44	82	55	50
	43	59	27	45	39	14	39	96	59	99	61	81
	47	46	17	34	29	85	33	71	48	62	35	33
	13	64	83	12	97	76	59	37	71	14	88	93
	49	19	92	59	85	44	82	52	93	87	55	25
	60	78	29	87	16	28	66	13	49	66	65	61
	32	68	36	96	97	74	25	78	77	18	70	53
	100	56	59	16	74	30	29	11	99	79	30	66
	20	16	30	58	70	38	76	91	89	18	30	43
	28	16	66	60	16	91	40	79	97	34	39	71
	77	57	66	18	60	22	14	85	76	87	13	13
	74	58	47	98	69	73	39	29	15	41	55	20
	85	61	36	72	19	74	50	22	86	14	13	82
	78	27	86	45	14	54	26	99	38	63	57	88
	28	40	19	55	70	12	52	11	93	36	88	46
	31	47	13	52	85	17	32	17	90	59	61	56
	60	78	89	26	75	35	32	79	75	58	90	72
	69	74	67	56	92	71	14	74	11	26	35	69
	20	14	55	97	73	58	55	39	98	28	82	28

	67	20	94	48	26	23	47	91	46	25	70	78
	50	31	32	24	51	88	99	64	37	79	74	57
	37	96	20	63	38	31	50	21	41	86	38	71
	66	39	65	46	55	74	43	25	95	18	55	39
	81	63	45	37	34	98	87	95	35	10	26	80
	20	51	96	52	34	37	84	40	83	67	71	47
	66	75	38	18	52	12	86	50	57	19	19	44
	44	28	71	93	17	55	15	41	11	40	22	40
	63	38	40	33	14	59	44	14	48	59	84	73
	94	66	89	24	79	46	49	83	92	77	66	41
	70	38	43	33	59	12	66	95	32	13	13	77
	38	14	66	67	90	57	31	29	57	89	70	66
	83	72	96	86	87	14	100	19	46	19	78	80
	29	54	51	31	18	52	57	17	63	66	33	25
	80	43	36	29	40	86	89	84	95	51	30	33
	88	24	49	31	24	33	11	58	73	88	79	86
	45	30	38	48	54	45	21	19	50	74	92	47
	39	68	23	21	62	93	84	86	53	66	63	41
	78	20	48	79	56	20	84	40	52	58	47	88
	21	61	44	39	84	96	24	54	50	77	71	19
	52	70	69	21	67	55	10	26	61	48	41	89
	72	82	34	60	74	59	32	84	24	20	15	48
	72	41	45	33	21	47	24	63	46	57	54	37
	42	67	45	60	46	11	15	31	91	38	61	49
	77	82	84	65	32	69	86	29	25	39	84	21
	85	50	82	14	95	72	69	55	79	32	98	50
	69	83	87	24	75	22	85	83	87	14	20	37
	59	75	30	51	58	18	24	73	22	27	84	14
	61	29	26	34	40	76	32	47	72	12	42	35
	26	57	78	77	77	31	77	84	70	17	70	88

	24	49	64	75	75	79	99	27	93	59	10	31
	36	73	88	26	54	59	23	11	59	40	91	86
	50	83	86	34	73	54	37	48	85	86	15	32
	96	60	55	16	51	52	56	24	50	35	86	58
	57	79	62	43	44	25	24	15	57	30	32	62
	66	63	67	82	34	83	65	10	48	96	24	71
	32	35	38	16	19	69	97	55	91	51	90	100
	85	74	58	59	59	69	89	37	90	18	71	23
	82	50	31	21	96	40	69	93	100	19	37	85
	38	91	59	68	77	98	56	52	24	39	20	92
	77	22	45	78	35	26	30	21	56	32	75	99
	74	38	36	50	53	68	91	83	43	11	32	77
	88	80	73	80	61	100	39	65	13	74	19	42
	11	30	48	19	44	33	98	50	70	29	78	74
	12	97	63	86	56	30	43	70	62	17	40	28
	28	42	50	73	20	14	21	26	21	73	59	77
	89	43	46	24	33	86	39	40	41	76	74	55
	95	56	31	57	92	84	13	32	54	18	39	74
	12	23	78	89	11	39	21	70	71	91	71	40
	33	50	26	62	72	61	51	56	13	52	88	98
	97	91	56	11	68	61	46	91	78	45	26	76
	44	60	27	58	73	47	71	62	11	95	17	34
	17	71	27	58	82	38	97	96	59	63	22	71
	53	70	94	68	33	82	39	100	35	26	89	31
	42	85	74	20	84	51	25	82	93	79	96	20
	69	25	13	53	13	36	80	39	50	92	56	25
	67	61	12	59	51	40	27	49	18	79	10	20
	67	11	24	50	87	29	32	88	44	71	88	83
	64	51	91	93	95	85	82	53	59	84	49	69
	12	65	20	40	16	17	42	49	93	59	69	98

	80	46	14	14	41	79	28	83	54	84	94	71
	86	63	58	58	97	68	73	25	34	56	89	69
	37	74	27	55	90	22	85	49	29	48	19	22
	12	71	70	64	75	85	82	58	35	83	78	76
	20	41	83	80	78	20	61	89	84	84	72	52
	89	56	33	29	86	96	51	96	73	38	96	50
	99	45	85	94	75	75	40	59	67	99	82	72
	74	11	86	83	30	14	38	64	13	78	11	43
	48	44	31	82	48	79	35	86	76	81	83	92
	30	58	71	56	16	24	21	48	65	54	22	32
	47	20	53	11	32	40	19	28	74	29	67	95
	37	20	14	94	63	93	36	41	12	11	80	46
	60	96	39	93	14	96	82	17	70	74	62	53
	34	36	14	17	94	77	33	42	95	53	79	22
	11	77	33	55	36	45	48	70	79	39	93	94
	84	63	83	51	84	55	22	72	28	81	80	52
	35	93	64	71	27	41	36	98	23	100	92	83
	26	48	73	23	22	55	64	59	38	36	54	43
	88	56	37	64	18	84	76	35	78	56	88	49
	19	18	26	38	97	21	81	93	23	83	78	98
	32	87	59	19	17	87	63	40	67	71	61	19
	94	25	32	50	33	51	93	58	27	80	52	66
	72	57	17	96	53	80	78	82	65	88	27	33
	74	47	66	51	87	74	76	97	77	75	24	73
	89	61	71	98	93	33	56	71	44	98	32	19
	16	95	27	32	63	45	12	39	96	17	43	69
	48	24	21	95	16	89	74	73	57	48	60	84
	46	46	33	47	87	44	85	40	55	52	39	59
	60	29	82	93	14	89	77	25	88	75	14	35
	64	41	68	34	70	51	31	48	45	73	63	16

	86	70	62	55	38	41	97	57	46	82	96	79
	39	97	85	39	25	92	54	30	18	19	62	13
	56	45	79	89	58	16	18	59	38	17	78	60
	58	18	51	83	26	39	27	82	18	10	27	56
	76	80	23	19	60	69	67	29	33	92	82	83
	83	85	95	16	25	58	77	26	56	61	92	31
	22	92	52	55	76	88	47	54	71	16	62	41
	72	55	37	71	72	55	18	33	40	23	21	12
	20	49	91	52	93	19	76	58	83	29	17	61
	13	61	94	86	39	58	72	11	55	91	62	35
	100	66	40	97	33	47	82	23	80	57	67	13
	20	88	42	39	60	19	19	71	85	48	21	78
	97	56	50	41	32	84	39	47	89	21	24	86
	14	29	18	84	22	26	74	36	60	52	30	31
	32	80	12	66	87	51	59	11	91	79	89	79
	67	32	90	86	84	85	47	70	94	31	91	82
	21	86	94	93	78	86	16	48	23	97	71	69
	82	23	58	35	70	61	30	98	25	63	100	79
	75	58	70	17	74	71	29	12	56	72	90	79
	28	42	42	28	29	55	43	20	77	36	14	60
	62	11	51	48	93	52	85	21	71	12	15	81
	67	77	50	79	16	68	18	80	74	21	18	11
	51	13	35	28	74	27	68	98	52	69	97	92
	41	74	50	24	16	60	31	15	72	51	25	11
	96	61	38	42	96	75	82	67	75	17	21	26
	57	19	89	82	73	33	61	59	57	62	44	32
	92	56	75	49	17	75	12	18	41	71	26	87
	33	97	77	62	62	39	16	66	95	92	81	69
	52	96	67	89	57	29	56	99	44	31	43	73
	97	65	92	61	36	40	99	43	67	15	50	85

	57	17	89	17	11	13	77	15	32	58	70	39
	22	52	28	55	72	28	25	22	47	94	50	42
	90	93	84	81	18	95	50	78	55	18	36	91
	67	63	58	24	66	14	93	84	76	83	68	94
	22	51	36	94	68	12	66	19	74	18	90	19
	25	96	33	38	54	61	74	40	53	90	62	79
	32	66	50	77	52	65	56	47	47	25	42	99
	57	80	76	82	40	32	18	86	77	66	69	54
	59	49	18	90	12	14	65	60	22	62	30	16
	71	66	82	97	31	67	93	83	35	12	66	76
	38	25	90	11	14	85	25	100	99	86	17	92
	10	93	45	67	26	73	74	78	63	74	99	96
	19	40	42	81	54	98	10	55	38	18	46	100
	98	26	81	28	81	98	52	51	92	38	83	34
	90	92	56	51	25	84	43	62	48	43	78	71
	39	19	33	55	50	80	73	92	70	60	13	40
	41	12	79	42	93	43	28	87	46	99	39	46
	42	36	72	73	83	20	36	32	100	24	38	55
	96	19	51	21	30	16	21	93	46	54	27	65
	11	36	90	31	80	80	31	58	53	33	14	94
	70	18	75	41	57	54	84	57	18	69	76	13
	82	19	56	54	31	73	76	97	31	28	98	25
	55	47	17	97	87	49	97	95	13	20	27	16
	74	63	68	98	32	81	20	23	92	74	69	53
	22	62	69	75	47	45	52	17	30	96	32	69
	83	22	81	11	65	74	27	32	41	89	52	18
	41	78	10	36	96	30	96	53	15	68	16	93
	96	72	54	18	80	32	65	30	78	48	39	89
	21	76	94	25	74	81	80	49	51	28	36	30
	99	19	16	67	69	40	87	64	96	29	95	32

	53	92	75	28	70	71	70	80	91	36	81	60
	40	14	15	90	77	88	18	42	83	17	42	42
	44	50	87	52	62	26	31	14	62	82	39	50
	76	39	45	79	71	86	22	81	91	29	27	79
	58	60	93	86	30	55	67	32	11	99	31	74
	67	28	46	26	18	50	11	74	33	81	84	37
	72	72	41	45	61	57	25	23	76	38	98	85
	64	94	27	38	38	22	22	18	52	66	41	58
	78	13	34	71	89	77	80	15	97	53	16	74
	44	89	99	57	54	92	82	14	69	15	15	47
	11	60	64	37	12	34	55	51	38	43	64	11
	92	69	40	97	96	31	81	95	13	30	91	76
	13	59	12	52	56	79	48	91	96	89	77	63
	33	38	57	34	14	34	17	86	20	50	12	63
	38	47	60	40	88	14	80	100	87	83	58	57
	10	57	51	67	65	55	17	62	70	55	48	97
	53	21	100	46	54	55	23	65	97	41	16	68
	15	25	86	45	16	88	81	30	24	97	36	21
	78	64	34	41	32	57	88	39	52	79	88	93
	63	96	50	74	55	89	90	90	22	86	63	46
	14	96	47	83	16	84	31	99	44	47	95	84
	54	78	76	15	46	56	66	84	81	21	95	67
	70	33	13	38	72	14	97	87	41	14	13	54
	90	97	38	69	95	73	94	44	84	23	90	42
	79	54	19	18	17	37	19	52	31	31	74	62
	44	98	83	11	81	86	42	51	23	82	98	35
	84	65	64	66	27	45	37	70	86	33	76	97
	93	70	22	32	17	61	44	38	21	95	58	100
	92	98	58	30	34	90	23	96	96	67	58	61
	90	44	38	69	80	67	59	87	49	65	71	75

	53	60	97	76	67	40	14	42	58	50	79	20
	47	83	45	24	87	88	49	94	72	86	30	57
	85	77	40	53	80	26	69	56	73	11	54	75
	18	98	97	11	73	42	17	19	50	33	55	48
	80	64	36	80	29	40	16	47	89	46	25	36
	91	82	44	40	88	42	78	97	26	70	13	40
	82	87	54	80	40	47	25	38	27	12	76	38
	54	40	73	35	25	66	17	19	43	40	95	66
	96	13	48	53	35	96	83	60	98	40	36	72
	63	62	13	63	50	32	80	13	89	78	21	81
	41	60	13	17	65	30	85	38	26	27	36	38
	97	31	63	44	73	92	72	88	20	11	92	68
	76	65	66	14	19	58	99	69	76	54	25	82
	35	16	84	96	58	54	79	57	77	11	65	91
	76	22	64	62	31	14	36	31	40	29	89	69
	70	66	51	19	81	27	28	79	95	37	15	98
	70	42	77	48	100	53	52	69	30	93	78	49
	12	54	17	44	99	65	94	35	50	24	32	66
	95	56	31	98	14	30	49	36	88	35	58	100
	35	36	84	18	19	80	18	62	81	27	62	61
	71	92	66	49	56	86	93	11	60	33	68	89
	98	29	34	19	54	57	29	72	76	69	36	23
	75	32	31	38	91	93	82	30	54	10	20	29
	34	73	54	60	27	24	40	60	63	31	19	95
	52	10	20	41	89	64	73	21	77	69	51	83
	86	55	90	43	91	18	19	80	84	90	24	66
	22	38	25	17	83	59	87	15	23	47	64	49
	58	57	51	88	34	11	72	31	53	26	91	62
	25	53	24	34	58	12	51	42	25	76	76	30
	63	77	32	93	45	68	23	57	18	12	32	17

	33	34	91	94	66	25	81	25	16	60	49	88
	96	51	55	73	60	25	35	39	15	94	36	14
	86	47	57	11	99	96	11	100	20	76	69	15
	83	64	72	67	82	19	55	26	87	16	62	69
	40	26	92	54	94	35	39	17	64	26	48	19
	51	70	16	34	66	84	10	33	44	65	42	43
	32	80	63	83	65	20	92	79	83	55	21	100
	29	75	99	21	93	34	27	11	49	67	65	14
	13	98	57	84	75	71	95	60	44	94	92	30
	86	51	82	93	39	64	49	94	16	94	73	36
	47	36	86	52	91	29	39	47	58	92	71	91
	85	33	12	48	97	62	43	83	30	98	86	37
	32	59	45	22	14	67	32	55	33	77	43	46
	33	72	45	98	82	13	48	13	23	69	82	67
	58	72	47	38	64	29	60	70	36	11	84	37
	50	99	64	63	88	98	33	96	23	67	65	81
	91	27	13	97	56	22	63	10	61	77	33	39
	43	42	25	88	98	76	29	54	13	47	22	62
	69	33	32	71	43	44	89	49	55	61	27	72
	62	33	66	49	95	50	28	28	15	42	68	61
	47	95	57	72	93	59	93	38	24	30	45	12
	21	88	87	47	25	97	38	72	31	57	11	21
	69	80	42	26	26	47	17	36	36	42	16	80
	78	54	48	28	36	57	39	13	59	72	91	83
	15	31	28	57	53	32	98	97	77	31	55	67
	44	63	24	67	27	21	80	71	24	35	34	38
	11	71	80	44	43	46	33	23	79	95	81	62
	49	67	45	37	55	48	35	80	77	83	12	83
	14	32	70	78	39	67	52	74	17	33	44	56
	94	15	54	54	57	46	40	22	69	27	52	84

