***** PARAMETERS PRP *****

Number of Customers = 30
Number of Products = 10
Number of Vehicles = 5
Number of Periods = 12

B = Production capacity
	49291

b_p = Time required to produce item p
 	1	1	1	1	1	1	1	1	1	1

c_p = Production cost of item p
 	80	80	80	80	80	80	80	30	80	80

s_p = Setup cost of item p
 	800	800	800	800	800	800	800	300	800	800

M = Big number
	197164

U_pi = Maximum inventory upper bound of item p at site i
 	197164	252	199	189	258	221	250	198	103	198	190	136	160	239	84	103	241	220	292	197	168	104	222	109	104	195	132	280	338	208	222
	197164	240	256	97	165	94	116	82	107	106	256	87	243	104	184	120	236	256	337	169	309	228	139	245	232	158	104	170	264	115	242
	197164	232	230	267	139	96	184	214	274	247	109	135	106	233	168	130	290	104	138	145	317	136	199	317	222	231	294	104	158	308	206
	197164	110	184	125	139	144	125	123	108	168	239	237	233	157	350	338	214	262	124	202	169	182	130	98	256	257	206	262	183	273	185
	197164	301	275	102	159	214	175	270	284	84	147	168	227	270	251	222	123	221	193	294	158	130	151	117	188	240	222	98	102	247	197
	197164	308	172	136	297	113	177	309	338	364	310	178	233	250	298	80	298	108	200	239	122	122	237	232	105	196	241	248	213	276	202
	197164	138	110	284	114	123	163	255	182	159	138	293	191	207	129	196	124	153	201	250	159	229	174	94	214	119	213	138	139	223	115
	197164	345	257	197	248	155	116	254	280	199	150	201	183	247	119	113	105	106	276	232	175	88	252	127	106	242	165	182	330	305	98
	197164	198	178	167	100	242	250	149	102	103	238	234	177	172	131	121	234	159	269	164	285	228	345	229	212	154	204	176	167	280	305
	197164	297	340	207	159	292	131	174	115	296	97	166	78	215	252	259	292	97	232	124	200	208	207	166	149	251	269	252	246	298	88

I_pi0 = Initial inventory of item p at site i
 	0	179	175	105	199	49	111	49	69	61	125	69	126	50	83	44	67	61	80	137	80	84	133	67	53	47	57	100	135	14	60
	0	108	192	94	105	45	32	53	31	76	54	76	37	56	25	91	31	112	96	61	81	137	117	13	84	147	89	28	130	110	55
	0	171	136	32	136	73	134	170	171	147	103	55	22	155	77	111	30	97	34	114	213	132	56	274	156	172	94	25	125	224	181
	0	90	102	82	67	71	102	121	59	52	193	99	73	29	177	147	106	170	65	58	144	89	19	79	133	173	172	82	127	51	155
	0	94	236	91	33	187	98	51	57	37	121	71	150	94	135	58	92	130	80	64	127	117	148	99	149	58	96	67	94	151	81
	0	160	161	47	117	113	120	99	213	330	114	166	112	14	209	61	105	75	130	199	101	94	109	205	62	49	219	82	31	37	78
	0	120	58	228	37	104	152	184	140	36	71	184	140	91	86	185	106	120	120	36	120	174	134	52	28	107	125	80	85	29	108
	0	12	173	189	238	149	24	218	130	173	97	127	110	146	98	84	90	69	105	158	135	76	35	73	59	185	151	168	236	117	69
	0	129	138	95	88	82	66	85	67	94	181	222	112	36	113	23	218	153	45	71	101	213	317	157	129	16	148	151	102	47	185
	0	106	52	204	49	203	109	114	73	12	63	164	73	173	109	21	99	74	147	78	121	196	125	113	81	90	67	175	198	65	75

h_pi = Inventory cost of item p at site i
 	8	5	8	2	9	1	7	7	5	3	5	5	3	5	9	6	3	3	2	5	6	2	6	3	3	6	1	4	4	7	6
	8	8	1	5	1	7	6	7	8	4	8	1	7	9	3	7	1	8	8	9	4	7	9	6	5	7	1	7	1	9	7
	8	5	1	9	3	3	2	5	9	1	9	9	3	8	9	9	2	3	4	4	9	1	1	4	7	6	8	3	8	3	1
	8	3	5	7	9	2	7	7	4	7	8	9	7	8	4	3	4	3	6	8	5	2	9	6	5	5	8	6	8	8	4
	8	1	6	4	4	6	8	4	3	1	3	4	9	4	7	9	6	3	7	2	5	6	3	8	4	2	2	6	2	9	3
	8	4	6	5	9	6	8	3	6	9	4	9	1	3	7	5	7	3	5	2	7	7	4	4	5	3	2	3	2	7	7
	8	2	9	5	1	3	3	4	5	4	6	3	5	2	9	5	4	5	1	4	3	4	4	4	2	2	1	9	4	1	4
	3	6	5	8	7	4	1	3	9	3	8	2	6	3	5	7	3	3	8	6	2	4	2	4	9	3	3	4	2	6	5
	8	4	5	8	1	8	7	5	5	8	5	1	7	5	6	7	3	3	6	1	3	2	9	1	3	5	2	1	7	9	7
	8	7	3	5	3	8	8	4	4	4	2	4	6	3	2	5	5	3	9	1	5	8	4	2	7	7	2	2	4	4	8

C = Vehicle capacity
	3640

f = Fixed transportation cost
	29419

a_ik = Transportation cost for traveling from node i to node k
 	0	509	751	141	168	394	108	111	83	769	308	513	699	597	495	306	554	841	664	524	694	504	31	666	792	196	629	682	577	578	89
	509	0	260	436	634	195	559	421	562	272	678	10	290	130	339	251	53	348	235	51	218	113	498	225	331	329	139	179	68	142	422
	751	260	0	692	888	373	783	652	811	213	938	261	379	266	561	510	208	262	333	231	256	339	735	121	328	583	124	175	203	306	666
	141	436	692	0	202	374	246	170	143	676	263	437	582	501	359	198	486	744	553	462	594	404	157	625	683	111	568	597	501	476	100
	168	634	888	202	0	548	235	276	87	876	166	637	776	702	531	398	684	944	750	658	794	604	197	813	881	306	764	798	700	676	231
	394	195	373	374	548	0	413	288	465	456	637	204	480	323	451	261	213	533	426	175	411	276	374	275	525	269	261	362	249	330	318
	108	559	783	246	235	413	0	140	166	827	394	565	777	661	593	388	599	902	738	565	759	573	90	687	862	278	665	737	626	646	170
	111	421	652	170	276	288	140	0	190	688	401	426	640	522	474	257	462	762	600	429	619	434	87	562	723	153	532	598	488	507	71
	83	562	811	143	87	465	166	190	0	812	230	565	725	638	498	337	609	882	695	581	733	542	112	732	825	235	688	730	629	615	148
	769	272	213	676	876	456	827	688	812	0	889	265	193	175	439	479	244	77	166	282	90	273	760	303	116	578	222	95	209	204	681
	308	678	938	263	166	637	394	401	230	889	0	678	758	718	488	428	731	949	744	711	801	622	338	882	872	370	816	821	739	685	339
	513	10	261	437	637	204	565	426	565	265	678	0	281	120	333	250	56	341	225	59	209	105	502	230	322	331	141	173	65	133	425
	699	290	379	582	776	480	777	640	725	193	758	281	0	164	277	394	298	217	57	329	124	214	698	435	119	504	332	206	261	151	614
	597	130	266	501	702	323	661	522	638	175	718	120	164	0	296	304	135	244	107	166	98	99	591	289	207	405	183	107	101	40	509
	495	339	561	359	531	451	593	474	498	439	488	333	277	296	0	226	383	485	277	390	350	230	504	560	395	321	461	400	368	257	424
	306	251	510	198	398	261	388	257	337	479	428	250	394	304	226	0	303	547	360	286	397	207	306	461	489	111	388	401	312	279	222
	554	53	208	486	684	213	599	462	609	244	731	56	298	135	383	303	0	320	241	39	206	154	541	177	319	378	86	149	39	161	468
	841	348	262	744	944	533	902	762	882	77	949	341	217	244	485	547	320	0	209	359	150	341	834	366	105	649	294	172	285	269	753
	664	235	333	553	750	426	738	600	695	166	744	225	57	107	277	360	241	209	0	273	82	168	661	381	131	468	277	158	205	98	578
	524	51	231	462	658	175	565	429	581	282	711	59	329	166	390	286	39	359	273	0	243	164	509	179	356	353	107	188	76	186	438
	694	218	256	594	794	411	759	619	733	90	801	209	124	98	350	397	206	150	82	243	0	192	688	318	114	500	218	85	167	119	606
	504	113	339	404	604	276	573	434	542	273	622	105	214	99	230	207	154	341	168	164	192	0	499	330	290	309	232	200	139	75	416
	31	498	735	157	197	374	90	87	112	760	338	502	698	591	504	306	541	834	661	509	688	499	0	647	788	195	614	673	565	573	85
	666	225	121	625	813	275	687	562	732	303	882	230	435	289	560	461	177	366	381	179	318	330	647	0	412	515	106	234	196	323	586
	792	331	328	683	881	525	862	723	825	116	872	322	119	207	395	489	319	105	131	356	114	290	788	412	0	597	321	183	280	217	705
	196	329	583	111	306	269	278	153	235	578	370	331	504	405	321	111	378	649	468	353	500	309	195	515	597	0	459	495	395	383	111
	629	139	124	568	764	261	665	532	688	222	816	141	332	183	461	388	86	294	277	107	218	232	614	106	321	459	0	139	94	219	544
	682	179	175	597	798	362	737	598	730	95	821	173	206	107	400	401	149	172	158	188	85	200	673	234	183	495	139	0	114	145	594
	577	68	203	501	700	249	626	488	629	209	739	65	261	101	368	312	39	285	205	76	167	139	565	196	280	395	94	114	0	130	489
	578	142	306	476	676	330	646	507	615	204	685	133	151	40	257	279	161	269	98	186	119	75	573	323	217	383	219	145	130	0	490
	89	422	666	100	231	318	170	71	148	681	339	425	614	509	424	222	468	753	578	438	606	416	85	586	705	111	544	594	489	490	0

coordXY = Coordinates (x,y): line zero => x line one => y column => customers
 	122	173	81	240	234	24	19	72	183	293	399	182	438	282	473	261	149	335	383	125	322	282	96	5	408	201	107	238	182	309	141
	161	667	910	237	36	542	130	259	106	910	28	670	784	736	510	433	714	974	771	684	825	638	176	816	899	340	789	833	734	707	247

d_pit = Demand of item p at customer i in period t
 	89	57	33	81	64	34	78	64	90	53	97	17
	99	76	73	22	79	37	93	62	70	19	74	90
	92	13	89	16	10	73	15	15	97	81	38	29
	34	68	45	52	67	38	43	78	29	82	44	38
	49	48	75	25	21	86	35	78	42	78	61	66
	21	57	33	89	89	34	32	92	49	19	61	24
	49	32	52	58	88	52	32	48	57	88	11	26
	69	54	75	14	10	69	36	32	71	61	51	78
	36	25	42	29	43	59	73	42	46	88	15	96
	94	31	90	26	26	19	50	40	94	48	23	29
	15	54	81	64	99	12	20	12	29	31	68	57
	42	73	11	17	19	18	86	35	68	35	63	13
	50	18	51	45	83	55	43	11	47	28	94	48
	47	36	48	19	57	56	28	19	47	35	62	48
	44	73	28	17	43	47	74	72	45	75	29	68
	67	90	62	91	18	22	15	89	88	70	38	72
	61	47	87	26	14	46	68	63	38	31	17	30
	80	44	36	96	48	53	96	67	67	17	30	66
	83	54	62	15	68	28	71	31	25	93	22	40
	48	32	28	19	56	99	37	96	38	35	97	85
	84	33	56	17	76	29	34	21	96	16	82	77
	54	79	91	65	84	25	42	14	73	16	79	43
	67	50	95	46	82	44	14	80	68	64	15	28
	53	67	63	72	67	23	14	57	81	52	62	12
	21	26	14	62	68	32	55	43	21	81	23	22
	44	13	91	39	76	13	21	17	38	70	68	36
	21	79	96	98	32	33	56	32	55	90	65	16
	52	83	48	76	29	78	97	24	73	98	65	87
	14	75	96	53	100	73	51	31	51	23	20	36
	60	77	100	17	21	50	29	87	95	19	16	94

	31	77	73	12	39	79	80	75	36	44	96	77
	48	53	78	13	43	48	87	11	59	44	34	97
	23	71	97	20	82	68	31	83	18	18	34	35
	45	60	74	54	71	48	56	17	57	68	49	61
	45	60	47	17	45	80	35	12	22	91	37	70
	32	44	15	40	15	74	11	17	57	17	79	63
	13	40	11	97	59	58	27	47	33	64	24	20
	31	41	72	25	77	93	64	22	92	18	40	66
	76	90	59	24	12	88	97	15	21	40	19	96
	54	32	60	56	58	22	39	98	91	22	19	63
	76	42	26	30	91	11	17	24	43	47	20	95
	37	81	90	68	29	32	33	63	91	96	97	12
	56	94	75	57	11	97	62	50	19	16	43	42
	25	87	37	39	40	85	93	97	55	74	78	24
	91	73	57	67	83	49	37	54	40	10	92	69
	31	82	46	82	62	100	93	56	20	93	19	23
	91	21	95	62	50	62	87	96	30	52	60	62
	96	87	51	26	48	75	57	64	85	39	100	81
	36	25	75	43	51	59	99	37	33	50	87	81
	81	60	22	85	92	21	92	38	38	88	47	77
	14	39	84	52	54	86	35	20	78	95	67	59
	40	77	45	45	79	36	31	52	54	66	16	14
	13	98	61	23	79	90	36	17	33	66	63	10
	37	47	17	70	12	64	70	39	69	30	57	44
	52	79	16	78	45	29	81	68	79	24	70	12
	22	67	88	51	14	94	25	68	22	22	92	60
	28	100	46	49	74	49	45	50	87	28	49	76
	30	34	51	15	58	16	65	96	45	98	32	94
	71	39	87	84	18	85	100	31	17	74	65	21
	10	22	23	93	90	100	51	35	74	52	88	88

	34	99	38	84	22	93	78	93	42	11	51	51
	45	91	51	95	22	30	27	63	47	94	66	59
	32	70	63	38	13	73	44	95	11	100	70	32
	40	96	25	23	21	23	21	78	41	47	87	52
	73	52	36	54	54	41	23	11	87	28	98	21
	53	81	95	71	79	19	48	91	37	65	23	72
	96	74	53	38	71	52	94	98	49	67	77	88
	20	86	65	72	66	67	35	20	41	60	62	64
	56	66	25	96	93	30	90	50	30	78	94	34
	17	86	63	40	99	21	72	28	38	45	79	68
	55	90	60	66	24	95	91	30	64	90	62	81
	22	11	18	75	31	87	33	98	98	87	25	49
	13	88	54	78	43	15	82	88	70	88	57	24
	11	66	16	12	33	17	99	97	72	44	20	18
	30	81	51	74	64	48	89	95	41	85	92	28
	30	96	19	83	22	77	10	80	39	69	85	87
	52	45	26	53	17	51	48	61	45	60	89	74
	34	54	69	34	44	83	52	51	11	49	46	23
	50	64	68	79	74	54	10	51	13	49	40	26
	85	91	37	96	43	57	52	56	91	65	15	73
	86	46	22	80	99	54	100	76	74	31	92	54
	23	33	97	35	89	88	48	61	93	97	77	54
	83	91	52	48	91	84	58	88	80	36	29	21
	62	50	44	91	87	29	31	69	45	27	68	62
	68	38	66	74	62	82	68	76	38	54	26	41
	17	77	99	50	68	83	53	75	78	90	98	94
	25	34	61	68	71	44	60	71	57	54	27	52
	28	97	35	70	58	63	17	82	15	98	48	19
	86	71	67	96	71	86	36	90	12	85	11	27
	66	84	31	64	35	65	47	11	67	36	93	18

	60	30	25	30	75	70	12	70	46	100	93	50
	54	26	22	54	91	90	87	37	44	63	81	87
	70	12	94	56	65	88	85	35	63	64	60	55
	18	49	41	61	91	63	11	46	52	37	32	53
	71	14	77	49	15	38	89	55	93	19	36	19
	57	45	46	83	82	84	38	77	39	48	87	61
	72	49	29	28	42	18	14	18	19	90	25	87
	49	10	73	52	66	48	66	22	45	76	66	76
	52	85	56	38	10	73	70	70	42	58	82	35
	98	17	78	80	63	58	26	43	82	96	55	21
	78	21	82	66	16	69	79	95	44	68	69	24
	73	88	54	39	44	84	79	27	21	84	70	35
	29	54	39	25	28	13	17	19	16	60	65	11
	79	98	35	82	52	80	26	35	80	92	96	86
	22	60	65	97	64	70	74	81	98	74	91	14
	84	22	76	42	64	27	41	18	77	80	11	100
	72	98	42	63	46	40	15	23	15	76	63	76
	65	64	33	59	38	99	48	78	67	96	42	52
	58	81	60	32	39	11	69	76	24	25	41	89
	87	57	94	69	18	92	16	57	46	53	29	58
	89	49	36	75	43	96	82	33	35	76	17	97
	19	34	44	14	59	70	59	24	17	39	84	56
	47	32	26	47	14	46	34	57	58	48	84	93
	68	65	58	59	79	74	40	54	50	87	83	52
	76	67	30	25	53	97	42	100	45	73	76	87
	65	51	56	35	65	63	45	15	44	93	51	34
	14	68	84	89	27	17	28	92	68	82	35	24
	95	21	11	34	74	68	45	34	54	61	32	21
	51	30	99	93	56	17	17	78	21	78	94	22
	70	85	88	79	50	44	46	94	23	38	91	31

	94	59	12	91	10	78	96	67	22	82	86	26
	89	60	87	40	99	14	97	77	93	40	88	40
	91	40	46	25	20	53	78	83	20	14	47	92
	33	54	78	74	56	87	50	21	42	35	86	19
	10	87	44	46	24	31	95	44	11	82	77	90
	98	91	22	40	79	30	20	76	34	48	84	77
	51	15	77	96	43	21	56	14	49	86	44	96
	57	90	74	18	93	80	53	36	17	32	99	33
	20	17	67	72	36	33	36	30	47	56	67	23
	51	70	94	38	34	18	66	65	15	94	16	25
	13	24	34	79	26	10	42	17	53	41	84	81
	51	99	34	47	18	44	67	18	34	27	22	84
	41	53	38	53	93	17	91	28	46	85	75	29
	17	14	44	60	99	54	58	88	64	36	24	44
	58	74	88	13	73	90	71	13	64	44	49	30
	92	20	12	37	42	32	15	58	43	57	58	24
	62	11	57	95	45	27	31	34	44	54	38	33
	37	43	64	16	77	56	38	17	24	36	42	12
	51	13	86	50	55	95	25	73	23	90	65	79
	69	12	46	81	41	11	29	48	99	46	52	97
	97	20	41	16	19	83	41	47	58	13	27	56
	15	62	28	43	98	50	18	76	13	63	39	97
	99	50	83	37	92	93	83	38	20	37	20	50
	78	71	70	52	23	51	10	48	38	14	23	85
	58	37	39	92	81	61	71	23	79	69	43	68
	68	28	74	10	95	81	60	51	26	74	25	74
	26	41	67	58	11	29	43	77	39	70	77	52
	94	31	77	33	32	37	35	43	68	49	69	43
	80	71	61	38	27	84	100	21	79	38	73	70
	49	32	58	48	20	90	93	28	64	41	29	40

	68	26	66	96	84	46	74	48	32	74	80	45
	43	70	21	27	47	53	24	22	70	13	48	79
	47	25	11	47	64	40	29	31	63	80	87	19
	62	55	87	55	44	63	58	73	34	40	96	46
	43	70	70	100	26	81	90	51	25	64	45	14
	43	77	70	69	20	22	78	68	89	94	64	12
	99	67	29	68	91	53	37	78	34	89	28	69
	60	89	17	47	70	55	62	95	95	90	84	48
	95	91	69	75	76	37	90	63	26	75	79	97
	54	60	59	76	14	12	84	63	67	99	99	56
	81	85	44	60	51	81	16	94	10	73	91	27
	84	28	28	35	29	44	49	100	49	50	19	43
	14	83	85	50	72	50	26	50	50	13	34	72
	67	43	99	96	24	71	63	34	51	41	94	31
	61	30	87	17	58	27	16	71	48	14	20	32
	17	88	80	100	32	13	16	70	75	83	71	69
	32	43	54	50	73	73	99	54	31	60	35	41
	53	19	25	33	81	100	69	99	96	99	75	50
	55	56	88	71	60	41	39	79	42	76	38	71
	85	16	74	99	44	38	21	69	64	99	98	22
	16	26	52	49	45	82	33	34	45	48	20	39
	93	16	97	27	38	60	22	79	10	77	95	97
	15	25	79	86	83	83	36	99	69	34	68	18
	62	93	72	16	46	80	17	57	26	26	64	72
	49	97	22	12	22	58	51	51	44	95	58	28
	87	45	87	50	83	39	72	59	50	27	44	81
	16	66	54	64	20	46	50	92	62	38	60	27
	18	13	56	24	81	35	10	23	84	54	37	76
	37	32	21	99	49	58	98	21	90	45	49	63
	10	68	61	67	43	30	93	63	22	15	81	52

	67	53	60	31	84	23	36	61	34	52	40	10
	58	18	96	34	59	39	54	91	14	94	65	39
	78	96	54	60	61	46	51	84	12	73	18	48
	11	26	99	37	42	96	69	61	61	63	38	82
	41	38	25	19	92	65	94	80	73	95	98	17
	66	86	64	32	90	38	22	51	80	13	78	32
	23	43	72	46	78	94	64	89	90	91	59	16
	66	74	87	33	35	74	60	75	73	44	82	26
	36	63	14	70	37	81	12	44	77	58	94	51
	56	15	22	77	20	59	24	38	67	71	33	70
	89	85	10	78	75	74	11	58	11	60	61	90
	26	54	60	25	74	27	64	74	50	18	60	40
	43	22	26	62	30	38	42	14	77	45	30	67
	86	96	74	14	47	25	69	76	55	72	85	73
	24	88	73	29	74	70	57	36	99	80	82	72
	18	88	83	46	75	52	94	64	41	71	32	82
	48	72	47	12	14	32	75	18	25	25	46	44
	57	63	74	19	91	83	91	71	28	61	99	66
	36	14	70	63	84	21	50	14	96	41	50	60
	75	45	55	19	48	28	66	55	97	69	18	62
	64	16	94	16	89	30	60	81	81	12	92	51
	63	71	58	39	48	29	43	13	45	10	92	12
	17	35	88	59	10	80	46	57	45	47	19	59
	28	27	32	72	98	65	72	37	42	66	29	74
	64	43	60	37	77	28	74	82	94	90	35	27
	82	43	91	74	80	54	76	79	62	57	98	57
	80	89	23	28	22	23	14	49	71	36	30	87
	66	19	36	45	79	89	13	22	36	95	43	11
	29	79	98	51	67	48	20	94	35	63	67	18
	49	59	17	69	62	54	69	55	49	90	68	51

	12	95	95	63	91	96	42	92	11	80	69	81
	34	90	13	36	99	36	85	92	68	77	77	63
	62	49	78	45	94	22	56	25	73	41	29	18
	69	98	71	23	62	71	50	93	15	72	99	21
	45	68	36	15	78	12	92	78	15	68	84	29
	24	39	87	45	49	81	65	58	52	99	23	72
	84	99	35	94	85	54	17	95	69	13	18	100
	30	100	42	63	68	22	64	70	74	69	57	13
	95	78	80	50	67	15	62	92	93	66	10	86
	61	36	67	32	72	41	83	29	23	88	35	33
	57	14	56	27	28	21	28	73	67	87	85	59
	71	23	16	11	27	24	34	11	50	23	74	74
	46	19	81	41	75	92	32	73	98	58	29	96
	98	82	62	59	56	62	26	58	45	34	51	78
	41	43	71	73	31	12	99	77	24	78	61	67
	90	29	36	99	34	93	44	14	22	43	79	49
	37	32	68	16	17	86	15	46	95	98	31	95
	92	13	76	33	66	38	61	58	33	70	37	85
	67	17	74	97	76	96	14	37	85	31	80	22
	25	37	73	87	12	71	94	70	54	85	25	65
	76	20	20	69	32	29	65	52	73	18	32	43
	35	26	76	79	72	47	52	57	96	94	97	24
	25	48	73	97	22	38	12	94	94	98	66	93
	59	36	91	70	10	24	86	100	50	48	46	15
	19	87	79	67	72	15	69	25	62	92	58	81
	58	55	38	61	77	54	17	98	77	68	36	19
	84	73	11	94	15	48	36	20	15	82	11	56
	83	38	62	53	66	46	95	76	53	81	50	88
	54	63	75	86	38	33	77	87	34	82	88	15
	41	14	14	94	74	87	20	24	60	40	54	68

	55	74	57	23	77	36	56	27	40	49	14	87
	72	66	71	36	64	82	55	82	47	41	61	36
	13	54	28	100	72	63	47	66	24	51	94	56
	26	62	82	24	55	49	12	80	77	28	84	20
	82	34	49	16	96	90	36	58	70	70	48	77
	66	55	18	47	60	69	13	100	17	61	73	21
	85	68	56	32	53	28	42	68	44	16	49	56
	33	34	57	76	18	89	15	46	68	81	76	16
	17	45	32	41	80	77	71	99	59	35	13	49
	88	59	34	50	56	82	58	99	46	92	30	19
	98	38	86	58	53	20	12	86	30	92	35	94
	55	57	65	26	28	65	74	96	17	17	11	19
	36	47	37	33	82	25	87	62	89	40	65	83
	19	94	44	70	63	90	96	25	54	98	43	87
	13	10	55	10	91	22	40	34	41	25	43	99
	89	62	67	75	15	23	14	85	79	64	46	82
	14	91	48	14	42	78	63	56	46	35	65	82
	45	28	46	16	68	71	33	98	15	48	91	86
	71	83	85	20	38	77	72	83	27	32	58	11
	69	32	81	69	63	35	38	32	81	95	29	60
	65	46	37	65	10	60	89	47	24	49	10	44
	70	90	81	76	15	95	55	16	82	100	64	84
	83	74	80	82	71	51	26	66	44	32	15	62
	22	47	60	65	82	63	55	22	73	37	50	61
	16	99	80	20	20	48	46	87	51	30	46	71
	52	74	11	11	49	50	74	89	35	41	87	39
	76	16	11	48	32	19	20	89	30	93	35	59
	28	74	17	47	68	76	32	33	97	41	87	69
	47	78	96	13	77	25	23	24	98	84	20	86
	41	70	74	86	58	57	73	20	63	99	18	72

	93	13	72	74	44	63	68	30	23	80	94	58
	52	95	86	90	91	26	59	92	90	28	63	43
	80	93	31	99	58	80	83	50	41	63	54	97
	49	61	74	99	16	72	63	63	59	16	46	18
	81	36	86	53	37	63	83	61	46	81	49	25
	24	69	16	34	73	69	93	85	84	80	72	84
	73	17	24	20	98	57	50	97	81	85	24	68
	73	63	65	49	75	92	46	12	82	25	94	13
	12	63	37	45	86	80	67	62	56	19	93	91
	63	52	35	59	13	100	43	72	17	20	26	82
	46	94	24	25	65	13	82	77	43	51	68	75
	42	31	44	66	13	90	39	24	39	13	55	11
	10	69	46	48	93	89	68	58	21	45	39	59
	49	60	75	49	82	83	72	78	93	23	22	70
	21	29	21	26	72	43	95	41	27	87	86	74
	99	33	37	94	62	97	98	84	88	36	93	55
	74	87	17	51	32	37	47	83	60	37	14	42
	54	93	94	30	97	55	78	30	40	48	23	55
	65	13	90	91	71	100	65	25	35	74	82	32
	83	16	22	91	89	18	52	42	85	14	67	20
	78	39	79	57	65	70	64	84	75	47	86	87
	44	81	18	34	30	11	100	67	85	41	96	15
	53	60	55	70	41	78	79	72	44	19	52	39
	66	15	54	78	77	44	41	100	16	64	11	30
	90	79	83	25	47	83	96	57	87	41	33	32
	67	79	60	51	75	18	92	11	22	35	41	94
	80	95	52	27	60	81	96	37	48	48	73	58
	96	49	53	74	33	75	42	59	16	87	92	63
	65	77	59	53	88	76	85	44	48	47	18	55
	75	23	33	24	42	28	86	15	85	26	30	58

