***** PARAMETERS PRP *****

Number of Customers = 30
Number of Products = 10
Number of Vehicles = 5
Number of Periods = 12

B = Production capacity
	49625

b_p = Time required to produce item p
 	1	1	1	1	1	1	1	1	1	1

c_p = Production cost of item p
 	80	80	80	30	80	80	30	30	80	80

s_p = Setup cost of item p
 	800	800	800	300	800	800	300	300	800	800

M = Big number
	198501

U_pi = Maximum inventory upper bound of item p at site i
 	198501	285	99	193	170	260	114	107	103	299	91	325	249	290	265	185	301	107	243	96	166	187	115	257	282	252	175	116	155	254	351
	198501	234	133	283	282	142	174	96	93	137	215	207	114	182	306	170	111	132	242	178	174	174	127	162	121	332	274	268	136	135	92
	198501	257	136	315	214	185	340	107	285	117	105	143	224	179	173	97	285	211	190	282	217	197	110	202	159	185	128	281	183	295	185
	198501	251	151	178	353	99	100	186	120	109	195	235	245	254	216	121	163	183	158	209	147	101	199	235	141	111	322	189	247	146	250
	198501	327	383	113	204	180	212	134	186	248	108	313	245	132	249	210	154	218	190	158	237	120	138	185	154	165	103	265	212	98	243
	198501	242	216	280	228	189	160	248	112	71	124	137	245	93	170	145	238	167	166	123	211	159	137	115	179	102	255	122	131	227	205
	198501	225	230	322	113	136	160	126	114	335	133	185	111	112	271	237	214	156	124	161	181	113	287	84	292	225	223	270	171	81	280
	198501	237	225	161	108	208	128	186	99	179	174	87	186	159	119	338	97	256	164	241	110	347	139	271	113	122	126	129	231	260	337
	198501	166	210	180	94	263	252	348	113	205	203	102	194	166	261	300	277	191	197	199	134	303	252	141	221	146	96	167	247	110	279
	198501	151	115	232	249	105	245	122	240	386	270	132	265	175	102	225	163	162	167	251	194	107	163	199	223	261	251	77	232	194	266

I_pi0 = Initial inventory of item p at site i
 	0	117	79	45	164	177	92	98	84	211	88	214	241	96	148	27	220	49	44	87	136	17	65	227	196	226	78	104	95	71	292
	0	189	113	247	174	19	170	80	44	121	156	74	53	161	96	134	79	86	188	119	114	139	91	86	65	146	145	18	74	67	63
	0	91	81	102	194	170	62	105	186	96	84	48	162	141	63	54	171	86	162	163	151	179	30	15	126	123	17	230	73	56	43
	0	23	90	92	230	31	90	148	48	75	130	168	24	68	22	48	87	73	107	83	87	78	185	97	103	64	196	183	95	100	147
	0	126	77	107	113	74	128	90	156	192	106	145	180	90	75	204	105	106	146	140	208	19	116	166	120	154	50	228	168	95	204
	0	163	131	66	15	177	131	35	100	37	77	97	55	70	120	49	139	155	21	110	148	105	95	82	111	64	107	66	124	98	182
	0	113	200	252	83	54	129	86	33	64	79	101	50	85	244	12	150	141	92	113	168	54	150	11	273	68	114	230	160	78	165
	0	32	147	81	37	140	47	86	36	21	110	72	158	127	102	220	66	233	141	178	71	249	87	75	86	54	65	100	136	208	291
	0	106	200	152	30	64	116	305	98	165	66	55	191	152	125	266	75	152	48	26	77	221	144	121	152	132	49	117	247	14	37
	0	110	47	85	204	55	161	88	108	173	135	39	60	75	20	171	135	94	74	76	19	94	135	187	131	152	190	61	194	155	236

h_pi = Inventory cost of item p at site i
 	8	2	4	2	3	5	1	8	6	4	7	4	3	9	6	1	2	7	6	2	7	6	6	7	8	3	7	8	5	1	6
	8	5	8	5	8	9	8	5	6	7	9	6	1	7	6	2	5	5	9	7	8	7	9	8	4	4	3	2	9	8	9
	8	1	8	6	8	9	2	7	1	2	9	6	7	9	7	1	5	1	4	9	1	6	3	9	2	3	5	6	9	7	7
	3	5	7	2	9	1	7	2	5	3	5	9	6	4	9	8	3	7	4	3	1	9	4	1	5	6	2	3	9	7	8
	8	4	4	3	7	5	6	6	2	2	1	2	1	7	3	6	3	6	5	5	3	2	4	2	6	8	7	5	8	4	3
	8	8	1	2	1	6	4	5	6	4	8	1	8	4	7	2	8	7	9	5	9	4	3	7	1	3	3	1	3	2	5
	3	9	9	5	4	3	6	4	7	3	3	6	6	7	1	6	9	2	1	5	5	3	3	2	8	1	2	6	2	3	2
	3	9	7	7	8	7	7	6	1	1	6	6	7	6	3	8	8	1	3	3	3	1	7	1	3	6	9	8	7	4	4
	8	8	1	8	4	1	5	5	7	2	2	7	2	9	3	3	3	4	1	9	6	5	5	9	8	8	2	3	7	2	8
	8	3	9	9	8	3	3	3	2	1	3	9	9	2	1	2	4	4	4	1	8	6	8	5	9	5	7	4	6	9	8

C = Vehicle capacity
	3860

f = Fixed transportation cost
	27311

a_ik = Transportation cost for traveling from node i to node k
 	0	670	226	674	446	695	606	437	287	379	437	199	132	390	743	519	574	499	614	247	142	355	399	192	241	33	235	597	409	607	459
	670	0	500	59	455	172	124	750	751	351	617	782	553	331	149	231	134	173	330	481	587	621	352	539	444	645	577	121	529	110	421
	226	500	0	491	225	489	471	575	464	318	519	412	195	316	544	417	437	347	389	261	96	456	180	42	76	194	330	406	455	417	448
	674	59	491	0	421	113	175	787	777	381	656	799	564	360	98	274	178	192	279	502	581	655	330	531	441	648	602	88	567	76	464
	446	455	225	421	0	369	483	783	685	447	706	637	414	435	434	482	454	366	206	451	307	655	137	256	254	415	538	336	628	348	587
	695	172	489	113	369	0	282	863	834	453	739	841	598	432	67	368	278	262	190	556	584	729	312	531	455	666	659	117	650	114	554
	606	124	471	175	483	282	0	634	650	252	498	694	480	234	271	114	35	126	406	392	546	510	358	505	403	584	480	191	412	185	302
	437	750	575	787	783	863	634	0	169	411	143	297	383	431	881	521	617	602	875	336	541	136	674	564	529	453	246	746	223	750	337
	287	751	464	777	685	834	650	169	0	401	243	129	272	421	865	538	625	586	811	279	410	171	596	444	436	309	176	720	278	727	385
	379	351	318	381	447	453	252	411	401	0	292	443	247	22	473	147	226	193	483	143	360	277	314	339	244	364	229	336	203	340	141
	437	617	519	656	706	739	498	143	243	292	0	358	344	312	752	387	484	478	772	260	508	85	584	518	460	444	206	624	90	626	198
	199	782	412	799	637	841	694	297	129	443	358	0	244	461	879	589	666	610	788	303	338	277	570	383	405	229	220	732	373	740	465
	132	553	195	564	414	598	480	383	272	247	344	244	0	258	639	388	449	380	547	117	164	272	329	182	166	121	142	492	298	501	332
	390	331	316	360	435	432	234	431	421	22	312	461	258	0	452	131	207	172	465	159	363	298	301	339	241	373	248	315	223	319	154
	743	149	544	98	434	67	271	881	865	473	752	879	639	452	0	371	275	281	256	587	638	749	370	585	504	714	689	148	663	140	561
	519	231	417	274	482	368	114	521	538	147	387	589	388	131	371	0	98	128	454	289	479	396	347	446	344	500	372	259	299	258	191
	574	134	437	178	454	278	35	617	625	226	484	666	449	207	275	98	0	93	387	363	512	490	327	471	369	552	454	177	396	173	289
	499	173	347	192	366	262	126	602	586	193	478	610	380	172	281	128	93	0	326	311	426	469	236	383	283	475	410	146	388	149	297
	614	330	389	279	206	190	406	875	811	483	772	788	547	465	256	454	387	326	0	543	483	740	219	428	384	582	643	218	685	227	612
	247	481	261	502	451	556	392	336	279	143	260	303	117	159	587	289	363	311	543	0	265	205	338	264	201	237	104	442	195	449	216
	142	587	96	581	307	584	546	541	410	360	508	338	164	363	638	479	512	426	483	265	0	435	276	56	144	111	306	498	457	509	474
	355	621	456	655	655	729	510	136	171	277	85	277	272	298	749	396	490	469	740	205	435	0	541	450	403	364	130	612	111	616	223
	399	352	180	330	137	312	358	674	596	314	584	570	329	301	370	347	327	236	219	338	276	541	0	221	166	368	434	242	503	254	453
	192	539	42	531	256	531	505	564	444	339	518	383	182	339	585	446	471	383	428	264	56	450	221	0	103	160	322	446	459	457	462
	241	444	76	441	254	455	403	529	436	244	460	405	166	241	504	344	369	283	384	201	144	403	166	103	0	211	284	360	390	371	375
	33	645	194	648	415	666	584	453	309	364	444	229	121	373	714	500	552	475	582	237	111	364	368	160	211	0	239	569	409	579	452
	235	577	330	602	538	659	480	246	176	229	206	220	142	248	689	372	454	410	643	104	306	130	434	322	284	239	0	545	176	551	249
	597	121	406	88	336	117	191	746	720	336	624	732	492	315	148	259	177	146	218	442	498	612	242	446	360	569	545	0	534	13	440
	409	529	455	567	628	650	412	223	278	203	90	373	298	223	663	299	396	388	685	195	457	111	503	459	390	409	176	534	0	537	115
	607	110	417	76	348	114	185	750	727	340	626	740	501	319	140	258	173	149	227	449	509	616	254	457	371	579	551	13	537	0	441
	459	421	448	464	587	554	302	337	385	141	198	465	332	154	561	191	289	297	612	216	474	223	453	462	375	452	249	440	115	441	0

coordXY = Coordinates (x,y): line zero => x line one => y column => customers
 	464	45	447	89	493	176	12	91	257	132	38	384	346	132	113	36	43	134	364	231	489	122	369	470	372	463	231	165	56	154	17
	307	829	532	867	752	939	710	81	109	489	213	125	366	510	961	599	696	681	912	386	446	213	694	498	529	339	283	823	301	828	409

d_pit = Demand of item p at customer i in period t
 	43	74	91	43	41	99	48	28	52	60	16	88
	79	47	15	87	62	38	22	27	43	78	17	78
	45	63	85	61	46	98	87	99	58	64	12	53
	87	77	25	45	77	79	94	22	70	28	25	52
	44	16	52	65	63	20	90	81	63	22	97	10
	22	24	46	93	12	86	93	58	73	70	56	48
	85	13	48	65	71	24	78	62	59	53	54	32
	37	30	17	91	100	28	48	46	47	78	40	57
	25	93	93	15	46	75	68	96	99	25	64	19
	22	66	20	97	32	21	12	46	51	67	58	52
	18	66	66	64	71	98	20	69	95	68	90	55
	24	100	22	95	81	19	86	16	77	10	44	24
	96	12	65	52	93	84	64	31	14	49	66	70
	72	76	29	49	74	24	84	43	66	20	34	64
	27	78	80	59	78	97	26	28	87	35	74	70
	98	31	91	98	45	30	74	47	36	62	44	66
	21	28	83	62	21	92	64	73	77	22	61	39
	44	96	56	78	46	94	37	97	12	63	66	40
	87	94	31	25	51	81	22	42	40	69	23	11
	91	45	80	14	22	64	36	38	49	94	84	47
	17	23	66	45	62	48	88	98	57	82	74	88
	65	76	52	17	54	40	79	45	83	84	62	32
	97	57	73	32	37	40	48	34	62	62	28	46
	56	93	47	94	32	55	23	35	23	54	91	74
	44	93	89	43	19	35	29	73	74	15	29	62
	18	41	19	73	14	14	24	71	58	93	61	38
	31	73	67	60	28	75	73	24	46	38	88	93
	64	31	92	90	15	33	17	67	11	44	98	56
	71	47	71	20	90	32	49	16	98	72	28	16
	78	80	43	91	79	22	50	87	99	55	75	84

	40	48	87	14	20	83	67	23	62	77	88	94
	44	34	35	31	43	45	90	44	90	15	47	13
	97	53	19	78	54	50	62	89	41	66	24	45
	23	97	54	43	80	70	75	39	61	72	32	31
	19	57	20	58	38	65	40	46	49	94	70	12
	67	41	62	72	40	65	64	18	77	42	49	98
	65	15	48	99	35	61	37	59	37	19	30	68
	29	15	88	15	57	89	36	30	52	24	63	58
	35	86	99	67	89	28	71	96	33	93	89	34
	39	72	45	59	47	21	45	69	31	66	54	97
	74	99	62	75	84	42	12	75	43	84	85	92
	53	21	91	76	63	58	52	34	52	15	92	74
	40	55	66	41	85	62	23	93	11	99	98	56
	96	26	90	49	84	75	14	93	44	22	62	79
	29	85	20	43	73	74	43	92	85	41	27	68
	79	81	35	80	76	73	49	36	49	11	24	70
	86	24	89	71	53	95	69	46	86	18	58	95
	70	83	35	19	21	41	26	26	94	65	15	86
	44	36	39	86	27	15	32	57	91	39	26	41
	25	44	45	86	85	79	80	41	48	89	49	25
	84	55	38	14	44	13	86	64	88	83	59	68
	91	39	90	75	35	37	86	74	99	21	53	63
	13	73	99	20	49	46	35	15	14	20	16	85
	65	98	11	69	99	98	11	69	64	76	26	39
	80	66	57	77	59	79	50	92	86	50	51	49
	81	64	64	29	82	95	11	93	23	98	90	92
	18	23	30	56	59	62	86	77	79	25	63	66
	74	97	31	73	60	100	90	93	69	56	55	20
	67	74	45	13	36	97	11	13	12	65	28	77
	36	27	88	14	50	24	44	81	99	12	18	59

	91	65	93	56	15	34	57	31	56	79	96	99
	27	54	66	19	45	24	68	58	16	90	32	43
	41	61	64	52	32	57	74	13	91	100	93	77
	86	68	20	20	97	18	19	79	22	99	50	64
	92	78	41	47	44	23	14	78	18	70	20	30
	62	48	63	40	97	72	100	30	92	91	41	81
	54	51	23	80	17	50	69	63	30	70	83	50
	89	97	81	23	46	88	88	94	55	28	67	100
	23	73	36	40	69	78	80	45	21	92	95	47
	52	32	19	22	74	68	27	63	49	68	92	61
	48	82	20	94	43	48	13	13	79	48	55	29
	81	81	72	11	46	55	79	82	30	36	89	11
	87	54	47	31	58	69	68	77	20	67	87	50
	14	49	50	31	33	80	68	97	30	91	57	91
	54	28	38	90	21	43	10	70	58	85	65	18
	88	83	12	78	23	73	67	27	84	42	33	75
	25	61	20	27	43	25	56	77	56	21	23	72
	35	78	49	42	84	19	79	35	25	73	33	18
	83	35	45	42	63	40	37	81	62	28	95	66
	62	89	73	47	34	11	26	86	95	18	40	70
	91	88	62	70	42	45	31	92	40	75	78	75
	30	13	73	95	63	56	40	26	92	87	13	73
	15	90	66	44	60	54	59	21	36	35	71	55
	87	39	41	57	45	78	56	18	39	43	98	33
	28	95	48	20	17	96	88	66	85	17	99	80
	17	92	42	29	32	92	10	29	30	55	61	23
	86	17	33	94	15	53	46	89	45	94	40	62
	73	94	64	66	67	43	55	32	51	77	53	55
	56	78	48	59	12	92	76	93	80	25	50	39
	43	99	72	93	45	62	50	33	81	49	71	41

	23	52	64	30	54	75	37	21	31	52	71	92
	90	30	21	27	75	49	58	14	47	54	83	55
	38	54	91	47	50	43	70	48	69	80	90	32
	84	99	47	53	26	91	59	95	92	72	36	93
	31	52	54	18	25	36	21	99	95	98	49	13
	90	44	84	70	23	33	22	89	35	54	36	22
	27	93	28	47	30	39	13	61	64	70	54	31
	48	44	78	74	87	49	40	46	70	73	68	44
	75	73	70	19	44	62	43	15	88	42	90	31
	90	40	85	11	88	16	91	99	91	72	30	68
	71	97	79	76	21	29	92	15	27	24	94	80
	24	90	30	12	58	39	84	94	99	84	38	82
	20	48	53	81	70	61	39	59	74	38	39	27
	22	72	82	31	12	69	43	52	24	49	20	42
	48	74	44	23	96	70	16	75	95	59	85	39
	87	60	27	33	77	96	75	20	20	49	44	65
	48	25	50	51	82	99	73	83	23	96	48	54
	30	77	79	54	37	87	25	36	58	37	79	34
	22	61	93	51	31	98	30	48	80	83	17	14
	87	71	16	83	45	20	13	74	16	37	47	80
	45	33	29	32	91	90	39	59	20	65	39	61
	90	30	46	19	30	36	22	17	36	89	94	88
	84	13	42	99	71	73	94	55	12	29	53	79
	71	32	48	62	43	32	43	18	49	73	69	22
	64	67	40	78	34	36	27	36	44	99	82	57
	63	36	97	33	19	13	70	92	83	96	97	74
	92	56	35	34	26	22	83	30	60	21	41	66
	54	41	65	20	67	41	46	47	27	64	97	23
	42	58	51	84	44	27	65	74	17	67	16	40
	65	30	52	62	95	56	18	92	74	80	91	36

	58	68	56	78	72	80	49	75	47	83	47	71
	77	97	45	64	92	82	89	38	90	75	97	72
	50	57	38	12	55	57	88	23	41	90	69	98
	20	33	60	38	11	39	30	83	99	69	60	71
	74	92	50	95	58	75	57	15	52	52	57	42
	44	84	100	15	87	98	76	50	77	71	97	48
	56	34	26	26	64	73	75	89	87	86	93	93
	53	30	73	49	38	37	96	40	11	60	23	47
	84	62	46	36	72	17	83	66	73	21	86	98
	41	65	32	40	91	81	90	44	30	91	18	23
	54	78	13	68	83	92	60	80	72	16	76	59
	77	37	19	47	79	57	19	62	53	28	85	25
	90	92	65	60	44	27	29	76	49	86	87	88
	75	30	19	42	54	87	18	52	56	74	27	63
	64	36	34	70	21	18	46	62	94	30	65	89
	43	62	78	87	41	60	19	24	33	16	82	72
	17	89	41	24	75	15	71	72	32	81	68	69
	99	47	31	27	12	79	49	17	45	25	95	45
	39	81	20	44	80	68	58	62	66	44	27	43
	89	74	45	81	76	58	27	45	34	85	39	58
	19	99	66	74	75	49	39	82	83	65	29	37
	17	46	17	36	28	92	89	69	19	14	76	49
	12	100	54	99	81	83	12	96	48	45	18	92
	19	41	60	86	24	71	37	27	22	90	37	100
	87	67	19	71	30	25	33	99	41	71	99	16
	50	11	88	67	19	48	62	35	59	62	75	40
	59	93	76	65	27	88	73	51	77	85	17	84
	24	80	48	16	68	52	50	20	89	21	77	91
	95	66	49	28	34	26	76	45	22	62	41	45
	10	71	24	99	62	69	15	17	56	45	74	40

	44	29	67	23	44	82	34	86	55	11	72	34
	97	34	95	74	49	39	87	98	50	87	90	65
	41	25	93	16	48	79	90	53	57	61	42	68
	15	93	41	15	49	80	37	100	33	21	27	36
	95	82	48	94	31	99	77	60	34	65	18	51
	70	61	65	53	83	14	63	75	36	17	20	81
	16	19	70	85	49	56	91	31	14	31	55	78
	12	88	71	89	97	94	69	56	14	34	28	22
	37	44	11	55	40	38	12	27	29	42	52	41
	49	28	58	94	22	55	91	87	73	79	52	54
	97	57	85	99	96	45	74	79	18	18	73	81
	37	18	29	92	32	54	66	75	16	80	40	49
	11	32	27	92	90	26	80	33	41	36	63	27
	33	87	33	34	40	40	15	10	37	62	25	95
	49	70	62	54	59	74	24	13	57	45	28	43
	80	59	42	56	72	89	57	40	45	76	58	41
	58	97	20	37	87	18	58	68	56	23	91	53
	21	66	78	29	50	83	97	30	22	54	60	75
	39	29	16	26	75	19	70	12	13	90	90	13
	62	86	35	16	55	53	99	14	25	89	24	75
	66	39	77	17	69	18	15	50	78	37	87	83
	24	37	34	45	79	67	28	43	18	98	15	58
	82	86	20	60	41	42	42	99	41	89	42	46
	49	62	89	53	42	24	43	81	99	35	74	64
	38	26	60	30	27	77	85	51	53	75	74	18
	19	55	33	76	100	12	84	19	84	20	68	42
	37	29	89	55	11	38	75	25	18	14	49	48
	35	11	78	47	92	82	92	52	48	71	87	88
	98	63	25	33	49	96	14	11	84	72	62	73
	88	94	26	49	96	68	72	18	10	13	32	48

	57	18	38	45	78	66	72	64	77	71	58	30
	49	86	65	75	64	53	97	49	71	19	25	38
	89	83	38	42	29	46	48	62	94	42	100	99
	41	42	53	83	39	88	54	87	22	59	73	38
	54	22	58	18	87	66	39	39	14	75	43	28
	18	38	73	81	31	75	85	56	62	24	20	76
	86	68	70	17	75	80	76	62	54	19	68	78
	33	84	38	87	14	89	33	71	65	11	69	92
	64	64	98	36	86	90	82	78	53	23	60	70
	42	37	75	100	92	35	74	85	57	56	77	66
	46	55	18	37	25	64	23	14	18	86	70	100
	50	61	57	67	62	17	67	35	47	34	97	70
	85	82	60	89	70	19	23	52	43	21	57	73
	58	97	72	17	77	19	34	17	83	22	73	82
	12	98	70	77	17	89	21	55	82	100	21	70
	95	17	38	41	91	43	66	58	100	16	19	57
	89	52	55	56	16	57	23	13	93	64	41	64
	19	29	44	68	84	76	40	64	97	70	88	63
	96	17	21	68	82	44	41	65	72	49	12	78
	70	98	31	40	51	73	17	88	89	39	100	27
	54	91	33	34	17	75	16	46	98	67	91	56
	80	70	70	61	15	99	27	100	49	61	42	15
	11	95	22	19	75	70	14	23	54	24	57	39
	89	100	84	63	69	59	71	85	41	95	95	25
	68	99	14	64	79	11	61	32	64	21	93	70
	44	70	44	60	35	100	95	57	26	51	19	68
	97	34	99	58	62	78	41	66	28	89	70	87
	24	75	61	41	53	66	69	37	88	62	94	13
	14	11	53	24	16	14	44	92	48	35	46	86
	73	66	26	63	22	55	68	92	87	22	87	11

	11	21	21	87	59	67	26	42	90	44	37	63
	32	59	56	23	60	51	96	77	75	82	11	54
	42	39	89	16	93	30	26	35	89	61	83	42
	37	43	88	54	37	69	35	20	70	83	82	31
	75	65	94	68	41	35	14	20	43	80	64	24
	47	36	27	92	44	42	33	36	28	34	17	77
	86	84	63	17	42	25	34	32	21	40	80	33
	26	10	78	46	58	93	69	42	89	17	48	16
	21	83	66	24	31	66	44	29	20	55	67	30
	62	16	32	67	10	21	37	80	20	43	77	58
	72	39	14	21	19	13	50	22	91	90	58	30
	44	66	48	53	90	56	26	33	22	15	23	81
	31	66	30	37	11	98	87	30	100	33	69	45
	16	86	37	93	86	22	25	60	87	78	66	59
	73	67	80	75	98	95	61	77	12	39	82	53
	66	62	62	37	96	12	42	18	26	34	30	98
	79	88	66	43	76	44	25	14	45	67	46	22
	19	28	63	31	97	34	84	49	78	44	66	61
	80	68	30	88	80	25	56	33	87	72	52	53
	71	66	37	69	24	56	44	30	66	70	38	90
	37	33	89	90	72	52	88	79	95	79	18	100
	87	84	80	98	55	24	66	23	98	55	78	84
	75	15	55	70	23	51	72	84	45	19	75	67
	86	63	43	100	13	77	40	73	11	55	39	80
	54	75	47	18	93	32	60	71	81	63	52	84
	42	23	60	36	56	30	18	24	74	21	87	32
	80	20	89	60	77	28	89	16	43	99	93	79
	31	95	10	30	75	10	55	90	90	28	100	78
	90	55	63	58	99	42	33	25	49	27	54	30
	87	79	54	71	15	23	66	94	97	46	91	86

	58	11	37	34	48	69	87	23	91	42	98	66
	15	89	65	31	37	99	37	50	32	23	76	77
	82	70	24	47	53	32	15	89	14	73	23	19
	17	13	58	38	68	16	60	52	64	50	30	97
	64	39	65	33	89	97	23	83	32	35	49	22
	78	38	16	73	44	32	39	26	96	56	21	86
	70	42	97	96	58	89	95	60	56	34	88	51
	98	41	92	30	86	26	14	47	96	31	34	80
	65	100	80	98	14	44	65	13	10	32	19	76
	27	39	92	70	57	78	98	40	61	92	78	80
	55	51	76	55	25	38	99	29	78	74	12	19
	38	72	60	21	46	19	38	42	74	81	37	55
	97	55	85	68	24	20	29	62	51	86	42	44
	58	67	18	46	97	17	34	79	15	27	81	87
	89	10	94	73	80	81	59	20	92	20	19	84
	75	80	98	26	50	71	89	76	51	52	68	96
	97	55	88	77	57	56	58	27	51	37	95	67
	48	50	70	99	25	57	27	54	100	95	67	94
	13	13	81	41	27	81	11	94	77	19	92	47
	77	61	76	39	27	52	97	95	38	66	88	87
	69	66	66	20	88	88	61	71	38	36	67	58
	67	34	11	32	60	98	26	20	72	35	58	92
	46	26	49	50	17	55	53	78	98	22	55	15
	25	38	27	62	76	77	91	99	41	33	51	43
	13	82	37	78	59	50	27	68	30	66	22	51
	15	34	100	39	30	82	35	76	67	26	39	31
	36	66	15	81	90	33	92	36	77	53	19	68
	45	96	12	94	43	20	86	46	23	20	58	49
	14	77	86	22	23	29	91	22	91	37	97	73
	37	53	70	72	81	32	38	66	12	29	84	95

	18	92	44	79	10	53	45	95	12	22	76	57
	27	20	95	28	11	72	46	74	98	75	100	45
	85	93	49	43	18	81	42	88	55	37	73	31
	54	58	92	82	26	14	75	47	66	86	70	76
	55	12	94	82	68	53	68	12	32	47	93	14
	44	46	26	45	17	93	55	19	35	96	72	40
	88	70	60	82	66	22	98	55	88	79	11	11
	71	37	63	13	63	55	62	20	56	12	73	51
	43	45	85	95	86	86	86	88	81	67	97	67
	96	39	23	24	57	87	38	72	69	49	13	81
	39	87	27	47	78	41	58	38	18	15	20	58
	60	13	74	52	41	75	14	57	46	45	75	84
	54	21	35	14	22	71	66	19	72	39	50	62
	20	52	97	72	39	26	39	99	26	59	69	16
	32	73	66	76	59	34	74	100	39	12	15	96
	74	50	11	87	12	46	19	61	75	82	87	46
	16	24	54	26	51	39	32	80	33	58	28	46
	74	44	17	73	22	65	54	97	36	30	57	100
	18	16	42	60	48	32	69	99	96	30	46	46
	19	33	66	47	41	72	88	11	30	53	40	83
	20	74	56	65	70	19	31	74	88	78	57	12
	68	67	72	86	41	26	58	36	94	44	16	42
	97	90	67	21	90	67	58	76	15	46	77	91
	37	70	24	85	50	69	94	17	54	45	81	43
	53	59	40	97	37	43	95	66	69	93	94	38
	74	65	51	34	39	73	38	25	40	23	77	63
	32	29	17	19	19	52	13	56	19	86	67	53
	76	38	80	21	87	84	47	49	87	42	11	75
	95	60	93	16	93	75	70	57	55	91	12	60
	34	56	86	60	22	30	43	45	91	69	65	37

