***** PARAMETERS PRP *****

Number of Customers = 30
Number of Products = 10
Number of Vehicles = 5
Number of Periods = 12

B = Production capacity
	49328

b_p = Time required to produce item p
 	1	1	1	1	1	1	1	1	1	1

c_p = Production cost of item p
 	30	80	30	80	30	80	80	80	80	80

s_p = Setup cost of item p
 	300	800	300	800	300	800	800	800	800	800

M = Big number
	197312

U_pi = Maximum inventory upper bound of item p at site i
 	197312	261	105	250	227	201	345	283	148	138	133	152	147	167	106	281	165	208	247	242	268	212	99	226	119	168	242	245	126	99	167
	197312	243	211	254	93	168	114	157	202	281	108	191	180	81	193	231	310	98	123	79	237	125	288	162	173	118	112	100	235	230	161
	197312	208	176	126	142	288	82	190	249	259	137	164	253	254	146	266	199	111	129	107	262	298	79	100	241	108	288	171	264	246	144
	197312	144	262	166	326	160	150	280	120	89	293	257	194	192	263	135	97	269	165	109	186	241	115	96	177	418	252	104	96	187	236
	197312	300	173	159	308	130	167	166	233	254	116	124	123	306	195	167	156	235	260	260	128	155	119	121	246	124	135	167	121	172	214
	197312	115	229	276	212	155	175	255	106	116	161	212	181	109	161	117	209	150	191	190	144	141	248	135	121	223	75	192	272	176	166
	197312	238	253	289	189	123	220	230	102	284	103	204	283	216	230	261	281	128	98	151	280	125	299	276	94	220	149	224	337	168	124
	197312	96	107	305	194	123	193	118	307	91	234	113	116	176	269	247	291	182	103	196	211	241	241	199	226	188	144	194	162	206	284
	197312	257	91	159	182	242	230	183	159	186	170	248	170	271	235	180	193	115	274	194	174	141	173	168	289	241	223	100	215	170	254
	197312	147	196	264	95	192	163	187	162	104	183	128	218	97	194	280	160	145	290	233	176	190	256	116	113	142	67	326	103	167	183

I_pi0 = Initial inventory of item p at site i
 	0	48	61	48	127	167	204	95	71	109	87	114	66	99	83	96	121	184	212	81	191	113	29	99	69	60	86	146	116	29	68
	0	72	205	47	50	47	74	90	130	234	25	172	165	57	95	191	300	87	67	74	90	93	80	93	152	71	73	99	155	120	110
	0	35	89	61	93	157	34	74	34	165	97	126	213	203	72	145	44	97	75	99	174	154	0	73	122	58	136	140	243	77	98
	0	121	151	147	179	38	122	257	41	40	108	149	164	21	261	85	25	267	39	61	64	239	110	80	146	86	26	86	89	174	191
	0	72	58	75	53	96	72	81	53	104	77	99	117	242	174	25	43	160	204	56	71	136	83	94	230	91	75	111	95	114	76
	0	79	129	240	39	127	160	115	71	62	133	112	139	19	156	69	95	111	160	118	112	80	41	91	92	99	62	164	158	72	111
	0	147	85	83	137	59	94	168	83	48	95	79	163	15	78	203	124	114	55	60	116	125	213	178	81	68	101	212	53	143	84
	0	56	32	194	132	108	179	39	62	38	213	51	86	133	160	244	212	52	61	180	126	102	231	122	201	157	35	186	124	137	273
	0	166	66	150	23	199	220	20	121	10	116	234	19	248	123	75	10	52	161	120	89	128	98	124	16	145	143	86	103	37	128
	0	82	90	236	46	78	125	186	140	103	122	24	143	78	127	88	155	80	90	140	68	74	183	115	106	117	14	210	43	154	69

h_pi = Inventory cost of item p at site i
 	3	8	3	6	2	1	1	1	4	9	3	5	9	8	4	4	3	9	4	5	7	2	8	7	2	8	3	4	9	3	5
	8	3	7	3	4	7	1	4	5	8	2	5	5	4	4	1	1	9	3	4	4	1	5	4	4	7	5	1	8	6	2
	3	4	8	6	1	5	8	6	5	9	7	2	9	5	9	7	1	5	5	8	8	7	3	5	8	4	7	9	7	6	6
	8	5	4	6	9	4	9	3	8	5	3	4	8	9	7	3	2	8	1	6	7	1	4	8	7	7	3	6	7	1	9
	3	6	4	7	7	6	6	2	9	3	3	4	5	3	4	5	6	4	1	3	6	4	4	7	7	3	4	6	4	2	3
	8	3	6	7	5	2	5	6	3	2	4	8	5	8	9	9	5	8	7	8	6	9	7	8	2	5	5	6	8	7	4
	8	6	6	9	8	6	8	2	6	2	4	4	6	8	1	5	2	7	8	4	1	6	8	2	8	1	2	2	6	2	2
	8	6	5	9	2	1	8	2	1	2	3	4	3	8	1	2	9	4	8	2	3	7	1	8	9	7	8	1	9	3	8
	8	2	1	7	6	7	6	8	5	1	1	9	5	1	5	1	2	7	3	9	3	6	3	6	3	4	5	4	9	7	5
	8	2	5	8	6	1	1	8	2	7	3	9	5	4	8	3	4	3	2	6	2	1	8	3	1	1	8	7	7	4	3

C = Vehicle capacity
	4180

f = Fixed transportation cost
	26815

a_ik = Transportation cost for traveling from node i to node k
 	0	68	454	451	419	465	354	392	353	619	709	300	89	195	201	559	154	525	218	619	747	295	700	174	493	185	393	122	717	593	172
	68	0	424	456	461	503	391	452	363	680	737	362	51	241	151	607	135	557	213	671	801	354	744	202	546	179	435	156	752	639	108
	454	424	0	236	474	466	410	601	251	786	562	571	376	418	286	613	300	461	254	693	822	533	691	355	604	279	459	381	619	621	356
	451	456	236	0	266	243	224	425	100	576	338	430	408	317	377	387	326	227	244	467	592	386	456	288	393	278	260	336	387	391	443
	419	461	474	266	0	59	78	176	224	314	316	224	430	224	468	157	380	134	320	233	368	186	284	263	131	335	27	306	306	182	508
	465	503	466	243	59	0	112	229	224	334	259	282	468	272	495	148	411	75	343	228	359	244	251	302	155	363	80	348	254	160	541
	354	391	410	224	78	112	0	202	160	379	360	215	358	163	391	234	304	173	243	309	444	172	358	190	200	258	55	237	364	258	432
	392	452	601	425	176	229	202	0	357	229	466	100	438	227	512	216	419	301	390	248	363	99	359	295	133	389	170	315	435	256	529
	353	363	251	100	224	224	160	357	0	536	393	346	317	220	303	370	238	240	157	450	582	303	467	188	354	188	209	237	427	383	363
	619	680	786	576	314	334	379	229	536	0	468	321	666	452	736	207	643	377	604	153	179	327	276	517	184	609	328	541	405	229	757
	709	737	562	338	316	259	360	466	393	468	0	536	696	523	695	277	625	188	546	317	381	500	215	537	348	574	338	588	80	244	753
	300	362	571	430	224	282	215	100	346	321	536	0	355	162	440	307	350	357	337	346	463	44	453	233	226	329	207	239	515	346	448
	89	51	376	408	430	468	358	438	317	666	696	355	0	218	112	580	85	519	164	647	780	341	714	168	523	131	404	128	714	610	94
	195	241	418	317	224	272	163	227	220	452	523	162	218	0	286	367	193	336	175	431	562	134	505	71	306	167	198	91	525	399	306
	201	151	286	377	468	495	391	512	303	736	695	440	112	286	0	623	93	532	153	697	832	418	746	219	578	134	443	202	725	648	73
	559	607	613	387	157	148	234	216	370	207	277	307	580	367	623	0	534	173	476	81	213	284	147	414	83	490	181	454	228	41	661
	154	135	300	326	380	411	304	419	238	643	625	350	85	193	93	534	0	454	83	606	741	326	660	126	486	52	354	112	649	560	131
	525	557	461	227	134	75	173	301	240	377	188	357	519	336	532	173	454	0	380	248	367	319	231	355	210	404	153	405	196	167	584
	218	213	254	244	320	343	243	390	157	604	546	337	164	175	153	476	83	380	0	551	686	305	594	106	436	35	296	128	573	498	208
	619	671	693	467	233	228	309	248	450	153	317	346	647	431	697	81	606	248	551	0	136	332	131	484	126	564	255	520	253	84	731
	747	801	822	592	368	359	444	363	582	179	381	463	780	562	832	213	741	367	686	136	0	455	167	617	257	699	391	652	304	202	865
	295	354	533	386	186	244	172	99	303	327	500	44	341	134	418	284	326	319	305	332	455	0	430	204	208	300	167	218	483	322	432
	700	744	691	456	284	251	358	359	467	276	215	453	714	505	746	147	660	231	594	131	167	430	0	546	228	613	310	589	139	109	790
	174	202	355	288	263	302	190	295	188	517	537	233	168	71	219	414	126	355	106	484	617	204	546	0	362	97	237	52	550	443	248
	493	546	604	393	131	155	200	133	354	184	348	226	523	306	578	83	486	210	436	126	257	208	228	362	0	446	147	395	308	124	608
	185	179	279	278	335	363	258	389	188	609	574	329	131	167	134	490	52	404	35	564	699	300	613	97	446	0	310	105	598	515	181
	393	435	459	260	27	80	55	170	209	328	338	207	404	198	443	181	354	153	296	255	391	167	310	237	147	310	0	279	331	207	482
	122	156	381	336	306	348	237	315	237	541	588	239	128	91	202	454	112	405	128	520	652	218	589	52	395	105	279	0	599	484	216
	717	752	619	387	306	254	364	435	427	405	80	515	714	525	725	228	649	196	573	253	304	483	139	550	308	598	331	599	0	191	779
	593	639	621	391	182	160	258	256	383	229	244	346	610	399	648	41	560	167	498	84	202	322	109	443	124	515	207	484	191	0	689
	172	108	356	443	508	541	432	529	363	757	753	448	94	306	73	661	131	584	208	731	865	432	790	248	608	181	482	216	779	689	0

coordXY = Coordinates (x,y): line zero => x line one => y column => customers
 	8	36	459	417	216	271	216	43	320	34	491	2	84	101	180	215	161	343	221	184	174	45	309	140	146	190	205	99	436	249	115
	752	813	795	563	389	369	466	362	587	134	234	453	798	581	855	233	764	349	708	159	24	460	121	640	279	722	413	671	177	211	886

d_pit = Demand of item p at customer i in period t
 	48	17	38	82	78	85	78	61	70	77	79	70
	35	26	56	24	92	59	84	93	70	30	23	37
	48	36	94	33	75	25	67	89	29	65	19	19
	62	65	21	55	14	47	66	90	83	18	66	93
	29	29	58	51	22	70	26	57	11	27	63	40
	35	75	94	64	28	95	86	57	86	78	86	43
	95	39	29	16	51	13	87	99	89	68	37	57
	44	27	78	96	45	37	73	35	31	34	30	62
	45	64	46	98	81	76	64	65	84	34	89	81
	87	54	45	18	100	90	44	35	71	87	72	96
	53	45	16	94	41	23	92	21	82	34	29	76
	37	29	55	92	66	13	73	35	80	20	63	24
	99	37	44	49	79	86	78	35	60	38	15	46
	12	71	32	35	38	95	25	70	94	69	55	37
	96	51	61	47	53	21	74	34	98	44	74	22
	58	63	77	85	20	66	44	67	30	23	75	50
	77	43	64	73	16	19	18	58	48	56	54	99
	27	92	93	86	57	78	28	13	81	35	85	67
	81	44	13	50	70	11	77	25	23	64	60	63
	53	33	31	74	35	88	31	38	94	92	57	16
	64	49	100	70	46	49	17	19	72	33	56	61
	29	49	46	27	49	11	39	82	98	77	58	29
	41	58	24	95	64	73	52	62	76	42	77	15
	69	92	33	61	87	88	34	23	59	11	71	83
	22	38	33	85	53	73	74	78	18	89	32	78
	25	42	19	51	55	27	96	57	89	17	93	10
	15	40	51	40	21	76	82	46	59	17	74	66
	26	58	32	83	17	77	58	27	39	20	24	43
	29	34	73	82	34	26	73	14	82	24	88	34
	35	33	85	36	98	35	48	37	14	12	38	31

	62	10	68	83	28	25	13	11	88	95	55	46
	100	15	90	32	63	30	23	24	74	44	62	77
	47	31	98	24	61	60	99	23	49	29	66	22
	50	86	29	85	42	15	50	28	65	18	29	60
	47	31	37	79	20	79	72	43	34	79	64	88
	74	80	72	14	32	63	16	61	57	94	19	99
	90	76	68	36	61	40	93	21	60	30	41	13
	17	100	13	66	53	60	26	95	26	37	84	29
	75	27	51	81	31	38	96	50	76	45	88	16
	25	99	19	34	60	47	40	98	40	74	41	69
	87	85	62	56	87	80	79	39	39	47	73	31
	58	81	26	58	22	11	47	63	62	11	27	75
	57	36	58	90	16	25	16	43	67	30	19	30
	63	32	12	38	24	71	14	89	60	33	80	62
	56	71	38	26	37	22	85	28	66	96	93	76
	72	99	52	77	39	94	40	58	21	67	66	60
	21	45	21	39	94	14	24	86	96	39	74	33
	67	95	94	15	83	70	89	80	70	18	14	45
	74	21	24	20	41	64	92	29	36	24	36	11
	36	54	15	77	87	77	55	52	71	46	96	44
	93	74	22	59	79	97	21	43	38	61	97	67
	80	57	42	84	57	29	32	85	20	87	85	34
	93	92	35	10	40	48	52	28	86	54	15	95
	48	27	77	36	83	60	36	75	38	90	86	35
	45	26	86	85	75	50	99	73	39	51	48	28
	73	91	99	11	18	84	13	76	48	20	77	63
	99	11	56	23	25	78	14	87	36	98	29	41
	64	91	85	57	27	50	61	46	73	84	12	55
	60	60	32	19	85	86	28	19	78	90	92	41
	23	68	19	71	87	17	15	26	95	92	62	68

	35	48	30	16	88	73	43	62	56	42	63	67
	26	63	100	91	50	87	95	21	19	54	65	34
	61	92	37	31	48	100	55	84	95	66	70	18
	59	34	70	68	89	87	95	52	82	99	73	41
	52	25	80	65	71	14	77	55	68	64	89	31
	34	71	55	41	38	62	22	46	27	45	34	16
	74	93	63	72	65	100	74	48	15	81	14	59
	34	42	78	71	28	94	86	81	57	81	83	12
	80	85	27	87	96	33	30	94	12	38	96	100
	97	80	64	35	46	84	91	68	36	64	63	94
	67	59	75	71	67	23	11	37	68	95	44	37
	66	82	65	17	76	47	60	68	83	99	79	16
	95	22	36	50	67	22	88	89	30	46	20	45
	28	44	35	82	20	84	26	92	65	43	23	40
	98	47	31	58	25	34	36	100	95	36	51	27
	44	79	14	47	15	51	51	89	13	14	88	91
	54	26	17	82	50	69	92	11	64	62	66	73
	75	95	14	69	41	65	79	18	85	44	89	97
	26	73	31	69	52	11	88	82	64	43	14	91
	32	90	52	71	92	88	87	94	85	14	17	63
	82	72	72	81	74	68	18	78	94	34	30	11
	88	14	28	64	57	38	22	12	71	29	25	26
	73	75	55	71	64	61	33	19	13	93	20	20
	67	21	34	58	66	96	20	64	53	73	89	82
	58	90	48	28	11	50	71	86	57	31	85	31
	44	92	19	39	47	54	86	97	86	63	20	43
	47	93	44	29	48	49	53	11	34	41	23	40
	55	92	84	12	25	44	35	21	44	68	93	60
	77	49	45	71	32	55	86	84	50	68	39	82
	98	94	90	87	31	24	21	98	96	73	67	86

	53	68	21	83	66	55	30	81	45	20	11	41
	60	91	88	40	31	19	48	79	27	79	41	25
	51	96	43	54	67	15	68	30	39	90	51	60
	20	65	33	61	59	84	99	68	85	46	78	85
	38	34	98	56	64	31	67	50	54	91	12	43
	41	12	53	16	87	45	51	62	29	97	95	13
	87	69	20	81	29	55	43	67	20	82	89	30
	41	56	64	60	57	20	56	84	79	49	66	88
	15	25	79	56	42	31	12	33	32	76	59	76
	86	22	41	60	17	10	75	90	46	95	92	69
	94	55	96	70	20	16	56	43	52	65	35	14
	96	68	41	79	94	56	77	67	27	56	79	35
	21	13	27	64	23	77	13	45	92	79	79	43
	95	13	88	65	31	34	17	83	63	37	58	48
	85	53	85	66	51	19	17	14	27	44	61	18
	25	80	55	39	52	68	67	49	35	56	25	30
	41	96	68	62	41	70	91	51	16	13	19	77
	39	100	37	50	25	56	68	56	36	77	45	70
	61	52	66	11	98	67	60	86	23	18	42	67
	64	32	54	79	87	65	75	28	96	48	49	68
	15	91	82	51	89	56	15	27	69	93	61	74
	39	71	86	96	19	31	24	54	86	69	55	58
	56	24	90	79	31	61	25	70	39	29	37	37
	43	75	28	46	36	16	81	73	89	54	83	85
	86	99	59	74	93	82	90	100	86	69	100	66
	26	65	82	20	57	76	95	70	17	69	13	14
	23	63	94	19	65	26	85	83	43	13	83	28
	45	44	33	58	70	22	32	30	80	15	49	96
	33	22	86	33	32	46	83	76	25	40	25	59
	30	11	64	86	64	55	51	53	30	68	96	100

	72	75	41	60	90	31	47	79	30	42	64	88
	38	20	61	93	15	20	57	11	81	64	33	26
	23	52	95	50	75	44	53	32	58	20	65	69
	53	25	98	99	71	89	58	74	54	76	24	18
	96	69	68	98	63	43	69	45	37	93	70	30
	72	21	16	99	18	26	28	34	25	59	32	70
	10	26	45	90	56	80	47	28	46	93	66	75
	30	23	95	71	36	76	23	43	86	70	60	86
	18	86	70	87	90	21	42	33	70	44	18	31
	77	57	77	43	57	66	22	95	95	26	43	36
	85	14	55	32	53	83	62	72	92	36	74	84
	91	26	93	79	38	33	88	39	47	35	83	83
	53	98	91	65	40	34	41	44	87	85	23	74
	47	41	86	22	74	37	30	96	10	42	74	27
	25	52	64	80	26	19	59	15	28	78	40	14
	16	27	75	90	57	76	84	12	19	33	84	51
	68	92	62	28	15	77	63	14	69	93	46	79
	95	61	48	43	37	57	45	36	18	44	48	93
	56	26	75	98	21	34	63	63	61	42	22	64
	71	22	72	42	39	64	50	84	87	96	91	50
	34	23	79	71	94	88	25	26	56	68	13	41
	83	59	96	52	79	21	11	56	31	62	89	72
	94	48	17	89	69	64	31	40	96	67	37	75
	41	51	64	74	98	38	65	59	25	75	86	63
	16	49	26	20	15	29	44	65	92	55	25	59
	25	50	48	72	34	17	65	28	22	21	59	97
	26	85	96	56	14	16	91	86	25	87	67	19
	95	36	79	32	92	62	69	67	21	99	52	24
	17	97	99	51	36	74	65	11	46	54	48	90
	61	15	42	61	28	26	12	69	92	55	22	30

	79	80	49	98	28	43	90	18	53	73	64	17
	38	91	98	15	58	51	73	49	82	16	29	86
	60	64	42	74	21	56	56	79	62	55	47	47
	39	71	50	51	28	43	85	73	85	36	51	25
	80	47	57	70	69	43	55	21	98	18	17	43
	22	77	61	16	23	69	89	23	28	71	25	20
	39	76	100	18	54	91	83	40	71	45	66	83
	16	43	12	98	87	13	37	70	48	53	59	97
	62	23	17	27	18	62	61	24	28	59	25	58
	11	86	36	73	42	84	96	94	47	20	23	30
	86	26	46	57	16	21	47	78	26	60	15	31
	92	25	22	69	73	13	48	47	61	28	52	13
	19	92	27	40	28	10	94	28	68	72	75	100
	77	79	43	45	65	16	78	69	53	28	23	67
	69	73	24	14	46	33	36	56	13	27	44	33
	95	83	62	41	18	67	69	74	96	98	49	82
	32	79	39	80	15	12	60	25	55	39	82	83
	69	91	45	79	28	41	94	78	43	89	93	13
	55	63	89	66	58	88	52	61	85	11	80	50
	26	44	42	93	37	30	74	54	57	37	67	13
	80	41	90	91	83	69	48	66	30	55	95	97
	41	44	39	80	45	25	78	78	71	63	98	81
	91	83	36	84	59	83	95	80	66	74	38	21
	92	48	31	79	52	92	99	54	34	89	33	24
	36	63	71	27	96	88	22	84	47	39	47	49
	32	30	42	42	12	25	12	97	56	31	60	11
	46	36	82	94	52	90	68	52	74	81	14	80
	61	97	73	54	87	89	19	87	13	18	39	16
	72	46	65	90	83	31	37	62	50	72	18	76
	83	28	92	20	33	94	15	78	10	12	16	16

	28	73	46	93	28	54	35	46	15	29	64	59
	85	19	96	50	86	69	11	13	70	22	73	13
	83	58	48	33	73	70	64	38	53	72	57	44
	47	90	50	58	81	82	93	18	13	81	70	71
	59	45	96	86	85	20	40	86	75	45	55	46
	45	49	41	53	34	24	36	70	26	44	90	17
	55	45	68	91	34	56	70	98	30	17	61	64
	83	53	51	26	25	83	60	59	64	38	18	49
	48	90	76	18	84	14	87	22	83	11	95	54
	95	11	87	57	63	66	12	82	33	55	12	42
	79	18	51	87	51	67	63	23	95	41	15	21
	58	70	35	52	65	65	37	64	50	11	72	99
	15	52	60	14	72	74	50	32	58	27	49	16
	78	30	13	43	37	31	77	13	73	71	68	17
	58	47	98	75	79	100	38	92	50	81	35	31
	61	51	12	47	95	73	29	60	29	73	84	60
	77	37	99	75	63	36	12	92	79	50	77	70
	55	25	90	33	24	87	20	13	46	71	69	52
	44	16	39	60	13	23	63	19	20	36	38	82
	22	94	43	92	12	46	82	56	94	70	35	27
	50	75	26	66	40	99	80	74	74	11	74	79
	76	93	44	77	77	31	57	99	17	96	19	31
	85	78	15	78	57	22	89	26	100	16	31	66
	81	95	54	13	32	37	64	19	20	87	27	36
	68	11	84	69	37	59	92	78	15	12	58	77
	58	43	75	41	82	44	58	43	58	67	16	11
	85	68	59	77	65	55	76	55	11	16	31	74
	53	88	83	88	64	45	24	37	94	45	94	94
	24	39	80	44	86	50	64	38	30	92	78	46
	84	86	46	41	87	52	30	73	89	59	50	47

	56	62	67	70	69	65	32	31	13	48	50	14
	10	22	93	38	80	68	79	89	37	22	57	49
	100	25	69	20	56	39	69	100	24	85	76	70
	90	42	95	62	69	94	37	66	16	22	85	97
	36	72	29	87	64	97	87	71	35	54	91	12
	49	94	36	55	82	43	74	16	88	67	96	72
	39	98	27	53	83	18	56	98	24	29	91	90
	62	75	41	32	96	96	33	94	50	45	33	79
	38	85	17	38	73	15	32	33	52	97	12	56
	96	71	25	21	77	89	33	78	92	19	20	80
	51	35	65	88	86	36	86	71	31	34	54	43
	63	23	48	74	98	29	21	95	72	67	13	94
	15	38	80	94	92	13	76	81	38	65	39	73
	64	62	34	43	100	18	15	95	31	80	63	41
	84	88	72	31	41	16	58	58	65	83	98	48
	63	80	69	46	42	20	45	81	71	50	54	78
	52	51	74	86	55	94	58	62	81	11	65	39
	48	13	71	83	60	38	49	80	90	37	13	33
	23	71	86	82	71	53	34	33	71	89	99	71
	40	74	12	62	70	21	54	21	83	37	83	76
	16	63	23	44	38	89	71	76	74	98	47	83
	68	23	54	86	90	10	100	77	94	57	51	14
	53	69	91	30	35	47	53	16	12	74	18	99
	66	96	39	43	54	78	49	69	29	48	73	34
	80	77	62	27	27	67	79	34	18	97	96	88
	24	11	71	27	83	77	20	55	97	34	19	59
	56	33	97	59	96	76	92	60	11	61	84	50
	38	86	54	53	15	52	15	27	44	43	31	29
	62	75	98	12	21	29	37	52	86	22	33	91
	97	22	73	81	12	21	78	87	80	59	26	45

	69	97	92	68	72	26	58	49	55	86	75	23
	16	50	45	39	40	40	38	48	78	76	55	19
	94	14	42	67	56	90	10	12	34	48	86	83
	23	67	48	90	55	96	35	50	78	79	30	76
	56	52	91	55	39	45	21	93	93	14	71	96
	34	41	66	79	90	74	38	34	79	74	47	35
	20	29	33	41	25	30	60	50	82	36	64	79
	58	63	66	55	69	31	47	49	39	42	40	76
	10	89	70	91	69	77	20	17	65	18	16	16
	65	51	80	37	11	49	37	97	74	72	40	66
	22	75	59	78	46	50	45	34	67	52	28	40
	19	26	90	93	48	60	33	97	32	42	95	43
	98	57	81	12	56	34	24	72	63	50	41	63
	84	39	72	82	71	28	49	69	21	71	86	32
	75	57	21	17	93	90	99	50	59	42	69	49
	10	89	25	89	88	33	62	78	93	53	63	90
	52	87	65	47	28	46	96	21	42	63	57	86
	24	31	32	74	78	52	56	86	14	93	44	74
	88	32	96	65	78	89	16	63	67	46	55	82
	30	59	60	52	97	99	96	30	54	21	25	73
	38	90	38	90	91	86	86	84	39	37	88	78
	98	95	16	96	21	50	49	26	79	23	98	42
	45	79	96	92	98	53	42	53	34	26	15	37
	16	60	92	90	84	10	42	91	11	83	23	92
	62	83	59	78	59	26	55	69	36	36	65	96
	13	35	80	15	98	71	71	35	46	22	86	97
	16	70	39	17	56	83	38	35	89	54	42	63
	22	81	60	96	12	89	53	50	51	70	35	25
	37	14	28	14	51	73	64	93	43	69	97	98
	97	31	27	20	98	76	55	80	99	89	21	68

	82	87	66	65	71	36	40	19	16	11	22	74
	22	68	88	34	49	12	60	72	72	33	42	36
	98	57	81	99	68	92	51	38	17	73	98	19
	46	95	14	97	76	46	23	45	51	13	47	18
	43	35	40	60	92	33	98	34	50	21	50	21
	27	98	99	43	27	56	93	57	36	50	42	23
	43	49	94	59	81	34	68	42	95	58	81	43
	36	33	71	29	10	14	73	40	13	15	57	96
	29	74	24	27	18	73	65	91	87	29	48	61
	18	14	45	45	21	81	17	78	52	70	71	36
	24	25	56	30	89	63	70	13	24	12	76	29
	91	21	31	48	39	54	21	66	61	57	96	68
	78	59	80	88	21	34	22	31	41	24	65	38
	91	36	58	81	34	71	52	77	72	28	79	95
	88	75	83	81	59	75	53	73	72	64	83	33
	99	56	81	23	35	16	81	81	39	26	70	34
	80	86	52	59	23	47	21	31	52	37	49	44
	58	32	50	57	98	26	73	15	48	91	84	65
	58	33	49	54	15	91	28	30	72	43	12	75
	68	36	15	32	30	20	30	55	65	25	56	95
	43	31	10	46	96	85	11	97	41	61	33	15
	77	33	39	34	96	73	69	87	67	82	93	18
	82	33	26	99	12	31	63	51	22	15	15	16
	35	58	13	89	74	68	46	55	96	15	97	34
	92	25	55	24	18	99	70	30	19	22	66	49
	14	35	18	29	13	15	93	48	45	37	25	28
	71	71	68	86	71	16	75	96	82	39	86	22
	43	81	18	90	30	69	26	61	18	90	61	30
	63	91	64	56	11	10	20	99	98	30	99	25
	18	51	11	81	82	78	13	36	31	28	39	80

