***** PARAMETERS PRP *****

Number of Customers = 30
Number of Products = 10
Number of Vehicles = 5
Number of Periods = 12

B = Production capacity
	50160

b_p = Time required to produce item p
 	1	1	1	1	1	1	1	1	1	1

c_p = Production cost of item p
 	80	80	80	80	30	30	30	80	30	30

s_p = Setup cost of item p
 	800	800	800	800	300	300	300	800	300	300

M = Big number
	200640

U_pi = Maximum inventory upper bound of item p at site i
 	200640	106	143	279	124	124	173	251	276	235	128	159	182	186	161	269	139	233	119	206	190	331	156	98	253	114	234	245	266	106	269
	200640	264	231	100	296	111	319	169	347	221	153	268	308	215	237	225	261	201	213	311	133	183	253	206	185	90	129	89	305	153	212
	200640	175	90	273	244	140	111	117	198	118	148	122	197	180	259	245	206	282	117	119	116	178	294	345	118	95	79	165	334	96	202
	200640	117	241	121	228	131	260	271	310	242	175	92	104	204	240	115	110	195	91	196	251	191	119	285	179	124	111	191	148	262	185
	200640	197	96	83	252	174	219	266	196	157	164	225	245	110	222	175	255	302	221	200	277	177	161	161	237	159	75	217	220	216	99
	200640	175	280	224	328	102	228	117	112	92	175	166	106	205	311	222	267	95	233	251	130	312	201	183	95	227	212	143	216	252	250
	200640	253	106	262	238	313	205	133	174	88	264	130	342	161	196	91	148	190	220	178	165	205	115	199	284	89	242	313	283	92	250
	200640	108	304	202	261	107	164	131	223	122	346	119	230	197	181	289	182	335	108	182	113	112	141	91	354	158	151	251	115	124	285
	200640	148	120	152	191	207	185	245	171	101	240	255	235	233	205	97	172	237	247	172	208	115	251	163	163	254	175	209	195	227	259
	200640	243	225	187	167	142	112	227	102	117	220	256	194	257	246	350	253	300	142	160	110	222	118	159	181	237	192	102	373	131	249

I_pi0 = Initial inventory of item p at site i
 	0	59	92	108	123	109	164	84	138	214	123	142	112	151	152	263	81	78	95	120	27	53	146	84	79	47	193	231	137	54	63
	0	94	194	58	209	83	194	16	300	209	99	197	110	126	224	171	180	141	204	44	83	25	29	182	162	81	99	16	243	108	104
	0	86	51	65	83	130	64	10	52	84	141	87	157	158	166	197	14	194	70	70	20	144	80	205	94	90	70	104	94	94	182
	0	54	231	89	61	113	123	270	308	32	71	82	80	156	171	79	62	92	62	134	40	75	92	116	24	94	94	180	143	156	68
	0	167	81	28	141	130	187	255	175	139	73	211	178	80	158	146	17	233	150	99	261	171	141	108	198	86	23	151	113	191	66
	0	158	219	222	298	62	96	42	70	43	10	143	73	196	164	51	156	94	109	241	89	202	22	162	74	209	63	140	170	145	117
	0	59	88	96	144	177	125	124	51	23	232	99	172	25	77	66	72	69	106	134	162	103	105	153	117	25	39	31	151	83	170
	0	96	214	141	234	102	115	24	164	57	141	47	158	114	124	49	39	68	67	146	97	49	97	65	88	99	83	82	54	39	73
	0	124	66	125	138	141	86	84	116	41	71	241	136	89	80	85	62	54	177	114	206	104	24	115	81	203	84	205	83	97	25
	0	191	118	136	163	60	86	202	90	90	176	67	95	161	116	238	151	75	42	40	66	13	26	77	178	199	94	91	68	96	164

h_pi = Inventory cost of item p at site i
 	8	6	2	4	5	4	5	2	3	1	7	2	2	5	7	8	3	7	2	9	1	8	1	4	4	9	6	3	1	9	2
	8	4	1	6	8	7	1	9	7	1	4	4	7	5	5	7	2	4	3	4	1	2	1	6	6	4	4	9	1	3	8
	8	5	1	9	2	6	8	1	6	6	8	9	6	5	4	5	8	7	3	8	3	9	7	1	9	5	4	9	8	1	1
	8	6	9	1	7	3	7	9	6	4	5	2	9	5	1	6	7	7	7	9	4	3	7	7	7	5	1	4	9	3	8
	3	6	7	3	2	2	6	5	9	6	5	1	4	5	2	9	8	9	6	7	8	2	7	3	5	9	3	2	2	2	5
	3	7	1	9	7	8	8	1	8	8	6	5	9	7	5	5	5	9	4	1	5	4	4	6	2	6	8	5	9	5	2
	3	9	9	5	6	9	9	9	1	6	3	3	1	9	6	7	1	2	8	9	1	3	5	7	5	3	8	8	3	6	6
	8	2	4	8	3	6	7	1	9	9	4	6	1	7	2	3	2	4	5	9	1	4	3	5	7	3	1	9	3	2	9
	3	1	4	2	2	9	6	4	8	4	2	4	4	3	9	4	1	4	2	4	2	9	5	3	5	3	6	2	2	3	4
	3	5	8	2	5	4	2	3	5	2	6	3	7	7	8	1	4	3	3	1	6	3	1	2	7	2	5	8	6	4	9

C = Vehicle capacity
	3730

f = Fixed transportation cost
	30411

a_ik = Transportation cost for traveling from node i to node k
 	0	740	501	464	916	529	620	195	863	252	517	494	226	402	246	290	614	893	639	194	293	651	525	365	497	792	188	903	78	786	37
	740	0	450	376	178	218	237	575	135	623	293	369	630	343	510	506	127	341	103	697	690	262	222	393	423	293	656	193	805	229	713
	501	450	0	103	586	365	221	454	518	270	167	89	547	259	407	463	356	430	394	586	299	219	365	220	30	334	545	641	533	356	496
	464	376	103	0	528	265	172	382	463	271	83	32	472	160	328	377	269	432	307	519	324	193	265	131	76	330	476	567	509	334	452
	916	178	586	528	0	394	366	752	69	788	446	514	805	517	687	681	303	324	280	872	850	372	398	565	561	330	831	130	981	269	890
	529	218	365	265	394	0	239	359	350	451	206	277	414	153	294	290	104	482	116	481	528	286	5	215	336	398	439	375	598	355	501
	620	237	221	172	366	239	0	503	298	442	103	153	584	241	440	469	176	280	208	641	494	48	242	257	196	181	596	425	671	167	602
	195	575	454	382	752	359	503	0	706	296	407	413	95	263	67	95	454	782	473	139	372	543	355	255	439	683	95	725	273	663	160
	863	135	518	463	69	350	298	706	0	726	382	448	764	462	640	640	252	273	235	830	786	304	354	507	494	266	788	173	926	203	839
	252	623	270	271	788	451	442	296	726	0	346	294	382	298	288	358	502	693	536	393	84	461	449	238	276	593	362	809	268	603	259
	517	293	167	83	446	206	103	407	382	346	0	79	491	151	346	382	190	379	228	545	404	137	207	156	138	279	501	485	569	269	501
	494	369	89	32	514	277	153	413	448	294	79	0	503	185	358	406	269	403	307	550	342	168	277	161	60	303	507	561	538	309	482
	226	630	547	472	805	414	584	95	764	382	491	503	0	343	147	124	515	861	529	70	454	626	410	343	532	764	40	764	300	739	189
	402	343	259	160	517	153	241	263	462	298	151	185	343	0	199	232	216	520	246	400	376	283	151	63	234	422	356	519	464	401	378
	246	510	407	328	687	294	440	67	640	288	346	358	147	199	0	70	388	719	408	201	369	481	290	198	390	620	157	662	322	598	214
	290	506	463	377	681	290	469	95	640	358	382	406	124	232	70	0	391	744	405	192	439	513	286	247	444	649	152	644	367	620	254
	614	127	356	269	303	104	176	454	252	502	190	269	515	216	388	391	0	385	39	580	572	217	108	268	328	307	538	308	679	258	588
	893	341	430	432	324	482	280	782	273	693	379	403	861	520	719	744	385	0	396	919	728	243	486	535	419	102	875	445	940	128	878
	639	103	394	307	280	116	208	473	235	536	228	307	529	246	408	405	39	396	0	596	607	248	120	301	365	325	554	274	706	271	612
	194	697	586	519	872	481	641	139	830	393	545	550	70	400	201	192	580	919	596	0	457	681	477	393	573	821	45	833	261	799	162
	293	690	299	324	850	528	494	372	786	84	404	342	454	376	369	439	572	728	607	457	0	507	526	314	311	631	430	879	286	648	308
	651	262	219	193	372	286	48	543	304	461	137	168	626	283	481	513	217	243	248	681	507	0	288	293	199	142	637	444	700	142	636
	525	222	365	265	398	5	242	355	354	449	207	277	410	151	290	286	108	486	120	477	526	288	0	213	337	401	435	379	595	358	497
	365	393	220	131	565	215	257	255	507	238	156	161	343	63	198	247	268	535	301	393	314	293	213	0	198	434	349	575	423	422	347
	497	423	30	76	561	336	196	439	494	276	138	60	532	234	390	444	328	419	365	573	311	199	337	198	0	321	532	614	533	339	490
	792	293	334	330	330	398	181	683	266	593	279	303	764	422	620	649	307	102	325	821	631	142	401	434	321	0	776	435	839	66	777
	188	656	545	476	831	439	596	95	788	362	501	507	40	356	157	152	538	875	554	45	430	637	435	349	532	776	0	794	261	755	153
	903	193	641	567	130	375	425	725	173	809	485	561	764	519	662	644	308	445	274	833	879	444	379	575	614	435	794	0	973	370	873
	78	805	533	509	981	598	671	273	926	268	569	538	300	464	322	367	679	940	706	261	286	700	595	423	533	839	261	973	0	837	114
	786	229	356	334	269	355	167	663	203	603	269	309	739	401	598	620	258	128	271	799	648	142	358	422	339	66	755	370	837	0	768
	37	713	496	452	890	501	602	160	839	259	501	482	189	378	214	254	588	878	612	162	308	636	497	347	490	777	153	873	114	768	0

coordXY = Coordinates (x,y): line zero => x line one => y column => customers
 	219	142	473	371	140	119	341	109	187	404	324	390	26	216	122	53	166	459	135	31	479	382	118	265	446	433	52	15	268	368	191
	76	811	507	514	988	595	683	237	938	246	582	539	192	477	302	313	687	936	709	123	209	706	591	438	518	838	162	955	16	847	100

d_pit = Demand of item p at customer i in period t
 	59	82	41	33	78	23	85	71	39	37	68	19
	92	25	19	62	41	29	41	19	64	63	25	90
	52	56	69	70	64	48	54	21	63	86	15	71
	91	32	51	100	44	94	66	93	69	13	66	26
	87	22	83	75	35	84	75	72	62	32	56	60
	20	56	88	72	84	33	53	35	77	50	50	72
	29	55	42	38	86	79	92	33	55	75	91	79
	24	64	50	77	59	75	25	55	10	50	90	84
	67	69	78	55	42	52	89	63	81	41	44	23
	52	71	77	70	65	98	34	24	56	85	72	61
	83	13	46	43	78	93	47	24	57	51	36	64
	29	42	15	26	18	42	95	40	88	31	32	87
	78	73	43	76	77	54	52	39	64	83	47	57
	65	56	31	43	71	79	23	69	11	75	69	52
	97	76	90	61	86	33	48	57	93	13	67	86
	81	55	31	47	51	59	46	35	32	41	31	46
	78	53	94	76	63	44	25	21	39	90	71	46
	95	30	92	59	10	32	85	28	75	96	93	21
	99	21	27	55	72	23	81	21	14	74	80	51
	27	14	61	88	54	71	76	56	96	91	94	30
	53	75	80	96	63	58	39	76	89	77	31	58
	53	53	40	20	74	49	67	66	94	55	35	16
	84	88	20	31	79	32	64	70	41	33	27	17
	56	23	58	73	24	92	86	47	17	25	34	73
	47	44	81	33	60	83	42	68	70	85	31	42
	42	49	45	57	44	58	87	95	16	91	90	28
	77	87	67	28	62	21	14	39	19	25	68	82
	44	93	90	29	47	57	15	23	22	39	89	91
	54	96	15	27	91	35	94	87	21	15	30	72
	63	35	65	17	21	76	77	62	60	47	74	49

	94	68	45	69	50	99	75	62	58	68	26	79
	57	57	80	80	52	16	31	39	44	84	95	58
	58	92	16	60	58	66	41	70	31	23	52	32
	44	67	98	49	24	70	71	44	56	40	66	81
	83	69	55	37	43	78	10	81	68	47	60	35
	83	89	22	84	36	94	84	40	84	71	56	22
	16	66	24	97	79	85	63	94	66	17	55	15
	77	58	81	84	93	92	87	20	89	19	77	56
	30	82	40	57	76	24	82	19	52	44	85	71
	28	71	82	33	55	76	21	91	44	22	77	13
	99	52	46	73	54	61	84	50	69	67	65	83
	74	36	93	71	76	16	24	89	58	57	69	77
	36	90	64	91	13	32	44	17	95	22	68	74
	23	98	91	12	46	92	63	21	79	44	80	61
	45	49	77	56	49	74	44	72	30	89	75	16
	77	82	21	91	14	93	66	83	79	80	66	30
	38	44	36	23	45	90	66	61	38	34	52	77
	90	25	89	17	58	42	41	80	55	71	52	18
	44	89	73	87	80	71	25	79	46	99	12	42
	83	88	80	51	21	29	96	80	77	63	80	48
	25	91	12	45	25	74	42	50	16	57	67	46
	29	53	92	51	36	26	69	33	61	54	71	31
	99	83	25	94	69	88	74	76	80	88	17	29
	70	92	76	79	58	51	83	46	38	17	46	84
	81	32	29	98	37	10	14	56	54	77	37	14
	18	81	92	81	16	52	76	66	44	100	55	93
	16	37	85	28	26	87	56	11	82	20	77	11
	81	77	50	35	85	41	11	12	81	93	100	66
	28	16	64	56	81	16	62	30	70	83	29	77
	80	24	88	91	53	34	44	36	32	64	13	78

	41	45	77	75	35	85	14	37	68	83	49	90
	51	69	40	91	23	37	54	15	28	19	62	53
	65	95	73	47	87	60	56	71	21	21	47	11
	83	53	91	91	23	47	14	89	26	94	22	99
	46	33	51	96	19	69	20	54	29	68	39	35
	64	62	47	70	12	54	38	25	44	92	76	82
	10	38	59	82	41	28	35	46	11	31	71	17
	52	94	58	37	52	80	75	78	32	77	61	95
	84	75	34	50	26	28	86	23	61	91	83	66
	73	68	18	25	17	12	39	99	59	76	91	13
	87	70	40	83	72	63	90	36	73	13	11	92
	21	61	75	66	11	30	26	65	25	37	37	18
	36	16	24	82	22	43	96	96	57	76	92	79
	52	75	39	30	94	72	91	62	77	90	42	53
	42	73	49	33	20	39	70	57	31	12	82	79
	14	69	19	18	91	97	18	81	63	74	24	50
	84	34	76	77	37	38	83	77	75	36	14	46
	70	50	85	49	99	78	36	42	83	37	54	19
	70	65	32	79	58	24	49	57	93	27	98	60
	20	28	11	78	85	81	61	73	54	77	53	77
	96	48	87	45	74	45	63	51	83	23	60	35
	62	18	80	86	53	50	21	92	27	39	84	94
	82	47	46	30	66	66	68	86	90	89	96	62
	94	28	77	78	14	55	47	89	39	61	42	83
	21	69	44	57	16	32	42	76	20	68	80	47
	70	11	49	55	36	39	55	31	22	36	28	44
	51	53	91	70	54	61	22	34	87	43	59	34
	94	16	55	94	91	38	93	30	32	94	81	84
	94	32	49	30	22	77	30	46	44	54	79	16
	98	15	40	29	26	54	24	83	99	34	79	24

	54	92	60	59	63	25	71	69	73	51	58	28
	89	80	62	69	56	57	47	87	23	45	34	74
	66	23	94	48	100	97	41	63	18	26	64	86
	61	36	52	21	70	66	42	17	74	55	27	27
	43	38	32	48	42	93	31	21	44	68	45	19
	30	37	45	11	90	98	24	21	77	89	54	48
	46	81	63	80	85	98	19	84	87	84	42	43
	80	85	85	58	38	80	78	91	55	18	64	12
	32	38	73	99	90	13	98	94	63	42	60	24
	12	59	66	17	26	96	31	31	47	38	52	49
	21	40	21	60	60	83	14	63	32	75	60	25
	62	18	24	54	83	27	97	33	68	41	81	37
	100	56	95	60	46	87	11	69	81	87	86	38
	71	77	23	79	50	84	64	19	23	67	65	99
	67	12	99	82	87	23	17	100	79	45	52	25
	62	93	93	64	37	71	31	10	57	45	20	74
	92	22	36	89	88	72	92	26	95	20	58	88
	19	43	32	59	51	12	31	75	33	79	44	69
	62	27	45	52	34	26	43	95	48	30	78	47
	40	36	56	79	57	20	73	91	87	48	66	99
	40	24	11	50	31	63	86	89	73	42	47	16
	92	43	51	86	16	96	47	82	26	22	85	70
	85	31	69	92	61	30	54	30	27	75	97	33
	24	88	83	97	39	54	79	63	94	31	16	48
	94	23	61	13	93	67	70	66	24	67	66	99
	94	99	77	43	71	18	15	97	12	10	79	49
	48	34	98	39	20	54	40	36	23	42	48	92
	30	22	78	13	90	18	22	98	41	43	92	43
	99	57	60	88	97	23	51	13	28	10	55	48
	68	98	48	96	24	98	36	25	31	45	75	96

	19	85	63	52	70	66	32	90	71	91	95	53
	41	40	45	54	37	25	88	54	57	61	37	37
	28	62	17	90	37	38	23	56	44	79	12	13
	24	35	28	54	90	67	96	68	98	88	61	48
	35	25	22	48	19	45	85	42	21	54	98	27
	89	98	96	42	91	83	24	73	77	90	21	92
	68	91	96	77	76	91	54	58	34	42	53	59
	98	24	18	35	41	66	48	23	71	86	15	63
	78	61	67	67	52	17	25	81	61	21	59	37
	36	37	48	15	96	37	23	90	21	98	88	67
	22	59	40	90	22	31	25	78	58	27	62	26
	35	86	57	55	75	66	40	72	30	82	87	49
	80	38	64	90	25	26	59	89	22	86	61	18
	11	19	99	29	22	63	43	13	95	24	79	36
	80	66	18	34	33	39	35	37	43	29	89	23
	17	56	22	24	20	73	69	61	45	100	60	66
	85	79	69	76	39	70	66	70	41	52	17	60
	84	66	24	64	32	42	40	59	98	62	59	32
	99	71	75	30	78	40	86	88	67	53	69	44
	85	87	89	10	73	10	65	88	87	20	29	22
	81	90	48	69	35	60	29	85	16	90	76	28
	55	86	70	14	85	24	71	65	27	36	60	51
	63	45	94	14	87	13	89	24	47	37	97	32
	99	13	86	16	63	33	99	36	59	41	81	84
	86	12	89	85	45	25	40	15	47	98	37	55
	23	79	17	42	12	23	55	30	45	33	59	31
	52	20	79	65	32	72	34	97	33	55	39	72
	93	20	35	21	65	59	35	55	48	54	28	15
	77	20	94	68	83	58	16	84	38	15	41	55
	66	16	24	30	27	86	30	79	35	36	75	89

	33	79	46	77	63	99	44	69	86	33	49	21
	83	92	44	78	71	11	29	68	74	51	35	37
	85	14	58	65	69	66	56	39	12	93	98	16
	79	87	95	37	92	61	67	48	55	19	57	90
	62	62	57	63	33	40	47	35	40	10	69	91
	96	45	42	42	33	84	25	61	62	78	28	87
	42	70	98	35	22	69	65	81	37	64	81	35
	70	76	68	18	81	88	54	95	12	13	66	28
	43	14	43	83	73	19	48	15	18	92	49	57
	10	46	26	75	39	10	90	15	21	48	99	46
	67	76	78	48	20	27	25	97	55	45	77	49
	73	92	19	11	51	64	38	45	56	20	77	90
	70	90	36	81	14	49	35	69	27	54	50	40
	65	99	62	65	48	62	21	91	12	92	47	83
	51	56	55	28	58	49	61	97	42	86	49	35
	75	81	32	44	54	11	71	30	15	68	63	97
	64	30	14	57	36	91	11	62	27	74	85	20
	14	16	79	88	27	59	59	95	34	52	95	80
	43	59	70	69	39	27	80	31	72	11	22	80
	89	44	100	59	59	57	78	35	96	25	66	72
	80	62	60	72	79	71	41	56	80	37	14	97
	22	64	54	57	16	29	72	84	73	44	25	62
	25	82	28	27	32	18	18	12	80	59	39	20
	74	41	27	85	42	49	41	27	80	14	11	79
	80	40	54	35	30	66	56	87	69	55	78	32
	34	29	69	51	47	41	17	91	67	84	25	82
	33	22	85	39	19	51	16	88	71	18	94	37
	82	88	98	79	10	46	19	68	47	30	46	35
	32	85	28	52	16	91	30	96	32	11	54	78
	77	40	44	13	81	67	38	83	27	55	50	25

	37	22	64	49	93	51	33	59	26	62	19	91
	74	14	29	15	98	81	38	15	63	82	78	51
	96	100	55	17	42	50	98	78	72	52	34	91
	12	66	66	37	75	99	56	19	83	91	82	28
	66	26	85	89	59	89	23	26	77	83	73	55
	56	29	40	85	60	84	87	24	34	74	24	17
	56	68	91	27	87	98	57	19	70	100	92	31
	51	18	23	25	59	32	61	65	47	41	72	28
	10	13	39	97	24	29	82	71	16	88	31	27
	57	75	29	71	98	64	77	95	49	27	69	82
	99	29	64	44	93	98	70	41	56	45	50	90
	97	50	25	25	80	60	89	93	80	70	62	90
	25	56	24	43	31	36	87	45	63	89	67	79
	77	72	60	93	94	89	74	61	91	41	10	20
	32	34	90	26	43	99	20	77	19	39	21	43
	14	20	38	23	64	36	79	54	60	72	83	48
	69	75	58	46	46	39	18	20	71	61	47	19
	49	31	26	72	82	85	61	59	53	59	53	30
	26	45	47	16	30	17	85	20	16	24	63	39
	80	52	30	57	79	62	52	91	52	34	49	21
	52	51	41	75	79	53	43	28	79	30	68	17
	44	61	92	31	34	47	55	95	14	97	63	54
	66	87	84	72	51	61	46	31	85	86	61	66
	33	84	52	65	75	43	79	78	30	35	56	51
	11	14	77	90	18	79	36	29	16	49	38	77
	39	71	42	16	73	82	20	92	23	83	94	92
	31	69	30	76	61	86	80	57	89	48	80	44
	93	58	24	46	26	26	30	83	60	96	51	87
	83	50	45	42	53	61	13	58	46	22	65	16
	18	87	30	35	80	52	54	20	44	83	82	15

	96	44	15	86	26	61	21	60	92	59	45	40
	39	91	84	38	72	33	14	61	93	43	83	78
	65	76	81	39	95	49	96	56	51	59	51	88
	90	76	68	72	14	31	96	60	41	43	16	20
	57	45	80	35	50	88	21	75	30	69	63	28
	85	30	99	67	96	58	53	25	55	27	13	46
	24	89	37	13	48	58	53	71	27	51	12	39
	36	37	91	37	66	14	88	43	46	94	78	40
	57	86	11	74	60	96	28	79	94	27	84	36
	77	64	15	82	96	94	11	92	71	54	82	93
	47	90	22	88	71	43	67	43	79	30	53	78
	39	38	34	47	84	70	17	86	95	21	89	70
	56	14	44	64	95	77	41	60	55	43	19	24
	36	88	86	36	83	55	89	83	90	14	32	32
	49	32	18	95	69	20	95	58	57	31	79	90
	39	73	30	20	15	19	55	55	59	95	11	75
	68	68	93	81	70	92	88	62	13	21	89	60
	27	40	50	58	66	88	62	95	11	50	76	23
	72	74	39	62	80	31	95	90	56	24	59	46
	97	50	73	52	50	11	33	55	60	86	20	90
	49	25	27	71	50	89	63	83	92	60	26	37
	97	70	76	40	83	60	62	84	98	86	62	29
	15	50	81	16	69	82	96	31	15	51	26	13
	88	43	88	13	87	78	96	95	62	91	15	93
	99	38	80	66	93	36	23	31	28	51	25	63
	83	56	27	32	68	63	10	54	17	59	36	98
	28	54	77	51	72	97	74	24	89	88	10	90
	54	49	83	18	73	52	69	59	52	75	48	60
	39	73	80	87	59	51	71	74	41	52	97	19
	41	32	50	62	26	98	70	73	50	16	80	87

	73	51	93	73	23	30	15	90	38	18	48	41
	66	94	78	26	96	79	79	35	23	62	12	67
	30	41	54	73	68	27	56	66	77	39	13	64
	76	62	12	44	39	54	93	83	23	27	19	41
	59	82	73	66	21	80	56	65	11	43	48	18
	21	30	35	44	20	60	78	38	94	29	71	34
	26	58	11	39	30	74	47	73	57	63	67	43
	85	31	87	89	48	35	92	77	58	52	17	12
	41	21	17	45	10	75	11	75	75	46	97	93
	32	39	10	91	38	39	88	95	75	89	72	53
	82	52	39	68	86	89	76	73	22	64	98	17
	75	46	15	14	96	85	71	70	30	64	60	78
	89	16	61	81	75	39	45	81	68	17	72	56
	31	15	34	48	45	62	51	84	69	17	64	96
	47	38	14	96	36	53	20	44	43	87	47	57
	21	41	43	60	70	82	69	77	34	51	59	79
	54	39	86	97	62	21	20	39	81	57	56	98
	58	16	36	67	18	93	52	28	70	57	70	28
	14	100	71	63	36	93	20	17	97	70	33	75
	35	81	90	95	88	17	94	63	10	84	87	88
	75	29	45	100	91	24	79	31	94	11	58	54
	24	42	40	71	32	20	53	46	54	78	62	80
	65	50	71	38	15	92	46	82	74	24	82	11
	81	53	64	18	28	77	12	86	16	81	81	55
	77	37	89	92	22	90	79	29	61	27	96	63
	84	79	41	80	15	76	95	42	64	14	91	17
	56	57	92	84	84	62	87	89	32	62	81	49
	83	43	97	83	59	46	46	45	17	10	33	23
	26	71	61	60	95	50	79	72	56	24	24	64
	25	88	63	65	46	97	96	51	55	93	81	18

	49	49	93	93	32	58	31	98	25	14	23	17
	27	29	49	13	43	33	45	74	57	46	88	37
	61	33	42	93	65	47	45	74	44	85	82	75
	73	90	78	14	29	97	26	32	15	98	45	69
	60	86	66	78	88	49	78	91	96	47	32	80
	21	65	22	87	26	59	10	94	38	91	66	94
	38	70	94	36	49	94	65	57	86	28	29	35
	90	14	19	58	87	31	43	67	22	38	58	84
	90	48	84	83	31	53	29	63	31	77	38	74
	60	56	28	32	62	89	14	95	52	60	49	62
	35	32	59	82	63	60	52	94	77	87	69	57
	95	82	100	90	71	71	12	91	36	35	24	67
	24	22	17	98	36	38	18	96	78	86	52	51
	28	29	59	70	35	82	23	31	60	68	33	73
	80	65	93	97	82	21	46	49	85	47	99	77
	79	72	61	77	48	70	67	23	79	83	89	11
	75	95	56	36	43	11	19	99	78	43	80	85
	42	72	24	36	75	32	23	78	33	34	24	94
	40	35	76	55	61	59	93	22	65	27	20	87
	66	98	75	38	91	75	16	62	52	16	52	18
	13	40	89	79	47	45	82	59	16	13	18	31
	26	65	78	29	76	40	37	68	62	82	89	53
	77	91	26	17	30	73	12	43	66	84	88	28
	92	86	33	94	54	34	57	39	45	77	49	65
	27	14	60	98	80	39	66	56	59	47	84	82
	94	60	27	23	74	96	93	84	40	92	45	39
	91	66	37	55	50	11	75	32	86	18	77	14
	68	59	40	85	96	99	69	94	94	61	42	88
	96	88	92	70	41	61	91	71	38	78	50	10
	62	90	12	27	94	76	82	52	28	58	95	72

