***** PARAMETERS PRP *****

Number of Customers = 30
Number of Products = 10
Number of Vehicles = 5
Number of Periods = 12

B = Production capacity
	50355

b_p = Time required to produce item p
 	1	1	1	1	1	1	1	1	1	1

c_p = Production cost of item p
 	80	30	80	30	80	30	80	30	80	30

s_p = Setup cost of item p
 	800	300	800	300	800	300	800	300	800	300

M = Big number
	201421

U_pi = Maximum inventory upper bound of item p at site i
 	201421	143	135	233	321	240	224	218	211	128	257	164	171	220	181	84	112	145	307	293	128	334	109	84	147	102	222	102	159	249	222
	201421	97	308	170	177	219	147	214	308	188	193	123	200	82	142	211	151	252	269	122	175	131	140	276	295	120	178	211	292	119	195
	201421	327	242	86	228	102	114	196	207	227	260	189	226	240	221	142	197	130	167	111	123	295	290	97	186	176	241	235	130	169	314
	201421	126	244	285	260	235	211	216	131	234	307	294	87	337	169	246	119	183	240	189	115	118	113	115	157	226	112	258	243	125	185
	201421	186	91	339	194	140	173	106	264	241	167	269	257	258	177	239	167	288	153	204	134	266	340	231	248	306	299	353	117	144	228
	201421	180	169	300	110	314	208	293	174	138	167	138	127	170	226	166	215	193	156	253	87	234	179	94	110	151	217	113	119	111	137
	201421	83	107	166	224	152	280	197	238	168	263	209	249	182	96	207	168	204	118	175	250	198	89	279	66	175	186	266	229	125	193
	201421	143	178	111	194	134	110	124	216	107	129	286	147	116	234	284	200	223	261	113	188	215	317	288	153	134	118	288	133	83	250
	201421	204	166	162	262	300	282	113	228	100	301	143	80	186	247	134	115	303	120	241	108	138	156	101	210	157	255	136	133	233	312
	201421	221	124	170	250	187	159	200	220	327	123	170	136	265	263	236	210	140	271	192	100	280	118	186	276	313	250	175	202	244	263

I_pi0 = Initial inventory of item p at site i
 	0	94	94	199	87	87	112	89	177	19	73	152	91	211	145	71	76	122	58	188	121	182	57	35	140	83	26	31	121	233	76
	0	96	224	141	20	99	90	143	59	167	167	80	199	36	137	186	81	48	54	79	133	115	63	165	256	89	150	138	250	67	149
	0	85	97	0	63	48	46	103	135	117	17	138	120	198	127	99	170	79	158	79	65	83	244	84	88	171	89	118	125	40	234
	0	97	83	106	252	147	72	195	99	55	176	147	72	93	14	202	61	42	70	130	80	81	95	78	133	223	111	92	139	70	59
	0	64	11	283	137	133	99	63	78	151	135	59	127	207	163	191	98	113	54	171	16	94	258	187	78	99	170	190	112	14	204
	0	129	32	249	84	131	152	272	80	135	102	106	88	153	86	85	189	94	75	198	49	230	140	65	82	18	21	59	91	87	59
	0	31	69	97	206	144	46	164	168	134	184	38	98	32	95	120	167	91	92	128	143	173	74	20	43	150	177	197	96	75	96
	0	129	109	84	25	102	78	85	115	84	108	228	70	54	116	65	94	195	235	94	139	180	84	184	72	37	70	75	105	44	100
	0	148	108	62	159	95	80	95	228	68	103	87	73	134	185	95	95	95	31	57	40	99	15	82	13	28	91	31	91	31	266
	0	49	96	119	204	181	114	173	165	308	64	161	126	104	96	82	116	22	141	146	68	77	71	153	119	254	158	131	73	165	172

h_pi = Inventory cost of item p at site i
 	8	8	4	4	3	2	1	1	4	2	9	9	4	7	6	8	9	5	5	9	7	2	5	3	3	7	1	6	1	4	2
	3	5	1	6	4	6	8	9	6	9	1	3	4	6	1	5	4	5	4	7	5	1	7	2	3	5	2	7	1	4	1
	8	4	9	7	9	1	3	5	2	9	3	4	1	4	3	3	1	1	9	8	5	6	8	7	3	9	3	6	7	6	5
	3	4	6	9	8	7	2	9	9	7	9	6	6	4	3	7	6	8	4	3	8	7	5	8	5	1	5	4	1	7	6
	8	3	1	3	8	9	8	2	1	4	8	3	6	9	1	3	9	4	6	3	6	4	9	2	8	5	4	8	8	4	6
	3	3	1	1	6	3	4	5	1	6	7	8	9	5	2	8	7	5	4	3	4	8	1	9	7	8	7	9	8	3	1
	8	1	1	4	6	6	9	2	9	8	3	9	6	3	8	2	6	8	2	3	1	6	4	8	4	8	2	9	6	2	5
	3	9	9	5	4	5	9	2	4	5	8	7	4	7	3	4	3	8	5	5	1	2	8	3	1	3	8	3	7	7	2
	8	8	5	8	7	9	3	6	1	9	9	2	2	3	3	1	1	2	3	2	9	2	2	4	7	6	1	2	9	2	4
	3	9	9	2	9	6	4	7	7	8	4	8	3	7	3	4	2	6	5	1	7	4	4	6	7	6	7	4	7	2	4

C = Vehicle capacity
	3530

f = Fixed transportation cost
	30287

a_ik = Transportation cost for traveling from node i to node k
 	0	319	287	312	248	560	641	289	246	391	303	350	195	284	248	404	214	676	363	306	479	303	505	384	308	167	463	449	269	660	88
	319	0	52	498	557	788	877	449	85	98	421	171	145	141	563	141	338	850	580	339	718	451	607	134	329	391	638	527	328	866	328
	287	52	0	448	519	738	828	398	88	105	370	210	138	93	527	132	288	799	531	288	669	400	557	118	279	345	587	476	277	815	286
	312	498	448	0	265	292	381	54	467	515	102	608	445	376	302	494	160	370	89	205	228	61	211	473	216	146	153	187	189	371	229
	248	557	519	265	0	381	446	288	491	616	334	596	442	488	39	617	308	539	247	406	300	305	469	595	414	209	364	452	372	493	235
	560	788	738	292	381	0	90	343	752	805	382	889	724	667	415	782	451	181	209	484	84	345	309	762	496	412	182	365	476	113	493
	641	877	828	381	446	90	0	433	840	895	472	975	810	757	476	872	540	194	297	573	164	435	385	851	585	498	268	448	566	101	578
	289	449	398	54	288	343	433	0	422	463	53	565	404	324	322	441	112	410	142	152	281	18	218	420	164	126	193	173	136	418	202
	246	85	88	467	491	752	840	422	0	179	403	147	60	165	493	216	312	831	544	338	678	427	603	203	331	344	614	526	318	837	271
	391	98	105	515	616	805	895	463	179	0	426	255	237	140	626	53	359	847	602	331	742	461	591	59	319	430	642	509	331	873	382
	303	421	370	102	334	382	472	53	403	426	0	549	393	289	367	401	98	430	190	104	326	42	209	380	116	153	218	147	96	448	215
	350	171	210	608	596	889	975	565	147	255	549	0	166	300	591	305	456	974	681	484	812	571	749	302	476	478	757	672	464	977	398
	195	145	138	445	442	724	810	404	60	237	393	166	0	195	441	269	297	813	516	341	647	412	598	255	336	313	596	525	315	813	234
	284	141	93	376	488	667	757	324	165	140	289	300	195	0	503	130	219	716	463	201	602	323	468	108	190	294	507	387	194	737	255
	248	563	527	302	39	415	476	322	493	626	367	591	441	503	0	631	334	575	285	434	334	339	507	609	441	234	402	488	399	527	248
	404	141	132	494	617	782	872	441	216	53	401	305	269	130	631	0	343	814	582	301	722	438	555	23	289	423	614	472	306	844	383
	214	338	288	160	308	451	540	112	312	359	98	456	297	219	334	343	0	520	244	104	384	116	306	322	110	100	303	240	66	529	130
	676	850	799	370	539	181	194	410	831	847	430	974	813	716	575	814	520	0	316	517	247	404	267	796	528	513	218	348	523	95	597
	363	580	531	89	247	209	297	142	544	602	190	681	516	463	285	582	244	316	0	293	140	149	232	561	305	206	118	238	278	299	289
	306	339	288	205	406	484	573	152	338	331	104	484	341	201	434	301	104	517	293	0	429	144	269	282	13	201	314	189	39	544	228
	479	718	669	228	300	84	164	281	678	742	326	812	647	602	334	722	384	247	140	429	0	286	299	701	441	335	159	338	417	194	415
	303	451	400	61	305	345	435	18	427	461	42	571	412	323	339	438	116	404	149	144	286	0	203	417	156	142	188	157	132	415	215
	505	607	557	211	469	309	385	218	603	591	209	749	598	468	507	555	306	267	232	269	299	203	0	538	278	344	141	84	286	321	418
	384	134	118	473	595	762	851	420	203	59	380	302	255	108	609	23	322	796	561	282	701	417	538	0	270	401	595	455	286	825	362
	308	329	279	216	414	496	585	164	331	319	116	476	336	190	441	289	110	528	305	13	441	156	278	270	0	208	326	198	44	556	231
	167	391	345	146	209	412	498	126	344	430	153	478	313	294	234	423	100	513	206	201	335	142	344	401	208	0	298	296	165	504	85
	463	638	587	153	364	182	268	193	614	642	218	757	596	507	402	614	303	218	118	314	159	188	141	595	326	298	0	184	313	231	381
	449	527	476	187	452	365	448	173	526	509	147	672	525	387	488	472	240	348	238	189	338	157	84	455	198	296	184	0	210	394	362
	269	328	277	189	372	476	566	136	318	331	96	464	315	194	399	306	66	523	278	39	417	132	286	286	44	165	313	210	0	543	189
	660	866	815	371	493	113	101	418	837	873	448	977	813	737	527	844	529	95	299	544	194	415	321	825	556	504	231	394	543	0	587
	88	328	286	229	235	493	578	202	271	382	215	398	234	255	248	383	130	597	289	228	415	215	418	362	231	85	381	362	189	587	0

coordXY = Coordinates (x,y): line zero => x line one => y column => customers
 	140	361	365	304	42	244	218	329	281	458	374	230	228	407	8	496	325	411	260	428	212	346	490	482	433	231	357	490	390	318	205
	643	872	821	378	416	93	7	425	844	869	452	981	816	739	434	833	536	24	301	540	170	422	279	816	551	504	235	362	546	8	584

d_pit = Demand of item p at customer i in period t
 	94	99	93	30	84	38	40	96	26	96	64	97
	94	99	50	80	77	24	88	26	90	81	24	76
	34	83	82	13	63	77	18	40	48	95	65	82
	87	41	38	65	78	57	91	36	70	53	61	93
	39	28	20	45	84	96	45	20	92	54	98	99
	92	20	70	67	34	52	17	46	19	13	31	77
	75	14	70	95	36	50	49	71	12	63	60	58
	65	26	86	69	32	58	64	44	15	84	68	21
	19	92	99	12	25	22	27	33	28	38	65	53
	73	17	77	15	88	59	15	12	86	63	70	41
	56	96	99	17	50	68	40	49	99	37	14	32
	23	14	54	47	18	55	49	19	68	12	17	35
	35	79	97	76	33	63	62	43	48	93	19	12
	66	38	41	74	78	90	30	89	22	84	64	48
	71	62	44	30	59	31	17	27	21	82	13	48
	76	55	42	48	43	91	72	37	69	16	53	70
	60	22	40	97	94	56	41	41	62	16	17	32
	58	22	97	95	84	59	59	34	74	52	74	28
	93	95	81	66	84	37	87	90	73	81	78	15
	11	71	39	26	84	95	69	63	81	91	40	95
	86	96	79	77	81	71	37	23	71	33	51	96
	57	70	33	46	78	37	57	62	81	30	64	39
	35	89	16	10	98	25	17	14	45	24	58	74
	61	79	17	51	26	18	71	49	52	30	77	56
	83	55	59	69	19	48	67	18	33	74	71	15
	26	82	71	12	44	67	30	80	78	53	84	39
	31	81	69	59	16	95	64	87	20	50	25	13
	89	32	53	72	49	20	20	98	83	20	72	28
	62	83	88	89	61	66	95	54	48	19	29	54
	19	57	43	74	88	64	97	38	30	90	28	37

	96	61	40	68	10	19	54	50	23	81	59	22
	33	32	64	95	83	83	60	92	70	33	32	61
	37	29	75	47	58	63	62	55	87	64	11	91
	20	29	36	41	30	45	19	98	12	14	92	96
	13	58	28	75	40	43	76	97	12	98	77	39
	19	71	100	84	70	29	18	16	56	16	40	68
	99	44	95	50	21	14	64	39	57	84	30	44
	59	50	54	58	60	92	45	15	74	88	73	72
	39	62	66	80	68	70	53	95	82	16	37	82
	28	59	80	90	10	54	73	25	38	30	52	41
	26	54	86	87	79	83	26	59	38	13	90	94
	39	74	86	70	69	98	61	48	90	33	98	35
	36	27	49	95	20	59	32	48	13	20	21	74
	44	93	88	28	12	34	75	17	31	30	90	25
	88	98	97	85	74	80	56	92	35	31	93	15
	18	63	73	66	46	67	44	15	97	44	15	56
	48	79	18	87	81	50	66	35	18	52	51	19
	22	32	98	33	29	76	61	48	47	45	85	70
	36	43	49	76	93	55	20	27	91	59	95	88
	24	91	18	96	49	92	92	47	96	33	19	41
	28	87	24	13	12	62	95	50	37	25	58	32
	63	29	91	11	54	20	38	66	54	80	24	28
	96	69	52	96	93	14	83	56	98	53	59	60
	55	39	96	66	68	87	43	28	59	93	53	21
	22	67	68	95	61	62	52	35	43	91	28	95
	57	93	55	47	93	95	70	36	32	67	14	51
	54	84	48	16	13	58	98	77	48	50	45	43
	58	92	75	25	97	98	17	15	27	97	66	33
	36	31	74	33	89	82	60	82	62	100	45	18
	73	76	87	98	51	74	86	14	95	73	24	30

	85	92	14	98	62	91	54	42	80	29	64	74
	97	24	15	56	96	92	15	64	66	63	39	99
	96	49	33	73	15	50	36	23	39	22	49	33
	26	37	41	84	33	36	75	72	89	17	80	94
	24	24	34	47	53	39	96	44	69	64	23	97
	46	92	95	26	72	58	70	47	32	14	68	65
	77	26	88	13	99	26	25	80	51	10	29	63
	15	43	77	79	99	74	89	90	60	98	49	56
	20	76	21	37	83	95	68	80	80	15	54	51
	17	87	84	25	51	36	99	46	10	68	24	78
	91	47	62	75	26	76	24	99	87	62	36	69
	19	73	28	97	81	83	19	12	13	98	62	94
	95	62	41	59	78	25	71	97	16	57	21	99
	41	86	31	20	75	96	26	11	20	17	82	25
	99	75	16	78	74	94	89	30	93	60	75	67
	87	83	49	56	28	28	62	75	12	27	64	21
	79	79	97	76	54	37	94	75	37	29	57	63
	26	83	49	35	98	71	56	92	38	41	21	59
	79	46	72	13	94	73	26	57	31	31	93	50
	65	81	65	62	70	95	62	57	16	91	13	60
	83	15	66	30	52	81	33	26	81	65	85	91
	61	54	49	80	78	44	58	57	96	12	24	83
	56	28	86	11	34	52	76	96	20	63	31	31
	88	92	58	65	16	82	10	25	51	28	18	25
	84	87	93	13	76	79	37	42	62	48	17	66
	89	75	25	55	63	46	84	94	60	15	59	58
	56	62	31	89	79	69	19	19	51	92	54	83
	73	52	56	11	89	16	28	100	38	13	29	14
	40	51	51	39	58	27	74	72	82	78	22	80
	15	71	98	50	27	71	86	79	34	95	52	75

	97	69	55	96	80	52	86	48	40	50	38	45
	54	29	53	84	35	94	78	23	39	30	29	37
	31	75	93	59	91	37	96	15	54	24	15	94
	91	52	34	75	46	97	49	43	81	56	76	79
	15	60	72	76	37	78	14	92	96	78	47	39
	72	22	92	98	91	57	59	69	69	92	34	90
	23	90	82	25	75	74	55	88	50	16	44	26
	13	86	52	87	61	74	45	94	28	93	70	84
	55	61	18	99	62	36	88	54	42	100	64	23
	92	84	88	58	59	45	76	50	64	14	54	52
	16	98	33	29	65	75	65	63	73	98	63	28
	18	31	23	84	59	94	74	12	25	49	26	29
	27	66	97	67	31	100	61	62	51	96	87	64
	14	19	91	50	57	77	19	35	36	31	47	30
	83	36	59	24	42	44	50	52	14	100	71	15
	61	81	50	49	26	80	91	99	27	37	64	49
	42	71	64	68	78	68	62	68	90	10	12	98
	70	48	18	42	99	19	29	53	29	63	18	89
	85	45	63	82	23	69	94	58	100	32	93	12
	80	92	75	49	51	15	88	77	23	45	81	16
	81	39	30	69	55	55	95	82	21	77	62	42
	57	38	88	89	90	71	12	71	81	15	13	50
	78	38	25	57	40	52	79	82	96	61	58	23
	63	70	49	86	10	47	14	54	86	18	95	34
	69	36	43	75	98	50	89	40	46	73	19	41
	40	71	21	94	90	28	29	40	75	68	76	38
	30	35	27	41	16	76	36	96	85	15	74	88
	34	77	28	22	47	63	99	78	98	82	64	38
	36	34	94	73	78	12	74	47	97	64	81	58
	59	34	96	64	91	51	14	35	48	25	22	16

	64	50	64	56	43	39	51	97	76	96	61	47
	11	35	31	69	83	35	28	50	12	75	54	60
	60	61	83	79	59	98	90	64	21	73	66	59
	58	79	74	98	68	36	99	12	32	90	67	61
	93	40	49	88	19	13	74	44	29	42	43	26
	70	29	88	82	36	96	54	28	55	37	57	59
	43	20	28	62	11	74	50	66	57	79	61	83
	78	33	82	60	77	39	72	17	75	73	99	87
	69	38	44	72	50	51	92	51	62	34	70	90
	24	61	50	50	63	52	52	67	32	95	63	58
	59	34	43	68	70	32	48	94	40	15	57	86
	29	29	69	66	94	15	91	14	68	24	86	31
	81	62	64	44	28	85	23	96	77	49	82	84
	98	26	39	29	65	59	72	15	15	40	58	15
	95	96	38	29	61	19	84	55	72	96	32	41
	98	83	57	28	77	82	71	79	30	15	16	30
	72	41	11	59	64	87	74	93	18	65	34	72
	54	45	34	95	27	98	89	10	34	16	92	17
	100	71	69	53	14	69	60	48	88	68	99	78
	16	96	49	95	34	97	54	24	94	94	79	72
	35	59	85	12	97	54	89	91	98	59	45	74
	39	32	90	97	79	88	77	27	80	94	97	17
	42	82	63	31	29	49	88	77	91	42	29	71
	33	45	94	72	52	21	71	24	62	12	24	85
	99	65	66	36	90	63	82	36	26	43	95	34
	53	59	58	65	30	48	98	46	98	47	43	72
	17	76	97	84	68	90	70	20	88	78	89	71
	39	73	14	83	62	48	79	43	98	25	97	41
	14	87	51	69	31	73	38	25	10	84	19	76
	62	50	31	61	64	90	79	72	17	88	23	46

	86	43	51	73	67	21	57	69	59	87	93	12
	32	39	100	40	12	90	27	83	88	27	85	51
	61	93	83	12	68	62	81	16	39	78	29	97
	84	100	11	43	25	12	57	61	53	99	44	70
	80	51	93	14	80	14	53	67	87	100	39	76
	78	52	22	90	38	97	82	37	48	31	27	23
	89	87	47	49	95	93	92	46	35	55	99	91
	21	19	40	83	23	69	25	54	44	91	27	25
	31	27	77	27	19	58	51	47	63	56	26	69
	88	14	64	34	71	98	82	100	17	60	18	23
	78	28	83	12	96	77	60	85	98	64	63	84
	88	51	93	58	87	86	56	40	55	52	41	56
	33	71	49	99	48	12	61	18	98	41	66	84
	86	52	37	11	58	88	57	66	87	32	67	37
	85	72	14	90	34	17	51	22	74	36	91	77
	93	96	66	47	67	22	39	27	19	45	28	96
	94	84	31	13	45	11	12	60	54	38	62	76
	18	57	55	48	71	79	62	80	11	50	32	60
	94	16	88	42	47	35	21	24	40	47	95	57
	33	16	75	27	12	37	49	18	99	44	41	70
	50	89	91	88	74	24	94	24	56	56	43	13
	43	19	78	75	48	93	84	92	32	56	58	39
	65	50	22	18	98	59	53	28	11	15	44	99
	82	64	41	91	82	39	53	23	93	23	56	12
	18	53	57	90	98	21	68	77	37	23	37	23
	21	97	58	68	41	53	81	52	31	66	21	63
	59	77	84	74	20	31	75	60	32	68	15	81
	91	55	26	61	35	83	81	55	96	59	23	46
	87	46	67	49	81	21	12	51	72	64	87	26
	16	43	19	16	11	55	86	67	67	41	93	33

	31	76	21	23	12	36	10	47	31	77	87	47
	13	16	40	71	46	66	84	84	31	51	42	96
	19	78	19	52	50	27	36	76	24	11	21	85
	79	80	20	27	43	92	86	34	51	73	51	37
	48	21	19	56	86	46	28	91	50	36	47	81
	23	23	66	89	28	92	84	55	67	84	47	13
	73	91	62	45	89	17	81	28	69	93	70	68
	69	45	54	72	18	81	60	50	11	18	69	25
	95	39	66	87	51	44	60	59	69	62	24	16
	23	77	84	53	96	50	93	47	94	51	72	49
	38	77	65	64	27	12	34	71	83	60	70	26
	98	78	97	47	53	42	53	25	15	81	62	96
	32	22	74	31	71	36	58	90	14	68	37	13
	25	70	54	32	79	42	60	52	84	11	26	43
	26	94	32	13	56	13	24	18	81	20	62	57
	19	32	97	19	52	49	62	74	63	39	76	90
	38	27	26	79	54	69	41	53	87	49	20	69
	92	58	69	92	84	15	39	66	44	72	39	35
	96	32	51	56	39	11	37	60	65	77	93	81
	83	60	19	68	25	74	31	19	90	42	35	53
	41	42	77	13	64	59	80	95	24	40	21	39
	74	81	21	11	11	72	13	74	53	19	62	41
	20	96	91	23	25	55	72	40	27	54	74	92
	14	16	13	36	46	33	33	36	23	50	82	14
	73	77	38	41	94	73	78	68	12	57	63	25
	77	28	72	46	46	73	48	81	66	93	29	83
	43	46	66	42	87	34	78	97	69	90	97	48
	54	42	98	50	89	98	17	44	40	44	10	100
	75	88	92	57	64	54	18	28	94	68	96	16
	96	32	84	28	89	95	84	29	68	71	84	11

	76	53	12	25	12	45	54	26	55	69	88	57
	66	43	58	53	39	39	97	63	75	43	97	37
	84	35	72	48	76	11	16	74	62	41	63	82
	25	12	51	35	75	94	68	34	94	33	20	41
	54	48	78	99	24	34	32	21	19	90	10	28
	78	88	19	10	33	89	49	37	64	77	36	82
	41	44	56	95	84	93	22	87	79	17	45	82
	78	18	19	35	46	66	80	60	55	68	47	75
	84	50	98	67	11	23	42	43	88	46	30	58
	45	63	77	31	79	32	73	81	63	64	85	82
	77	77	74	96	89	54	50	60	97	85	80	20
	70	75	17	24	26	35	80	94	57	45	48	18
	54	71	50	98	61	57	43	19	91	69	65	20
	60	56	66	85	84	83	39	17	35	89	43	45
	65	61	53	53	22	34	66	75	74	20	61	97
	10	29	29	26	18	96	14	25	81	28	69	56
	99	96	97	77	26	21	27	25	33	75	22	70
	63	96	76	79	68	77	89	48	44	52	79	11
	94	72	32	97	58	21	25	45	80	79	23	51
	79	60	50	60	62	12	69	21	59	37	33	22
	84	96	82	93	47	69	78	40	71	91	33	74
	84	84	45	75	74	98	84	10	25	69	22	91
	27	72	85	83	83	84	30	13	30	31	59	95
	43	18	11	53	63	40	39	79	42	99	41	85
	37	23	33	43	22	32	72	43	97	36	40	58
	70	58	94	52	67	46	46	24	58	69	53	69
	75	60	65	82	42	95	15	32	17	52	94	61
	32	73	64	80	43	45	97	68	37	95	83	80
	44	15	40	98	20	65	46	40	85	19	11	17
	69	31	25	88	84	89	78	87	36	54	36	73

	98	50	36	10	61	45	69	59	18	38	85	42
	26	82	93	98	61	22	43	21	20	65	75	56
	17	45	62	21	96	90	33	75	45	96	36	31
	95	64	13	77	94	75	10	80	11	94	76	97
	95	17	87	56	23	30	33	67	97	71	86	59
	80	95	47	14	29	85	52	25	81	50	99	20
	95	57	93	63	67	30	22	79	11	78	67	13
	69	97	16	46	22	89	68	57	30	80	75	36
	50	18	20	63	80	17	98	79	73	15	27	58
	67	36	32	48	88	61	77	96	16	34	81	87
	12	75	84	83	28	11	20	63	13	72	84	28
	73	22	13	17	27	53	82	55	23	29	55	29
	80	19	35	72	76	93	29	55	51	82	57	96
	72	59	54	87	75	74	35	84	45	43	29	85
	95	79	30	63	28	94	51	65	72	82	78	67
	59	36	40	99	36	32	90	94	69	56	32	46
	16	79	35	93	97	45	35	64	51	88	78	45
	31	90	72	51	90	16	85	30	76	79	71	27
	57	51	12	18	28	61	79	75	85	66	12	35
	40	78	68	39	78	27	19	57	91	81	22	49
	99	55	22	41	13	47	85	44	55	33	25	33
	15	40	44	64	57	18	65	100	91	35	58	35
	45	37	28	47	22	87	59	75	18	48	49	88
	13	90	35	84	50	29	32	30	24	25	49	42
	28	25	88	75	60	58	50	20	51	89	41	42
	46	17	28	96	33	67	19	60	76	70	50	49
	31	26	56	40	67	21	71	54	65	53	40	18
	91	73	85	37	19	94	55	77	33	89	98	49
	31	51	72	22	52	46	12	90	44	26	60	52
	94	28	92	52	52	88	61	53	78	65	10	75

	14	35	93	72	25	98	61	59	41	10	89	66
	96	69	56	79	39	52	53	19	35	87	83	78
	11	39	69	98	86	12	41	64	60	28	97	74
	55	55	94	50	75	70	64	97	72	81	13	24
	93	88	47	87	38	76	20	27	90	19	99	63
	85	29	76	59	58	49	27	88	90	39	22	13
	80	93	54	89	59	25	47	41	33	40	27	12
	99	66	91	58	28	25	40	78	56	76	32	12
	96	43	72	97	75	76	30	22	89	41	52	91
	64	62	50	86	61	84	40	60	85	75	38	35
	82	79	12	100	36	56	17	92	50	59	75	23
	95	31	65	91	35	89	74	85	37	89	54	69
	63	41	33	30	32	23	43	72	93	45	64	97
	96	19	73	51	28	35	55	67	20	73	52	62
	42	40	81	30	77	98	35	79	13	37	78	99
	33	66	17	27	95	90	54	68	65	35	41	39
	22	74	37	82	74	76	56	45	16	27	11	39
	43	98	97	89	42	18	73	73	47	58	89	87
	58	88	19	80	95	83	70	12	31	96	85	50
	68	35	10	77	63	64	26	20	75	62	48	53
	77	92	10	99	95	19	24	37	92	41	14	71
	71	60	70	58	32	61	80	40	15	54	98	71
	40	68	45	70	68	83	85	11	48	89	86	50
	28	91	30	70	52	65	76	20	41	71	91	27
	54	35	69	96	46	82	79	62	20	92	35	81
	63	95	52	50	25	37	21	99	35	67	44	13
	61	51	19	63	29	38	89	81	17	92	95	65
	73	44	76	15	65	26	40	82	29	65	79	12
	99	39	27	63	99	14	35	90	65	51	67	83
	60	32	80	98	34	66	44	69	17	69	32	29

