***** PARAMETERS PRP *****

Number of Customers = 30
Number of Products = 10
Number of Vehicles = 5
Number of Periods = 12

B = Production capacity
	49481

b_p = Time required to produce item p
 	1	1	1	1	1	1	1	1	1	1

c_p = Production cost of item p
 	30	80	30	30	80	80	30	80	30	80

s_p = Setup cost of item p
 	300	800	300	300	800	800	300	800	300	800

M = Big number
	197923

U_pi = Maximum inventory upper bound of item p at site i
 	197923	185	159	120	111	245	106	128	223	156	181	205	119	96	193	123	112	217	195	144	162	172	307	93	126	276	230	205	157	120	257
	197923	329	187	178	254	164	106	297	124	167	207	138	223	214	245	193	163	175	159	242	334	211	147	110	161	293	223	258	129	108	315
	197923	170	122	315	150	189	115	224	233	122	124	248	199	236	109	119	240	111	105	219	150	146	313	218	103	248	89	113	201	130	214
	197923	230	244	259	230	264	226	138	213	310	233	150	238	154	234	215	225	229	147	223	189	87	171	133	108	229	113	359	222	250	283
	197923	211	132	95	144	87	159	270	165	222	94	185	198	216	181	106	128	154	102	232	101	227	182	236	97	149	273	113	208	186	269
	197923	269	188	224	189	186	306	263	179	166	334	199	173	113	170	165	225	170	239	204	161	225	97	112	200	188	245	174	214	182	118
	197923	156	215	247	291	168	225	210	109	218	114	124	277	113	100	152	216	131	159	102	265	239	284	301	282	133	290	115	164	242	102
	197923	245	129	99	161	248	365	103	203	265	251	163	92	122	278	218	248	214	162	201	181	114	267	162	127	269	255	115	151	228	222
	197923	88	301	206	180	190	127	170	226	122	113	100	136	103	102	121	299	244	214	172	176	324	183	158	146	209	103	168	104	225	137
	197923	156	178	311	141	126	188	170	308	287	293	109	285	205	292	117	88	200	279	176	170	185	216	169	275	140	256	223	200	154	94

I_pi0 = Initial inventory of item p at site i
 	0	146	155	119	54	25	92	100	151	131	150	163	51	77	78	45	75	84	115	103	150	120	289	75	113	57	53	95	72	22	221
	0	125	170	83	78	93	85	149	90	123	179	132	148	32	129	171	96	119	75	178	158	154	134	38	107	26	76	15	86	35	89
	0	90	13	16	90	146	50	194	90	91	78	86	94	158	62	93	203	80	97	57	94	92	70	194	66	176	46	66	63	124	166
	0	89	183	104	122	62	127	20	112	96	231	148	125	131	81	202	104	183	142	163	78	64	79	123	46	203	39	105	98	12	34
	0	161	49	81	128	77	141	166	150	110	33	123	162	119	12	73	118	151	91	103	40	52	93	151	89	20	110	74	127	178	174
	0	203	85	144	112	172	227	44	94	158	75	195	103	75	98	129	90	110	234	198	109	141	45	111	66	138	189	94	92	52	46
	0	75	137	192	30	101	89	198	98	146	97	85	249	28	90	22	207	105	114	59	204	175	65	184	192	128	93	102	159	131	100
	0	109	124	55	113	131	213	68	159	134	124	147	57	66	211	210	246	214	156	121	23	58	120	133	98	94	53	89	125	214	97
	0	65	147	119	151	135	111	46	91	72	99	63	67	77	73	59	129	199	147	162	64	99	65	140	138	84	71	144	79	178	22
	0	27	90	83	118	120	118	40	172	97	280	86	96	112	126	109	50	128	180	155	49	147	136	56	217	93	190	70	109	138	91

h_pi = Inventory cost of item p at site i
 	3	6	2	7	6	5	7	9	2	9	2	5	2	3	6	2	7	5	3	2	4	6	5	7	4	2	2	6	1	7	9
	8	1	7	1	7	2	1	4	6	4	8	7	3	4	9	7	6	7	9	3	4	5	4	5	3	4	5	5	2	1	3
	3	4	8	7	7	6	7	5	7	3	9	3	3	1	3	9	6	4	2	3	7	5	8	9	1	1	7	8	3	6	5
	3	6	6	4	1	1	7	1	7	1	1	5	2	1	5	1	6	5	2	1	5	8	2	8	6	5	1	2	3	1	8
	8	5	5	1	2	2	4	3	7	8	6	3	4	4	1	1	5	1	5	8	5	9	9	2	4	1	2	5	3	1	1
	8	2	1	3	9	2	3	4	9	9	7	1	5	5	8	6	7	2	1	7	9	9	1	3	2	5	5	2	4	4	1
	3	9	2	4	7	5	6	6	1	5	9	6	5	1	6	3	6	6	6	1	4	3	8	3	9	2	1	2	5	2	6
	8	4	2	4	8	9	6	6	1	3	1	9	4	6	6	9	9	7	8	3	9	3	1	5	4	6	6	9	9	1	8
	3	5	8	4	3	1	3	8	9	6	2	3	5	9	8	6	4	8	7	8	1	7	6	1	4	3	6	8	2	5	3
	8	7	8	5	5	5	3	9	1	2	2	6	8	3	5	7	4	7	3	6	9	3	5	9	8	9	9	4	9	3	4

C = Vehicle capacity
	3650

f = Fixed transportation cost
	30132

a_ik = Transportation cost for traveling from node i to node k
 	0	512	239	393	379	389	352	343	466	434	484	505	264	49	81	518	501	512	294	587	350	581	553	493	394	495	225	297	353	626	144
	512	0	660	190	771	497	706	185	119	280	601	838	265	465	468	640	75	910	686	762	819	852	755	830	127	735	324	633	707	870	509
	239	660	0	591	141	311	124	475	649	654	355	270	461	273	319	374	672	277	59	401	166	358	360	258	564	295	336	105	125	408	154
	393	190	591	0	721	524	667	191	86	111	640	815	132	345	329	681	136	862	631	793	734	853	776	805	90	741	281	595	668	882	440
	379	771	141	721	0	348	75	588	772	789	344	140	593	413	459	348	791	142	91	331	154	245	287	128	685	223	453	141	74	298	282
	389	497	311	524	348	0	273	341	542	623	117	364	429	381	433	159	541	464	295	271	464	358	260	359	455	241	259	220	274	373	253
	352	706	124	667	75	273	0	524	714	742	276	155	542	378	429	284	730	205	67	287	210	235	244	144	626	178	393	74	2	284	234
	343	185	475	191	588	341	524	0	202	299	454	661	151	298	315	496	208	727	502	611	635	685	598	653	114	569	140	451	525	708	324
	466	119	649	86	772	542	714	202	0	162	654	857	203	418	407	695	53	914	684	812	798	885	800	848	90	770	322	640	715	910	496
	434	280	654	111	789	623	742	299	162	0	740	893	203	389	359	781	212	929	699	890	783	940	870	883	200	831	371	671	743	972	509
	484	601	355	640	344	117	276	454	654	740	0	314	546	483	537	42	650	432	321	162	484	275	161	313	568	168	375	251	277	278	342
	505	838	270	815	140	364	155	661	857	893	314	0	692	533	583	301	868	128	213	237	278	113	197	13	768	151	536	223	154	167	388
	264	265	461	132	593	429	542	151	203	203	546	692	0	216	207	587	241	734	503	692	602	738	670	682	140	629	172	470	543	770	312
	49	465	273	345	413	381	378	298	418	389	483	533	216	0	55	519	453	548	325	597	395	602	565	521	346	510	189	318	379	645	154
	81	468	319	329	459	433	429	315	407	359	537	583	207	55	0	573	447	593	373	651	429	655	619	571	344	564	224	370	430	698	208
	518	640	374	681	348	159	284	496	695	781	42	301	587	519	573	0	690	424	335	124	494	249	130	301	609	150	416	270	285	246	375
	501	75	672	136	791	541	730	208	53	212	650	868	241	453	447	690	0	932	704	810	826	890	800	860	110	774	339	656	731	912	519
	512	910	277	862	142	464	205	727	914	929	432	128	734	548	593	424	932	0	232	365	207	231	324	125	826	276	593	277	204	281	423
	294	686	59	631	91	295	67	502	684	699	321	213	503	325	373	335	704	232	0	350	170	300	308	201	597	242	366	75	68	350	192
	587	762	401	793	331	271	287	611	812	890	162	237	692	597	651	124	810	365	350	0	484	150	45	242	725	110	521	304	287	130	445
	350	819	166	734	154	464	210	635	798	783	484	278	602	395	429	494	826	207	170	484	0	390	440	268	716	376	496	244	209	444	311
	581	852	358	853	245	358	235	685	885	940	275	113	738	602	655	249	890	231	300	150	390	0	121	123	796	118	572	285	234	55	451
	553	755	360	776	287	260	244	598	800	870	161	197	670	565	619	130	800	324	308	45	440	121	0	201	712	67	500	265	244	118	412
	493	830	258	805	128	359	144	653	848	883	313	13	682	521	571	301	860	125	201	242	268	123	201	0	759	152	527	212	143	177	377
	394	127	564	90	685	455	626	114	90	200	568	768	140	346	344	609	110	826	597	725	716	796	712	759	0	681	234	552	627	821	411
	495	735	295	741	223	241	178	569	770	831	168	151	629	510	564	150	774	276	242	110	376	118	67	152	681	0	461	202	178	142	356
	225	324	336	281	453	259	393	140	322	371	375	536	172	189	224	416	339	593	366	521	496	572	500	527	234	461	0	319	394	602	185
	297	633	105	595	141	220	74	451	640	671	251	223	470	318	370	270	656	277	75	304	244	285	265	212	552	202	319	0	75	329	168
	353	707	125	668	74	274	2	525	715	743	277	154	543	379	430	285	731	204	68	287	209	234	244	143	627	178	394	75	0	283	235
	626	870	408	882	298	373	284	708	910	972	278	167	770	645	698	246	912	281	350	130	444	55	118	177	821	142	602	329	283	0	492
	144	509	154	440	282	253	234	324	496	509	342	388	312	154	208	375	519	423	192	445	311	451	412	377	411	356	185	168	235	492	0

coordXY = Coordinates (x,y): line zero => x line one => y column => customers
 	458	120	375	308	331	86	280	190	236	396	21	224	339	434	474	2	185	341	336	1	484	113	45	232	229	109	251	271	280	61	336
	550	934	326	913	193	439	247	763	959	979	342	103	785	592	629	305	970	52	283	182	201	83	183	112	870	200	638	320	246	67	474

d_pit = Demand of item p at customer i in period t
 	96	50	60	47	56	62	72	59	59	76	52	51
	63	92	71	87	19	63	52	12	32	34	66	46
	63	56	57	41	75	58	81	79	27	97	17	70
	43	11	60	98	37	52	19	99	20	85	43	98
	25	13	72	28	56	89	20	73	30	72	38	72
	92	35	44	39	31	40	58	80	63	50	27	75
	100	82	53	56	99	37	33	39	100	16	85	67
	51	100	77	80	37	14	95	93	12	45	33	31
	78	31	22	19	26	12	47	14	16	31	69	10
	67	58	25	39	45	96	62	76	62	47	89	59
	63	100	77	96	93	85	77	18	33	46	58	74
	51	92	16	67	98	97	90	25	12	50	50	63
	77	75	28	37	13	36	97	11	39	32	72	58
	14	64	92	77	89	82	56	66	17	82	52	79
	45	84	79	49	13	15	74	85	55	90	100	48
	35	40	67	13	95	37	12	88	41	66	94	85
	59	12	13	32	34	81	20	68	60	53	53	35
	99	16	89	16	87	55	96	58	92	34	96	40
	23	43	37	62	50	19	76	64	27	93	61	22
	33	44	59	14	92	95	52	78	47	79	41	12
	71	49	65	80	77	49	12	75	19	48	60	84
	14	92	86	97	49	55	59	94	15	79	67	29
	13	30	32	32	21	18	59	91	77	88	33	66
	30	83	81	68	14	54	84	77	68	48	59	87
	40	17	26	67	47	51	93	96	74	36	55	60
	53	12	72	33	26	20	36	72	98	20	18	91
	95	37	79	19	43	46	28	78	53	69	55	12
	18	11	43	18	43	37	48	23	96	31	74	29
	22	58	93	87	74	32	97	70	62	16	76	30
	30	39	93	59	40	65	65	45	33	18	32	97

	73	17	35	74	95	88	64	91	79	96	14	64
	39	99	32	77	80	66	91	19	54	84	46	59
	83	59	29	59	38	85	40	52	58	78	37	92
	78	76	84	24	50	16	45	64	26	93	36	18
	93	71	82	86	42	52	17	85	17	48	49	13
	85	37	46	12	11	83	76	55	96	66	19	51
	24	32	93	65	85	64	22	56	77	52	99	43
	90	73	51	85	67	14	78	62	80	43	82	20
	95	28	28	54	91	95	46	22	32	60	58	57
	83	96	76	76	36	62	14	31	26	19	81	22
	68	64	48	83	100	76	54	79	52	88	33	82
	55	64	29	80	41	16	91	76	76	12	61	67
	32	100	77	88	76	90	91	56	58	64	88	35
	98	31	24	59	90	50	38	97	38	15	98	96
	65	37	69	75	69	83	46	74	44	52	63	96
	28	68	40	38	78	15	55	69	80	43	71	67
	91	28	64	30	81	78	92	24	19	15	82	95
	75	58	45	92	41	17	51	18	32	37	73	96
	95	83	84	25	38	22	83	28	91	31	68	79
	86	72	97	96	61	46	40	89	99	10	44	61
	73	17	64	72	76	47	39	82	25	31	63	44
	81	18	20	15	68	96	79	37	70	36	14	55
	38	99	27	46	56	38	49	71	24	97	90	26
	25	62	20	28	58	20	48	24	53	64	22	58
	26	82	95	81	75	60	62	26	52	55	43	46
	76	77	73	49	17	85	29	44	38	31	70	81
	15	77	58	87	70	49	85	65	90	24	94	61
	15	44	27	59	46	54	38	63	18	11	45	94
	35	94	31	25	24	69	70	19	67	47	83	84
	89	60	39	34	98	64	61	60	89	27	78	58

	48	42	68	67	88	64	27	30	99	57	43	45
	13	23	52	42	53	99	14	21	48	26	73	23
	16	42	43	84	38	81	65	91	77	69	97	53
	34	56	76	57	25	95	97	13	21	58	11	56
	64	82	52	53	12	14	41	50	16	96	44	44
	50	55	15	94	71	61	18	95	85	22	49	76
	98	96	82	69	13	98	92	67	75	87	60	60
	90	12	34	99	41	35	36	27	69	56	20	40
	17	74	47	67	99	54	64	32	61	38	80	97
	78	88	86	46	34	23	13	43	91	87	85	70
	16	70	74	55	20	55	58	53	15	24	60	94
	94	62	68	86	18	65	90	86	86	19	26	97
	77	42	24	15	21	32	72	14	93	53	85	39
	62	54	11	83	92	72	36	51	77	22	77	17
	93	43	51	48	84	64	84	12	38	78	33	84
	53	25	96	29	91	75	30	35	55	95	73	62
	41	39	73	61	77	54	61	69	33	38	61	57
	86	11	44	17	62	38	54	25	82	43	69	99
	57	13	93	62	32	28	97	75	91	16	58	35
	14	80	45	35	79	15	84	40	66	74	51	17
	73	19	91	45	11	31	44	28	26	92	83	40
	70	98	45	23	71	99	94	39	56	43	46	67
	73	86	35	36	65	12	45	28	74	96	70	33
	66	81	34	47	79	22	25	20	92	41	97	14
	36	49	33	58	78	59	28	63	19	71	68	33
	46	78	12	90	16	44	68	12	54	12	23	76
	66	56	58	71	48	80	71	74	11	61	37	44
	63	46	72	81	41	68	82	95	45	91	88	32
	57	67	24	69	77	50	98	99	62	81	81	17
	36	57	25	48	36	22	69	91	58	13	19	40

	89	53	54	59	74	67	52	57	22	30	100	32
	16	89	61	17	50	94	56	91	78	31	81	67
	49	55	46	77	81	11	34	85	33	49	32	70
	49	60	13	97	70	50	75	83	22	55	51	66
	62	54	59	83	12	86	85	48	58	93	96	56
	31	96	33	66	42	41	71	52	90	25	38	94
	20	42	26	32	46	26	24	83	82	44	86	39
	35	66	11	28	70	13	36	47	86	63	20	37
	96	93	89	20	52	67	71	21	56	91	35	54
	13	97	58	63	57	83	62	90	12	66	31	66
	45	68	35	13	37	82	96	53	53	48	26	45
	46	79	61	27	17	33	14	18	23	97	58	97
	23	56	52	21	62	29	62	82	46	79	44	58
	81	22	34	78	96	46	17	67	15	32	12	62
	54	61	87	87	39	42	17	75	71	22	44	45
	93	11	60	80	54	89	58	89	26	51	54	11
	42	85	56	93	34	22	66	60	51	79	10	88
	36	69	37	28	69	14	22	60	71	96	63	21
	77	46	40	61	41	89	81	92	14	49	32	47
	14	64	65	60	61	79	52	72	95	42	93	59
	33	31	69	11	52	71	82	10	12	61	46	42
	79	94	21	64	64	33	69	17	53	90	28	73
	41	82	92	86	62	68	98	96	70	57	33	12
	46	21	94	33	65	40	13	49	44	100	62	80
	79	55	69	63	93	65	33	73	64	24	11	58
	39	55	78	49	80	11	34	27	92	49	73	92
	29	76	22	80	76	97	93	96	80	67	96	50
	46	27	25	83	98	98	96	64	94	99	93	63
	12	86	87	37	80	10	25	87	21	40	44	71
	34	28	43	90	83	71	50	51	34	66	93	35

	80	52	29	82	77	81	12	82	59	18	21	39
	49	92	65	79	73	15	60	72	99	72	73	45
	81	84	11	38	24	50	58	81	17	33	64	30
	89	14	25	61	59	11	49	72	54	55	49	39
	13	27	37	66	37	51	60	41	46	33	49	64
	20	12	67	42	11	18	56	11	79	43	90	27
	98	54	14	87	60	30	50	68	94	66	93	97
	18	35	97	92	37	32	67	87	15	97	40	43
	40	70	53	47	88	25	47	63	45	77	92	20
	33	83	43	97	20	45	65	54	21	63	25	17
	74	49	19	15	46	94	45	91	39	82	95	90
	68	25	14	55	16	36	79	57	58	64	59	64
	66	53	83	12	65	68	75	44	21	57	71	33
	12	62	56	36	77	88	35	72	82	36	89	79
	50	23	55	39	28	21	99	20	61	79	92	67
	20	98	76	94	37	97	51	54	43	84	14	97
	35	42	17	57	77	63	74	17	77	36	76	46
	77	14	64	81	17	44	18	92	63	14	54	71
	66	25	12	92	94	39	83	54	14	88	72	58
	40	69	31	79	84	43	68	17	40	29	69	37
	52	22	56	65	81	27	28	89	53	79	93	35
	93	28	33	89	46	26	94	59	89	21	52	96
	41	68	18	24	22	14	61	71	72	44	77	55
	89	79	21	88	23	31	47	59	20	17	79	27
	20	71	32	57	40	51	53	96	24	31	92	30
	89	21	91	50	18	96	41	48	31	66	85	19
	74	70	39	80	18	33	42	39	60	100	87	35
	83	13	31	91	95	58	60	23	65	21	61	23
	35	57	86	71	66	79	80	41	47	94	47	42
	68	32	55	19	45	94	39	55	36	50	89	63

	17	96	90	92	78	85	45	96	45	13	85	64
	54	31	21	31	16	98	73	44	47	55	34	61
	40	58	46	91	64	11	20	70	82	85	39	65
	48	64	80	72	56	56	48	48	65	41	80	99
	93	43	36	33	87	46	73	62	34	62	96	77
	72	67	88	96	63	75	19	78	94	90	82	93
	44	19	87	44	95	17	75	51	64	27	34	74
	42	52	48	62	58	22	40	61	12	83	37	20
	81	77	97	81	64	27	43	57	40	38	47	12
	75	81	60	40	44	18	94	91	72	93	57	76
	56	57	82	20	49	96	93	55	56	46	93	93
	85	18	79	34	58	59	63	89	81	18	37	71
	75	66	37	83	71	40	69	27	52	47	48	64
	98	94	15	40	77	51	43	21	41	70	45	83
	42	87	54	30	34	14	55	72	14	85	77	95
	19	71	51	70	67	35	11	26	34	89	55	13
	83	27	50	45	80	20	75	89	27	99	53	32
	43	66	54	71	72	19	15	31	89	60	20	33
	53	96	49	69	90	32	57	89	92	84	64	42
	50	59	69	75	34	70	15	41	54	41	95	41
	29	25	61	26	54	71	35	58	41	67	24	50
	25	20	96	87	19	32	51	10	44	27	89	82
	97	14	16	81	65	28	78	35	93	60	70	35
	66	63	24	84	32	93	98	85	22	73	74	84
	41	97	88	77	69	73	73	74	29	59	17	55
	89	89	11	73	62	17	59	69	19	74	92	82
	94	38	22	49	77	30	46	91	98	42	35	72
	92	80	15	45	26	87	100	27	51	22	42	54
	52	76	16	14	16	55	33	34	32	77	52	89
	46	92	40	13	37	13	40	27	23	13	70	59

	33	29	13	72	67	54	58	48	67	76	18	87
	46	12	43	36	70	64	16	88	68	39	69	94
	52	67	73	65	79	24	68	47	30	88	84	63
	30	24	28	71	45	87	87	71	42	67	96	50
	23	78	97	38	24	90	80	28	69	76	23	46
	89	25	26	61	77	95	84	11	16	32	97	63
	19	13	78	88	57	97	70	49	29	13	29	87
	98	73	21	71	47	18	90	38	84	24	57	34
	100	46	99	81	13	21	78	72	26	29	33	55
	97	32	72	89	30	86	22	63	10	65	97	19
	39	16	30	11	11	14	35	81	74	36	68	79
	98	24	37	90	40	43	23	57	69	69	70	44
	13	15	88	11	74	53	74	97	88	43	37	86
	90	80	90	23	36	39	72	47	30	66	10	15
	22	90	98	23	22	27	79	89	78	24	23	34
	21	79	35	72	66	98	33	84	39	66	41	15
	38	67	93	70	18	86	96	75	74	25	83	59
	50	64	17	24	84	68	36	65	16	37	79	94
	59	44	59	98	16	85	32	20	28	77	81	13
	78	71	35	20	83	44	24	76	35	63	31	75
	46	71	58	24	68	42	50	36	75	99	59	88
	65	55	98	31	28	94	29	94	48	23	71	46
	13	68	27	76	47	46	34	85	88	98	60	81
	96	96	92	21	27	92	42	41	27	68	33	41
	60	68	78	39	64	43	31	26	45	35	32	11
	43	50	80	84	71	97	27	52	18	43	55	75
	15	87	95	66	18	66	90	40	97	41	16	57
	78	81	53	34	99	48	53	19	42	45	32	70
	52	22	57	68	41	12	11	71	96	42	50	59
	29	71	73	31	36	55	56	35	23	56	73	72

	20	89	91	58	44	39	71	85	38	77	25	99
	76	48	65	54	69	32	79	22	84	89	86	71
	55	88	14	28	97	16	55	91	52	26	58	12
	77	36	56	36	43	71	76	46	72	62	14	54
	92	39	50	43	66	25	37	62	89	11	46	35
	68	37	66	42	70	91	93	84	68	99	70	88
	68	64	70	29	16	50	15	93	69	43	71	29
	17	81	61	16	51	14	53	80	55	55	97	30
	13	37	84	48	23	85	99	82	21	42	34	67
	41	83	15	41	41	37	79	93	89	86	74	74
	75	72	13	39	61	95	96	43	63	19	25	52
	38	19	86	63	15	65	92	57	23	37	18	37
	66	69	64	59	81	26	65	92	63	59	56	30
	75	51	15	70	40	62	37	90	67	54	96	11
	60	78	72	39	95	72	10	19	28	39	62	79
	75	56	46	69	61	61	33	21	13	45	63	52
	74	93	47	42	73	85	64	51	46	13	15	39
	15	53	88	16	10	48	67	89	96	81	36	47
	31	90	91	84	43	82	82	43	51	81	36	89
	23	16	91	55	20	96	96	18	86	67	72	84
	58	65	67	20	74	80	56	40	91	83	10	40
	30	90	27	27	56	26	34	79	78	58	56	79
	39	94	16	29	32	74	40	96	56	53	94	25
	98	98	62	74	67	17	98	40	91	67	13	34
	43	51	50	82	97	44	50	89	37	26	39	37
	53	20	72	94	84	33	32	97	57	70	84	69
	42	47	31	67	80	77	29	95	59	75	22	63
	49	45	31	92	80	86	72	23	11	70	22	23
	60	84	70	76	26	40	14	13	47	32	61	24
	97	85	33	38	41	46	65	34	16	92	34	86

	16	49	30	33	84	46	30	45	52	86	22	32
	47	33	67	73	23	82	85	93	26	89	73	31
	89	15	15	47	18	20	50	53	41	49	37	60
	87	64	60	48	65	37	89	46	19	43	74	88
	96	39	86	54	81	84	61	63	39	52	79	26
	59	52	11	47	33	29	28	42	78	22	17	88
	24	22	44	99	64	45	71	89	49	62	57	52
	30	61	33	80	49	10	68	75	92	57	74	48
	72	24	85	61	90	98	45	39	68	32	45	74
	99	25	98	18	84	71	36	51	59	21	60	53
	40	23	91	90	13	86	24	12	94	18	83	28
	55	12	57	83	34	72	37	55	72	37	12	18
	77	15	76	16	41	14	96	70	52	45	99	16
	38	35	48	31	95	92	73	17	35	25	84	39
	59	22	76	11	25	11	59	23	22	81	58	38
	82	18	29	85	92	33	91	47	18	51	96	75
	91	50	58	82	100	57	27	76	33	61	44	52
	16	33	98	89	47	15	61	28	17	26	26	57
	91	71	60	26	41	54	71	16	19	71	68	99
	64	16	48	96	54	33	16	67	50	17	37	29
	99	93	41	60	92	57	86	18	57	61	59	54
	65	12	41	40	99	16	68	75	40	47	11	34
	21	96	23	25	38	32	99	62	93	48	69	25
	51	21	66	70	81	67	19	24	20	45	28	93
	53	31	75	38	36	83	97	98	43	42	13	17
	54	17	32	40	89	76	52	19	48	42	96	53
	91	53	38	87	30	28	84	62	59	84	25	31
	21	58	19	39	78	84	19	63	63	65	60	52
	43	81	18	36	47	99	19	36	74	96	62	63
	22	98	32	80	15	74	24	42	12	43	44	60

	27	38	75	21	40	93	44	61	19	97	61	49
	55	35	26	25	58	73	40	37	76	33	43	32
	83	39	78	49	96	48	70	41	45	65	66	66
	17	76	25	96	84	25	39	12	23	52	57	58
	22	98	11	80	84	74	57	80	92	41	32	86
	23	28	67	45	54	78	56	13	69	40	65	27
	23	17	19	79	35	47	27	43	12	84	36	87
	54	75	43	41	38	62	65	55	80	93	94	40
	97	84	88	25	42	67	22	73	82	70	17	22
	65	57	81	77	91	37	53	82	83	19	14	43
	67	19	38	21	13	100	69	88	75	79	14	69
	35	61	70	82	18	96	36	29	39	96	61	60
	54	19	39	98	81	14	54	36	36	68	42	75
	35	91	11	19	60	77	69	39	84	72	63	81
	61	15	33	85	87	12	71	61	58	47	93	78
	50	48	20	49	77	36	58	35	60	29	33	31
	73	55	19	68	57	13	12	54	13	52	93	91
	13	89	78	64	13	98	96	72	39	31	65	12
	20	36	99	77	40	90	88	45	80	18	49	61
	17	32	37	89	70	58	83	99	50	47	77	21
	78	47	22	89	19	42	24	56	13	35	95	36
	51	85	99	79	95	86	52	60	69	95	78	14
	56	32	44	26	11	55	94	93	14	85	95	72
	58	59	75	25	69	68	79	75	46	73	22	12
	29	64	20	87	46	39	68	43	28	35	74	28
	89	42	34	25	80	68	65	69	68	67	73	89
	15	23	32	31	76	96	19	90	24	21	94	13
	33	11	54	11	88	31	48	77	55	32	94	67
	72	66	35	65	17	19	83	30	75	87	20	46
	91	23	21	17	79	82	13	82	13	28	54	59

