***** PARAMETERS PRP *****

Number of Customers = 30
Number of Products = 10
Number of Vehicles = 5
Number of Periods = 12

B = Production capacity
	49120

b_p = Time required to produce item p
 	1	1	1	1	1	1	1	1	1	1

c_p = Production cost of item p
 	80	30	30	80	30	80	30	80	80	80

s_p = Setup cost of item p
 	800	300	300	800	300	800	300	800	800	800

M = Big number
	196478

U_pi = Maximum inventory upper bound of item p at site i
 	196478	240	271	291	178	274	185	178	305	106	121	199	236	271	269	108	178	174	109	298	161	196	103	147	218	102	175	278	244	123	172
	196478	190	106	152	145	221	124	146	110	197	248	229	179	275	217	181	213	148	279	290	183	186	238	184	102	229	279	310	101	247	230
	196478	103	211	218	168	233	102	322	268	188	179	165	105	93	82	171	252	234	125	159	121	263	307	204	128	104	169	236	202	136	215
	196478	99	208	135	116	116	226	208	310	120	219	207	296	190	247	124	224	248	91	114	205	197	159	192	169	193	125	186	240	265	275
	196478	105	216	266	174	278	126	144	225	176	104	204	205	99	149	260	98	236	239	128	239	155	246	175	230	96	125	109	89	174	271
	196478	285	152	195	86	235	223	239	221	208	98	320	212	223	144	213	251	114	217	199	244	251	208	151	245	341	158	100	175	343	315
	196478	257	147	165	128	228	136	113	203	298	86	114	150	196	240	207	298	228	133	353	95	275	271	222	149	129	152	232	161	118	205
	196478	192	226	233	252	100	177	94	89	107	102	81	267	67	294	208	348	268	152	193	213	142	236	109	230	282	101	113	277	128	118
	196478	146	133	199	189	215	257	261	346	267	145	273	122	185	71	311	180	236	255	251	194	107	292	296	304	188	270	141	337	93	139
	196478	115	180	164	293	206	97	320	241	245	170	217	174	200	264	115	167	295	290	269	191	303	323	270	118	100	115	172	119	158	318

I_pi0 = Initial inventory of item p at site i
 	0	199	230	122	11	179	111	156	199	11	66	46	65	82	72	50	140	128	89	90	157	140	67	131	136	52	155	54	162	59	83
	0	110	30	48	46	215	78	56	92	16	138	191	150	177	86	147	77	85	202	197	127	60	92	120	55	82	232	138	73	192	44
	0	86	100	34	90	37	100	272	157	173	97	57	90	58	64	108	36	152	81	105	88	67	54	86	92	76	30	151	171	94	125
	0	47	133	35	110	36	170	78	176	105	165	92	245	151	160	95	172	86	75	34	14	78	154	124	84	177	93	166	58	122	225
	0	62	45	237	150	167	126	61	216	149	80	68	149	56	130	53	0	131	38	99	145	140	115	138	101	43	61	98	84	166	139
	0	76	94	103	78	198	36	41	183	27	83	45	205	146	127	78	202	107	71	96	187	40	68	102	226	340	88	73	113	182	84
	0	184	118	149	34	120	85	52	58	168	63	100	51	185	235	72	265	70	78	191	45	208	78	101	26	116	112	95	101	64	102
	0	190	48	16	233	45	165	75	82	47	92	80	127	59	156	39	64	38	75	66	138	23	138	82	181	206	88	104	168	114	106
	0	140	97	111	18	81	133	107	120	166	78	23	41	97	22	284	178	231	88	217	194	41	195	169	187	140	90	36	161	81	53
	0	111	158	101	229	152	95	213	198	168	121	192	106	29	56	46	142	80	113	135	153	269	89	87	96	59	51	136	59	108	233

h_pi = Inventory cost of item p at site i
 	8	8	3	4	8	5	1	3	5	2	8	5	9	2	8	4	8	9	7	7	1	5	5	9	6	1	6	9	6	1	2
	3	5	5	2	5	3	7	4	7	3	8	3	8	4	6	6	5	4	4	8	1	1	9	5	1	9	5	5	9	1	4
	3	3	5	9	6	4	7	2	7	2	4	5	5	2	6	8	9	9	2	7	3	1	3	3	8	2	3	3	4	9	7
	8	9	9	3	7	4	3	7	2	1	1	9	3	4	5	2	2	7	3	1	9	4	4	9	5	2	8	8	8	7	2
	3	5	6	6	9	5	5	9	7	4	7	9	6	5	3	2	1	5	5	8	4	8	9	9	1	6	2	5	1	6	1
	8	2	1	4	2	3	3	5	5	3	2	1	4	3	9	8	6	8	1	3	2	9	9	9	6	3	2	7	1	7	1
	3	2	9	2	8	2	3	2	7	3	8	5	6	8	2	4	2	3	5	4	2	9	4	7	3	4	2	6	1	7	3
	8	4	3	6	6	2	2	9	5	2	9	9	5	1	5	6	3	8	2	3	1	3	5	3	9	8	7	1	5	6	8
	8	2	1	2	4	7	1	2	7	7	6	3	6	2	9	6	2	8	6	3	1	2	3	1	6	5	6	6	3	9	6
	8	2	8	7	9	2	7	1	9	8	8	7	3	9	6	4	9	2	5	2	9	1	4	7	4	9	6	3	8	8	8

C = Vehicle capacity
	3530

f = Fixed transportation cost
	29450

a_ik = Transportation cost for traveling from node i to node k
 	0	288	202	457	391	931	561	642	321	863	817	482	325	920	205	611	574	278	266	851	319	156	80	221	515	130	389	176	516	493	275
	288	0	112	215	116	644	285	441	34	617	545	290	60	636	87	399	298	86	81	587	283	286	310	83	254	184	198	321	274	220	246
	202	112	0	257	193	737	361	456	143	664	616	295	129	721	81	421	374	159	147	650	321	256	247	30	365	143	198	291	317	293	276
	457	215	257	0	111	517	135	230	199	409	365	105	157	486	290	186	145	295	293	395	492	494	501	243	321	384	92	530	61	87	459
	391	116	193	111	0	544	172	340	93	502	431	205	67	529	201	296	185	188	188	472	383	402	422	171	237	298	138	437	164	105	352
	931	644	737	517	544	0	386	522	611	366	222	572	609	83	730	499	375	677	685	265	809	907	950	713	479	822	609	937	478	450	804
	561	285	361	135	172	386	0	264	257	350	261	215	238	362	371	218	14	344	348	305	524	569	593	341	266	468	226	603	114	68	501
	642	441	456	230	340	522	264	0	428	254	308	162	382	460	507	48	261	523	520	298	721	708	700	451	523	595	259	744	181	276	686
	321	34	143	199	93	611	257	428	0	594	517	282	54	604	119	384	270	96	96	560	293	313	341	114	225	214	197	347	255	193	261
	863	617	664	409	502	366	350	254	594	0	162	390	561	285	697	264	338	687	688	103	873	901	910	652	598	793	475	937	349	404	848
	817	545	616	365	431	222	261	308	517	162	0	389	496	153	631	292	248	602	606	65	772	829	852	597	470	728	450	863	312	327	754
	482	290	295	105	205	572	215	162	282	390	389	0	232	528	349	131	220	374	370	403	572	548	539	291	425	435	98	584	102	186	535
	325	60	129	157	67	609	238	382	54	561	496	232	0	595	137	340	251	143	139	536	341	340	357	105	263	234	144	376	216	170	305
	920	636	721	486	529	83	362	460	604	285	153	528	595	0	723	441	349	679	685	186	826	910	945	699	501	818	576	942	440	429	817
	205	87	81	290	201	730	371	507	119	697	631	349	137	723	0	468	384	87	75	672	243	205	223	64	317	98	252	241	350	305	198
	611	399	421	186	296	499	218	48	384	264	292	131	340	441	468	0	216	480	478	291	677	670	666	414	476	558	224	706	135	229	644
	574	298	374	145	185	375	14	261	270	338	248	220	251	349	384	216	0	357	360	293	536	582	606	353	274	481	236	616	119	81	514
	278	86	159	295	188	677	344	523	96	687	602	374	143	679	87	480	357	0	14	649	199	231	277	133	238	152	283	264	351	284	165
	266	81	147	293	188	685	348	520	96	688	606	370	139	685	75	478	360	14	0	652	203	225	268	121	250	142	278	258	350	286	167
	851	587	650	395	472	265	305	298	560	103	65	403	536	186	672	291	293	649	652	0	825	872	891	634	529	769	474	907	338	368	805
	319	283	321	492	383	809	524	721	293	873	772	572	341	826	243	677	536	199	203	825	0	179	267	306	331	213	480	186	546	471	48
	156	286	256	494	402	907	569	708	313	901	829	548	340	910	205	670	582	231	225	872	179	0	90	257	449	114	450	37	555	505	143
	80	310	247	501	422	950	593	700	341	910	852	539	357	945	223	666	606	277	268	891	267	90	0	259	510	128	443	100	562	526	228
	221	83	30	243	171	713	341	451	114	652	597	291	105	699	64	414	353	133	121	634	306	257	259	0	336	144	194	293	304	273	262
	515	254	365	321	237	479	266	523	225	598	470	425	263	501	317	476	274	238	250	529	331	449	510	336	0	389	374	475	347	249	330
	130	184	143	384	298	822	468	595	214	793	728	435	234	818	98	558	481	152	142	769	213	114	128	144	389	0	337	150	445	402	165
	389	198	198	92	138	609	226	259	197	475	450	98	144	576	252	224	236	283	278	474	480	450	443	194	374	337	0	486	139	171	441
	176	321	291	530	437	937	603	744	347	937	863	584	376	942	241	706	616	264	258	907	186	37	100	293	475	150	486	0	590	539	157
	516	274	317	61	164	478	114	181	255	349	312	102	216	440	350	135	119	351	350	338	546	555	562	304	347	445	139	590	0	99	515
	493	220	293	87	105	450	68	276	193	404	327	186	170	429	305	229	81	284	286	368	471	505	526	273	249	402	171	539	99	0	445
	275	246	276	459	352	804	501	686	261	848	754	535	305	817	198	644	514	165	167	805	48	143	228	262	330	165	441	157	515	445	0

coordXY = Coordinates (x,y): line zero => x line one => y column => customers
 	137	262	168	174	249	499	276	28	280	134	284	72	232	418	244	68	277	326	314	235	452	290	203	194	485	241	112	302	166	257	405
	919	660	720	464	545	62	376	287	632	57	116	442	609	44	745	312	363	716	721	74	869	944	964	706	540	842	531	978	404	441	860

d_pit = Demand of item p at customer i in period t
 	19	87	93	54	60	80	21	77	67	21	97	45
	90	38	12	90	48	23	14	52	96	58	88	41
	36	86	72	22	71	81	42	87	83	59	31	29
	11	88	39	45	78	65	29	57	71	74	83	71
	72	81	26	44	17	97	61	99	43	57	14	46
	67	44	76	37	42	77	69	70	94	29	92	42
	30	92	34	23	22	91	25	41	36	37	22	81
	69	84	46	16	50	91	35	90	32	92	39	89
	11	34	37	50	67	33	88	89	32	40	73	83
	66	31	82	92	17	93	12	70	37	71	94	62
	46	59	97	28	56	99	13	27	63	71	21	18
	18	47	60	44	55	61	100	61	32	80	63	87
	82	43	63	72	21	50	72	48	60	16	61	63
	72	33	69	43	43	61	78	47	14	75	33	77
	50	81	80	19	25	80	45	27	62	73	74	32
	63	77	46	40	68	79	32	80	39	53	48	87
	35	15	78	24	43	79	99	81	86	96	36	22
	45	44	30	77	80	59	27	64	45	47	45	93
	90	70	98	96	59	94	73	34	45	60	95	81
	70	87	60	13	55	48	19	22	63	67	63	76
	16	45	79	51	75	41	35	21	48	69	94	15
	67	11	14	68	61	84	17	65	20	49	89	75
	36	78	17	26	37	77	21	67	79	38	49	64
	82	54	94	81	93	99	98	39	80	19	46	88
	52	30	76	24	64	83	58	15	46	83	62	21
	45	58	52	24	46	84	93	90	56	27	63	63
	54	98	64	20	22	68	66	43	74	30	56	72
	15	12	62	73	88	18	97	13	67	28	43	70
	59	14	58	57	53	78	44	21	79	95	94	87
	20	63	28	13	38	26	45	26	16	15	64	59

	40	36	34	86	76	37	18	68	88	18	18	51
	30	28	93	40	45	49	23	50	97	93	37	50
	48	42	44	35	75	31	11	74	13	27	25	32
	46	10	99	65	53	74	35	25	72	41	41	18
	59	73	12	71	56	62	97	36	36	30	52	78
	78	96	69	83	20	69	33	86	86	59	47	20
	56	26	25	65	97	19	45	19	92	41	80	18
	31	61	67	16	43	94	77	15	88	59	62	49
	16	15	48	67	45	11	84	17	93	52	96	48
	34	13	91	13	82	42	26	100	57	36	90	11
	91	18	82	25	39	53	18	92	62	80	66	60
	47	35	26	42	65	65	13	51	24	23	54	91
	54	34	89	78	38	25	48	39	54	84	44	72
	86	83	16	40	53	20	85	57	57	37	55	63
	71	44	32	49	11	95	53	71	93	66	98	39
	77	58	42	61	24	11	36	31	72	84	61	81
	13	36	36	53	97	61	85	30	15	23	47	96
	84	76	15	27	61	72	92	12	39	77	69	46
	51	83	63	96	13	99	61	89	49	87	89	89
	39	88	36	85	39	13	22	75	18	25	79	31
	60	49	56	63	24	55	94	54	98	49	92	51
	58	19	15	51	64	31	95	39	42	32	50	75
	77	43	82	12	20	15	23	99	16	71	42	52
	55	56	47	75	14	27	28	90	32	77	41	68
	23	59	29	52	35	34	10	75	70	29	86	48
	49	49	70	64	97	66	41	38	64	38	27	66
	66	72	59	30	70	96	66	18	70	74	98	26
	18	55	64	33	12	46	39	78	67	83	94	18
	76	55	61	83	67	50	76	18	62	49	47	97
	22	22	81	54	33	81	68	98	35	33	96	68

	27	59	71	42	28	81	21	53	56	62	45	75
	23	77	68	35	16	62	95	92	47	33	50	36
	34	58	41	70	78	62	34	73	14	60	75	56
	90	81	67	25	62	39	78	21	49	10	64	87
	37	90	76	34	61	33	36	76	37	34	11	33
	100	53	82	59	40	26	98	30	20	28	17	60
	96	92	84	99	55	85	71	45	49	18	65	14
	15	76	66	21	55	92	54	19	51	48	81	66
	29	96	26	22	73	62	46	96	36	88	82	94
	97	77	80	17	82	42	89	64	18	89	25	36
	14	43	19	41	35	17	55	20	15	44	13	80
	90	34	44	71	99	18	10	37	49	61	48	71
	43	15	70	56	32	67	23	42	94	16	33	64
	26	38	74	45	62	32	36	14	59	26	32	49
	66	11	31	46	12	100	75	72	47	83	69	71
	36	23	60	81	97	85	58	80	66	47	28	94
	20	36	96	94	69	86	69	97	59	20	41	16
	24	57	70	82	54	77	87	69	41	46	80	63
	12	93	82	39	31	61	76	42	31	25	92	53
	14	74	91	93	82	58	19	52	64	56	60	64
	67	13	91	34	27	28	39	85	62	47	74	65
	54	68	20	71	58	54	64	98	43	74	34	98
	31	23	32	17	78	60	81	54	79	65	42	50
	92	36	96	47	53	76	51	61	65	24	64	100
	76	37	21	58	39	14	81	34	93	71	89	12
	30	22	88	92	54	34	45	41	75	85	97	14
	93	58	70	68	80	52	54	28	10	72	52	72
	25	30	24	92	79	30	11	65	61	46	65	79
	94	89	74	69	17	16	75	58	76	79	73	94
	53	43	11	18	56	71	18	50	47	48	91	10

	47	90	47	16	46	47	73	17	11	91	73	33
	14	27	57	35	91	97	13	63	30	73	50	73
	35	45	67	55	86	97	83	71	41	85	74	68
	66	44	44	11	88	29	80	11	93	66	65	99
	36	94	13	55	51	52	56	87	32	49	100	69
	73	26	71	57	40	46	78	86	11	40	51	100
	62	16	23	90	14	42	55	79	74	51	90	27
	78	98	95	96	63	59	65	68	28	47	22	24
	14	67	24	99	11	10	63	28	15	46	64	39
	94	71	59	35	23	53	87	97	25	45	48	19
	38	54	95	11	35	42	95	27	92	96	24	11
	77	91	77	30	40	42	75	81	68	16	76	37
	34	44	73	43	97	46	69	44	13	28	37	43
	55	63	42	34	36	19	75	50	39	72	96	12
	95	100	36	70	43	45	79	53	30	63	48	81
	57	38	77	48	22	26	86	89	45	43	85	57
	86	45	90	80	49	85	39	21	68	48	92	42
	35	40	40	39	65	48	31	49	54	27	86	31
	11	23	88	99	84	74	96	25	26	23	39	95
	14	46	34	13	44	96	97	60	71	14	75	52
	78	20	76	47	28	45	13	36	71	92	40	44
	84	70	67	44	77	44	29	21	59	30	12	99
	50	74	74	97	36	21	63	24	33	29	48	28
	45	39	43	81	64	62	69	25	55	89	58	47
	95	82	36	78	96	32	43	84	98	39	72	15
	93	74	10	13	72	23	47	37	13	44	40	35
	78	88	74	50	38	44	78	13	60	100	32	87
	58	24	67	31	68	12	49	26	37	100	84	20
	70	12	40	23	63	31	51	49	98	82	21	95
	58	70	79	18	41	90	34	60	58	30	97	26

	62	88	37	95	25	87	28	15	18	77	68	31
	45	37	20	24	56	63	81	15	97	99	63	48
	96	51	90	87	34	48	81	60	63	33	70	84
	69	81	45	69	68	41	11	62	36	51	75	89
	86	81	70	100	97	88	34	99	15	70	22	71
	44	82	64	28	66	76	42	94	90	16	86	68
	61	59	18	42	65	16	17	20	80	72	84	42
	67	96	53	31	75	74	78	26	48	20	93	13
	49	100	29	28	84	29	55	64	72	66	48	81
	39	30	11	37	80	95	68	77	39	15	58	77
	18	50	92	30	64	68	61	57	60	23	16	74
	44	67	38	37	70	50	77	43	48	27	28	86
	56	54	50	84	41	48	58	19	30	21	100	31
	90	40	22	43	56	30	90	33	79	61	23	27
	53	88	41	29	67	29	40	53	73	70	26	56
	100	39	82	12	31	39	72	27	33	27	78	49
	32	99	25	30	23	34	75	19	33	32	90	75
	38	47	55	79	26	68	58	48	75	84	64	76
	75	24	38	94	30	84	20	96	84	93	59	71
	47	46	14	38	30	40	36	60	65	22	78	97
	32	16	21	71	69	89	12	67	43	78	50	73
	72	43	66	10	45	57	82	76	42	77	86	81
	100	38	99	75	95	41	15	20	27	90	21	78
	40	61	26	21	87	96	79	89	96	64	12	20
	43	81	92	20	99	20	55	70	18	24	45	11
	61	48	39	35	26	63	95	87	70	75	71	77
	98	35	18	17	11	33	14	37	91	13	55	12
	27	57	11	11	70	30	63	72	62	22	86	25
	34	61	40	31	25	72	35	65	13	18	79	49
	19	70	50	27	62	86	55	33	54	68	41	86

	62	14	39	42	15	90	93	96	81	75	66	12
	52	42	81	97	54	22	31	17	54	70	33	55
	41	49	13	58	34	50	10	46	66	50	29	23
	53	25	72	41	90	46	34	27	10	54	41	22
	83	24	91	99	56	67	34	76	77	19	60	18
	14	22	83	63	11	88	28	21	44	41	34	85
	41	60	64	74	12	38	76	62	72	93	27	99
	91	92	79	17	39	11	37	59	18	42	99	80
	27	97	36	96	36	67	21	45	69	19	90	20
	83	31	27	40	39	49	93	14	36	43	62	70
	45	31	91	98	39	63	51	86	84	46	53	82
	91	39	75	22	46	60	65	22	26	96	29	65
	23	37	86	83	11	41	31	94	90	100	37	37
	44	83	47	38	16	97	13	53	52	34	41	57
	78	99	97	76	26	78	88	74	70	60	61	45
	25	70	61	46	72	30	92	86	98	54	18	100
	16	91	91	91	57	69	34	65	40	21	71	39
	18	13	21	19	65	61	60	46	93	19	45	60
	96	36	99	27	59	71	89	68	77	52	47	74
	74	96	17	65	36	75	98	29	72	23	63	85
	40	28	59	32	100	92	54	15	91	12	41	38
	12	56	66	100	79	83	39	29	14	27	42	78
	66	36	95	42	69	45	51	23	48	43	17	68
	57	76	93	27	72	14	28	89	14	84	21	14
	89	100	96	55	36	47	56	37	78	91	98	36
	43	45	68	45	64	70	44	50	15	74	53	60
	73	28	40	90	30	21	13	56	40	46	73	91
	65	48	90	91	42	45	66	48	88	63	34	21
	90	42	50	66	89	85	49	99	93	46	58	55
	84	77	86	66	77	32	76	66	58	84	27	24

	48	77	59	50	16	15	36	52	96	63	42	63
	57	61	59	82	72	65	29	20	59	36	31	18
	99	50	97	70	17	25	13	49	62	73	89	16
	34	62	54	83	79	85	92	75	65	75	37	25
	63	19	38	78	73	34	67	46	63	72	33	99
	28	57	92	91	73	76	71	13	87	92	68	65
	52	63	47	25	87	60	47	87	73	12	52	71
	58	18	11	37	23	83	92	92	49	26	29	90
	72	18	78	36	39	44	93	62	60	44	84	85
	42	21	63	24	15	21	47	24	83	25	94	59
	20	38	42	81	88	67	69	51	65	35	71	54
	51	65	67	13	30	92	14	77	27	94	53	16
	36	83	66	67	74	46	90	94	84	30	22	92
	30	86	94	25	94	71	15	73	86	71	18	58
	12	60	60	54	21	79	97	78	66	45	32	17
	94	84	87	55	79	28	19	69	43	74	55	28
	25	45	18	47	65	39	87	78	75	18	29	20
	78	84	69	31	16	64	28	58	11	59	17	18
	16	84	91	94	93	85	79	68	71	54	37	75
	45	60	23	68	56	61	44	13	76	17	66	38
	87	45	66	10	99	91	24	18	34	30	73	82
	28	50	52	15	78	37	64	83	60	48	57	79
	36	65	32	49	39	89	43	80	25	92	56	60
	26	94	41	47	40	88	21	49	44	76	30	40
	94	22	59	72	72	18	83	95	46	85	47	78
	28	84	22	86	13	85	69	67	44	10	20	79
	95	72	50	28	91	33	54	72	63	22	91	25
	41	20	40	24	52	60	78	50	57	91	42	88
	64	85	73	73	22	78	96	25	94	45	24	26
	26	76	66	16	74	50	44	15	10	11	35	68

	57	78	55	15	25	82	48	30	58	41	71	15
	48	36	50	73	23	11	60	75	53	10	36	68
	16	62	71	69	38	18	47	38	49	35	59	57
	39	60	70	64	75	69	60	94	50	63	59	53
	45	84	83	49	19	34	16	69	48	19	80	55
	62	48	15	40	56	37	20	67	34	48	66	39
	32	17	26	90	80	27	26	96	72	41	21	36
	82	64	38	54	29	56	49	37	53	30	28	15
	47	13	55	93	48	98	56	24	61	59	49	40
	73	19	14	45	86	74	28	17	52	69	37	99
	36	44	11	23	13	42	97	19	33	71	35	64
	64	52	11	25	99	43	68	51	82	10	67	68
	27	32	10	15	12	73	63	11	15	74	51	16
	91	26	39	80	16	68	56	91	65	50	28	95
	39	29	28	33	90	70	64	21	59	38	70	84
	64	82	66	33	79	71	63	68	79	58	99	73
	38	10	52	67	14	67	89	17	90	49	55	94
	10	65	33	19	60	41	77	58	97	41	69	39
	17	49	69	18	24	19	63	68	92	26	43	90
	34	13	11	80	70	58	18	53	87	15	49	24
	23	35	71	36	28	80	84	15	94	37	19	45
	43	95	26	75	34	95	57	26	78	36	55	89
	82	99	15	56	46	17	57	10	40	100	53	80
	61	64	56	16	62	22	62	84	73	33	83	73
	75	62	69	65	69	36	23	99	33	30	70	45
	72	16	82	48	26	38	76	30	78	62	13	64
	93	11	29	68	99	57	62	74	26	44	57	60
	57	15	96	98	78	93	39	59	99	43	94	61
	21	93	82	57	31	34	50	60	18	19	26	21
	34	72	76	15	95	39	74	36	48	87	64	67

	13	57	70	18	21	29	88	50	49	84	36	69
	97	73	73	84	34	80	52	73	83	84	23	44
	97	14	77	24	26	57	22	65	34	97	11	72
	18	93	83	70	11	88	77	41	36	51	100	89
	81	19	87	56	39	88	98	13	18	17	50	78
	95	23	15	67	78	80	96	65	93	39	66	54
	45	62	68	100	20	83	48	61	46	43	35	15
	48	72	66	75	84	31	56	61	99	87	58	93
	87	37	42	20	81	46	36	12	97	34	64	84
	40	38	85	24	92	15	34	31	47	44	90	41
	23	45	42	68	79	100	87	91	34	27	47	12
	41	33	81	79	61	42	86	34	56	50	94	74
	97	99	82	58	28	85	51	25	68	45	25	77
	22	53	33	22	43	33	19	63	40	34	22	41
	28	94	91	71	76	69	71	64	23	72	34	54
	65	58	55	27	97	36	38	58	100	41	85	58
	100	46	85	64	53	58	74	57	12	66	65	28
	88	64	93	42	36	13	83	51	79	63	72	80
	45	81	91	25	12	74	88	78	46	97	41	74
	59	56	79	51	68	67	35	95	93	65	30	76
	15	26	84	59	91	15	43	55	76	98	62	18
	75	86	34	96	43	27	87	12	75	99	37	30
	69	23	29	48	76	51	11	99	79	68	72	85
	39	54	94	40	55	31	74	100	77	53	40	72
	77	11	52	99	29	32	15	57	39	84	45	23
	90	37	97	56	52	82	91	91	65	77	62	10
	36	54	68	30	46	58	78	18	21	18	85	51
	21	50	90	76	72	73	48	64	89	97	66	63
	33	48	32	52	23	100	26	63	42	68	39	29
	53	90	89	44	78	16	14	15	56	43	35	23

	78	33	83	45	59	51	31	56	88	68	45	51
	81	19	58	51	63	38	23	37	34	58	24	53
	83	18	80	79	83	39	27	50	15	74	43	66
	74	63	92	85	55	16	68	22	93	17	79	40
	63	77	12	82	89	94	95	11	80	62	77	82
	45	36	14	58	43	69	96	63	23	20	99	13
	87	26	100	69	66	100	98	76	19	18	80	30
	78	68	52	52	26	33	33	70	49	44	24	50
	79	89	52	73	71	88	68	31	56	10	43	76
	27	94	34	63	64	78	69	89	54	24	16	68
	57	48	30	57	12	54	24	71	90	45	100	64
	71	35	79	39	53	98	25	68	86	41	83	16
	29	32	30	65	89	14	76	42	57	48	34	84
	56	34	92	69	45	87	41	63	70	21	20	35
	12	20	14	51	76	64	46	80	87	99	50	88
	26	35	81	42	56	57	18	19	23	32	58	55
	80	17	75	40	36	57	65	72	75	43	97	50
	22	78	13	19	65	68	12	99	72	91	96	60
	26	83	26	20	89	35	71	12	44	93	74	73
	49	23	15	66	86	38	47	92	99	67	94	87
	44	56	98	71	55	87	61	48	52	60	73	22
	57	32	23	98	66	38	53	99	72	74	94	69
	87	13	100	17	60	23	70	22	76	34	55	90
	64	19	13	76	86	72	67	69	16	94	67	65
	59	66	35	35	99	79	60	29	37	33	26	41
	51	80	64	53	19	89	13	82	21	97	70	51
	73	63	27	21	39	34	87	42	58	32	18	23
	59	65	51	22	85	77	40	78	91	52	65	31
	22	86	68	17	90	84	65	99	15	16	50	18
	77	72	84	88	46	47	71	58	11	63	95	52

