***** PARAMETERS PRP *****

Number of Customers = 30
Number of Products = 10
Number of Vehicles = 5
Number of Periods = 12

B = Production capacity
	48922

b_p = Time required to produce item p
 	1	1	1	1	1	1	1	1	1	1

c_p = Production cost of item p
 	80	30	30	80	80	30	80	80	30	80

s_p = Setup cost of item p
 	800	300	300	800	800	300	800	800	300	800

M = Big number
	195687

U_pi = Maximum inventory upper bound of item p at site i
 	195687	233	105	230	304	191	313	242	173	281	182	158	167	257	99	188	194	236	258	313	185	119	145	161	240	114	203	102	292	145	148
	195687	222	151	168	105	331	200	98	299	289	194	194	208	123	133	151	194	270	249	178	178	230	184	185	159	262	177	215	171	117	249
	195687	107	107	92	249	111	251	139	113	151	198	203	190	196	165	187	109	203	202	192	326	117	180	182	210	127	150	183	232	196	113
	195687	193	197	211	93	109	289	247	250	178	274	241	220	172	100	264	142	241	154	223	116	241	120	232	262	233	259	110	275	111	268
	195687	298	325	335	92	214	299	153	225	201	95	253	238	130	175	190	253	236	256	106	348	219	184	209	141	88	176	122	319	252	130
	195687	197	114	199	122	264	152	135	109	134	235	197	273	205	116	194	169	114	219	289	139	294	248	152	214	197	104	226	152	199	256
	195687	111	177	142	120	241	139	295	177	170	149	116	283	223	119	144	111	191	312	263	182	129	233	100	250	128	192	234	151	331	240
	195687	235	200	85	231	186	134	198	199	123	134	277	242	174	172	123	181	99	303	88	225	261	194	221	120	329	270	96	115	109	104
	195687	107	238	122	254	238	150	175	262	221	212	161	276	244	221	117	163	169	198	306	164	271	86	193	254	239	100	258	127	247	101
	195687	241	327	170	305	194	191	100	118	235	231	150	268	235	227	254	119	104	210	277	87	108	266	323	97	275	160	106	142	223	108

I_pi0 = Initial inventory of item p at site i
 	0	171	66	181	141	150	91	165	162	195	166	113	62	71	56	43	174	94	15	161	87	68	107	27	152	50	187	81	61	112	81
	0	109	78	87	74	192	101	51	207	78	126	88	116	95	38	104	164	41	48	160	152	219	113	12	68	191	116	152	137	107	204
	0	102	45	45	178	87	33	28	68	119	105	182	130	192	52	90	62	108	11	164	266	81	157	150	205	111	60	172	143	188	31
	0	160	60	130	32	53	128	77	223	155	161	109	220	148	100	149	92	35	66	170	91	201	17	91	40	63	105	74	56	14	20
	0	18	172	307	0	76	127	130	208	189	25	19	205	20	166	120	106	98	20	100	244	141	128	199	106	53	129	72	100	199	92
	0	126	91	43	70	262	91	34	78	89	63	142	155	76	58	151	93	88	173	178	138	197	136	78	77	142	86	194	10	147	243
	0	96	39	54	49	115	122	244	82	134	111	90	114	173	30	71	95	124	211	162	95	69	115	38	85	86	107	43	14	171	160
	0	67	111	75	54	80	121	167	145	91	95	107	91	142	162	84	137	50	136	73	139	162	43	17	71	153	147	0	60	55	14
	0	85	201	36	190	90	114	87	147	77	210	129	28	195	132	83	152	52	178	147	36	151	46	111	116	181	62	205	71	42	76
	0	79	251	106	169	42	17	94	94	142	229	59	207	86	170	215	105	87	192	94	30	90	198	221	90	137	89	23	136	95	73

h_pi = Inventory cost of item p at site i
 	8	8	8	5	9	2	6	3	9	4	9	1	4	3	6	5	1	5	6	3	4	7	4	5	6	7	6	8	1	7	2
	3	8	1	3	1	9	4	8	4	8	6	9	2	4	3	9	8	6	4	4	1	8	5	4	7	4	3	4	6	7	4
	3	1	3	1	9	3	1	2	1	3	3	8	3	5	7	7	4	7	9	7	5	8	8	6	9	8	8	6	8	3	6
	8	8	7	5	7	1	6	2	4	9	7	9	7	5	3	1	6	8	2	1	1	2	8	8	9	2	9	5	2	9	7
	8	2	5	1	7	6	2	7	4	5	1	7	2	3	2	9	7	1	7	2	6	2	1	1	6	9	3	2	8	5	3
	3	1	5	8	2	9	5	2	4	5	8	4	9	7	5	2	6	2	5	8	3	9	4	6	2	9	5	2	2	5	5
	8	2	7	7	7	2	8	5	1	1	6	7	6	4	2	8	1	3	9	8	4	4	3	8	6	5	8	5	6	7	5
	8	3	4	7	4	3	8	4	6	6	8	6	3	9	2	5	6	6	2	8	7	3	5	2	2	6	3	9	2	5	2
	3	5	7	6	4	9	6	3	5	8	5	2	8	8	1	5	6	8	1	7	5	4	7	4	2	4	7	9	8	7	8
	8	9	2	2	6	2	2	2	3	1	5	3	3	8	8	4	5	6	7	6	6	1	5	5	3	8	1	2	4	4	8

C = Vehicle capacity
	3480

f = Fixed transportation cost
	30597

a_ik = Transportation cost for traveling from node i to node k
 	0	293	451	466	116	248	510	649	499	624	555	314	183	140	228	140	642	856	499	15	222	625	121	856	199	259	751	615	214	119	114
	293	0	170	205	398	61	218	414	263	360	368	47	344	432	219	357	361	593	233	297	246	443	371	657	440	154	591	330	85	215	199
	451	170	0	60	545	204	91	261	132	192	260	138	456	588	306	486	193	424	72	453	334	327	538	514	566	309	477	165	238	352	344
	466	205	60	0	553	225	138	211	73	159	201	165	448	601	295	484	182	393	34	466	323	268	563	461	563	353	418	165	259	359	355
	116	398	545	553	0	346	612	718	574	706	610	412	161	68	277	100	732	934	586	106	260	675	165	905	105	375	786	709	315	194	202
	248	61	204	225	346	0	266	424	270	383	358	67	284	386	161	299	395	617	256	250	187	434	338	656	382	175	577	368	35	158	145
	510	218	91	138	612	266	0	297	203	204	330	201	536	649	389	561	169	412	129	514	418	389	584	550	643	326	535	132	298	422	410
	649	414	261	211	718	424	297	0	154	105	138	370	586	774	442	635	177	226	190	646	463	136	756	255	705	564	253	204	457	533	536
	499	263	132	73	574	270	203	154	0	139	129	218	453	627	303	496	190	361	75	497	327	195	603	395	571	415	345	188	303	385	385
	624	360	192	159	706	383	204	105	139	0	203	322	591	757	439	632	76	234	128	624	465	230	721	349	708	500	357	100	418	514	512
	555	368	260	201	610	358	330	138	129	203	0	322	467	670	334	520	275	361	202	550	350	76	669	303	584	522	224	288	387	436	444
	314	47	138	165	412	67	201	370	218	322	322	0	340	452	202	361	330	556	195	316	231	396	401	611	443	201	544	302	101	221	210
	183	344	456	448	161	284	536	586	453	591	467	340	0	228	153	62	629	809	481	169	127	527	293	754	119	387	630	611	264	141	165
	140	432	588	601	68	386	649	774	627	757	670	452	228	0	337	167	778	987	634	136	322	737	131	967	161	386	851	753	353	243	246
	228	219	306	295	277	161	389	442	303	439	334	202	153	337	0	194	476	661	328	221	30	401	347	632	269	312	523	459	156	112	129
	140	357	486	484	100	299	561	635	496	632	520	361	62	167	194	0	665	855	518	126	172	582	239	811	83	374	689	645	273	143	162
	642	361	193	182	732	395	169	177	190	76	275	330	629	778	476	665	0	244	148	643	503	305	730	409	744	489	429	39	430	539	533
	856	593	424	393	934	617	412	226	361	234	361	556	809	987	661	855	244	0	362	855	684	334	955	273	927	729	376	282	652	744	744
	499	233	72	34	586	256	129	190	75	128	202	195	481	634	328	518	148	362	0	500	355	262	594	443	596	378	411	133	291	393	389
	15	297	453	466	106	250	514	646	497	624	550	316	169	136	221	126	643	855	500	0	213	620	132	851	185	270	743	617	217	115	112
	222	246	334	323	260	187	418	463	327	465	350	231	127	322	30	172	503	684	355	213	0	416	343	646	244	332	532	486	179	113	134
	625	443	327	268	675	434	389	136	195	230	76	396	527	737	401	582	305	334	262	620	416	0	741	232	642	596	151	326	462	507	516
	121	371	538	563	165	338	584	756	603	721	669	401	293	131	347	239	730	955	594	132	343	741	0	971	270	286	869	700	304	237	226
	856	657	514	461	905	656	550	255	395	349	303	611	754	967	632	811	409	273	443	851	646	232	971	0	867	809	151	444	686	737	746
	199	440	566	563	105	382	643	705	571	708	584	443	119	161	269	83	744	927	596	185	244	642	270	867	0	449	739	725	355	226	244
	259	154	309	353	375	175	326	564	415	500	522	201	387	386	312	374	489	729	378	270	332	596	286	809	449	0	744	454	162	248	223
	751	591	477	418	786	577	535	253	345	357	224	544	630	851	523	689	429	376	411	743	532	151	869	151	739	744	0	456	604	633	645
	615	330	165	165	709	368	132	204	188	100	288	302	611	753	459	645	39	282	133	617	486	326	700	444	725	454	456	0	402	515	508
	214	85	238	259	315	35	298	457	303	418	387	101	264	353	156	273	430	652	291	217	179	462	304	686	355	162	604	402	0	130	114
	119	215	352	359	194	158	422	533	385	514	436	221	141	243	112	143	539	744	393	115	113	507	237	737	226	248	633	515	130	0	26
	114	199	344	355	202	145	410	536	385	512	444	210	165	246	129	162	533	744	389	112	134	516	226	746	244	223	645	508	114	26	0

coordXY = Coordinates (x,y): line zero => x line one => y column => customers
 	275	120	105	154	377	177	17	228	212	132	327	147	429	351	337	409	57	111	139	289	362	361	221	383	473	43	468	40	184	290	265
	143	391	560	593	88	370	582	790	637	750	695	429	240	26	362	182	746	983	623	147	347	762	35	992	130	258	868	711	336	261	256

d_pit = Demand of item p at customer i in period t
 	37	70	64	90	73	17	68	84	58	57	21	61
	66	87	67	45	76	41	25	23	27	13	80	80
	87	53	41	54	37	37	22	24	31	12	65	90
	58	83	74	94	93	15	38	53	73	18	37	94
	43	20	87	51	22	95	32	34	66	38	26	59
	91	45	43	89	25	59	78	69	34	68	92	57
	93	72	80	70	19	68	28	60	22	61	63	91
	89	73	58	84	35	25	80	62	75	19	34	59
	85	68	42	38	56	16	40	90	11	66	89	73
	92	21	53	83	56	20	60	25	14	77	15	30
	90	23	72	89	12	25	27	52	38	75	85	42
	62	40	59	96	62	76	79	18	61	68	16	29
	71	13	99	29	12	88	50	70	54	81	37	13
	17	39	26	26	25	76	93	32	92	43	42	81
	43	10	91	76	54	69	84	57	51	70	96	49
	93	71	10	12	33	20	13	92	51	72	75	41
	94	95	13	32	66	96	95	42	35	11	71	58
	15	88	90	43	37	74	44	31	87	52	39	19
	84	77	61	96	64	44	81	99	84	96	95	57
	47	23	17	56	45	85	56	43	75	56	38	14
	68	97	40	70	44	33	34	44	99	51	56	77
	62	45	99	94	69	96	68	57	68	97	80	35
	27	17	92	27	49	85	96	59	54	26	61	50
	31	14	26	81	62	82	31	76	26	69	26	51
	15	35	60	57	72	39	13	40	18	32	19	54
	43	86	58	94	30	26	34	23	40	48	31	95
	60	21	92	41	24	51	18	34	96	22	92	58
	61	26	92	79	30	39	62	93	78	34	19	88
	72	40	17	74	11	41	30	49	51	76	93	27
	81	15	48	72	28	69	42	42	79	10	87	20

	48	61	30	30	22	84	61	50	58	19	48	22
	50	28	46	55	99	45	46	70	73	56	15	20
	62	25	96	94	43	46	34	58	56	68	46	45
	74	72	66	33	75	11	10	54	52	17	75	92
	94	98	19	76	88	81	59	69	11	70	32	98
	47	19	35	47	79	94	54	16	14	32	89	74
	51	81	62	17	53	41	33	16	38	56	50	90
	93	27	87	23	96	70	72	82	55	16	83	14
	78	19	64	30	100	18	26	63	26	74	98	97
	74	52	91	49	73	36	95	59	73	91	46	37
	24	23	41	46	66	10	94	72	36	98	56	16
	86	30	34	89	90	35	49	73	75	10	34	18
	95	47	74	55	16	91	30	21	60	88	75	85
	38	95	43	79	72	61	89	26	78	65	70	84
	82	22	13	31	18	98	90	74	11	47	40	76
	91	12	61	72	60	88	96	81	95	31	40	48
	41	52	77	97	48	86	79	34	16	25	62	30
	48	43	71	63	21	37	97	52	49	45	62	10
	43	34	31	52	47	75	62	32	49	44	29	36
	98	27	27	28	94	96	58	49	62	94	61	19
	25	74	71	49	77	98	37	30	84	30	46	70
	93	20	77	37	93	98	50	45	27	81	54	61
	12	41	44	55	23	38	55	37	36	45	10	48
	68	53	95	20	32	34	92	18	22	76	85	40
	91	100	87	12	89	27	92	42	92	48	15	90
	27	30	59	82	87	87	86	14	66	50	44	75
	70	82	97	12	55	45	19	40	11	58	62	94
	58	14	65	92	98	63	87	22	30	19	45	89
	56	51	56	81	26	67	88	40	39	88	89	21
	90	62	18	34	34	70	28	50	39	20	97	55

	51	11	40	38	48	88	99	93	66	50	19	39
	45	67	16	67	36	24	81	58	48	92	92	16
	12	33	72	47	26	56	32	20	80	32	69	74
	21	99	58	99	89	62	14	97	71	74	36	28
	52	35	58	32	64	81	88	91	36	17	70	42
	33	28	47	61	19	20	20	91	63	79	64	77
	28	72	98	61	87	93	99	24	80	40	82	69
	68	37	25	71	28	16	85	93	64	72	39	81
	30	89	90	89	91	93	65	57	89	79	85	51
	48	57	54	21	66	66	57	54	20	51	19	82
	82	100	71	53	16	18	15	45	62	68	19	61
	37	40	53	81	97	16	27	80	21	58	13	48
	61	70	61	84	77	62	32	25	13	34	53	16
	52	38	60	55	62	96	17	60	60	23	65	73
	90	65	83	12	73	64	96	54	35	57	64	53
	62	96	18	49	13	97	54	61	12	59	52	83
	30	78	88	12	83	17	13	12	42	94	59	81
	11	23	34	67	78	36	33	62	37	85	83	57
	67	33	47	17	99	12	36	94	90	52	14	14
	53	93	86	34	54	97	45	88	31	75	38	89
	81	86	60	52	88	57	41	40	18	93	22	66
	68	10	79	91	47	49	75	98	54	45	91	12
	30	34	86	52	53	65	86	31	65	92	58	77
	41	90	74	85	24	27	68	100	45	11	50	15
	49	62	85	32	82	22	79	67	93	58	53	81
	60	72	31	21	90	37	22	66	11	97	60	31
	37	87	38	10	26	40	66	16	94	30	69	35
	22	17	87	17	36	32	83	82	11	61	94	15
	92	48	48	61	76	95	95	56	31	62	37	82
	31	74	46	33	20	39	64	78	91	95	92	14

	53	67	40	36	49	93	38	62	11	19	92	18
	60	36	51	29	71	54	39	64	93	46	20	28
	48	82	30	17	53	18	71	46	58	93	95	22
	12	20	62	53	41	58	34	90	60	31	52	44
	42	11	62	62	93	44	92	56	90	31	57	16
	72	56	84	75	94	78	52	84	39	18	13	28
	77	66	28	26	98	45	77	89	34	94	97	10
	71	84	68	91	75	75	51	97	58	25	22	33
	63	92	55	34	37	51	65	61	98	52	66	37
	60	73	28	87	32	78	62	71	12	86	11	58
	22	12	75	71	21	59	93	100	91	34	59	85
	70	87	63	75	27	19	11	59	22	69	100	57
	66	36	46	65	23	56	89	61	43	99	80	25
	100	51	81	20	26	10	39	66	43	62	65	36
	64	63	22	36	58	67	86	22	40	51	35	89
	75	17	94	96	17	26	23	36	58	16	50	58
	35	16	41	12	47	49	90	85	49	29	89	37
	66	69	60	34	21	45	21	86	41	50	62	60
	91	79	90	70	74	31	99	86	54	87	82	50
	91	88	77	61	24	17	53	44	76	37	88	38
	19	79	46	57	29	93	100	48	30	73	52	97
	17	11	37	48	69	30	64	48	41	38	42	36
	91	82	85	27	28	85	52	30	53	45	83	35
	10	30	62	44	40	14	73	42	100	55	76	83
	63	67	78	89	24	83	75	60	25	62	32	41
	35	70	41	59	60	12	39	73	19	73	56	85
	74	72	15	32	20	88	14	42	72	70	95	66
	56	90	94	22	80	53	34	79	29	16	40	67
	14	51	35	81	96	82	70	86	61	30	29	30
	20	69	63	17	85	70	42	27	40	68	70	73

	18	89	89	37	62	11	92	28	59	88	99	44
	83	89	73	49	77	16	82	40	68	43	77	82
	58	80	82	87	68	22	94	80	48	39	88	57
	94	48	35	14	38	46	42	76	62	19	52	26
	76	88	50	55	67	27	64	59	36	18	11	92
	15	97	15	94	80	55	56	90	71	61	68	15
	33	97	86	60	11	77	64	100	12	24	15	34
	72	23	90	23	32	22	35	29	61	28	95	29
	79	57	53	15	17	78	83	53	31	42	80	16
	25	71	46	31	70	34	40	81	89	36	26	21
	19	59	34	96	71	49	62	85	86	49	97	51
	77	30	98	46	59	62	72	51	10	15	96	97
	20	48	60	13	73	43	37	85	28	16	21	77
	62	26	78	23	76	11	18	28	20	44	80	59
	72	48	22	59	43	43	58	64	35	25	67	34
	37	57	12	86	95	79	79	85	80	49	18	81
	20	78	62	23	47	23	65	31	46	37	65	70
	20	69	24	68	88	13	38	78	98	47	12	59
	51	49	61	72	87	67	34	25	64	25	69	32
	73	75	28	68	89	39	79	87	60	99	57	82
	96	45	83	80	91	52	12	16	47	39	18	79
	57	71	56	20	96	35	26	22	32	50	45	43
	39	70	90	33	21	29	19	36	84	65	56	84
	17	55	34	43	29	23	35	60	91	42	44	89
	53	47	14	12	20	99	31	18	72	17	67	79
	35	94	56	47	10	54	10	16	66	48	25	66
	44	28	74	87	18	94	74	33	80	30	91	76
	16	84	34	68	75	83	93	98	71	80	22	41
	67	86	46	18	28	45	35	90	26	92	32	39
	92	99	91	18	69	93	96	20	65	84	18	34

	26	67	33	37	65	87	11	32	11	48	86	88
	80	11	50	96	55	55	86	33	13	64	47	93
	43	88	28	60	49	34	24	17	43	25	18	48
	70	58	95	58	49	19	35	99	65	98	34	50
	100	91	71	64	26	69	53	96	13	33	80	96
	91	94	88	85	91	56	65	91	67	42	87	54
	34	28	51	20	50	86	79	34	56	16	50	35
	78	51	22	31	40	29	70	72	12	67	86	97
	75	14	72	23	70	43	52	15	36	26	36	74
	12	13	38	27	69	40	95	75	59	68	50	19
	56	11	60	15	53	81	58	82	42	57	16	59
	77	61	17	90	29	57	36	13	86	28	85	76
	76	26	10	66	88	31	14	90	55	66	10	84
	12	46	95	19	47	45	86	87	37	65	81	75
	61	90	47	42	16	79	32	38	88	26	51	11
	78	15	84	85	48	53	86	20	16	30	80	79
	45	43	30	94	24	89	82	88	77	54	14	45
	83	71	19	63	46	26	59	53	64	39	95	39
	36	54	88	50	60	30	75	91	66	38	46	60
	72	66	17	19	42	76	39	17	64	59	62	23
	56	83	58	84	90	54	20	35	93	39	69	24
	13	25	98	11	64	36	88	68	33	59	27	72
	78	25	66	58	22	85	66	39	21	22	54	73
	32	45	16	89	26	92	84	95	16	69	19	60
	52	90	84	71	86	53	50	75	91	61	41	34
	29	57	47	43	11	69	48	80	78	66	38	55
	46	30	40	78	80	31	14	71	77	82	91	37
	10	46	36	69	48	42	96	69	11	86	11	84
	32	54	61	95	54	19	19	92	17	37	31	85
	78	83	52	30	48	71	21	36	13	68	90	25

	96	33	35	71	60	40	39	22	78	87	16	90
	39	97	76	74	88	55	53	21	22	46	40	96
	23	31	25	71	43	48	11	29	72	24	99	90
	49	25	36	59	36	78	74	88	93	72	100	11
	75	15	25	85	96	98	70	21	78	55	78	28
	34	62	26	36	29	37	46	65	81	71	37	30
	55	93	20	76	18	49	96	46	45	84	87	38
	82	72	66	26	17	54	50	92	75	55	100	20
	65	69	57	52	62	28	88	69	41	19	99	31
	39	72	94	21	18	35	36	19	62	35	84	79
	90	98	57	23	67	50	82	40	76	60	37	14
	99	15	65	30	79	45	81	61	58	16	76	55
	54	85	34	40	75	79	92	12	28	67	35	68
	30	99	56	67	85	65	25	91	31	94	44	26
	55	16	55	21	26	58	28	71	86	40	83	38
	52	43	41	14	83	38	52	96	75	77	80	16
	39	85	84	82	56	44	76	70	35	52	81	59
	53	68	90	56	57	84	57	41	55	70	49	69
	97	65	97	23	34	48	42	66	93	15	30	22
	30	65	66	26	26	29	35	11	12	33	20	83
	69	62	40	89	85	16	74	48	56	83	83	70
	17	98	73	11	95	61	94	73	51	64	35	26
	38	72	27	83	56	40	27	75	21	42	36	82
	85	47	52	91	11	85	44	57	87	26	85	79
	86	100	63	70	78	43	52	92	68	77	26	13
	86	21	93	53	74	96	82	18	71	98	56	20
	43	70	86	74	57	35	55	59	21	53	73	77
	14	53	87	69	25	66	45	74	46	47	40	36
	64	97	10	64	88	67	37	41	58	89	94	85
	13	17	59	71	38	14	72	77	92	92	77	97

	38	29	84	13	59	35	73	64	14	77	46	31
	25	31	31	24	59	57	84	16	67	19	53	14
	43	32	22	31	12	18	10	47	58	50	95	93
	54	86	79	52	39	79	83	30	67	39	23	62
	80	24	51	35	31	20	46	16	29	17	40	57
	96	25	28	47	32	19	54	81	35	50	34	34
	97	19	51	81	14	14	31	71	50	27	90	49
	20	88	20	17	61	22	18	94	16	63	18	41
	91	70	61	63	21	98	68	72	24	26	50	95
	51	44	10	34	44	55	21	37	81	15	51	91
	13	94	71	27	84	93	37	98	52	62	11	22
	91	58	18	87	52	83	41	64	16	51	68	97
	13	32	97	39	29	64	11	62	46	69	30	31
	28	87	31	16	97	75	96	59	11	29	77	82
	84	54	23	93	41	41	62	44	79	94	40	83
	30	19	88	61	31	98	20	22	54	57	33	30
	50	17	71	22	43	37	28	26	68	89	44	96
	43	93	32	70	38	78	70	38	22	65	84	94
	73	32	88	40	28	16	26	17	15	74	74	44
	74	65	37	25	43	64	59	47	49	14	29	34
	65	28	69	37	76	63	77	12	70	87	21	21
	43	51	88	68	52	98	25	31	22	16	17	71
	17	32	77	85	91	11	47	93	75	87	30	18
	47	24	23	28	96	92	95	41	98	53	31	94
	55	98	37	70	93	64	12	83	57	67	64	89
	39	29	79	92	27	57	72	10	63	64	20	96
	100	19	36	47	77	18	46	88	13	34	47	48
	60	35	61	60	33	44	46	100	82	15	97	59
	55	55	40	76	43	16	45	30	65	89	87	54
	14	97	23	44	18	82	90	19	11	65	89	69

	22	63	55	28	60	25	58	99	86	29	100	17
	54	66	81	93	18	82	18	97	25	35	62	82
	36	26	60	44	38	31	82	93	98	97	98	27
	86	81	23	25	23	11	23	79	52	47	77	83
	59	31	48	30	85	80	15	56	49	15	37	66
	39	75	20	62	59	11	59	77	99	53	25	19
	39	37	11	74	12	30	35	58	50	30	89	60
	87	13	47	81	47	89	85	65	82	76	15	100
	77	63	71	34	84	11	53	43	80	85	20	41
	79	26	13	92	51	67	78	49	26	19	41	95
	43	86	89	66	69	41	16	67	14	70	16	67
	28	64	58	89	30	35	93	39	16	75	74	62
	58	58	79	95	18	26	23	77	13	18	50	70
	59	73	78	28	28	41	28	40	96	34	70	89
	63	20	91	49	35	90	68	75	32	90	27	59
	72	80	63	98	47	26	51	16	66	86	23	25
	29	23	40	82	91	60	70	27	45	69	66	75
	23	80	75	29	38	47	57	13	68	99	23	42
	67	80	58	30	65	87	32	43	55	56	64	98
	36	51	59	74	27	47	39	96	49	37	51	89
	52	73	26	76	24	98	48	72	20	67	26	69
	17	29	72	11	44	62	52	29	40	61	69	30
	41	70	61	31	91	23	44	19	57	72	56	13
	27	89	83	27	94	79	12	37	99	45	83	87
	76	29	36	40	20	59	95	39	17	40	30	93
	48	14	71	64	73	32	26	14	97	80	53	26
	54	97	54	11	55	76	88	67	100	33	40	100
	71	76	60	75	70	96	72	86	50	32	15	59
	26	16	59	64	71	14	54	90	42	51	62	44
	12	64	58	78	41	15	86	37	44	25	66	77

	11	25	43	67	68	33	86	86	95	88	63	57
	55	90	36	70	49	87	99	79	51	68	68	33
	19	34	53	64	55	70	37	18	44	25	42	48
	84	85	45	74	91	74	85	11	80	21	44	37
	42	47	51	62	83	59	29	99	55	85	96	68
	17	39	23	81	47	64	48	79	20	33	69	54
	19	75	71	50	59	34	28	70	19	50	41	83
	94	79	67	15	65	31	98	94	16	23	63	60
	46	67	29	82	43	76	22	74	46	94	90	37
	32	84	46	67	89	15	52	82	65	75	31	56
	59	19	41	32	69	11	84	26	80	37	77	66
	85	30	92	48	34	50	46	47	74	83	30	23
	39	18	29	41	82	24	10	37	88	89	45	61
	87	83	82	42	93	14	19	99	19	44	18	80
	84	87	44	48	44	65	26	68	80	40	86	91
	32	73	59	50	43	93	67	23	48	92	63	70
	21	66	46	29	32	83	45	82	31	84	47	57
	82	98	12	70	12	98	23	23	27	82	47	55
	94	75	70	87	91	80	92	87	87	19	10	38
	30	61	12	52	27	14	21	48	43	43	89	79
	23	41	26	82	54	81	55	31	84	51	38	81
	99	99	95	35	38	32	100	49	63	86	83	18
	86	44	91	60	34	53	78	62	67	82	52	66
	90	33	90	62	15	77	12	18	27	39	45	75
	24	21	92	57	46	14	60	79	80	29	94	63
	76	13	23	33	83	11	35	74	58	71	81	83
	23	69	60	20	64	30	82	44	57	86	68	30
	42	94	71	38	48	21	55	18	60	90	11	19
	52	43	31	15	82	35	80	11	14	12	88	71
	19	54	20	18	37	80	76	13	34	29	17	33

