***** PARAMETERS PRP *****

Number of Customers = 30
Number of Products = 10
Number of Vehicles = 5
Number of Periods = 12

B = Production capacity
	49105

b_p = Time required to produce item p
 	1	1	1	1	1	1	1	1	1	1

c_p = Production cost of item p
 	80	80	80	80	80	30	30	80	30	30

s_p = Setup cost of item p
 	800	800	800	800	800	300	300	800	300	300

M = Big number
	196419

U_pi = Maximum inventory upper bound of item p at site i
 	196419	126	295	180	205	252	250	134	272	284	265	162	126	134	161	362	97	108	80	117	100	295	104	203	178	94	195	213	231	314	165
	196419	295	194	172	112	98	103	85	148	189	315	121	275	123	103	277	248	99	178	279	110	112	165	263	265	130	252	120	130	92	203
	196419	291	109	238	221	191	109	258	181	166	324	268	181	315	145	133	174	215	273	106	179	121	226	197	288	251	275	83	178	159	300
	196419	350	127	187	216	248	347	266	178	160	209	253	153	280	108	194	325	110	207	325	229	203	321	151	225	238	211	271	248	292	171
	196419	259	301	127	310	285	161	133	219	139	176	216	137	198	215	239	214	100	273	250	166	191	144	138	298	200	279	266	134	296	285
	196419	108	123	144	190	260	234	88	81	104	105	293	162	243	203	142	280	191	130	134	211	201	111	144	161	157	178	202	163	122	247
	196419	254	272	143	167	244	160	176	173	292	208	121	173	255	244	210	305	232	110	244	103	328	167	261	188	201	169	300	170	313	274
	196419	171	216	282	175	153	150	151	159	245	248	223	120	225	271	118	184	122	241	127	142	249	123	300	113	196	205	109	295	209	163
	196419	203	297	208	204	230	275	115	316	92	115	98	131	229	186	202	292	208	136	335	170	208	139	170	172	309	271	263	199	282	250
	196419	231	237	101	252	196	166	172	275	185	234	321	201	146	243	201	151	161	234	106	331	229	145	273	242	199	221	144	144	129	210

I_pi0 = Initial inventory of item p at site i
 	0	87	156	167	112	135	73	126	74	125	170	65	81	125	95	341	57	83	42	103	82	105	20	92	105	78	44	157	61	21	124
	0	90	146	56	73	60	68	62	102	88	70	62	122	13	37	133	160	26	130	108	76	41	154	97	22	35	168	83	106	14	40
	0	284	45	65	34	181	72	146	48	148	78	68	171	141	135	75	145	137	163	100	22	33	203	84	225	20	25	58	89	50	63
	0	318	16	78	190	49	216	195	62	160	79	217	11	121	86	97	61	84	91	206	93	13	77	94	190	106	42	175	149	155	59
	0	49	209	76	144	210	135	53	139	118	95	38	95	180	186	139	113	72	179	206	140	30	29	75	160	195	46	212	81	215	111
	0	83	49	37	42	198	16	71	67	79	24	193	13	210	201	106	62	131	107	112	167	123	14	123	107	141	40	125	94	112	64
	0	128	164	98	152	61	153	131	96	150	145	20	141	88	102	122	138	231	56	59	34	308	41	196	111	66	93	34	15	233	123
	0	155	198	113	163	119	146	118	126	186	93	187	70	120	123	55	10	67	117	69	88	34	84	81	81	100	128	87	151	71	19
	0	172	148	165	171	106	116	93	65	55	59	49	94	106	80	126	249	80	115	280	161	31	109	95	68	203	243	83	191	135	60
	0	111	200	47	40	122	78	128	58	91	102	251	120	113	164	67	117	113	215	87	248	201	43	147	40	164	187	99	119	71	128

h_pi = Inventory cost of item p at site i
 	8	8	1	8	1	6	8	7	4	9	6	1	9	9	1	3	6	7	9	3	4	2	1	5	7	1	5	3	9	2	7
	8	1	5	8	2	9	1	1	1	5	2	2	4	1	2	2	5	1	7	3	2	3	1	2	9	4	8	7	7	6	7
	8	3	3	9	3	1	5	3	5	8	9	1	9	6	8	2	6	2	6	5	7	2	7	2	3	6	6	3	8	2	2
	8	1	9	7	6	2	9	7	5	1	4	2	3	4	4	7	1	4	7	3	1	3	8	1	6	2	9	5	5	9	2
	8	2	5	9	5	7	8	1	6	7	1	1	9	8	1	9	1	2	1	1	3	8	4	2	9	6	6	2	2	5	7
	3	8	3	9	8	7	5	5	7	4	7	5	4	6	1	5	6	4	5	4	5	5	7	6	5	8	8	9	6	9	5
	3	5	7	2	4	8	5	5	2	2	2	8	7	2	4	6	6	9	9	2	6	7	4	9	5	1	5	1	4	7	5
	8	1	2	8	4	5	8	6	6	2	4	5	8	6	2	1	1	2	6	4	5	7	2	7	2	6	9	8	6	1	5
	3	8	7	5	8	9	4	2	6	8	5	8	8	7	7	4	2	6	1	8	3	1	1	7	7	7	1	5	9	7	2
	3	8	7	2	7	9	6	5	5	6	4	4	3	7	4	1	9	9	2	1	6	3	1	4	9	8	8	1	6	8	1

C = Vehicle capacity
	3620

f = Fixed transportation cost
	29481

a_ik = Transportation cost for traveling from node i to node k
 	0	366	258	440	219	333	78	202	234	180	44	128	403	268	556	276	222	226	185	507	50	307	415	321	403	158	553	109	236	374	336
	366	0	432	243	252	631	289	219	600	525	410	469	313	634	303	346	288	293	545	358	388	290	123	322	709	512	188	461	154	126	696
	258	432	0	349	180	564	271	392	358	395	266	361	255	391	462	105	448	453	282	355	215	179	402	163	621	247	588	226	284	359	387
	440	243	349	0	227	764	383	396	647	620	478	567	112	683	120	245	476	483	576	116	434	171	128	188	838	537	297	493	228	119	711
	219	252	180	227	0	550	177	251	421	398	253	347	186	457	346	107	323	329	351	289	207	95	238	119	621	313	415	267	106	193	491
	333	631	564	764	550	0	381	414	263	169	307	208	735	256	876	605	358	354	314	838	359	639	715	653	79	335	809	340	542	681	358
	78	289	271	383	177	381	0	136	311	245	121	190	362	345	496	259	178	183	261	462	110	271	344	291	455	232	477	181	166	306	412
	202	219	392	396	251	414	136	0	421	323	240	270	412	451	491	354	80	87	384	497	244	339	315	367	492	359	397	310	175	290	532
	234	600	358	647	421	263	311	421	0	134	191	165	584	37	766	432	412	413	77	690	219	489	641	490	294	114	787	154	464	599	120
	180	525	395	620	398	169	245	323	134	0	146	57	579	150	736	441	297	296	157	684	196	482	589	492	229	170	711	171	410	550	253
	44	410	266	478	253	307	121	240	191	146	0	100	434	225	595	298	251	253	144	539	53	337	457	348	373	121	597	77	278	416	294
	128	469	361	567	347	208	190	270	165	57	100	0	530	189	682	397	250	250	162	635	152	434	533	446	275	162	656	145	355	495	284
	403	313	255	112	186	735	362	412	584	579	434	530	0	620	211	157	491	497	509	107	384	97	219	96	804	471	402	433	238	191	634
	268	634	391	683	457	256	345	451	37	150	225	189	620	0	802	467	438	438	112	726	255	525	677	526	278	149	821	190	500	635	107
	556	303	462	120	346	876	496	491	766	736	595	682	211	802	0	359	570	576	695	144	552	287	182	300	951	656	280	612	334	202	830
	276	346	105	245	107	605	259	354	432	441	298	397	157	467	359	0	422	427	356	261	246	75	303	62	670	318	491	284	211	260	478
	222	288	448	476	323	358	178	80	412	297	251	250	491	438	570	422	0	7	389	576	270	414	392	441	436	371	455	327	255	369	529
	226	293	453	483	329	354	183	87	413	296	253	250	497	438	576	427	7	0	390	583	274	420	398	447	432	373	460	330	261	375	529
	185	545	282	576	351	314	261	384	77	157	144	162	509	112	695	356	389	390	0	615	158	415	577	415	357	39	731	86	403	534	152
	507	358	355	116	289	838	462	497	690	684	539	635	107	726	144	261	576	583	615	0	490	203	242	201	909	577	398	539	323	233	738
	50	388	215	434	207	359	110	244	219	196	53	152	384	255	552	246	270	274	158	490	0	288	423	297	424	125	573	73	246	380	309
	307	290	179	171	95	639	271	339	489	482	337	434	97	525	287	75	414	420	415	203	288	0	232	33	708	377	421	337	174	191	545
	415	123	402	128	238	715	344	315	641	589	457	533	219	677	182	303	392	398	577	242	423	232	0	260	792	540	190	491	180	45	723
	321	322	163	188	119	653	291	367	490	492	348	446	96	526	300	62	441	447	415	201	297	33	260	0	720	377	450	341	206	221	539
	403	709	621	838	621	79	455	492	294	229	373	275	804	278	951	670	436	432	357	909	424	708	792	720	0	383	887	396	618	757	369
	158	512	247	537	313	335	232	359	114	170	121	162	471	149	656	318	371	373	39	577	125	377	540	377	383	0	697	52	368	497	185
	553	188	588	297	415	809	477	397	787	711	597	656	402	821	280	491	455	460	731	398	573	421	190	450	887	697	0	646	331	231	881
	109	461	226	493	267	340	181	310	154	171	77	145	433	190	612	284	327	330	86	539	73	337	491	341	396	52	646	0	317	448	236
	236	154	284	228	106	542	166	175	464	410	278	355	238	500	334	211	255	261	403	323	246	174	180	206	618	368	331	317	0	141	552
	374	126	359	119	193	681	306	290	599	550	416	495	191	635	202	260	369	375	534	233	380	191	45	221	757	497	231	448	141	0	679
	336	696	387	711	491	358	412	532	120	253	294	284	634	107	830	478	529	529	152	738	309	545	723	539	369	185	881	236	552	679	0

coordXY = Coordinates (x,y): line zero => x line one => y column => customers
 	259	358	17	125	161	450	287	405	192	315	248	315	46	195	119	55	464	469	159	12	210	86	252	54	457	154	398	177	259	234	93
	460	812	548	879	655	188	532	599	236	289	418	345	801	200	998	645	545	541	305	902	454	713	874	706	110	343	995	389	695	833	169

d_pit = Demand of item p at customer i in period t
 	87	76	87	51	14	98	59	77	80	39	51	37
	45	30	81	62	82	76	46	67	48	77	52	41
	43	88	36	29	52	49	15	16	29	89	37	56
	14	98	31	75	38	30	77	15	77	41	30	89
	56	30	49	51	14	18	46	69	74	85	79	33
	73	15	52	79	90	69	65	92	64	12	76	63
	61	45	20	51	26	27	70	46	36	51	27	74
	74	75	74	39	24	35	39	25	30	67	96	74
	74	51	93	78	72	82	17	76	67	12	32	27
	87	83	83	68	93	37	82	71	84	11	87	10
	65	17	73	20	33	95	77	62	39	39	31	95
	81	94	48	100	95	44	85	62	10	77	36	24
	46	59	20	83	29	39	18	18	45	46	63	69
	70	25	86	82	32	36	42	77	14	86	75	19
	68	96	85	92	49	66	69	69	67	93	32	83
	11	46	85	77	24	51	66	70	24	23	70	35
	31	20	32	48	86	80	74	29	35	97	19	94
	42	17	65	59	42	43	64	12	77	13	23	25
	35	68	62	53	72	81	88	58	84	15	54	33
	53	17	12	92	68	15	30	68	44	82	62	58
	44	61	94	99	74	14	65	14	34	86	89	35
	20	93	58	98	27	22	23	81	20	83	71	29
	92	33	65	43	87	93	42	65	99	73	82	39
	60	45	41	42	61	12	34	84	23	24	52	55
	27	51	71	31	18	52	77	13	16	24	85	99
	44	69	29	35	72	51	28	83	23	69	42	41
	63	13	81	35	54	33	90	35	72	89	40	33
	42	19	34	81	54	48	29	57	66	23	11	91
	21	41	53	76	71	72	13	83	94	79	99	51
	34	55	35	85	24	92	65	93	27	64	52	35

	90	51	70	91	40	58	86	54	37	24	52	54
	14	58	12	62	94	45	49	23	73	58	51	43
	56	87	13	95	30	29	25	80	47	46	82	97
	73	48	71	64	11	82	94	50	47	65	34	34
	47	13	42	86	14	36	14	41	20	28	31	19
	68	46	54	56	14	35	31	84	82	46	45	56
	62	34	24	12	19	25	35	38	69	58	70	66
	72	30	99	32	26	35	25	12	70	86	79	25
	31	57	29	40	53	94	99	74	77	94	92	14
	70	91	78	25	78	60	23	40	70	88	58	74
	39	23	70	23	37	79	77	89	82	67	49	91
	40	55	27	60	93	17	61	41	37	96	43	89
	13	95	93	96	33	53	31	82	42	75	33	92
	37	54	11	35	14	25	23	56	16	96	14	30
	66	67	55	64	45	12	82	82	91	33	29	38
	92	20	48	65	47	29	20	34	46	29	72	93
	26	94	53	15	96	18	14	91	25	29	80	51
	46	84	17	62	78	70	30	95	52	84	81	14
	31	77	44	45	84	18	42	90	92	50	15	81
	76	60	35	30	64	48	13	87	97	79	21	52
	41	97	48	39	58	23	31	90	77	30	74	66
	98	56	32	75	45	67	83	28	58	97	12	10
	97	38	66	66	35	90	62	81	30	97	100	28
	22	85	14	27	93	60	13	77	52	73	68	51
	35	84	17	100	35	33	45	20	70	27	12	43
	68	100	85	71	59	13	58	36	73	89	29	74
	83	98	59	50	35	48	68	18	27	89	97	46
	25	34	47	74	31	67	54	55	45	22	45	22
	14	95	13	29	24	76	18	89	91	76	14	10
	40	22	11	27	40	79	93	71	53	69	31	72

	33	80	100	71	93	30	40	32	40	98	18	64
	45	80	31	75	70	94	49	36	23	32	46	75
	40	25	60	97	67	99	66	42	59	81	40	38
	22	12	33	72	45	30	43	61	93	20	62	37
	47	79	55	100	86	68	82	33	52	52	79	32
	51	21	76	44	69	71	56	52	96	37	27	54
	41	26	41	38	81	52	76	27	40	85	94	19
	48	59	27	37	95	99	16	71	78	79	17	98
	57	38	53	97	35	29	14	13	49	64	30	18
	78	58	72	42	86	83	66	62	24	58	53	96
	68	48	26	21	18	48	82	41	50	70	97	73
	99	15	16	41	43	58	27	37	73	45	64	26
	25	44	25	47	46	84	75	77	94	58	89	92
	86	49	22	45	33	44	68	34	44	24	72	58
	75	74	88	98	37	32	99	82	23	38	72	78
	58	87	57	83	86	22	14	92	53	45	29	68
	84	53	59	81	74	11	65	63	82	16	11	45
	96	51	16	72	39	91	82	54	27	18	75	33
	48	35	17	82	18	75	100	51	74	50	75	13
	22	80	15	45	64	69	58	98	94	79	44	49
	33	66	95	87	79	14	40	81	47	77	48	61
	32	63	60	48	20	51	21	78	74	94	44	94
	16	68	67	58	84	77	69	85	20	100	90	54
	21	65	77	62	21	74	50	44	96	95	63	22
	20	92	80	35	87	25	87	86	66	73	42	59
	25	63	96	29	53	76	56	68	62	63	23	47
	58	75	55	56	12	95	19	12	18	28	26	43
	89	63	77	26	96	61	30	97	46	18	12	98
	50	26	85	67	25	57	26	17	77	93	36	78
	63	61	54	71	46	77	94	39	86	24	63	42

	96	90	33	99	12	87	95	51	93	89	35	61
	16	71	94	97	61	52	51	85	88	49	74	26
	47	31	72	39	78	41	81	51	17	37	25	42
	13	82	95	92	29	59	31	40	43	52	17	96
	49	37	46	34	32	96	85	85	63	25	32	12
	81	16	46	73	80	76	85	67	57	93	64	95
	87	26	82	83	13	87	38	62	57	13	46	45
	62	74	79	21	14	67	12	46	12	87	28	33
	37	15	11	97	74	34	24	98	72	50	86	43
	26	36	17	42	24	27	94	67	72	100	31	92
	26	38	67	86	27	36	11	25	72	86	36	96
	11	23	23	21	26	41	32	57	52	71	51	50
	48	73	34	14	28	80	15	84	69	77	89	61
	86	71	30	72	16	55	41	83	55	70	35	32
	97	20	51	11	94	73	42	59	17	59	39	19
	61	76	67	11	62	88	82	19	76	98	66	75
	20	64	41	81	63	49	63	33	79	39	33	94
	91	44	98	97	73	76	75	76	44	68	72	15
	100	80	26	29	39	97	54	64	88	47	75	82
	93	61	78	71	42	40	82	33	32	87	51	17
	13	59	27	65	89	13	35	24	57	76	19	11
	77	73	86	21	75	83	21	47	59	94	77	58
	94	91	90	58	86	55	87	90	69	95	16	72
	80	99	11	64	43	53	95	34	86	22	13	76
	69	37	62	92	41	67	72	36	76	19	53	89
	42	21	35	95	88	38	32	97	37	36	62	49
	50	72	53	98	61	19	59	19	83	43	14	80
	74	75	13	36	81	49	55	29	25	64	43	51
	83	47	25	61	52	80	54	46	95	83	35	39
	59	52	16	87	27	16	17	39	50	31	86	33

	14	35	85	71	66	67	93	73	89	59	29	97
	70	99	14	26	91	14	43	68	97	59	82	59
	76	88	81	65	94	46	53	21	71	52	68	49
	58	86	93	65	41	17	36	64	45	98	66	76
	33	64	25	88	71	82	11	97	57	74	18	65
	61	23	51	21	68	33	89	61	88	12	65	71
	31	22	72	61	40	51	23	19	98	34	64	17
	60	79	84	64	38	41	23	64	47	83	59	16
	61	45	12	44	81	74	13	18	54	55	21	78
	71	24	88	36	60	24	54	43	15	29	37	48
	38	93	16	87	21	26	28	95	75	61	27	80
	83	12	66	19	40	90	19	15	65	50	36	53
	72	74	34	95	25	61	80	87	27	85	95	58
	23	69	18	76	50	16	40	19	42	67	29	67
	94	45	60	93	22	27	57	50	32	98	85	53
	47	66	43	18	38	81	96	86	16	85	17	50
	72	66	85	99	51	24	24	31	33	24	64	26
	22	87	70	34	47	26	75	71	36	47	82	57
	37	21	96	52	41	24	32	53	80	62	31	72
	72	68	85	19	32	42	72	12	65	89	69	38
	30	46	53	24	85	52	55	58	77	47	17	28
	29	98	39	24	65	37	34	53	55	46	34	61
	25	50	95	40	37	38	26	38	31	69	44	60
	53	22	85	57	33	38	82	88	84	76	38	60
	87	81	27	48	65	14	19	69	33	58	73	27
	46	67	98	96	47	28	33	87	25	43	77	22
	74	64	17	57	72	54	38	62	66	65	30	39
	81	81	79	99	69	24	47	71	70	91	40	50
	47	95	73	98	75	61	57	76	77	59	88	81
	44	67	74	35	30	12	48	95	81	14	92	92

	54	29	74	92	70	19	82	59	11	39	51	68
	49	82	88	32	60	54	82	64	42	91	52	44
	37	44	67	54	67	23	20	88	34	26	76	40
	42	79	27	72	80	35	15	55	91	29	28	16
	92	68	26	12	32	63	86	24	18	79	83	42
	16	51	79	16	58	60	78	30	86	86	88	54
	15	56	78	46	28	74	29	46	43	30	27	55
	26	16	25	53	17	92	59	14	37	69	41	37
	79	62	99	56	51	82	29	44	20	14	69	17
	24	89	72	71	85	76	41	30	54	55	12	18
	76	36	81	50	96	36	75	20	53	27	71	83
	13	100	42	64	71	95	21	95	12	27	63	46
	36	63	31	80	68	86	66	33	70	62	98	35
	42	63	96	26	69	31	53	72	50	36	29	41
	61	45	49	27	36	43	37	17	86	95	51	20
	45	17	45	54	90	34	31	84	96	54	28	94
	40	91	99	29	48	92	72	33	69	92	73	26
	85	22	32	57	98	76	87	65	26	74	87	72
	51	61	93	91	20	95	86	48	58	54	70	77
	61	60	30	16	17	92	98	100	30	18	71	40
	12	14	97	64	86	54	80	49	28	57	47	15
	14	55	11	54	45	36	85	96	71	82	55	60
	72	51	75	38	43	92	75	69	99	74	79	94
	59	48	56	58	92	51	23	21	13	17	26	19
	55	86	18	22	33	69	51	81	77	35	47	53
	40	79	75	27	58	19	65	97	86	11	69	87
	62	63	87	85	100	11	25	100	68	46	87	73
	43	51	58	53	90	14	50	92	57	11	80	51
	29	31	52	68	32	74	87	48	100	94	24	91
	20	44	37	62	62	62	32	12	62	98	25	76

	36	92	39	67	93	16	58	33	14	21	41	100
	80	73	11	71	65	50	35	23	89	57	86	13
	31	46	21	48	41	82	57	11	25	32	11	25
	83	69	35	54	31	38	17	75	95	89	64	18
	61	47	20	14	36	92	71	73	18	48	54	52
	59	94	59	32	48	69	69	64	62	30	32	21
	26	77	28	23	92	16	37	96	12	21	54	46
	44	19	33	74	83	33	12	59	28	69	22	42
	66	38	46	96	80	59	23	49	79	87	34	44
	88	57	89	53	79	74	72	42	89	20	78	91
	20	29	97	62	65	67	71	91	30	45	66	83
	63	78	10	60	87	88	30	73	78	72	37	16
	11	43	34	65	33	94	61	89	95	39	27	20
	64	38	84	13	97	92	35	17	41	49	28	27
	16	46	27	33	25	23	19	93	52	71	12	87
	94	44	93	50	85	56	56	65	14	54	48	74
	66	75	64	26	46	18	83	67	78	36	43	93
	56	90	12	86	72	38	39	59	78	17	85	28
	59	16	43	96	76	31	83	19	93	79	97	41
	34	84	22	13	38	74	39	58	48	83	89	36
	67	91	63	87	74	83	40	52	99	41	60	31
	41	93	37	35	77	66	16	31	94	31	54	91
	71	49	46	30	49	47	70	75	54	23	23	89
	97	14	87	44	37	73	44	82	77	72	93	30
	66	34	38	80	56	66	41	84	15	52	51	21
	93	83	95	23	79	37	23	25	12	79	93	33
	34	79	99	60	64	98	48	93	41	18	53	34
	15	46	59	58	99	91	84	35	33	12	52	95
	62	75	96	42	34	54	20	34	99	85	97	53
	17	49	57	91	12	27	63	77	72	80	93	20

	61	94	57	82	28	42	13	92	35	85	64	32
	69	65	28	36	73	64	24	46	97	12	46	88
	28	85	23	57	97	71	18	56	99	32	78	33
	65	31	67	68	32	32	62	93	76	90	69	14
	98	21	78	16	92	41	49	67	41	36	49	22
	51	95	55	38	36	60	61	44	40	24	83	11
	95	23	93	40	83	38	33	54	17	11	71	45
	12	41	30	43	57	87	32	39	66	76	77	75
	42	56	88	92	46	93	35	15	36	95	44	93
	57	21	15	46	64	94	21	11	64	18	84	99
	45	14	75	53	91	26	24	87	30	72	65	86
	47	23	80	12	30	27	16	69	53	22	62	38
	42	31	47	19	29	91	30	90	42	27	63	29
	19	44	60	27	57	98	34	78	32	98	32	71
	55	72	23	30	36	31	32	65	59	10	19	41
	10	77	20	86	15	28	54	25	96	56	43	42
	40	27	60	58	94	19	23	88	80	93	91	57
	84	33	13	94	16	27	38	35	29	86	91	33
	11	58	69	26	14	37	90	23	19	82	46	31
	88	98	19	44	98	70	99	44	64	99	51	80
	34	20	39	81	97	57	91	58	69	56	85	59
	84	71	89	77	98	21	23	36	27	39	80	93
	81	94	13	56	67	53	75	46	74	23	45	94
	42	39	90	84	49	86	47	75	15	73	41	34
	35	65	99	88	53	86	100	62	62	16	36	81
	40	63	25	95	48	73	89	94	72	43	84	95
	43	44	85	18	42	78	65	52	35	46	80	63
	71	33	18	29	46	23	82	68	77	84	94	82
	26	45	62	56	16	11	86	63	67	19	32	18
	19	94	67	81	29	31	90	45	31	54	61	48

	41	70	61	88	16	39	93	33	31	59	35	44
	23	67	58	77	67	52	48	61	54	80	62	63
	60	49	56	75	59	27	95	58	20	46	23	56
	42	31	98	44	22	88	68	16	29	86	43	46
	18	88	90	44	93	25	60	70	53	39	15	95
	63	53	89	94	87	60	44	25	57	28	37	22
	93	48	36	93	51	78	58	54	61	48	41	29
	65	52	80	99	74	79	92	97	93	90	60	68
	29	26	54	49	58	28	25	78	52	85	20	48
	59	70	88	17	23	100	37	74	49	14	83	75
	49	12	45	29	78	70	36	23	72	79	35	62
	94	65	84	46	21	78	91	72	42	89	22	83
	42	53	11	85	12	85	23	54	69	82	97	74
	48	32	47	46	24	29	74	66	60	51	72	10
	67	59	25	37	20	85	55	63	48	36	63	47
	22	42	99	86	68	65	72	62	14	93	45	32
	80	93	69	50	55	11	83	50	32	34	30	36
	60	55	39	59	70	23	49	12	35	85	44	14
	74	42	99	65	50	95	26	91	98	27	97	41
	42	62	57	90	21	89	58	54	67	95	18	28
	31	19	90	20	57	69	48	16	34	24	58	34
	39	70	89	83	87	90	74	76	75	60	42	47
	95	70	40	99	24	29	74	93	14	84	21	36
	68	15	93	88	11	48	59	80	71	21	62	71
	73	41	72	17	91	73	38	95	85	10	47	100
	94	49	100	65	98	17	38	97	53	98	21	84
	56	27	28	60	49	69	55	87	86	52	35	28
	89	76	26	39	52	33	34	85	14	31	46	71
	40	57	11	27	54	41	84	63	91	76	42	90
	48	12	40	85	77	26	46	69	64	21	38	74

	53	13	45	31	41	34	14	25	59	77	85	78
	72	48	69	11	97	43	59	86	57	59	93	18
	35	12	84	59	46	18	58	31	18	65	90	87
	40	25	92	33	18	53	40	57	72	56	70	49
	41	56	25	46	16	68	16	25	40	17	71	49
	78	99	37	84	11	71	38	21	19	63	48	95
	76	26	26	17	17	87	19	28	17	17	96	90
	58	62	71	99	69	20	34	62	33	82	24	46
	58	33	78	27	76	65	18	95	96	80	58	54
	12	90	52	44	43	12	74	68	50	47	24	46
	91	97	15	48	90	96	48	28	99	94	29	36
	78	42	63	95	69	73	77	54	22	62	89	80
	58	25	30	93	60	34	11	12	94	29	98	38
	47	45	22	50	40	36	20	31	99	84	98	11
	19	20	28	82	62	21	61	33	45	38	60	14
	34	83	75	34	53	12	93	53	29	84	27	28
	15	69	29	30	61	12	28	35	22	52	58	72
	47	92	76	20	67	58	50	83	35	10	88	77
	87	39	62	30	27	42	84	55	36	14	73	85
	33	42	82	91	64	38	96	89	28	72	62	97
	74	83	16	28	57	16	54	74	21	30	47	50
	13	30	36	78	32	41	51	45	95	28	98	33
	19	28	100	65	88	96	65	72	77	84	96	30
	40	76	75	10	45	66	95	38	73	87	79	41
	84	80	77	46	57	80	80	43	88	18	41	100
	85	70	32	68	88	14	34	21	89	79	71	12
	41	20	38	37	21	29	61	59	54	69	97	50
	84	35	67	63	13	80	11	68	38	25	59	34
	71	17	29	79	79	68	58	17	23	23	13	40
	30	37	61	65	49	35	83	19	11	31	18	65

