***** PARAMETERS PRP *****

Number of Customers = 30
Number of Products = 10
Number of Vehicles = 5
Number of Periods = 12

B = Production capacity
	49065

b_p = Time required to produce item p
 	1	1	1	1	1	1	1	1	1	1

c_p = Production cost of item p
 	80	80	30	80	30	80	30	80	80	30

s_p = Setup cost of item p
 	800	800	300	800	300	800	300	800	800	300

M = Big number
	196258

U_pi = Maximum inventory upper bound of item p at site i
 	196258	227	133	229	176	124	255	196	268	177	249	276	231	203	250	260	110	114	206	305	209	300	244	287	245	232	129	281	213	108	172
	196258	228	279	162	298	196	258	104	169	112	219	226	111	137	229	73	275	112	196	143	149	286	169	311	329	279	117	194	259	106	207
	196258	245	120	298	148	104	208	204	244	245	238	179	272	204	165	195	205	190	253	212	229	259	93	267	95	213	248	320	215	265	241
	196258	260	315	282	108	157	183	170	116	242	110	140	162	291	114	119	310	97	180	287	176	315	109	95	310	132	133	222	230	115	209
	196258	88	113	198	342	339	89	119	71	256	119	95	262	211	213	290	255	111	108	169	187	184	289	302	192	158	164	108	251	107	130
	196258	157	174	245	338	162	163	101	174	206	251	231	145	300	186	261	148	107	278	241	318	147	244	107	211	142	263	170	108	97	136
	196258	126	97	202	239	250	235	122	180	314	225	265	280	148	258	130	156	299	315	313	271	174	275	238	203	106	207	269	157	122	204
	196258	130	305	244	106	210	281	110	190	256	126	133	244	224	233	212	211	203	92	268	87	232	312	213	224	159	194	120	182	272	236
	196258	195	93	212	266	166	100	188	238	201	325	233	166	246	231	190	159	282	188	133	203	168	207	114	189	312	249	304	227	81	264
	196258	323	91	117	169	233	333	141	194	184	232	301	112	212	330	123	144	195	131	224	216	193	176	265	305	154	79	318	104	198	145

I_pi0 = Initial inventory of item p at site i
 	0	138	43	145	176	29	159	103	255	110	249	177	22	110	104	66	90	57	179	63	144	119	170	267	176	122	103	94	85	104	57
	0	216	183	97	262	78	125	93	54	73	18	106	91	93	127	28	114	86	94	129	142	156	74	179	163	129	79	64	165	51	149
	0	100	86	54	144	72	31	77	122	222	178	152	56	125	86	128	131	183	149	59	130	246	22	147	86	152	121	239	176	207	126
	0	62	39	256	91	81	173	74	80	70	104	123	147	270	50	40	56	76	87	233	128	202	41	41	171	107	76	218	211	77	169
	0	75	68	42	64	239	58	75	10	98	94	28	245	92	148	252	228	93	42	123	101	137	103	190	145	139	123	33	81	52	98
	0	90	145	122	196	123	156	38	87	139	203	93	52	142	97	28	113	96	143	176	59	146	179	84	151	101	87	138	69	76	110
	0	123	75	192	103	172	133	36	154	25	39	167	13	106	65	68	151	76	88	203	47	99	85	170	151	99	11	204	42	87	116
	0	128	259	226	90	104	183	97	44	118	67	99	187	32	105	165	171	203	41	194	44	155	286	177	81	101	132	57	168	178	185
	0	121	63	174	104	25	55	144	177	187	168	128	112	206	135	50	66	59	60	116	89	50	131	95	75	31	91	265	108	79	154
	0	72	70	46	109	40	251	112	118	117	142	150	45	166	122	40	116	172	114	127	66	93	88	50	45	84	0	126	82	95	137

h_pi = Inventory cost of item p at site i
 	8	3	8	6	3	4	6	6	8	7	3	8	4	9	5	7	8	5	1	1	3	2	9	2	5	5	3	7	2	6	9
	8	6	4	5	6	3	3	7	6	8	7	9	4	8	7	8	8	9	2	1	9	3	8	3	3	1	7	4	8	6	4
	3	5	2	1	2	4	4	6	7	3	2	4	2	5	4	6	4	7	8	7	2	1	6	8	3	4	4	8	7	6	6
	8	3	8	2	3	5	9	3	1	7	5	3	4	7	4	8	5	4	5	5	2	4	8	1	5	9	4	3	8	2	3
	3	9	5	4	3	1	5	6	7	8	3	8	1	6	7	6	3	6	1	8	7	5	9	1	7	9	1	9	4	7	7
	8	1	7	1	8	6	2	5	4	5	9	8	2	2	9	4	2	7	8	9	9	1	1	6	4	5	7	4	3	1	4
	3	8	2	4	8	1	7	5	8	8	5	3	6	5	9	7	7	5	6	2	3	7	7	1	1	2	6	4	4	7	4
	8	3	8	9	7	3	4	1	4	5	8	9	2	5	8	7	8	6	8	2	4	8	2	3	5	4	5	2	6	8	7
	8	9	5	9	7	7	6	7	1	3	9	8	2	5	3	5	8	1	2	7	7	1	2	3	5	1	5	4	9	7	5
	3	5	6	6	1	5	9	6	1	4	3	2	5	9	3	7	6	4	1	4	2	1	9	9	4	9	4	8	3	8	6

C = Vehicle capacity
	3420

f = Fixed transportation cost
	29326

a_ik = Transportation cost for traveling from node i to node k
 	0	194	191	620	80	309	214	312	587	514	286	301	593	371	147	258	328	289	211	424	416	509	323	172	322	135	43	282	337	137	344
	194	0	379	669	138	336	398	255	615	522	398	282	543	367	302	225	409	244	47	460	411	565	491	54	461	301	235	447	314	164	270
	191	379	0	689	268	435	157	408	678	627	217	455	738	507	113	353	286	456	400	525	547	582	154	362	201	189	149	252	399	311	443
	620	669	689	0	585	334	539	905	84	180	883	394	321	312	738	859	938	439	633	210	277	111	835	616	888	515	629	454	946	523	928
	80	138	268	585	0	259	262	322	544	463	354	236	526	313	223	274	388	217	141	381	359	476	402	101	398	163	121	310	361	69	348
	309	336	435	334	259	0	324	574	286	206	592	81	304	74	447	530	636	125	302	125	112	230	589	283	616	248	330	290	619	193	596
	214	398	157	539	262	324	0	510	535	496	371	367	626	397	241	454	436	383	402	392	432	435	296	362	357	105	185	96	519	271	544
	312	255	408	905	322	574	510	0	858	769	283	530	797	615	295	57	249	495	301	698	660	797	441	300	365	446	328	590	70	382	36
	587	615	678	84	544	286	535	858	0	103	861	335	238	250	715	815	912	377	576	164	209	108	828	564	874	496	602	460	904	479	880
	514	522	627	180	463	206	496	769	103	0	795	241	170	155	650	729	841	280	481	105	111	136	780	472	816	440	534	433	818	395	789
	286	398	217	883	354	592	371	283	861	795	0	586	877	656	147	245	71	571	438	700	700	773	169	411	83	368	262	466	242	420	315
	301	282	455	394	236	81	367	530	335	241	586	0	292	86	447	491	623	47	242	187	130	298	606	232	621	276	331	350	581	168	549
	593	543	738	321	526	304	626	797	238	170	877	292	0	232	738	765	913	311	497	257	195	305	891	501	911	551	621	578	855	459	810
	371	367	507	312	313	74	397	615	250	155	656	86	232	0	513	575	697	128	327	112	47	222	660	317	684	320	396	359	665	245	634
	147	302	113	738	223	447	241	295	715	650	147	447	738	513	0	241	202	436	333	554	557	628	189	299	176	223	118	334	288	284	330
	258	225	353	859	274	530	454	57	815	729	245	491	765	575	241	0	223	459	272	653	620	750	395	265	326	392	273	535	91	337	91
	328	409	286	938	388	636	436	249	912	841	71	623	913	697	202	223	0	603	452	750	742	828	234	430	139	425	311	531	195	456	276
	289	244	456	439	217	125	383	495	377	280	571	47	311	128	436	459	603	0	201	233	169	343	603	196	611	285	323	376	549	153	513
	211	47	400	633	141	302	402	301	576	481	438	242	497	327	333	272	452	201	0	424	370	531	521	41	498	300	253	441	360	146	315
	424	460	525	210	381	125	392	698	164	105	700	187	257	112	554	653	750	233	424	0	95	111	678	407	717	339	440	330	742	317	721
	416	411	547	277	359	112	432	660	209	111	700	130	195	47	557	620	742	169	370	95	0	197	700	361	727	359	440	386	710	291	679
	509	565	582	111	476	230	435	797	108	136	773	298	305	222	628	750	828	343	531	111	197	0	730	512	780	406	518	355	837	415	821
	323	491	154	835	402	589	296	441	828	780	169	606	891	660	189	395	234	603	521	678	700	730	0	486	99	342	284	386	408	455	474
	172	54	362	616	101	283	362	300	564	472	411	232	501	317	299	265	430	196	41	407	361	512	486	0	467	260	214	403	355	112	318
	322	461	201	888	398	616	357	365	874	816	83	621	911	684	176	326	139	611	498	717	727	780	99	467	0	378	291	451	324	459	397
	135	301	189	515	163	248	105	446	496	440	368	276	551	320	223	392	425	285	300	339	359	406	342	260	378	0	124	150	467	166	478
	43	235	149	629	121	330	185	328	602	534	262	331	621	396	118	273	311	323	253	440	440	518	284	214	291	124	0	262	345	172	361
	282	447	252	454	310	290	96	590	460	433	466	350	578	359	334	535	531	376	441	330	386	355	386	403	451	150	262	0	605	298	623
	337	314	399	946	361	619	519	70	904	818	242	581	855	665	288	91	195	549	360	742	710	837	408	355	324	467	345	605	0	426	86
	137	164	311	523	69	193	271	382	479	395	420	168	459	245	284	337	456	153	146	317	291	415	455	112	459	166	172	298	426	0	406
	344	270	443	928	348	596	544	36	880	789	315	549	810	634	330	91	276	513	315	721	679	821	474	318	397	478	361	623	86	406	0

coordXY = Coordinates (x,y): line zero => x line one => y column => customers
 	235	428	63	108	295	257	34	440	189	262	160	334	425	304	165	394	209	370	435	209	303	127	0	395	78	137	196	6	401	300	473
	615	596	696	9	563	307	542	850	30	102	890	331	54	251	744	818	941	360	550	192	205	118	836	554	896	523	631	451	908	495	862

d_pit = Demand of item p at customer i in period t
 	47	91	93	65	36	70	53	48	34	71	43	29
	31	12	28	49	87	15	47	62	32	62	53	55
	34	46	65	94	24	66	39	73	60	57	92	36
	84	41	51	71	72	15	59	58	74	87	20	72
	29	43	38	19	62	39	52	88	61	20	16	28
	75	84	33	30	30	27	57	89	76	43	12	55
	36	67	60	70	80	19	25	11	25	69	70	56
	91	83	81	94	37	89	44	21	86	15	85	78
	43	67	62	100	42	73	30	91	24	69	20	88
	97	65	87	64	20	61	34	31	74	75	75	65
	48	24	84	21	45	97	48	45	86	33	81	51
	22	47	92	78	91	61	20	56	64	92	44	26
	12	98	94	49	87	16	35	28	74	18	24	75
	91	13	28	69	11	12	43	28	45	93	98	70
	66	79	56	87	89	49	26	72	63	55	72	67
	90	18	14	92	40	81	14	94	40	47	40	89
	57	67	80	58	37	66	75	20	100	57	49	19
	27	78	74	30	74	33	26	59	69	53	30	65
	63	100	88	96	88	84	37	77	50	89	78	64
	20	63	61	86	70	29	49	68	64	37	46	33
	28	91	38	28	25	79	95	83	91	86	62	14
	26	85	59	19	59	41	64	22	67	77	12	54
	93	78	27	69	73	27	92	13	71	89	24	32
	76	14	86	95	19	97	98	73	79	43	40	14
	90	32	71	45	99	15	80	47	57	41	34	86
	65	38	69	39	85	98	20	62	34	86	87	91
	94	85	26	19	74	47	89	30	69	65	33	43
	60	25	34	92	91	45	32	53	39	76	55	38
	88	16	34	30	94	39	34	73	87	43	38	73
	57	11	74	46	28	68	52	40	30	21	30	58

	55	75	13	73	25	37	82	81	23	21	21	41
	96	74	13	61	98	71	54	29	41	57	39	37
	48	49	66	54	89	55	74	76	49	17	55	16
	73	55	66	68	28	56	51	70	82	99	43	25
	44	34	12	72	43	17	11	66	36	78	76	98
	20	70	35	77	45	78	35	34	71	62	35	58
	93	56	51	17	52	82	53	19	65	34	90	13
	54	43	10	49	72	37	37	19	30	39	41	76
	73	67	87	35	43	88	13	80	97	15	25	47
	18	65	73	70	51	18	51	60	33	61	86	70
	56	13	37	82	50	40	97	22	86	42	97	57
	19	53	19	66	57	82	20	66	89	26	81	86
	93	28	49	97	98	68	11	97	95	86	58	41
	49	78	76	38	97	77	20	55	18	18	94	68
	28	39	28	15	19	29	50	66	59	32	17	53
	32	82	80	79	18	48	17	41	97	24	92	49
	86	63	50	58	45	20	71	52	34	77	92	23
	60	34	23	44	88	43	74	36	53	29	42	62
	78	51	22	98	97	24	97	64	98	60	86	82
	38	11	93	68	19	46	68	25	19	98	31	80
	30	82	44	23	94	16	32	64	59	96	100	47
	74	32	25	32	12	44	34	68	87	97	77	94
	87	92	49	44	60	49	25	69	75	71	85	41
	86	77	88	54	25	98	44	63	39	81	62	73
	45	44	40	17	63	73	89	71	50	51	81	45
	79	90	21	41	59	23	78	84	86	39	48	51
	13	51	91	26	54	47	28	23	24	19	25	64
	65	63	37	59	76	35	91	74	100	71	82	23
	51	70	32	68	66	41	15	62	16	44	92	78
	49	51	49	76	25	39	53	30	93	17	90	48

	100	51	100	69	57	46	53	21	56	67	53	63
	86	80	26	43	83	25	51	42	28	86	76	91
	54	33	93	75	94	31	53	67	62	93	15	44
	55	38	37	14	22	26	74	19	41	35	20	63
	72	41	67	23	17	23	64	17	98	97	71	33
	31	67	20	44	91	78	68	36	13	15	89	73
	44	33	55	50	58	67	96	37	66	46	14	45
	41	81	73	58	29	23	35	14	74	54	54	50
	66	70	21	65	62	60	14	43	44	99	25	19
	14	60	74	30	90	98	68	76	34	75	40	55
	65	10	77	56	77	11	78	20	20	82	11	29
	56	28	100	63	25	33	53	52	70	68	70	34
	21	31	73	62	38	22	21	61	84	57	88	55
	86	100	53	44	20	76	71	80	14	34	57	24
	72	56	70	75	60	66	99	43	72	53	22	93
	70	61	92	38	44	91	86	82	43	76	91	44
	77	78	28	15	31	64	62	44	11	87	63	11
	62	87	67	58	32	20	99	31	92	23	12	23
	59	32	17	12	66	15	51	17	71	47	60	61
	48	58	24	62	92	46	33	87	12	14	47	27
	61	75	34	76	13	29	63	55	57	60	40	58
	22	82	53	31	61	28	12	41	84	18	34	89
	62	85	53	84	57	31	51	75	67	59	93	85
	70	16	40	25	77	93	11	81	25	38	30	63
	80	72	81	22	43	43	38	25	67	32	90	45
	29	18	74	39	93	11	22	91	60	14	51	94
	65	96	78	88	63	45	21	36	39	75	93	68
	81	34	61	40	50	31	23	27	24	38	95	11
	14	78	87	28	37	83	83	54	38	60	40	35
	83	43	33	63	17	95	52	31	13	42	18	88

	62	30	42	41	100	51	78	11	54	70	64	20
	39	92	45	54	98	84	69	94	28	53	20	80
	28	66	89	73	84	19	74	56	62	13	88	24
	91	86	13	34	80	39	49	66	19	63	95	13
	18	34	29	56	56	54	64	49	88	63	69	47
	57	36	41	39	10	76	24	12	74	89	54	36
	74	71	34	16	71	83	95	27	18	36	60	93
	80	58	35	79	27	62	36	67	32	68	62	90
	70	75	19	63	43	53	67	29	12	87	48	15
	41	63	83	98	35	88	31	23	34	32	84	45
	51	72	41	22	32	87	54	90	23	15	47	27
	62	85	84	20	23	47	42	77	71	57	33	47
	96	57	84	33	87	22	87	33	58	32	94	15
	50	69	67	82	60	14	44	49	76	46	66	61
	40	67	74	32	73	66	15	93	84	60	36	71
	56	24	87	81	64	72	38	98	44	36	52	93
	61	15	82	30	20	22	57	56	93	31	63	50
	49	38	94	99	63	50	62	79	21	68	51	46
	18	97	83	35	30	30	81	66	70	66	31	82
	29	99	71	31	98	33	20	89	64	80	79	10
	87	63	52	61	57	42	95	23	90	100	10	76
	31	10	68	87	67	79	49	32	57	69	24	79
	16	25	23	13	64	55	99	46	39	36	67	86
	82	89	97	68	80	48	18	45	33	54	39	90
	44	63	18	21	43	55	30	47	44	39	43	80
	76	17	41	16	16	92	11	45	85	32	61	40
	23	72	58	65	71	34	74	42	88	19	79	40
	21	92	98	61	10	60	57	17	74	30	77	93
	35	42	43	61	18	77	47	86	95	33	100	53
	51	36	82	51	51	36	24	42	64	71	36	82

	57	18	98	10	41	23	54	86	20	83	25	14
	68	22	36	77	89	24	54	43	58	87	61	57
	42	52	57	64	77	82	85	23	88	74	53	95
	64	11	74	80	81	66	67	90	57	91	89	51
	85	77	77	80	47	77	96	73	49	89	45	19
	58	49	56	73	41	19	25	16	76	86	13	19
	13	62	20	86	28	95	75	50	65	76	91	53
	10	73	34	11	26	53	61	47	22	26	15	50
	98	61	91	14	86	53	57	35	75	43	71	83
	48	46	51	72	91	52	46	82	79	12	67	65
	13	15	39	80	43	57	93	32	21	88	77	13
	62	95	88	78	72	29	91	73	31	82	44	40
	44	48	22	36	13	61	91	30	84	59	88	58
	41	62	45	34	29	43	78	92	22	97	84	13
	97	91	13	51	35	45	19	70	37	97	85	55
	69	90	69	99	63	68	13	78	45	23	95	53
	93	54	12	76	49	81	89	18	19	98	37	38
	42	79	67	36	15	50	78	25	81	72	56	47
	60	63	38	31	27	85	91	52	48	36	95	50
	71	30	27	12	83	25	52	40	25	75	61	60
	32	43	62	51	17	51	77	64	48	36	11	59
	33	70	34	59	10	44	77	88	13	93	83	90
	91	23	76	32	49	46	63	38	82	99	57	69
	97	48	10	87	87	68	75	58	61	76	88	14
	87	18	34	96	67	10	14	87	42	48	82	47
	23	66	34	79	52	16	82	97	40	78	50	39
	33	20	17	93	55	31	75	88	26	85	98	28
	81	79	28	61	77	65	28	24	17	55	10	77
	52	86	29	68	37	94	11	16	81	61	71	35
	98	72	71	42	55	81	35	47	55	83	56	83

	90	88	92	38	68	42	35	16	57	45	21	36
	47	51	11	36	67	43	39	20	91	49	33	35
	33	79	10	72	24	36	36	43	72	62	25	95
	94	76	26	39	98	13	59	57	91	82	89	88
	53	70	51	40	84	45	80	31	63	41	29	62
	57	54	45	20	39	41	61	52	94	89	22	78
	38	29	65	76	45	57	38	16	39	16	94	91
	87	99	78	25	51	38	31	68	10	66	90	52
	64	25	50	88	27	33	90	51	80	51	22	38
	72	76	55	63	49	42	94	77	88	52	57	27
	93	32	92	21	18	89	11	98	65	95	45	34
	52	55	81	84	47	70	66	86	90	81	76	83
	72	70	28	88	87	40	15	69	80	54	23	93
	20	77	40	29	64	22	24	74	93	49	34	33
	28	67	41	86	80	26	31	32	11	82	55	88
	70	21	22	55	38	30	72	86	26	57	26	88
	21	75	73	28	37	56	59	19	57	80	78	58
	45	76	22	46	26	77	40	52	86	42	75	79
	49	91	23	13	53	23	42	26	47	51	62	98
	59	47	74	82	89	31	27	94	92	11	88	69
	82	64	94	59	90	83	61	49	97	90	33	78
	73	33	14	59	15	36	54	15	58	90	91	48
	84	17	75	34	76	13	70	66	66	64	48	29
	66	11	17	57	33	40	53	39	82	52	11	46
	85	16	20	10	25	90	84	31	26	86	38	55
	87	25	49	63	11	51	41	34	85	92	50	42
	95	43	70	38	97	94	13	41	89	56	33	11
	69	92	54	80	50	39	33	30	52	37	77	37
	76	96	40	86	34	97	12	25	19	50	26	20
	86	24	62	56	16	48	22	22	14	68	33	94

	62	61	82	76	82	36	28	97	94	79	18	39
	75	38	95	92	55	11	22	58	14	12	77	30
	70	23	99	88	11	84	11	52	85	23	15	46
	34	69	96	54	51	62	65	53	59	36	99	38
	32	47	93	89	86	21	51	87	28	33	94	90
	95	38	72	69	17	71	23	33	79	50	57	100
	36	41	66	93	29	24	73	27	57	10	12	21
	29	37	88	98	64	58	12	23	26	55	16	34
	25	67	67	85	42	52	91	63	45	97	42	77
	39	19	82	13	80	63	98	45	96	48	18	74
	61	24	64	18	64	94	71	75	68	38	23	35
	13	72	80	39	70	14	50	47	75	50	77	85
	94	12	75	72	38	53	16	45	34	26	93	33
	44	21	23	61	76	20	35	73	91	95	26	55
	30	11	27	97	95	26	69	20	15	24	17	89
	64	87	86	47	25	32	95	12	17	73	63	23
	58	18	81	79	55	84	31	25	92	49	100	46
	88	72	44	33	20	93	59	89	30	91	92	44
	26	55	51	71	89	79	52	59	47	71	94	58
	47	87	33	86	17	65	20	39	69	74	94	20
	17	82	40	26	91	73	96	53	16	87	46	68
	27	58	54	82	80	80	27	62	22	96	12	59
	61	47	62	90	90	65	18	79	34	44	68	56
	26	24	79	22	16	48	52	18	46	24	94	39
	99	95	19	38	24	18	43	14	98	42	50	97
	11	86	29	65	89	39	25	90	20	36	47	85
	82	27	95	69	93	85	17	62	61	97	52	66
	42	29	97	42	29	93	31	55	10	77	50	73
	87	56	91	79	35	79	73	39	45	13	79	58
	57	30	11	18	68	66	77	71	61	48	48	56

	29	27	72	30	36	49	15	36	96	44	25	59
	99	75	85	93	84	92	95	76	83	12	61	59
	68	74	71	13	51	47	60	60	96	62	71	58
	90	22	14	68	13	64	89	37	81	84	45	28
	68	36	16	63	19	86	67	38	35	34	29	12
	68	19	96	83	78	14	53	74	88	66	13	23
	71	11	15	78	27	57	49	87	85	90	25	66
	44	37	65	17	73	25	71	37	11	68	82	41
	79	39	27	31	100	98	43	58	98	73	69	52
	67	69	13	82	89	66	87	55	69	49	22	86
	99	86	23	75	43	56	95	82	73	58	52	58
	70	60	57	62	70	50	59	42	76	31	90	64
	32	82	63	42	55	32	25	16	83	38	19	50
	32	11	25	37	93	15	56	86	14	34	74	83
	44	38	83	45	78	54	35	15	98	65	40	40
	82	68	21	21	49	50	41	33	17	88	82	82
	66	60	31	46	58	11	74	67	32	66	34	63
	41	24	33	20	62	81	41	42	88	54	52	12
	86	56	26	26	55	30	53	57	46	42	80	85
	44	53	18	66	78	12	34	28	57	16	16	98
	25	68	38	24	67	10	46	36	34	92	77	40
	95	82	32	77	99	100	28	84	68	15	50	18
	82	95	72	31	91	93	88	55	87	25	68	65
	39	42	89	32	85	32	76	12	61	37	84	83
	36	17	48	12	43	25	22	94	98	28	31	22
	25	43	64	83	45	61	20	28	22	61	88	43
	57	57	33	19	35	19	29	41	65	42	55	29
	95	73	20	69	28	90	98	81	83	32	33	26
	12	98	68	87	42	60	84	11	46	76	11	58
	25	27	51	82	29	14	13	76	86	75	13	75

	59	62	19	75	23	29	30	26	71	43	51	98
	63	63	50	45	12	64	72	35	13	39	76	28
	11	49	94	20	56	60	68	18	31	70	96	64
	51	53	14	14	39	79	44	73	46	82	71	73
	25	64	67	45	39	50	71	23	70	71	41	99
	55	93	45	17	18	11	40	94	62	94	38	35
	65	79	48	51	99	24	97	65	81	31	73	38
	24	48	91	14	83	95	87	36	97	56	38	46
	98	89	98	14	60	42	88	63	79	25	70	78
	41	53	74	94	26	59	52	61	77	90	83	70
	58	70	14	65	34	69	23	50	77	14	46	38
	69	13	30	96	73	96	38	31	50	89	16	63
	51	89	66	57	99	52	74	84	27	29	17	93
	93	42	74	95	29	28	87	68	64	61	34	18
	50	59	12	90	88	38	92	81	32	95	64	58
	36	30	14	52	45	66	80	47	78	58	56	72
	59	64	70	27	13	88	25	97	79	26	59	70
	60	55	21	49	69	14	52	36	74	34	11	88
	34	82	80	76	41	52	67	69	84	98	76	36
	34	55	63	79	13	73	57	33	89	11	11	90
	50	63	23	43	37	77	42	24	97	77	99	40
	68	63	86	38	86	69	38	79	31	31	20	12
	45	50	65	15	89	65	23	87	52	93	76	24
	75	10	47	16	53	29	44	27	98	49	97	23
	31	97	13	40	79	85	93	94	21	56	79	60
	91	93	35	65	48	35	30	91	17	98	48	96
	60	52	86	67	19	92	59	61	75	89	29	41
	14	19	75	14	38	25	93	80	37	32	70	48
	79	18	44	15	14	94	22	13	14	51	55	64
	77	77	68	89	81	91	41	80	40	29	97	21

	72	62	77	22	57	73	55	31	91	54	87	93
	31	39	59	90	44	18	22	100	26	36	11	69
	46	33	90	48	98	30	31	34	83	80	80	48
	47	62	71	68	70	19	72	48	79	12	99	30
	40	84	88	41	25	49	53	38	25	30	38	47
	63	92	96	37	48	89	78	24	76	96	85	15
	10	14	88	36	24	75	55	90	13	55	28	76
	27	91	55	89	65	83	41	90	63	82	42	46
	21	53	30	13	97	61	58	24	93	29	32	41
	45	64	33	20	32	50	25	95	79	73	22	19
	79	71	60	10	93	53	62	97	30	49	40	79
	45	91	80	62	74	81	77	22	39	36	55	11
	88	78	84	91	27	93	15	77	13	31	16	23
	99	23	28	81	89	80	97	23	36	64	83	90
	40	99	76	77	34	10	60	42	72	97	97	36
	48	68	12	26	25	13	65	47	95	46	87	42
	57	96	19	33	64	13	12	73	31	25	68	95
	84	11	19	61	47	82	21	54	37	32	47	27
	73	54	84	38	22	40	28	61	51	33	39	14
	66	26	34	28	24	98	94	55	12	34	82	96
	93	35	72	78	90	87	25	10	52	71	79	79
	88	79	17	60	78	57	76	24	22	78	42	81
	50	99	28	82	71	44	16	33	81	17	53	61
	27	18	88	71	47	60	71	39	40	89	98	85
	47	23	14	88	64	59	77	14	52	43	63	70
	95	78	19	44	11	16	47	44	16	16	23	65
	76	38	12	67	92	92	71	72	75	29	87	53
	82	16	66	91	36	99	52	53	33	14	36	43
	17	28	50	49	46	68	33	47	20	13	82	23
	64	40	33	81	92	12	37	80	63	43	14	21

