***** PARAMETERS PRP *****

Number of Customers = 30
Number of Products = 10
Number of Vehicles = 5
Number of Periods = 12

B = Production capacity
	49859

b_p = Time required to produce item p
 	1	1	1	1	1	1	1	1	1	1

c_p = Production cost of item p
 	80	80	80	80	80	30	30	30	80	80

s_p = Setup cost of item p
 	800	800	800	800	800	300	300	300	800	800

M = Big number
	199437

U_pi = Maximum inventory upper bound of item p at site i
 	199437	115	191	260	210	164	247	272	183	95	166	158	315	89	274	210	109	176	182	175	271	102	131	230	124	180	222	130	258	242	240
	199437	191	178	202	163	175	282	175	269	328	81	290	271	179	216	245	136	256	118	100	176	211	102	235	147	157	111	349	278	337	98
	199437	148	277	166	113	298	236	204	153	170	170	335	127	305	153	239	265	271	175	98	320	193	192	154	170	204	202	195	127	183	100
	199437	225	306	107	177	223	168	217	125	103	186	141	85	258	269	120	247	121	278	291	143	243	148	311	118	295	167	290	99	257	191
	199437	278	121	224	155	207	159	178	240	110	113	253	107	283	227	233	98	206	161	226	160	161	137	230	121	110	246	300	180	246	285
	199437	126	258	245	177	163	235	185	160	200	246	118	246	223	275	255	218	106	210	163	218	205	111	224	138	373	138	289	217	256	109
	199437	271	220	223	200	190	162	252	94	162	208	256	231	165	102	110	119	212	168	343	284	84	203	403	133	98	203	335	206	246	214
	199437	103	284	96	284	238	227	140	242	194	186	203	208	104	172	105	135	106	192	236	275	271	130	195	115	274	287	199	214	179	157
	199437	159	163	130	172	116	266	282	220	227	162	272	293	211	141	121	328	242	353	350	106	130	251	119	228	243	212	88	241	149	312
	199437	92	108	167	206	94	172	368	158	169	139	169	161	342	107	98	287	297	117	250	104	242	177	190	225	284	130	305	163	104	132

I_pi0 = Initial inventory of item p at site i
 	0	101	63	55	67	146	137	55	149	0	90	151	181	16	141	92	80	139	165	154	30	47	88	185	86	180	182	106	47	126	138
	0	165	169	87	36	15	126	129	95	110	47	199	245	81	209	195	46	66	54	77	117	127	77	96	145	91	80	124	136	77	65
	0	28	181	31	47	34	106	111	84	77	161	227	116	63	77	63	21	266	129	68	226	51	126	115	134	191	162	152	57	147	85
	0	64	147	89	138	128	85	177	45	50	92	86	10	157	261	93	79	120	104	177	105	143	64	26	48	147	159	81	71	240	99
	0	65	109	184	104	181	134	84	46	27	102	46	86	187	39	163	88	111	130	135	28	143	71	207	110	59	173	294	162	161	241
	0	112	178	79	104	98	123	154	150	175	97	101	118	185	166	190	91	55	110	78	163	36	92	56	131	156	76	243	175	35	104
	0	200	151	94	195	138	20	98	58	110	139	190	55	120	102	42	118	76	151	198	92	0	75	171	99	25	90	90	165	16	58
	0	102	121	81	204	229	108	112	68	191	65	173	133	99	14	47	92	67	80	113	64	33	117	160	52	23	24	38	34	156	43
	0	55	71	111	74	99	134	218	24	100	59	247	85	139	128	86	260	223	134	162	32	62	196	99	101	174	159	75	164	131	92
	0	82	80	142	153	63	18	141	43	61	90	101	84	25	91	67	247	105	82	178	76	40	132	155	218	274	15	191	36	83	62

h_pi = Inventory cost of item p at site i
 	8	6	7	2	8	3	3	7	6	2	3	3	5	1	7	4	9	5	9	3	4	3	1	7	7	1	3	2	9	9	2
	8	7	4	3	6	7	8	8	8	8	5	2	6	7	9	4	7	9	8	6	2	4	3	5	4	6	4	8	6	7	8
	8	1	3	1	8	4	7	8	7	4	1	8	5	1	4	7	8	5	7	3	8	3	6	9	1	7	3	1	6	1	5
	8	9	5	9	4	4	2	4	6	8	7	8	3	1	7	8	9	6	1	7	1	1	6	1	4	4	7	1	5	9	4
	8	1	9	7	9	6	7	9	4	7	2	2	4	6	1	8	3	5	6	7	4	7	2	3	1	3	9	9	4	2	5
	3	9	9	3	8	5	2	7	9	1	4	2	3	1	3	1	1	4	1	6	6	2	4	7	6	3	5	8	8	6	9
	3	4	8	9	1	8	4	6	3	7	2	1	9	6	5	7	2	4	4	7	2	5	3	1	3	5	9	7	6	1	7
	3	1	3	2	7	9	2	8	9	9	2	2	1	6	2	6	9	4	7	3	8	5	5	5	3	6	7	3	3	6	1
	8	8	8	4	6	3	7	2	8	3	3	8	8	4	7	1	9	4	6	9	6	3	7	5	8	7	1	4	1	8	9
	8	9	9	4	3	4	8	4	9	1	1	1	5	5	5	8	8	8	9	7	8	8	6	7	3	4	6	4	6	7	3

C = Vehicle capacity
	4030

f = Fixed transportation cost
	30535

a_ik = Transportation cost for traveling from node i to node k
 	0	110	164	334	395	708	175	832	391	271	655	559	806	154	767	862	866	787	712	475	77	829	392	131	712	847	583	201	68	278	131
	110	0	259	382	401	643	194	748	347	291	583	453	702	68	670	770	780	705	625	414	124	723	311	186	610	761	484	220	109	359	150
	164	259	0	218	332	731	169	887	403	215	693	673	907	315	849	930	923	838	774	506	226	939	461	253	813	904	675	178	155	122	279
	334	382	218	0	153	601	192	786	302	117	583	674	871	449	789	845	824	735	689	408	410	916	423	453	781	806	641	170	283	132	464
	395	401	332	153	0	449	220	640	178	126	437	578	749	466	658	703	678	589	549	273	469	799	324	524	663	660	527	194	330	278	520
	708	643	731	601	449	0	568	210	329	527	79	425	428	678	307	291	246	162	181	233	761	494	339	824	382	232	318	554	646	716	792
	175	194	169	192	220	568	0	719	239	100	526	523	746	261	684	762	755	670	606	339	250	782	296	306	653	736	513	27	110	207	301
	832	748	887	786	640	210	719	0	492	698	203	396	278	767	167	87	39	52	124	385	871	343	441	934	276	22	300	710	777	891	892
	391	347	403	302	178	329	239	492	0	206	293	403	574	399	487	546	530	442	389	108	452	622	152	515	486	511	349	225	325	399	492
	271	291	215	117	126	527	100	698	206	0	498	559	762	358	686	751	735	647	593	314	346	805	311	400	671	717	530	73	208	193	399
	655	583	693	583	437	79	526	203	293	498	0	347	373	614	256	270	242	152	129	187	703	436	274	767	316	224	241	515	595	690	731
	559	453	673	674	578	425	523	396	403	559	347	0	254	444	258	378	415	376	288	341	570	270	255	624	166	399	108	529	526	729	572
	806	702	907	871	749	428	746	278	574	762	373	254	0	697	122	209	272	293	248	479	822	67	454	876	94	266	234	748	767	947	825
	154	68	315	449	466	678	261	767	399	358	614	444	697	0	676	783	798	727	644	455	132	711	341	181	606	779	489	287	172	420	130
	767	670	849	789	658	307	684	167	487	686	256	258	122	676	0	123	171	174	128	385	793	189	389	852	112	161	187	681	721	876	805
	862	770	930	845	703	291	762	87	546	751	270	378	209	783	123	0	66	129	158	438	894	271	473	955	232	68	297	756	811	943	910
	866	780	923	824	678	246	755	39	530	735	242	415	272	798	171	66	0	90	155	422	904	335	475	966	283	20	323	747	812	928	924
	787	705	838	735	589	162	670	52	442	647	152	376	293	727	174	129	90	0	90	335	828	360	396	891	274	73	274	661	731	840	851
	712	625	774	689	549	181	606	124	389	593	129	288	248	644	128	158	155	90	0	282	749	313	321	811	205	136	184	599	658	786	769
	475	414	506	408	273	233	339	385	108	314	187	341	479	455	385	438	422	335	282	0	529	532	132	593	396	403	266	328	413	507	563
	77	124	226	410	469	761	250	871	452	346	703	570	822	132	793	894	904	828	749	529	0	839	433	64	730	885	607	276	140	345	56
	829	723	939	916	799	494	782	343	622	805	436	270	67	711	189	271	335	360	313	532	839	0	494	891	137	331	276	786	795	985	839
	392	311	461	423	324	339	296	441	152	311	274	255	454	341	389	473	475	396	321	132	433	494	0	496	361	456	220	295	338	493	459
	131	186	253	453	524	824	306	934	515	400	767	624	876	181	852	955	966	891	811	593	64	891	496	0	785	947	665	331	198	374	57
	712	610	813	781	663	382	653	276	486	671	316	166	94	606	112	232	283	274	205	396	730	137	361	785	0	272	141	655	673	854	735
	847	761	904	806	660	232	736	22	511	717	224	399	266	779	161	68	20	73	136	403	885	331	456	947	272	0	306	728	793	909	905
	583	484	675	641	527	318	513	300	349	530	241	108	234	489	187	297	323	274	184	266	607	276	220	665	141	306	0	514	539	713	618
	201	220	178	170	194	554	27	710	225	73	515	529	748	287	681	756	747	661	599	328	276	786	295	331	655	728	514	0	137	200	328
	68	109	155	283	330	646	110	777	325	208	595	526	767	172	721	811	812	731	658	413	140	795	338	198	673	793	539	137	0	250	191
	278	359	122	132	278	716	207	891	399	193	690	729	947	420	876	943	928	840	786	507	345	985	493	374	854	909	713	200	250	0	399
	131	150	279	464	520	792	301	892	492	399	731	572	825	130	805	910	924	851	769	563	56	839	459	57	735	905	618	328	191	399	0

coordXY = Coordinates (x,y): line zero => x line one => y column => customers
 	350	393	206	18	1	30	200	145	120	103	105	447	422	460	306	219	154	133	199	132	424	487	257	458	403	157	344	174	300	85	479
	888	787	966	857	705	257	798	82	573	778	281	338	86	781	123	37	45	132	193	466	907	71	508	961	178	64	306	791	843	970	909

d_pit = Demand of item p at customer i in period t
 	42	24	35	18	47	10	90	29	10	76	44	34
	43	20	79	17	57	11	14	48	15	65	12	78
	55	59	87	80	79	14	13	76	19	36	58	48
	17	50	92	99	62	71	99	75	84	93	36	63
	88	11	47	74	36	12	98	80	94	65	23	26
	78	59	36	79	44	27	55	30	77	19	31	58
	55	19	79	34	71	67	15	50	93	73	83	14
	65	84	73	76	38	85	54	11	43	94	30	80
	97	27	42	13	40	57	33	97	27	30	53	51
	51	39	13	67	76	60	57	91	57	83	57	12
	83	35	33	41	61	60	77	73	41	66	25	35
	99	44	38	57	62	73	86	20	90	77	75	36
	16	48	36	20	53	14	13	64	85	88	49	48
	79	62	85	57	20	57	45	17	75	60	74	27
	92	32	30	100	76	40	64	37	57	12	46	43
	14	66	87	36	53	62	98	11	48	59	65	56
	71	68	49	46	35	70	16	82	78	51	63	76
	14	53	75	23	84	54	93	98	45	84	54	50
	18	88	48	88	78	35	56	64	31	81	69	43
	30	71	87	29	34	89	75	95	57	96	59	91
	47	44	32	80	14	35	60	86	31	50	72	61
	88	98	84	19	94	32	50	85	34	84	29	89
	70	42	73	71	29	75	20	65	35	73	90	46
	86	67	31	81	80	27	28	60	99	62	49	72
	43	66	71	39	95	86	98	61	15	63	67	15
	47	88	47	87	13	46	52	74	30	39	89	55
	36	42	28	45	13	45	84	58	31	87	38	11
	47	41	16	42	46	11	61	28	87	87	97	56
	30	96	12	62	64	60	15	77	71	16	44	34
	45	93	35	78	39	52	41	25	64	58	95	94

	80	85	79	44	21	15	76	91	90	38	59	84
	28	75	66	77	18	96	70	90	99	14	52	25
	71	16	94	75	55	16	55	14	94	45	22	50
	36	47	31	12	51	98	75	49	99	88	33	31
	15	27	44	47	60	39	19	24	17	26	84	18
	86	40	19	36	11	76	95	50	90	55	90	28
	77	52	10	13	93	56	16	92	85	70	55	80
	28	67	98	90	75	30	98	37	95	81	86	21
	61	49	83	64	13	75	73	86	37	92	86	67
	47	77	62	13	19	50	38	32	26	12	30	82
	26	79	53	41	78	71	29	18	87	75	91	47
	89	84	13	59	13	98	34	65	17	50	89	39
	81	50	32	25	93	87	81	29	65	19	75	78
	35	95	79	39	36	78	45	17	32	64	87	42
	95	100	64	89	73	92	16	15	35	52	92	13
	46	21	27	40	25	97	79	53	24	48	40	42
	36	30	29	28	63	92	99	49	36	44	61	48
	54	66	98	52	77	41	56	76	63	22	56	48
	77	62	12	94	56	32	29	16	28	29	97	66
	22	95	83	80	87	32	55	97	57	37	14	46
	81	46	46	24	37	36	68	34	94	95	23	49
	17	60	80	95	66	33	28	70	36	67	22	40
	58	38	90	99	56	29	57	22	45	29	91	90
	31	33	81	82	25	37	26	71	60	43	35	65
	91	69	84	54	42	52	32	38	27	15	28	96
	80	73	94	60	95	54	49	39	31	41	29	22
	29	95	98	75	26	85	92	61	90	21	85	80
	44	50	42	77	70	21	86	77	52	13	76	60
	77	42	87	91	89	13	31	73	88	34	85	98
	65	62	22	29	95	59	39	67	46	37	29	39

	28	93	53	45	14	47	31	63	60	77	10	72
	32	97	52	72	91	95	49	65	16	51	27	17
	31	19	67	76	83	14	93	48	91	62	61	18
	12	35	85	66	59	25	64	20	98	95	39	78
	34	61	93	22	66	46	95	39	27	63	87	81
	14	69	23	52	69	13	19	45	96	90	46	30
	46	65	38	13	58	42	79	98	57	38	47	31
	84	71	96	58	40	11	59	23	55	17	47	52
	24	53	69	68	67	20	99	97	72	83	16	11
	80	81	38	13	61	11	59	91	64	34	78	70
	31	48	73	75	74	54	77	87	32	98	73	82
	65	51	77	16	61	67	73	90	80	87	31	64
	63	49	51	78	38	58	49	45	83	97	94	26
	77	78	61	60	52	42	16	39	91	44	22	28
	63	88	78	54	80	43	20	23	31	79	89	70
	21	26	47	52	84	34	99	37	92	27	84	33
	95	44	79	48	97	88	41	74	91	18	62	76
	63	66	62	80	16	48	64	60	66	47	59	69
	68	98	46	74	66	56	36	14	44	18	10	59
	100	29	97	97	65	97	71	90	16	20	33	53
	37	14	17	62	69	43	48	62	33	63	58	74
	66	24	36	25	51	58	52	18	37	16	96	96
	46	69	35	21	94	37	18	60	75	77	42	43
	53	81	91	15	58	63	76	56	43	70	52	22
	43	63	85	44	19	76	81	29	51	55	31	34
	82	80	77	36	88	74	28	74	14	96	94	65
	77	75	83	62	75	57	99	12	68	21	63	88
	57	78	93	90	63	15	11	87	53	67	52	94
	59	88	59	46	70	85	69	26	41	64	82	42
	85	17	91	13	33	47	11	69	80	70	50	31

	64	30	23	51	58	14	98	88	50	10	19	34
	85	62	65	23	93	60	85	22	42	83	72	42
	89	80	51	26	71	19	15	19	98	77	77	21
	15	26	82	15	25	95	35	62	43	19	48	65
	57	71	50	30	85	84	31	23	61	54	94	28
	42	13	30	92	73	93	42	35	74	31	70	75
	45	23	41	68	76	18	56	87	23	27	12	44
	45	59	90	94	53	87	84	11	35	45	64	81
	50	58	18	70	14	91	45	40	37	48	82	66
	70	22	28	22	53	10	50	48	65	82	86	23
	12	74	94	95	47	81	77	88	95	18	93	73
	10	92	76	76	38	10	18	69	11	26	12	69
	95	62	26	30	80	95	81	94	21	98	80	13
	80	69	14	98	68	33	35	95	79	92	77	67
	14	79	48	30	88	26	34	86	97	98	42	80
	29	50	77	31	86	67	18	15	19	52	91	58
	58	62	93	96	78	62	28	35	52	80	12	72
	90	14	80	89	50	28	41	70	99	60	29	17
	29	80	68	75	90	42	22	66	44	49	99	35
	93	12	46	46	46	15	49	30	95	83	14	43
	60	83	48	76	88	41	55	27	32	18	29	25
	64	89	76	48	12	32	44	76	42	39	22	47
	26	65	33	85	95	15	56	48	78	74	77	95
	48	93	49	81	40	53	91	65	19	14	74	82
	17	93	37	99	98	53	92	84	66	71	98	77
	95	64	19	92	11	32	59	62	53	93	21	67
	81	91	70	51	54	73	42	28	80	63	24	38
	71	51	56	100	30	35	29	13	58	46	14	92
	42	61	68	69	80	32	25	43	69	66	18	43
	99	98	66	83	23	60	64	65	60	63	72	12

	65	96	12	44	46	78	95	58	68	24	21	60
	93	16	98	18	83	54	45	87	29	28	85	90
	42	53	89	76	53	27	25	93	32	84	63	34
	28	76	19	87	59	76	37	97	55	13	48	24
	36	71	74	96	68	85	68	48	44	86	50	100
	89	45	94	23	43	84	25	35	72	82	13	30
	84	33	97	13	58	83	73	30	84	58	71	28
	46	87	24	10	91	73	81	96	80	36	69	27
	27	31	27	74	15	85	38	79	84	38	85	77
	23	79	50	67	75	75	22	85	23	36	46	95
	46	63	56	53	22	35	58	63	43	53	70	46
	57	29	64	19	35	73	33	67	53	99	20	93
	92	68	27	40	43	12	14	72	62	76	74	99
	39	74	27	18	70	19	88	87	30	37	11	45
	36	29	26	72	86	57	62	69	33	17	54	18
	88	81	32	48	11	59	56	14	95	74	10	19
	97	14	30	63	36	17	65	59	62	80	44	52
	26	87	17	55	25	14	80	42	50	61	94	94
	98	37	95	18	91	37	58	45	45	30	51	73
	28	22	33	80	15	80	93	59	70	70	30	58
	44	99	66	61	95	17	25	81	69	19	14	54
	71	82	41	99	83	30	100	79	50	79	68	41
	56	62	89	27	72	81	53	86	15	24	51	73
	48	62	88	70	54	18	24	88	87	46	92	50
	59	41	67	90	37	52	67	58	71	52	36	30
	10	55	73	35	23	33	92	17	71	94	75	12
	82	91	60	61	95	13	97	30	33	93	47	18
	100	62	82	92	52	65	43	30	22	94	16	61
	89	38	34	37	96	95	44	96	76	45	35	54
	46	57	93	45	31	78	85	89	14	27	31	89

	56	56	100	93	15	92	26	68	68	91	36	56
	93	85	90	38	40	60	29	22	96	90	67	65
	79	96	24	19	86	44	65	42	90	54	46	89
	19	85	47	25	18	47	28	83	94	18	46	21
	98	78	49	84	19	13	47	36	90	94	26	16
	61	62	57	87	26	62	24	43	23	12	61	45
	44	85	13	12	55	58	15	25	98	29	83	39
	94	56	36	10	38	71	12	88	29	36	98	73
	69	61	45	60	12	21	78	26	83	58	19	69
	97	61	29	94	56	68	85	60	27	78	50	33
	67	34	43	100	12	99	34	57	92	44	31	92
	28	90	51	43	67	55	80	24	64	82	86	69
	74	37	74	72	58	42	13	42	80	68	84	26
	14	40	100	12	54	65	58	87	69	24	97	39
	23	68	61	38	73	79	35	78	18	19	74	47
	18	73	22	69	73	69	62	53	100	58	48	10
	10	45	88	72	20	18	97	75	97	58	39	14
	28	14	16	52	23	22	75	47	32	86	11	97
	43	35	40	68	46	17	97	63	41	51	73	77
	45	70	48	72	69	30	87	41	35	56	29	72
	36	43	25	32	74	67	65	33	90	27	46	76
	92	69	15	77	29	53	89	82	23	48	74	12
	56	48	67	57	51	96	65	23	96	62	10	41
	81	13	37	63	13	54	25	93	93	38	28	14
	88	68	41	75	76	49	95	86	73	92	85	68
	76	81	71	77	99	64	22	34	93	81	90	41
	90	80	73	65	49	89	32	68	23	57	18	49
	45	61	69	46	54	23	68	37	21	26	41	29
	35	75	97	35	56	33	85	65	87	44	72	83
	23	71	10	60	75	20	46	99	71	96	68	16

	91	28	81	59	44	39	31	98	72	53	33	21
	94	57	81	93	79	88	60	71	87	46	99	24
	69	25	35	15	20	76	17	78	56	88	35	22
	96	99	15	38	21	57	29	15	86	81	37	27
	51	87	92	49	99	40	59	95	18	82	29	60
	20	14	90	47	57	17	50	10	33	38	40	70
	98	90	82	21	74	97	85	89	39	12	24	46
	58	78	19	57	37	41	17	61	26	36	46	89
	18	60	32	97	20	90	38	44	77	49	46	75
	68	57	14	50	46	39	47	46	20	67	79	90
	99	44	47	52	32	60	26	94	89	70	80	76
	55	13	24	53	93	60	61	41	44	68	27	15
	54	66	73	37	38	57	21	90	74	16	87	46
	51	51	26	65	95	67	13	17	59	41	44	85
	21	21	26	71	68	62	99	59	67	39	34	95
	40	78	36	14	76	83	87	90	99	11	17	83
	76	89	98	44	78	55	58	61	53	75	79	83
	66	28	57	58	82	57	39	22	87	92	32	52
	99	99	70	79	34	97	94	12	53	71	80	34
	51	41	24	68	36	18	18	87	85	98	59	96
	86	26	90	18	16	45	41	28	40	19	56	40
	44	31	16	55	75	18	41	69	62	24	91	82
	89	82	99	69	19	99	94	72	74	73	98	100
	21	51	27	71	21	18	20	77	75	70	22	57
	25	15	23	96	67	26	15	64	79	37	52	88
	90	40	52	57	89	70	100	85	70	40	67	52
	90	91	41	76	96	14	57	95	77	83	26	57
	90	53	22	89	15	12	14	32	85	78	86	43
	16	91	43	57	77	71	22	39	47	41	35	51
	25	33	10	15	94	59	36	47	93	96	91	42

	11	91	40	24	60	53	87	69	26	71	54	32
	90	31	34	46	98	25	36	72	31	90	61	67
	44	37	71	40	37	71	54	56	14	17	91	45
	70	39	95	17	55	38	84	13	51	76	64	79
	88	44	66	31	63	87	58	33	66	16	74	89
	63	45	88	72	78	85	40	24	17	19	95	54
	24	88	43	70	34	23	71	25	21	85	16	60
	13	55	99	87	35	32	91	99	62	41	56	57
	45	83	63	49	63	27	16	21	83	30	31	72
	51	14	44	13	63	18	92	77	11	76	39	61
	38	33	29	73	78	41	41	60	49	54	65	49
	63	49	21	13	66	37	65	86	59	36	54	74
	22	51	26	66	94	63	26	81	65	49	63	18
	14	17	94	18	59	87	20	52	29	31	16	78
	47	67	93	66	86	99	50	10	28	41	17	28
	92	93	55	52	83	26	77	56	80	64	91	40
	67	46	77	90	57	93	76	38	24	20	24	21
	13	67	51	90	59	88	77	36	68	49	98	72
	46	42	25	18	96	27	65	83	37	36	41	51
	22	42	83	41	71	98	64	23	13	60	82	61
	33	66	25	51	65	90	65	58	11	96	45	46
	71	46	20	95	49	86	66	85	99	83	18	61
	61	26	73	59	18	62	44	69	11	86	50	26
	52	64	67	15	11	96	59	53	94	39	42	96
	23	34	93	46	45	19	99	55	48	78	31	86
	24	98	54	79	66	71	30	30	74	27	63	72
	38	52	25	13	58	26	60	99	87	61	44	33
	34	91	35	43	33	78	72	16	51	65	95	28
	76	80	48	40	66	60	74	77	53	25	22	93
	43	19	93	57	76	78	27	56	81	44	17	36

	31	24	95	83	48	45	44	98	92	24	29	24
	50	21	61	36	12	92	14	86	90	28	66	95
	34	42	35	87	19	19	21	79	65	25	26	69
	74	95	76	19	86	34	27	42	77	40	94	25
	99	69	70	45	84	85	89	52	31	17	16	38
	45	17	32	40	95	78	98	74	65	58	25	12
	89	38	91	17	23	45	89	39	79	62	79	25
	24	28	56	34	78	79	67	36	27	26	19	55
	54	46	80	54	67	30	13	52	82	86	55	61
	29	30	25	47	29	53	22	42	47	21	56	86
	79	70	98	88	89	75	30	98	99	23	57	11
	45	40	32	43	84	65	81	19	67	78	90	59
	90	49	83	45	14	17	16	67	62	80	72	38
	59	41	28	19	58	84	58	20	69	19	82	25
	86	66	40	23	65	44	36	49	78	71	73	95
	33	59	75	93	83	70	77	90	96	22	33	55
	86	66	71	20	80	66	64	34	99	50	11	79
	62	72	94	68	89	79	34	23	93	56	78	99
	57	43	62	90	93	95	89	17	67	84	82	61
	32	99	58	89	41	90	73	38	17	55	17	28
	62	97	64	15	88	36	96	47	64	65	55	91
	81	18	97	27	47	83	40	53	59	78	77	92
	99	75	31	34	97	14	32	45	76	91	75	47
	36	65	54	81	44	35	27	45	31	21	93	16
	38	47	30	59	37	65	30	39	33	86	67	52
	81	54	24	85	42	49	15	60	59	87	20	59
	58	17	64	48	42	11	36	58	48	40	18	86
	63	37	64	62	29	61	62	56	53	71	83	82
	48	83	31	75	19	67	64	21	33	62	14	77
	92	50	45	96	22	99	64	64	62	79	28	47

	53	29	16	43	36	19	89	79	93	20	23	50
	80	67	48	37	62	40	56	17	92	58	45	47
	90	52	24	40	43	69	46	84	27	96	53	42
	92	23	38	35	31	82	26	38	31	62	73	88
	17	46	36	64	43	62	55	21	20	89	80	29
	18	92	19	42	37	90	74	33	94	63	31	94
	68	73	80	95	71	67	43	55	72	100	78	81
	43	33	56	27	50	82	34	66	36	77	66	63
	16	45	70	76	58	40	13	82	31	21	26	30
	90	89	66	87	92	57	57	49	43	95	57	54
	21	17	63	14	56	83	74	89	82	68	99	11
	38	46	79	90	89	29	56	76	45	21	64	10
	25	72	78	94	73	42	95	92	80	89	60	21
	24	67	88	45	94	58	11	81	61	22	78	13
	67	70	10	57	97	11	38	11	50	16	77	81
	49	44	76	78	37	89	75	12	64	33	93	39
	31	74	97	42	65	80	52	96	37	63	60	16
	48	34	85	88	25	75	81	51	42	31	92	52
	17	88	57	16	57	30	83	52	39	91	52	17
	58	18	68	58	31	66	54	51	55	32	76	59
	40	27	31	42	36	80	35	57	50	54	70	58
	60	72	68	89	51	57	28	97	15	51	71	49
	46	46	63	93	25	79	78	52	97	72	89	20
	68	26	51	73	43	32	87	79	19	90	13	95
	56	53	94	71	74	13	29	88	79	21	46	58
	15	25	79	15	69	66	54	24	29	77	17	50
	48	79	64	60	53	83	68	67	37	35	71	67
	36	37	12	73	83	55	76	26	29	62	93	71
	55	28	74	55	26	15	43	66	97	43	49	72
	31	21	10	98	12	44	29	46	53	80	24	79

