***** PARAMETERS PRP *****

Number of Customers = 30
Number of Products = 10
Number of Vehicles = 5
Number of Periods = 12

B = Production capacity
	49571

b_p = Time required to produce item p
 	1	1	1	1	1	1	1	1	1	1

c_p = Production cost of item p
 	30	80	80	80	80	30	30	30	80	30

s_p = Setup cost of item p
 	300	800	800	800	800	300	300	300	800	300

M = Big number
	198284

U_pi = Maximum inventory upper bound of item p at site i
 	198284	138	264	232	277	112	99	179	180	183	253	122	79	207	126	115	116	162	157	241	109	90	251	140	194	142	138	98	230	227	237
	198284	113	156	237	235	180	184	216	235	188	129	108	112	176	159	107	242	111	296	270	200	269	288	175	306	260	126	302	169	178	168
	198284	191	115	265	274	142	247	114	326	102	324	239	253	251	184	100	167	131	151	138	180	274	102	258	180	117	96	300	177	202	202
	198284	149	118	216	111	305	240	184	112	110	149	157	113	92	162	121	119	133	338	185	293	129	174	312	184	268	104	246	105	217	150
	198284	172	194	309	332	221	251	178	265	89	183	109	109	127	110	249	200	325	89	249	104	313	177	104	129	239	209	223	196	117	161
	198284	168	221	224	285	172	115	275	342	191	197	94	333	283	280	174	181	227	130	247	174	73	229	244	227	158	244	145	286	258	109
	198284	157	101	153	148	313	137	257	78	109	129	115	312	182	101	236	285	236	187	218	133	269	100	130	121	112	233	189	282	104	113
	198284	119	156	126	187	143	126	197	207	234	251	202	106	206	230	181	99	259	186	192	320	246	188	206	113	83	166	170	217	166	211
	198284	153	249	291	231	283	295	218	155	121	208	97	145	350	206	226	114	105	126	153	110	225	171	271	196	184	185	88	124	168	182
	198284	128	175	124	194	195	124	184	307	193	168	131	339	111	313	266	301	173	273	204	92	102	160	174	182	180	125	167	144	295	288

I_pi0 = Initial inventory of item p at site i
 	0	39	150	154	207	63	70	88	105	62	157	118	63	142	59	101	64	69	105	32	97	14	236	67	80	92	112	85	228	94	34
	0	80	118	221	183	27	87	177	99	93	95	98	95	60	104	66	160	64	213	61	188	71	226	36	175	25	96	105	131	150	157
	0	149	87	65	225	23	63	60	191	99	89	73	36	90	167	33	147	101	85	63	156	92	92	98	95	88	91	208	165	33	149
	0	26	81	64	94	90	54	120	75	64	64	112	107	30	54	76	97	50	167	76	153	105	145	241	29	146	68	181	91	166	85
	0	110	65	203	92	165	42	84	24	26	179	21	97	113	81	38	27	180	82	157	29	196	10	83	85	58	115	206	88	110	99
	0	43	130	37	152	68	81	171	88	145	144	28	146	184	32	75	38	148	119	214	166	55	208	55	177	145	84	145	27	87	43
	0	142	51	52	127	199	121	106	16	94	23	82	309	91	71	159	117	145	185	193	97	178	92	115	55	100	77	157	220	85	86
	0	119	130	72	164	101	107	106	90	134	21	150	84	170	32	177	94	117	151	182	80	157	175	48	25	29	68	129	147	22	172
	0	153	22	177	219	169	289	72	155	120	166	79	122	37	48	215	78	90	122	82	73	209	171	237	20	93	65	59	83	74	17
	0	109	42	81	29	71	92	137	163	183	128	122	59	90	108	142	187	32	177	175	21	56	132	155	81	118	81	111	25	92	135

h_pi = Inventory cost of item p at site i
 	3	8	4	2	8	2	9	9	2	7	8	1	6	8	1	6	1	5	1	1	3	1	3	9	2	8	5	9	3	2	5
	8	8	8	6	6	9	4	9	9	2	8	1	3	4	1	2	9	5	6	3	1	7	6	3	7	1	9	2	3	1	1
	8	2	3	1	2	6	8	2	8	6	9	6	5	4	6	6	7	9	2	5	7	2	5	6	8	9	3	2	5	8	9
	8	7	5	1	3	4	9	8	3	7	9	2	1	3	4	9	6	4	6	3	6	1	8	1	1	1	6	8	8	1	8
	8	2	6	5	6	2	6	2	7	6	3	9	2	1	6	5	7	2	6	1	2	3	6	5	4	8	4	2	7	5	5
	3	9	1	9	5	4	8	4	8	6	8	5	1	5	5	9	9	4	9	2	2	5	7	5	8	2	9	8	7	5	3
	3	3	1	4	6	2	5	9	6	2	3	6	1	6	9	7	6	9	2	7	2	8	8	5	8	2	2	6	6	4	8
	3	9	7	9	4	9	1	9	4	4	3	9	9	2	4	8	7	2	3	3	2	6	7	5	5	7	7	6	5	1	8
	8	4	4	5	7	5	6	2	5	6	2	1	3	2	4	6	1	4	5	4	2	4	1	2	5	4	2	3	3	8	7
	3	3	1	3	7	6	9	5	2	6	9	4	4	4	3	4	5	3	5	2	1	9	1	4	2	8	1	7	9	2	3

C = Vehicle capacity
	3500

f = Fixed transportation cost
	27838

a_ik = Transportation cost for traveling from node i to node k
 	0	93	616	156	208	347	77	612	226	228	551	610	107	256	749	313	246	674	486	498	93	754	187	256	233	152	624	144	445	325	205
	93	0	531	102	138	277	79	533	195	137	468	532	16	276	657	261	194	583	393	410	119	665	259	210	168	194	531	191	352	261	280
	616	531	0	470	413	290	553	76	621	401	70	88	523	758	235	592	574	338	260	383	640	160	705	593	531	711	302	616	246	542	727
	156	102	470	0	59	193	84	460	292	128	403	457	108	378	626	345	282	581	383	430	216	616	251	300	246	290	527	163	334	333	273
	208	138	413	59	0	141	141	405	308	96	345	402	138	410	570	346	288	531	333	391	256	558	306	308	247	331	477	217	282	325	329
	347	277	290	193	141	0	276	270	427	183	220	266	275	543	480	443	396	485	296	393	395	445	416	418	352	470	431	328	243	409	438
	77	79	553	84	141	276	0	544	265	185	486	541	94	323	701	338	271	642	448	478	155	697	188	286	246	224	590	113	402	339	210
	612	533	76	460	405	270	544	0	644	410	78	13	527	777	307	626	600	412	315	441	647	217	682	620	556	720	374	595	292	578	704
	226	195	621	292	308	427	265	644	0	246	569	646	185	143	682	98	54	560	409	364	144	725	411	45	90	154	518	366	390	135	426
	228	137	401	128	96	183	185	410	246	0	341	411	126	369	522	264	214	458	263	302	240	530	371	235	170	311	405	287	218	236	393
	551	468	70	403	345	220	486	78	569	341	0	83	461	704	289	549	525	362	243	369	579	229	635	545	481	651	318	547	216	501	658
	610	532	88	457	402	266	541	13	646	411	83	0	526	778	319	630	603	424	324	450	646	228	677	623	559	720	385	590	298	583	698
	107	16	523	108	138	275	94	527	185	126	461	526	0	274	645	248	182	569	380	395	121	655	275	198	154	196	518	206	340	246	295
	256	276	758	378	410	543	323	777	143	369	704	778	274	0	825	218	196	698	552	502	168	866	409	182	231	109	658	395	532	267	418
	749	657	235	626	570	480	701	307	682	522	289	319	645	825	0	622	630	184	275	344	747	126	875	644	596	807	189	786	307	569	898
	313	261	592	345	346	443	338	626	98	264	549	630	248	218	622	0	68	484	357	288	238	678	499	58	100	251	447	446	350	54	516
	246	194	574	282	288	396	271	600	54	214	525	603	182	196	630	68	0	507	357	311	175	674	433	22	46	201	465	378	340	87	450
	674	583	338	581	531	485	642	412	560	458	362	424	569	698	184	484	507	0	199	197	651	297	828	518	482	700	55	743	251	432	850
	486	393	260	383	333	296	448	315	409	263	243	324	380	552	275	357	357	199	0	127	475	322	632	373	323	533	144	546	55	304	654
	498	410	383	430	391	393	478	441	364	302	369	450	395	502	344	288	311	197	127	0	463	421	666	322	290	508	161	586	165	236	687
	93	119	640	216	256	395	155	647	144	240	579	646	121	168	747	238	175	651	475	463	0	767	270	180	178	76	603	236	441	261	284
	754	665	160	616	558	445	697	217	725	530	229	228	655	866	126	678	674	297	322	421	767	0	857	691	636	833	286	768	335	625	880
	187	259	705	251	306	416	188	682	411	371	635	677	275	409	875	499	433	828	632	666	270	857	0	442	418	302	775	90	584	511	23
	256	210	593	300	308	418	286	620	45	235	545	623	198	182	644	58	22	518	373	322	180	691	442	0	67	198	477	391	357	90	459
	233	168	531	246	247	352	246	556	90	170	481	559	154	231	596	100	46	482	323	290	178	636	418	67	0	219	438	357	301	94	437
	152	194	711	290	331	470	224	720	154	311	651	720	196	109	807	251	201	700	533	508	76	833	302	198	219	0	655	288	504	287	312
	624	531	302	527	477	431	590	374	518	405	318	385	518	658	189	447	465	55	144	161	603	286	775	477	438	655	0	689	197	395	797
	144	191	616	163	217	328	113	595	366	287	547	590	206	395	786	446	378	743	546	586	236	768	90	391	357	288	689	0	497	450	113
	445	352	246	334	282	243	402	292	390	218	216	298	340	532	307	350	340	251	55	165	441	335	584	357	301	504	197	497	0	298	606
	325	261	542	333	325	409	339	578	135	236	501	583	246	267	569	54	87	432	304	236	261	625	511	90	94	287	395	450	298	0	529
	205	280	727	273	329	438	210	704	426	393	658	698	295	418	898	516	450	850	654	687	284	880	23	459	437	312	797	113	606	529	0

coordXY = Coordinates (x,y): line zero => x line one => y column => customers
 	280	262	393	353	352	421	332	465	68	262	404	476	251	32	205	9	72	57	170	48	188	330	439	54	108	140	92	423	212	28	445
	141	232	746	278	336	458	197	724	218	368	677	718	243	80	886	296	271	777	614	581	140	893	43	260	298	82	735	131	580	346	21

d_pit = Demand of item p at customer i in period t
 	16	23	13	37	77	55	34	94	67	18	93	26
	78	72	65	96	84	99	67	53	25	79	59	15
	74	36	44	40	11	47	72	44	93	73	87	76
	97	35	43	32	22	28	73	61	51	82	79	62
	63	76	54	73	49	70	22	46	52	10	66	90
	12	58	88	60	41	78	50	27	36	42	78	23
	34	54	71	21	93	70	76	44	30	48	97	77
	62	43	91	85	81	21	99	35	94	16	63	30
	62	37	70	30	98	95	86	34	53	48	27	90
	17	76	64	35	96	45	13	78	65	37	35	47
	87	31	18	30	46	77	74	91	57	77	77	64
	30	33	68	64	23	42	43	52	17	14	21	64
	66	76	53	56	99	97	58	91	42	13	95	80
	59	86	26	37	90	49	53	90	56	54	60	97
	17	84	62	45	15	95	88	48	49	57	70	62
	64	57	30	92	71	38	99	47	31	59	76	33
	69	50	61	38	27	94	48	83	38	26	29	86
	10	17	57	21	18	17	63	85	10	58	84	30
	32	25	57	32	63	58	98	91	83	62	38	84
	44	53	87	29	17	45	63	59	92	71	63	29
	14	77	17	27	89	18	73	55	26	51	29	64
	88	92	56	20	30	67	56	53	11	30	81	19
	19	19	29	88	31	98	30	44	25	71	48	56
	80	15	38	16	27	55	98	82	45	34	59	32
	92	96	65	16	34	50	34	79	20	14	27	41
	60	11	41	85	54	16	18	92	22	69	61	23
	73	12	17	28	95	14	62	100	51	25	20	88
	21	77	60	70	63	59	99	29	52	59	13	87
	39	55	78	25	48	31	66	24	32	47	49	51
	34	28	48	71	75	28	30	86	28	54	44	42

	80	43	45	50	81	46	22	65	61	62	67	54
	76	42	76	45	19	21	30	19	85	99	47	65
	82	64	75	95	93	56	61	84	96	86	74	83
	96	87	22	33	36	90	92	51	46	18	49	86
	27	47	79	34	95	24	98	85	29	99	29	72
	87	100	79	91	96	24	33	41	71	49	37	28
	61	17	66	33	18	58	14	48	27	38	58	81
	99	34	38	12	39	91	46	16	35	71	63	20
	93	96	13	99	91	90	11	73	58	35	67	27
	95	69	36	32	95	80	61	52	98	38	45	74
	21	77	86	63	17	33	89	64	38	24	77	56
	95	48	48	71	74	78	91	39	19	39	32	40
	19	29	12	60	45	62	34	78	18	18	84	68
	86	18	33	52	24	17	96	69	91	28	40	83
	66	80	13	58	49	65	60	49	98	24	12	68
	22	82	56	95	49	29	53	22	30	20	97	25
	64	73	66	59	42	17	34	80	59	84	17	72
	57	43	85	28	75	30	77	63	94	50	96	13
	61	87	30	35	56	11	92	44	69	39	77	46
	36	62	90	93	68	89	55	22	87	97	40	60
	71	39	80	91	82	47	77	88	78	30	48	75
	59	69	98	92	25	40	45	43	29	25	67	98
	36	27	55	47	45	48	96	36	16	20	73	26
	89	86	59	88	18	34	33	92	81	78	62	14
	25	41	86	75	65	73	55	30	65	16	60	34
	26	70	42	100	83	76	93	99	48	33	12	74
	73	32	91	70	70	86	53	95	36	55	25	38
	68	27	36	74	41	20	22	82	49	17	45	25
	75	75	79	85	26	90	69	33	26	47	93	12
	30	43	84	56	65	14	83	22	11	81	90	91

	90	59	82	11	75	38	87	61	89	33	85	54
	87	42	70	79	39	20	94	42	94	27	56	38
	65	28	67	41	22	10	92	51	67	89	50	55
	52	40	43	90	31	63	62	53	96	52	37	38
	12	11	54	74	85	29	71	89	51	27	23	40
	63	31	64	38	59	83	85	47	68	78	60	66
	60	81	21	95	83	45	37	55	57	68	32	49
	87	43	61	25	57	66	91	27	81	53	93	99
	10	46	43	74	83	40	56	24	57	68	47	64
	89	94	72	47	85	23	43	96	51	75	60	43
	23	16	34	42	89	39	94	23	84	44	20	66
	36	82	54	30	20	93	54	14	34	34	77	80
	51	39	25	95	52	96	51	90	66	86	46	55
	90	28	49	49	70	92	22	40	71	96	79	51
	33	82	23	41	60	73	32	47	36	88	12	70
	27	99	21	63	55	25	47	77	28	85	83	58
	56	45	92	14	63	88	95	38	77	64	74	78
	85	87	96	94	91	94	58	56	80	98	29	37
	15	48	88	100	25	14	26	55	62	68	32	19
	65	56	35	29	38	73	23	81	99	97	48	74
	92	88	92	92	83	48	33	64	20	83	55	72
	19	73	74	35	40	37	26	57	58	61	46	88
	17	81	50	55	30	62	92	11	75	31	67	47
	26	69	100	80	97	20	25	66	39	95	41	63
	88	50	42	76	87	47	35	98	22	36	24	99
	91	39	71	55	54	21	42	14	24	52	92	21
	79	85	17	27	76	73	60	94	47	56	53	54
	54	53	44	14	55	19	32	34	62	20	54	89
	33	64	16	87	81	13	13	47	91	54	31	75
	41	48	60	98	29	49	24	22	80	79	16	59

	26	56	28	27	32	49	40	87	52	60	52	88
	57	24	12	71	86	30	28	29	37	16	67	14
	64	13	88	17	71	72	42	39	65	52	42	84
	94	11	50	42	70	70	70	14	97	66	52	27
	25	65	100	27	97	41	78	98	36	72	38	55
	36	18	83	23	35	98	56	96	55	70	57	93
	46	74	13	80	20	90	50	76	76	80	44	88
	47	28	54	29	97	27	86	41	58	59	75	72
	64	85	76	88	67	46	33	49	50	14	47	43
	64	14	40	19	37	72	32	63	13	59	17	16
	22	90	42	57	29	94	59	61	17	62	51	44
	26	81	14	15	35	45	51	95	45	98	86	89
	30	79	47	55	57	33	87	39	23	25	29	46
	23	31	66	81	71	75	86	22	70	63	13	46
	76	90	39	59	63	78	46	44	52	74	60	45
	97	50	83	14	61	97	63	56	77	61	15	40
	50	27	44	23	23	63	38	100	10	38	64	50
	60	43	64	97	91	63	45	94	40	89	56	69
	76	80	99	58	68	55	93	17	50	10	70	63
	24	78	51	98	80	67	46	82	32	65	20	59
	82	23	28	14	20	80	31	31	64	77	10	57
	81	64	76	88	87	35	60	82	18	60	33	11
	79	80	82	50	87	35	72	36	63	48	56	61
	29	80	34	18	79	16	42	46	64	33	15	96
	42	50	54	63	73	65	71	56	40	66	53	11
	68	63	54	70	90	60	16	25	25	26	64	63
	88	68	25	66	51	71	58	64	82	66	18	82
	91	57	28	16	53	37	67	37	17	87	67	73
	77	89	13	58	60	50	80	28	16	97	57	27
	51	34	98	97	16	50	96	13	84	11	28	20

	12	74	24	86	20	48	12	51	24	33	56	75
	65	92	100	88	97	36	25	91	44	19	90	29
	29	91	83	76	17	37	82	94	19	37	96	81
	92	85	45	82	85	70	27	90	30	81	56	53
	68	97	66	78	92	81	15	92	89	68	84	53
	42	72	81	82	83	12	75	95	62	34	65	49
	31	12	41	23	16	49	32	80	96	26	50	77
	24	54	60	72	88	45	28	53	23	47	94	49
	26	75	75	29	43	26	33	19	79	33	15	78
	99	80	69	47	22	78	72	81	41	32	95	14
	21	66	100	44	87	82	48	72	42	58	14	17
	97	38	47	21	46	71	70	56	76	22	86	26
	69	44	81	95	81	53	65	60	79	63	33	38
	14	67	66	56	20	76	93	61	26	79	78	22
	38	56	55	50	86	22	97	74	29	91	53	95
	27	86	59	28	63	55	40	25	100	74	21	21
	51	77	52	35	71	55	83	22	100	81	83	71
	82	98	84	26	23	19	26	85	13	36	32	11
	62	95	52	20	58	79	92	49	70	42	54	75
	29	10	63	70	53	43	13	69	54	94	78	49
	95	53	48	13	45	37	90	95	91	68	67	49
	10	59	94	83	49	39	75	99	91	25	37	45
	83	38	31	53	85	18	75	37	22	51	75	54
	85	55	80	14	100	47	68	54	67	28	82	95
	39	19	27	58	88	58	54	82	92	52	81	67
	76	39	76	23	34	77	57	26	78	49	13	80
	97	38	53	18	12	90	81	15	56	84	87	37
	18	70	41	33	54	34	49	85	28	57	48	72
	40	11	59	86	77	64	56	71	29	26	89	96
	99	67	21	45	73	69	60	14	55	87	27	27

	43	86	44	34	85	21	95	17	38	80	34	95
	46	84	99	31	39	35	26	59	60	50	48	85
	37	33	20	98	41	13	43	71	95	41	87	94
	50	83	19	29	95	59	74	90	36	73	65	11
	32	36	48	17	37	72	54	92	96	60	79	63
	81	98	33	22	11	59	81	41	99	57	71	35
	90	26	55	55	24	56	62	15	66	57	70	83
	88	73	35	98	23	82	86	76	82	72	64	42
	77	68	80	46	76	72	19	66	98	64	20	79
	48	26	16	54	49	40	64	65	76	65	24	64
	28	82	63	11	29	20	14	80	95	41	39	63
	71	75	39	78	86	68	46	81	94	67	48	45
	95	89	45	73	41	57	47	41	56	50	47	39
	18	14	99	93	61	30	34	46	31	77	91	77
	75	31	45	11	91	39	62	97	79	15	77	74
	38	87	98	66	92	57	29	79	43	36	65	33
	55	37	56	93	21	63	44	72	55	75	38	72
	25	15	79	89	36	73	33	96	99	92	48	96
	52	68	20	74	70	24	24	16	60	87	10	87
	59	13	94	66	19	65	86	67	72	11	50	93
	39	16	13	11	37	84	32	45	39	68	33	21
	49	13	61	85	76	58	96	61	66	37	30	56
	11	44	71	23	30	15	50	88	94	55	54	50
	76	62	39	26	11	98	16	31	36	48	30	71
	77	68	35	63	15	80	60	68	22	72	37	36
	44	40	54	64	70	49	52	89	70	52	71	77
	84	61	62	36	63	11	14	20	80	80	39	28
	14	13	25	21	85	75	99	40	81	100	78	56
	87	62	62	33	91	66	51	86	58	80	22	77
	43	29	81	15	53	67	86	49	48	11	95	76

	36	88	18	53	65	37	96	23	36	46	78	50
	51	96	31	16	44	78	33	60	42	74	63	19
	33	19	27	22	24	62	30	11	16	65	64	85
	35	92	44	11	21	79	24	94	65	28	48	50
	29	87	83	81	47	56	81	11	80	61	83	51
	92	29	98	55	94	69	89	69	49	50	48	81
	96	10	27	91	27	41	19	52	96	53	50	54
	16	14	10	52	75	58	95	51	17	13	21	47
	94	41	75	80	32	33	33	70	38	10	92	58
	23	27	95	31	43	17	24	78	49	66	48	16
	82	50	65	15	86	100	26	44	74	36	65	45
	79	56	75	99	24	77	62	58	37	30	59	93
	91	46	37	18	33	18	43	65	13	76	78	27
	71	49	22	56	19	36	35	99	81	54	60	22
	93	10	56	90	47	81	85	52	96	16	70	12
	38	79	17	62	29	30	85	25	97	78	62	81
	95	50	49	61	77	19	82	64	56	34	25	96
	54	43	88	52	39	34	92	92	12	69	84	89
	78	68	47	49	96	50	14	58	24	62	85	24
	97	77	57	54	80	96	55	72	37	34	85	51
	91	87	28	18	33	81	26	91	64	55	28	44
	92	37	70	38	17	87	60	53	25	39	71	11
	21	94	56	30	27	47	34	36	62	60	23	29
	55	99	63	73	63	23	32	61	56	96	11	95
	100	74	55	99	27	59	45	51	47	22	25	69
	20	57	61	85	58	57	91	83	25	78	25	60
	89	21	47	20	59	59	33	86	14	97	28	13
	93	52	39	36	17	63	47	13	94	51	77	94
	64	21	64	27	31	49	81	75	79	74	16	41
	86	81	54	62	28	32	84	43	67	42	41	59

	57	62	58	74	98	83	48	64	11	90	14	53
	17	71	42	46	72	85	19	78	47	23	48	74
	72	65	52	89	41	68	59	46	78	23	80	85
	81	83	15	50	40	88	57	12	62	16	45	12
	52	15	15	19	89	41	23	84	54	51	72	56
	67	40	41	25	37	76	26	23	30	44	53	43
	72	20	14	99	57	21	84	76	84	99	72	88
	22	23	45	89	27	70	35	61	66	51	97	36
	37	32	65	11	74	60	62	57	24	47	70	23
	21	44	19	27	27	84	67	89	36	33	77	78
	16	99	35	20	22	94	19	86	93	22	26	74
	84	18	45	53	59	46	32	14	97	89	46	55
	67	26	43	34	82	69	50	17	47	72	35	77
	32	66	87	17	10	96	83	11	12	35	30	72
	34	75	31	37	16	88	36	59	28	28	49	63
	94	12	17	37	19	53	93	57	11	63	94	42
	92	12	13	88	80	22	36	24	63	67	92	33
	31	67	53	49	45	88	92	32	45	56	86	98
	45	64	73	31	46	71	16	30	73	44	25	59
	80	71	42	48	16	78	79	78	71	81	90	34
	93	64	23	25	33	74	86	45	15	35	10	87
	62	40	73	86	57	12	60	88	57	67	78	72
	33	15	20	40	88	64	97	26	77	16	70	73
	25	91	75	39	70	38	40	34	41	66	94	67
	29	41	30	75	22	31	70	39	68	25	15	51
	68	77	34	59	40	38	51	79	74	60	61	23
	26	12	91	31	92	57	74	15	28	85	76	94
	42	41	64	58	86	90	65	30	61	27	30	56
	22	12	45	36	20	14	100	20	77	45	43	64
	86	57	29	89	71	13	28	27	87	88	23	36

	18	94	17	24	56	43	29	78	45	25	96	86
	22	70	58	96	84	45	90	86	38	46	64	48
	95	82	74	49	83	36	93	58	89	99	78	36
	61	68	90	51	22	82	29	62	35	86	33	74
	51	76	42	72	60	33	93	38	16	70	89	38
	67	64	91	67	96	99	85	62	17	96	76	64
	48	24	13	43	26	70	67	77	91	71	100	24
	70	85	36	33	78	69	71	12	17	45	88	14
	58	62	52	49	17	77	86	49	91	100	56	30
	34	60	72	18	47	29	18	82	53	17	38	32
	56	23	58	38	55	28	24	36	70	94	38	64
	83	24	15	34	58	24	79	96	74	40	40	13
	37	52	99	18	90	93	84	91	99	21	74	81
	48	26	69	19	14	80	14	34	71	48	23	49
	64	46	85	20	62	46	100	90	41	40	53	31
	36	42	77	18	73	71	84	49	37	88	16	92
	90	68	44	44	32	63	54	64	11	56	90	16
	30	34	58	21	33	40	29	18	39	73	40	88
	82	65	78	48	63	46	46	58	23	44	22	36
	73	47	84	27	80	64	79	56	11	35	35	67
	63	87	59	50	84	25	62	56	41	55	73	20
	12	85	74	18	96	95	72	58	45	58	40	30
	79	75	66	17	28	61	54	37	80	50	58	46
	20	74	93	11	60	85	56	44	26	75	17	28
	44	49	65	10	71	94	92	35	78	72	92	32
	22	43	93	88	51	57	30	27	47	10	22	64
	59	55	38	19	32	16	92	50	36	36	61	33
	21	62	81	77	70	23	66	57	65	50	76	93
	14	32	28	19	68	79	61	73	27	53	39	10
	17	41	45	16	66	93	54	21	75	42	35	41

	18	91	75	85	65	86	62	37	63	69	41	73
	42	43	58	12	30	85	94	69	57	93	31	86
	81	44	96	58	66	34	89	88	13	59	89	28
	29	92	98	64	84	18	86	41	97	58	12	96
	71	89	17	77	90	69	72	46	46	48	86	70
	92	84	60	27	94	33	50	68	73	54	98	11
	53	84	55	87	35	54	68	26	54	68	84	69
	83	80	82	57	30	83	35	32	78	78	39	60
	96	87	67	42	13	49	99	45	89	95	34	56
	23	27	78	61	45	67	25	32	35	95	90	94
	42	80	74	25	78	92	13	11	51	30	12	17
	59	41	92	60	79	57	98	36	59	95	98	39
	16	74	26	84	89	73	35	30	71	83	44	40
	56	52	52	30	80	81	32	82	79	61	57	89
	42	100	48	37	74	22	82	40	57	40	38	58
	48	99	40	11	64	72	96	82	59	38	63	51
	32	47	98	71	72	47	18	20	73	83	67	62
	72	41	64	83	76	14	11	82	71	20	74	47
	95	80	47	11	41	78	26	86	50	52	24	22
	21	68	32	47	29	40	40	97	14	63	75	24
	56	22	59	26	49	78	81	75	26	52	30	59
	80	52	62	89	74	25	45	41	47	33	18	72
	58	97	84	46	83	94	12	23	71	66	18	42
	81	49	54	43	89	13	77	86	69	62	80	24
	95	23	77	85	37	47	64	27	64	63	93	46
	81	34	53	30	46	51	17	51	73	13	32	18
	47	64	87	42	63	30	76	46	57	34	71	49
	25	73	29	34	94	23	38	73	97	40	23	28
	92	99	81	59	80	76	30	45	89	50	90	93
	23	21	91	77	73	81	33	48	44	70	75	54

