***** PARAMETERS PRP *****

Number of Customers = 30
Number of Products = 10
Number of Vehicles = 5
Number of Periods = 12

B = Production capacity
	49715

b_p = Time required to produce item p
 	1	1	1	1	1	1	1	1	1	1

c_p = Production cost of item p
 	30	80	80	80	30	30	80	80	30	80

s_p = Setup cost of item p
 	300	800	800	800	300	300	800	800	300	800

M = Big number
	198860

U_pi = Maximum inventory upper bound of item p at site i
 	198860	121	199	301	308	231	269	265	178	100	217	253	228	128	260	262	190	289	282	149	147	177	201	178	98	107	235	91	296	134	339
	198860	192	202	110	78	78	167	349	90	225	126	209	252	135	280	118	164	127	111	191	108	239	224	169	107	249	204	203	159	229	200
	198860	149	226	314	254	220	293	177	143	179	105	239	192	183	136	307	166	187	146	195	128	141	204	198	130	183	157	268	112	242	240
	198860	226	200	186	176	101	158	138	346	256	284	173	204	217	226	119	273	285	262	159	185	121	112	114	366	109	97	287	119	192	88
	198860	238	206	221	109	232	185	226	291	141	195	327	145	112	110	219	88	156	156	160	249	250	237	178	268	297	107	222	164	216	178
	198860	139	203	272	318	167	248	239	118	214	86	178	213	177	190	280	225	165	116	114	199	110	150	192	271	177	182	315	286	141	99
	198860	86	121	289	310	261	110	261	205	119	250	150	181	232	178	278	235	173	97	333	92	317	321	103	111	120	252	99	227	236	286
	198860	208	281	170	145	120	205	272	243	137	103	225	173	181	268	95	144	109	355	92	245	239	115	313	215	232	297	193	338	193	308
	198860	280	297	303	178	193	96	229	98	130	215	108	145	100	161	249	209	171	162	106	295	239	225	264	193	248	219	90	256	290	239
	198860	342	270	135	216	310	222	170	224	171	225	155	213	109	102	315	281	107	129	306	176	345	188	278	97	241	179	104	232	166	144

I_pi0 = Initial inventory of item p at site i
 	0	22	131	195	149	24	50	154	165	21	212	183	14	90	201	151	174	40	130	147	141	152	131	176	38	95	138	35	80	134	211
	0	41	119	57	63	68	148	269	0	198	35	132	209	32	142	68	50	64	93	41	93	62	182	128	82	171	72	82	99	80	180
	0	145	158	178	51	174	166	151	86	115	70	114	125	26	42	214	164	127	86	79	93	125	148	110	104	34	69	60	88	190	204
	0	215	146	160	166	81	88	54	191	36	231	98	179	124	79	81	234	82	83	104	140	88	62	53	150	76	25	104	93	186	81
	0	76	127	115	95	75	88	191	73	137	175	90	88	112	79	133	48	153	72	100	199	151	186	118	21	85	86	31	124	62	134
	0	54	76	154	14	115	26	124	100	80	67	134	95	108	133	266	172	138	75	81	67	58	119	179	122	161	128	37	175	100	48
	0	86	45	143	141	181	95	55	149	59	218	110	168	115	114	198	222	67	66	139	77	101	90	81	80	93	96	69	189	22	91
	0	160	140	68	134	72	118	152	155	117	99	146	89	181	176	92	88	71	191	61	90	65	75	100	98	212	167	144	95	60	87
	0	14	208	101	123	48	25	203	97	37	111	37	98	100	138	96	104	167	43	105	42	187	128	138	51	69	178	37	153	193	87
	0	66	206	118	166	201	148	95	168	122	130	36	146	62	54	164	87	99	99	179	92	196	127	68	66	86	144	83	151	26	142

h_pi = Inventory cost of item p at site i
 	3	4	3	7	6	3	4	4	5	4	9	8	1	9	3	4	8	3	5	1	7	4	7	2	3	1	6	1	5	6	3
	8	9	1	4	9	7	6	8	9	8	3	9	3	1	3	3	8	5	5	1	5	1	9	4	4	2	2	4	2	8	9
	8	3	9	8	5	9	3	7	1	3	7	2	7	6	1	8	6	3	3	9	4	7	7	1	8	7	6	1	9	7	5
	8	9	7	9	8	8	1	1	5	5	5	6	5	3	4	6	2	2	6	5	3	9	8	9	1	2	3	2	8	1	4
	3	1	3	8	3	2	2	5	4	5	2	2	1	9	4	4	4	7	8	8	3	8	6	1	1	3	1	6	3	1	3
	3	2	8	5	8	2	1	2	9	2	3	4	5	5	6	3	4	7	5	1	5	5	3	7	8	7	2	4	8	1	6
	8	2	8	4	7	6	3	9	7	3	7	4	7	7	5	5	9	9	6	3	9	7	7	3	3	9	5	9	4	7	4
	8	7	4	6	5	9	2	1	3	4	8	2	5	7	9	3	5	4	6	8	7	6	3	2	4	5	9	2	8	2	9
	3	1	9	7	8	9	6	2	9	8	3	6	1	2	3	9	9	2	1	9	8	3	5	6	8	9	1	4	4	6	6
	8	9	2	4	6	6	9	9	7	3	3	5	2	8	7	4	2	6	4	6	4	3	2	8	4	6	4	3	4	7	9

C = Vehicle capacity
	3660

f = Fixed transportation cost
	29822

a_ik = Transportation cost for traveling from node i to node k
 	0	360	81	345	461	244	366	408	473	254	465	348	174	327	511	477	143	487	420	156	223	397	97	243	149	202	288	349	336	265	414
	360	0	394	663	382	139	682	424	778	379	177	368	483	221	494	225	498	205	206	349	548	754	452	153	397	561	646	394	692	566	766
	81	394	0	279	538	263	300	488	405	335	520	429	100	396	591	538	116	544	484	102	158	364	130	299	74	190	283	430	302	191	373
	345	663	279	0	799	526	22	731	130	572	798	679	182	671	833	817	220	822	762	319	123	193	310	578	267	227	257	673	164	99	165
	461	382	538	799	0	435	820	112	929	239	270	129	635	176	119	219	581	260	191	568	680	798	494	297	591	604	650	147	745	725	830
	244	139	263	526	435	0	545	442	640	347	298	378	347	260	531	336	373	326	297	210	413	626	340	140	260	441	530	397	564	429	635
	366	682	300	22	820	545	0	752	109	593	818	700	203	692	853	837	241	843	783	337	144	195	331	598	286	245	271	694	172	117	162
	408	424	488	731	112	442	752	0	861	159	350	65	579	203	104	309	512	347	266	536	616	710	421	304	549	523	560	59	660	665	745
	473	778	405	130	929	640	109	861	0	702	920	809	306	799	962	941	350	945	888	430	251	248	440	702	382	349	361	803	250	215	203
	254	379	335	572	239	347	593	159	702	0	377	112	422	196	262	357	353	386	299	394	458	559	263	230	400	367	411	101	507	507	592
	465	177	520	798	270	298	818	350	920	377	0	316	616	181	388	58	608	29	85	499	677	859	541	223	541	658	732	345	798	706	878
	348	368	429	679	129	378	700	65	809	112	316	0	521	151	165	282	460	318	231	473	562	670	371	242	488	478	522	30	618	609	703
	174	483	100	182	635	347	203	579	306	422	616	521	0	495	682	636	106	641	583	147	67	297	178	397	93	172	256	520	239	92	296
	327	221	396	671	176	260	692	203	799	196	181	151	495	0	277	167	463	192	107	408	549	704	386	123	437	503	568	178	646	587	729
	511	494	591	833	119	531	853	104	962	262	388	165	682	277	0	336	613	377	309	638	719	804	523	391	652	621	652	162	756	768	840
	477	225	538	817	219	336	837	309	941	357	58	282	636	167	336	0	618	42	60	527	695	865	546	240	566	664	733	311	805	727	887
	143	498	116	220	581	373	241	512	350	353	608	460	106	463	613	618	0	629	561	211	110	256	91	385	167	76	168	454	194	166	271
	487	205	544	822	260	326	843	347	945	386	29	318	641	192	377	42	629	0	88	525	701	879	561	246	567	678	751	347	819	730	900
	420	206	484	762	191	297	783	266	888	299	85	231	583	107	309	60	561	88	0	479	640	806	487	187	516	605	673	260	747	674	829
	156	349	102	319	568	210	337	536	430	394	499	473	147	408	638	527	211	525	479	0	213	442	230	293	54	287	379	480	382	221	442
	223	548	158	123	680	413	144	616	251	458	677	562	67	549	719	695	110	701	640	213	0	235	199	456	160	148	218	558	179	58	230
	397	754	364	193	798	626	195	710	248	559	859	670	297	704	804	865	256	879	806	442	235	0	320	638	389	202	152	657	63	258	48
	97	452	130	310	494	340	331	421	440	263	541	371	178	386	523	546	91	561	487	230	199	320	0	322	202	118	195	364	261	253	344
	243	153	299	578	297	140	598	304	702	230	223	242	397	123	391	240	385	246	187	293	456	638	322	0	329	438	516	262	577	488	656
	149	397	74	267	591	260	286	549	382	400	541	488	93	437	652	566	167	567	516	54	160	389	202	329	0	242	333	492	330	170	389
	202	561	190	227	604	441	245	523	349	367	658	478	172	503	621	664	76	678	605	287	148	202	118	438	242	0	93	467	144	204	228
	288	646	283	257	650	530	271	560	361	411	732	522	256	568	652	733	168	751	673	379	218	152	195	516	333	93	0	507	114	268	192
	349	394	430	673	147	397	694	59	803	101	345	30	520	178	162	311	454	347	260	480	558	657	364	262	492	467	507	0	605	607	690
	336	692	302	164	745	564	172	660	250	507	798	618	239	646	756	805	194	819	747	382	179	63	261	577	330	144	114	605	0	210	86
	265	566	191	99	725	429	117	665	215	507	706	609	92	587	768	727	166	730	674	221	58	258	253	488	170	204	268	607	210	0	243
	414	766	373	165	830	635	162	745	203	592	878	703	296	729	840	887	271	900	829	442	230	48	344	656	389	228	192	690	86	243	0

coordXY = Coordinates (x,y): line zero => x line one => y column => customers
 	260	477	305	275	128	451	277	59	302	108	397	110	312	260	10	345	211	386	317	406	276	83	177	336	373	141	59	84	117	321	117
	477	764	410	133	918	628	112	831	6	680	921	791	311	803	922	946	343	947	893	423	255	122	427	707	381	315	272	778	174	220	89

d_pit = Demand of item p at customer i in period t
 	22	39	21	45	17	46	64	45	87	27	45	27
	82	49	90	84	55	75	63	100	49	41	58	51
	95	38	62	57	70	27	98	13	67	52	78	66
	25	63	61	77	81	15	47	19	92	88	96	74
	24	65	60	51	45	80	13	98	46	67	86	58
	50	44	81	81	34	80	72	71	50	48	16	19
	19	43	92	68	14	55	79	55	47	62	52	49
	81	84	95	20	51	25	97	88	33	19	20	97
	21	80	24	41	61	37	50	17	60	97	63	46
	39	91	82	23	41	65	15	83	50	19	79	64
	22	48	64	49	51	23	23	56	99	60	19	92
	14	57	52	45	11	61	83	23	23	89	70	19
	90	43	39	14	74	88	88	41	44	77	84	84
	97	24	80	38	99	69	69	24	92	57	58	73
	43	52	56	70	28	69	65	12	12	65	77	80
	84	90	34	82	58	65	71	78	15	50	79	55
	40	35	99	60	76	52	19	79	67	54	35	77
	80	21	29	69	31	13	68	72	55	71	80	87
	26	34	87	71	27	97	14	12	52	66	32	79
	87	11	43	83	46	32	67	55	37	61	48	19
	30	34	88	64	84	84	31	77	14	56	70	75
	30	57	44	53	39	58	92	44	89	45	28	23
	47	55	74	86	23	53	82	30	85	22	69	85
	38	78	18	40	41	82	31	86	80	37	32	24
	95	51	37	83	41	74	41	16	52	97	13	44
	70	68	100	40	34	26	85	78	39	68	29	67
	35	62	11	31	11	62	93	44	39	55	39	66
	80	54	85	99	62	31	66	39	53	63	57	22
	59	51	24	74	64	60	97	58	78	88	49	99
	47	74	90	14	47	91	59	94	92	52	70	83

	41	96	42	89	12	17	77	93	25	57	15	13
	27	92	56	87	53	17	96	14	15	48	49	51
	57	65	50	25	20	68	81	58	64	39	57	74
	43	20	18	14	19	76	50	52	56	24	40	57
	21	20	27	33	10	29	60	47	85	32	94	11
	25	67	30	26	34	81	74	80	30	94	65	60
	99	76	94	75	74	69	20	24	91	73	49	93
	95	24	12	52	35	28	24	69	33	20	57	90
	60	10	87	41	31	49	73	26	60	33	30	39
	35	91	75	79	41	97	42	42	23	90	83	60
	62	13	57	34	25	78	54	36	34	12	63	33
	61	79	14	55	41	22	76	77	94	95	61	80
	32	35	98	85	63	84	73	82	61	26	95	73
	80	24	13	25	57	81	88	56	71	32	97	47
	68	60	57	75	70	15	25	38	98	37	88	77
	50	66	21	57	82	75	49	51	83	30	50	41
	64	82	79	11	39	42	85	83	75	65	51	88
	24	69	93	67	99	45	67	13	72	11	40	68
	41	71	82	97	81	72	78	77	15	20	62	66
	93	33	86	56	30	14	63	55	41	55	26	97
	62	18	64	81	12	73	77	29	89	36	77	99
	35	94	53	87	24	56	25	50	14	35	12	52
	92	36	83	80	35	16	62	50	90	14	85	34
	17	65	59	27	100	75	18	46	43	99	56	38
	55	11	63	42	29	86	53	28	66	73	80	12
	34	38	61	47	26	13	38	93	84	51	66	62
	82	94	43	21	47	93	39	79	90	54	87	81
	99	63	89	55	48	21	15	38	28	56	33	90
	40	40	43	94	29	44	65	73	74	87	56	43
	98	37	45	17	52	77	19	83	29	73	27	43

	21	69	55	42	25	55	48	44	67	34	54	81
	20	99	39	79	60	75	97	18	22	14	90	64
	24	66	88	39	62	57	73	28	92	68	95	61
	36	15	88	83	77	16	29	30	53	66	42	75
	91	83	94	78	88	54	67	92	30	55	75	71
	47	52	36	31	41	96	19	48	88	65	95	84
	13	96	42	45	80	80	94	35	64	32	91	35
	86	67	32	66	28	11	21	49	77	17	85	32
	58	57	68	17	75	24	48	37	11	52	55	34
	70	90	18	33	66	27	46	30	49	77	63	58
	15	99	51	45	59	49	16	53	64	20	77	25
	78	47	50	15	23	13	71	36	87	39	96	21
	26	32	16	41	86	22	54	11	56	71	46	89
	42	76	54	86	44	38	64	96	91	36	95	92
	88	82	44	37	43	63	53	87	97	17	93	33
	73	28	63	66	78	25	58	35	99	26	69	45
	43	84	46	71	23	57	23	91	82	78	75	73
	86	86	30	96	82	39	89	49	74	79	68	100
	33	23	23	87	68	16	71	94	91	11	51	17
	93	68	44	81	39	12	95	86	41	67	55	85
	49	76	55	47	71	63	86	99	95	84	43	75
	25	28	95	15	68	66	67	43	74	19	25	87
	36	51	23	74	24	91	80	36	65	61	18	36
	76	28	64	12	67	23	52	27	64	49	23	35
	34	85	98	29	90	77	55	86	16	52	25	84
	10	24	35	45	47	31	92	48	81	92	44	78
	60	36	52	36	96	65	54	54	46	55	65	23
	88	52	47	33	81	21	92	44	54	16	86	60
	83	28	79	48	38	26	99	92	43	36	97	58
	39	64	30	71	84	77	94	24	45	22	82	88

	87	52	76	75	75	19	16	83	57	20	76	43
	34	19	93	53	26	17	36	96	19	78	45	84
	95	65	97	58	28	80	51	50	77	19	28	95
	34	63	69	45	15	32	27	34	43	30	20	11
	12	69	74	49	59	49	82	20	52	29	15	96
	88	11	46	78	94	13	12	82	38	92	18	59
	15	16	23	83	59	68	83	39	53	59	27	27
	64	93	34	46	42	90	74	87	89	73	51	87
	36	77	36	93	15	13	48	68	88	27	74	40
	74	32	84	41	55	56	19	61	92	56	24	88
	15	83	86	11	14	91	100	63	50	56	96	25
	47	28	54	50	43	58	92	11	72	35	91	31
	67	57	41	21	23	93	18	100	90	74	20	46
	13	13	17	36	69	14	55	39	92	95	28	71
	13	68	73	43	55	28	51	80	42	94	78	87
	54	85	95	76	84	92	63	34	38	37	73	87
	82	32	96	99	89	41	31	89	34	48	33	10
	83	67	53	13	74	100	64	79	54	84	21	95
	42	62	69	56	25	43	44	96	64	40	16	80
	85	55	84	48	11	97	52	57	68	80	75	26
	33	55	53	67	18	48	12	21	79	35	27	37
	23	39	98	60	24	27	82	69	28	32	98	89
	53	77	78	84	49	89	24	69	19	79	47	17
	91	59	84	37	60	76	92	87	63	81	76	72
	76	90	13	71	26	26	80	60	42	97	18	54
	25	15	66	60	45	90	23	83	77	13	49	33
	20	84	19	63	58	45	63	47	77	64	60	88
	93	89	12	39	99	33	35	65	94	44	81	32
	88	19	79	27	55	61	79	98	72	88	51	51
	81	51	76	19	12	66	31	43	11	45	22	72

	19	57	49	69	67	21	40	32	86	62	59	11
	16	79	32	38	65	24	33	59	39	88	49	96
	40	75	56	88	14	100	28	18	53	21	87	82
	95	42	44	41	31	42	14	57	77	58	57	94
	75	74	78	95	87	40	17	76	23	76	21	35
	63	25	51	54	25	32	97	36	61	77	23	12
	13	56	46	76	71	76	55	60	16	38	91	81
	73	74	54	78	65	44	12	62	44	84	80	28
	75	62	67	34	76	62	96	13	93	72	98	96
	79	96	61	38	86	77	21	70	91	81	54	27
	90	42	71	17	72	82	72	89	83	24	73	69
	88	16	40	38	21	75	25	59	65	76	19	58
	68	44	63	27	59	22	74	57	62	70	51	76
	13	66	42	97	12	61	76	52	68	94	58	18
	62	71	56	99	86	86	29	65	86	87	60	87
	48	38	68	39	62	29	45	88	17	53	17	22
	96	39	18	29	25	26	20	37	42	99	11	25
	72	92	76	30	42	25	13	21	86	35	96	35
	100	64	20	14	80	49	82	26	60	51	25	67
	53	25	97	24	29	99	77	90	77	41	53	82
	57	94	73	81	78	18	14	45	54	35	17	35
	88	98	15	16	69	56	96	75	36	90	53	18
	60	58	71	72	99	43	76	25	45	88	13	61
	21	84	87	58	77	81	16	44	51	73	19	32
	85	64	80	90	94	57	92	87	60	13	82	87
	24	50	12	58	18	63	75	95	52	75	94	27
	31	50	86	70	98	38	28	29	54	88	43	52
	66	33	25	91	55	65	48	74	28	87	16	68
	62	69	42	35	83	72	77	48	32	16	24	88
	43	91	41	40	20	16	19	48	95	41	69	12

	54	65	79	25	22	63	15	33	63	82	32	23
	76	90	30	29	24	23	96	34	53	44	16	94
	95	59	60	40	60	42	59	28	35	32	89	54
	14	50	23	84	81	51	70	94	74	74	61	88
	92	23	85	21	76	32	63	60	76	35	35	68
	26	81	20	80	51	64	64	41	48	44	29	46
	36	59	29	74	79	95	42	85	82	16	80	41
	14	62	24	64	87	44	85	15	86	87	55	85
	80	84	11	18	71	23	84	92	37	54	50	38
	39	28	80	74	53	38	19	42	13	36	75	18
	65	69	12	41	43	54	67	78	87	61	98	38
	95	23	55	57	20	52	85	69	34	65	34	50
	30	78	70	40	41	62	79	78	82	59	54	34
	15	74	44	30	12	78	100	62	21	62	30	41
	33	97	88	48	40	75	32	92	51	14	44	59
	51	70	51	43	62	34	49	85	76	24	100	29
	51	51	36	57	25	75	24	48	100	58	53	83
	75	70	32	65	54	34	87	14	50	85	97	35
	54	27	72	78	95	85	87	54	65	26	22	20
	67	67	72	90	11	82	73	72	95	68	25	72
	58	71	51	62	37	66	25	31	84	56	97	23
	50	33	36	26	83	31	53	25	54	98	65	46
	42	75	62	96	93	58	88	29	11	88	47	77
	30	42	50	54	27	22	47	60	91	72	88	68
	23	60	78	26	21	23	71	86	66	24	34	19
	41	87	96	69	99	15	43	47	44	83	86	16
	37	80	39	21	93	75	80	69	67	60	99	36
	72	63	40	36	49	64	56	14	37	97	89	69
	100	71	16	44	78	36	50	42	20	51	36	21
	35	13	57	75	62	45	21	70	63	55	72	26

	24	28	34	38	17	50	26	10	14	30	38	34
	45	84	96	96	19	14	41	66	42	56	88	78
	31	46	66	95	39	65	82	75	80	15	62	37
	42	78	21	95	87	38	28	73	78	68	67	69
	87	31	63	55	91	55	98	93	69	84	39	18
	54	41	22	70	25	74	79	91	52	33	49	67
	43	12	60	75	46	95	44	87	92	65	94	70
	12	42	95	84	92	77	55	45	19	25	41	28
	59	94	84	45	17	36	49	92	60	56	73	48
	95	88	18	17	80	22	19	53	46	36	43	83
	41	39	30	76	23	28	33	20	19	77	15	50
	99	69	35	40	44	82	41	92	26	76	38	80
	42	73	95	61	78	42	42	69	43	30	94	26
	39	19	19	37	11	71	100	63	38	35	60	42
	18	90	90	45	55	60	20	49	47	20	98	75
	66	83	73	48	27	41	38	77	25	23	14	48
	67	37	61	73	77	21	20	93	75	14	82	70
	66	77	25	88	52	24	21	24	38	69	35	64
	19	79	41	46	35	67	91	85	94	99	49	95
	31	46	14	24	88	51	47	75	48	20	27	81
	88	13	78	96	19	45	80	52	78	96	70	45
	90	53	23	83	26	96	78	80	81	94	18	48
	69	12	85	72	27	21	53	67	16	13	98	85
	80	20	64	77	86	33	25	77	68	14	25	97
	93	54	99	46	69	94	23	55	17	48	25	97
	96	43	89	66	32	43	23	18	42	84	17	51
	10	59	83	21	72	40	77	95	26	57	18	34
	64	83	16	26	49	53	13	70	34	38	83	16
	22	41	71	84	12	94	89	16	93	30	78	77
	91	34	84	45	91	44	91	98	58	49	77	97

	24	75	27	34	100	34	76	97	14	81	13	48
	46	21	73	87	77	48	69	82	53	44	55	19
	68	79	85	46	49	59	49	17	78	32	64	55
	64	70	71	82	34	68	12	34	12	42	29	61
	72	50	36	88	75	65	31	56	56	17	76	95
	39	46	33	75	24	78	61	58	55	56	26	65
	62	90	39	77	17	24	30	34	99	55	43	82
	17	51	48	39	48	95	15	31	79	76	17	66
	22	95	32	44	75	24	46	37	17	74	34	48
	43	33	23	52	95	67	70	73	47	42	16	59
	53	93	35	93	44	92	57	73	24	12	41	59
	89	31	52	29	40	85	88	59	58	35	68	59
	45	97	39	30	64	32	83	62	74	62	55	81
	74	42	35	25	39	64	18	98	36	97	19	96
	63	29	17	80	61	88	64	40	36	19	50	20
	35	53	28	77	12	78	49	19	44	33	74	73
	71	78	49	26	48	66	57	51	49	95	43	22
	58	98	35	12	68	91	97	98	92	90	22	92
	46	15	53	28	43	51	64	11	74	40	60	67
	60	30	57	36	65	42	50	31	59	45	79	33
	65	46	74	43	16	31	70	54	40	68	24	42
	75	70	33	62	19	64	57	54	73	63	89	31
	13	50	37	81	97	62	69	61	92	99	79	11
	98	74	95	63	57	35	80	87	36	85	83	65
	76	99	37	51	78	60	97	20	28	57	58	35
	96	71	10	97	48	96	12	42	39	90	58	53
	88	56	39	46	95	90	77	45	11	34	96	95
	95	51	65	82	72	17	82	96	25	89	51	85
	24	20	16	47	37	81	83	35	66	39	64	66
	87	67	79	72	37	82	21	56	54	87	31	67

	14	96	70	17	73	89	78	14	36	81	33	72
	89	37	82	90	88	80	69	99	22	92	82	62
	74	27	73	55	55	62	28	91	82	77	61	42
	44	79	43	43	67	14	14	63	42	73	23	28
	26	22	48	91	71	15	41	46	23	15	85	97
	25	88	52	71	87	46	25	74	30	15	50	15
	31	20	63	89	24	66	40	56	69	15	66	11
	36	61	12	17	57	26	24	85	27	99	49	94
	10	27	81	28	23	96	11	78	34	19	63	51
	92	19	30	34	12	23	95	88	12	11	42	58
	37	78	29	36	46	87	19	82	81	79	36	35
	98	95	46	70	26	99	42	52	70	97	78	94
	23	77	45	74	81	29	90	56	32	15	26	50
	76	19	43	23	62	67	12	34	72	60	91	85
	14	82	27	56	57	49	99	33	74	94	98	64
	29	75	47	63	51	31	88	38	44	34	78	49
	88	79	23	16	86	53	77	88	34	14	96	31
	43	11	40	69	27	79	66	80	78	46	67	41
	61	44	90	86	26	39	27	77	88	53	22	22
	42	82	34	79	47	54	91	16	92	61	13	96
	98	89	39	31	13	51	88	99	43	88	25	52
	39	45	24	20	40	64	61	74	54	62	38	18
	43	15	80	38	14	74	94	36	97	25	56	61
	51	55	28	12	51	99	66	71	33	76	20	17
	69	90	25	36	12	68	100	36	76	15	25	44
	40	49	50	39	19	87	77	18	20	20	74	33
	37	73	24	95	88	11	12	58	21	64	14	41
	82	71	59	44	48	69	19	42	82	93	87	72
	50	79	64	27	79	45	19	20	58	79	86	91
	87	78	38	79	63	54	35	38	50	52	61	81

	66	58	84	80	12	75	78	70	39	85	83	90
	43	94	51	18	47	18	48	80	52	17	97	82
	29	89	67	80	37	54	46	57	87	94	99	73
	45	15	85	21	79	88	73	75	56	15	41	56
	61	32	11	97	42	77	86	91	64	15	68	99
	76	72	91	55	48	81	92	91	66	55	85	77
	33	62	84	87	46	22	19	62	20	45	14	16
	82	39	47	54	17	98	86	63	58	63	34	31
	10	27	30	55	67	79	86	47	67	87	86	43
	90	40	43	61	82	34	57	94	18	76	56	23
	36	19	40	59	76	54	39	69	61	22	69	76
	56	90	79	98	37	34	77	92	90	58	96	43
	62	64	53	22	28	96	57	93	13	60	59	44
	54	20	88	37	55	52	26	94	88	61	17	20
	75	89	23	59	92	55	88	31	43	68	67	65
	74	13	79	95	40	61	33	73	47	43	48	68
	99	15	39	90	37	76	84	62	14	28	15	83
	99	36	66	80	14	11	51	65	10	38	17	28
	76	13	90	87	97	46	24	78	71	38	78	37
	37	55	86	66	20	56	74	21	78	95	82	32
	77	82	37	81	67	91	72	68	92	53	13	94
	36	91	11	25	59	83	23	68	26	29	38	74
	68	45	76	37	80	50	88	98	37	89	93	72
	13	53	43	51	53	28	29	100	16	68	30	100
	11	43	32	27	50	85	49	47	70	48	60	56
	29	85	30	31	19	53	24	40	47	28	81	69
	17	66	94	59	86	38	95	43	46	20	31	30
	38	59	54	68	34	35	16	35	66	72	56	23
	12	14	91	27	95	10	23	94	72	98	95	31
	54	58	30	98	55	15	37	71	57	67	14	19

