***** PARAMETERS PRP *****

Number of Customers = 30
Number of Products = 10
Number of Vehicles = 5
Number of Periods = 12

B = Production capacity
	49914

b_p = Time required to produce item p
 	1	1	1	1	1	1	1	1	1	1

c_p = Production cost of item p
 	30	30	30	80	30	80	30	30	30	30

s_p = Setup cost of item p
 	300	300	300	800	300	800	300	300	300	300

M = Big number
	199656

U_pi = Maximum inventory upper bound of item p at site i
 	199656	144	274	209	259	177	313	284	93	88	213	136	137	156	206	149	111	168	102	165	114	290	224	273	225	312	133	239	289	224	202
	199656	159	213	219	275	321	245	198	233	122	132	120	115	331	121	199	302	277	220	216	159	275	257	99	249	241	94	293	224	170	161
	199656	274	113	205	266	93	197	120	142	286	155	242	171	273	256	168	240	164	148	230	235	207	197	116	162	261	227	298	232	214	261
	199656	309	175	89	252	243	240	131	161	235	118	178	163	260	132	163	324	107	157	175	237	251	103	245	120	154	297	206	163	273	110
	199656	225	228	224	240	242	285	169	125	227	109	196	212	152	158	185	278	314	164	122	217	190	161	127	131	194	267	197	153	224	109
	199656	217	175	102	168	192	248	83	187	186	176	110	168	205	96	326	135	204	224	163	339	307	135	328	185	116	162	300	250	154	226
	199656	108	249	334	136	212	172	139	263	114	191	178	134	324	123	230	244	254	202	165	151	121	352	346	260	117	232	277	103	156	153
	199656	173	123	254	214	167	96	118	202	173	174	270	223	217	197	347	139	311	184	284	109	330	296	124	207	111	151	217	217	94	99
	199656	241	242	215	123	106	163	177	105	188	102	224	215	150	304	223	167	263	231	188	224	347	188	220	99	322	236	162	278	265	280
	199656	176	307	160	166	239	194	126	228	136	177	219	185	199	240	117	92	144	148	225	184	219	151	111	126	116	109	176	224	125	194

I_pi0 = Initial inventory of item p at site i
 	0	77	56	177	122	131	290	45	0	26	126	85	96	144	204	87	83	58	71	97	92	109	95	187	220	140	89	88	116	202	174
	0	95	181	196	123	137	149	137	221	81	94	107	82	289	83	109	182	149	174	72	130	246	98	55	248	200	89	134	179	154	51
	0	245	85	70	202	67	95	90	22	97	118	223	87	92	75	94	13	36	136	54	43	10	137	69	14	154	135	138	116	109	101
	0	244	94	49	211	24	218	114	148	193	52	127	109	229	34	78	217	29	104	153	64	44	87	33	70	117	94	85	49	78	15
	0	123	35	141	92	129	86	58	82	111	98	35	65	100	48	157	64	96	82	83	111	178	106	85	101	164	67	176	98	90	88
	0	70	86	73	50	148	159	55	98	119	162	73	116	171	87	217	38	97	217	75	231	70	130	190	59	70	153	234	85	56	126
	0	88	227	83	82	118	53	69	27	67	55	82	83	142	85	169	209	84	162	155	84	65	95	62	151	90	149	200	25	142	118
	0	85	64	66	80	142	72	76	99	151	97	221	55	183	28	232	106	220	147	71	73	168	133	67	189	99	60	175	164	68	82
	0	174	32	86	96	95	150	139	18	171	72	65	29	118	203	36	167	86	191	79	87	84	138	106	59	114	70	89	85	154	199
	0	113	74	110	79	42	149	111	76	77	132	26	170	43	100	99	63	121	44	25	119	18	44	84	66	102	22	154	188	77	176

h_pi = Inventory cost of item p at site i
 	3	2	6	7	6	5	5	7	6	5	2	2	2	7	5	7	5	5	9	5	7	7	4	2	6	2	7	9	2	6	7
	3	6	4	3	5	7	4	7	7	3	8	3	4	1	6	3	2	2	5	1	5	2	8	9	9	2	8	9	3	9	2
	3	9	5	9	9	7	1	8	4	7	8	8	1	1	8	8	5	7	8	9	6	3	5	8	2	7	1	5	4	5	9
	8	9	6	9	2	2	1	4	9	5	8	5	2	2	1	9	4	4	2	9	4	1	6	7	5	5	7	7	1	1	7
	3	4	3	6	6	4	7	5	3	5	5	6	7	3	3	9	2	1	9	5	3	1	8	4	2	3	1	4	1	6	7
	8	9	5	6	1	6	3	7	4	1	6	6	8	6	5	5	9	7	5	3	3	3	7	7	3	5	3	4	2	9	4
	3	8	3	6	3	1	4	6	3	5	4	7	4	4	2	2	1	3	6	1	3	6	4	7	1	9	9	7	6	8	6
	3	6	4	4	1	9	5	9	3	8	5	6	6	3	8	6	6	2	8	7	7	3	2	3	8	9	7	4	5	4	9
	3	8	8	5	8	1	8	4	4	4	8	8	4	7	6	8	3	7	9	4	5	6	7	4	7	2	6	3	1	1	7
	3	2	1	7	8	2	1	8	9	2	1	9	6	5	6	4	9	3	4	8	1	9	4	6	8	2	1	7	1	3	5

C = Vehicle capacity
	3520

f = Fixed transportation cost
	29915

a_ik = Transportation cost for traveling from node i to node k
 	0	800	313	362	837	369	263	240	335	256	634	580	726	300	411	285	595	262	505	539	184	385	494	460	329	494	391	339	511	414	869
	800	0	808	447	261	676	857	561	703	898	472	515	76	501	925	583	206	862	296	661	941	539	308	558	493	767	610	825	607	959	300
	313	808	0	393	744	147	83	360	109	132	464	397	745	412	131	240	623	90	535	289	261	270	555	285	340	200	211	29	291	158	764
	362	447	393	0	483	297	425	132	306	461	352	326	376	100	522	153	245	429	153	387	495	175	163	254	53	435	249	416	330	550	519
	837	261	744	483	0	598	812	614	635	859	306	368	283	571	838	567	329	818	377	520	938	486	419	461	508	642	533	753	480	876	45
	369	676	147	297	598	0	221	312	42	270	319	254	618	347	250	160	502	227	421	172	380	139	450	139	248	149	68	156	155	285	618
	263	857	83	425	812	221	0	366	180	50	540	474	791	425	148	276	665	7	574	371	180	329	588	357	373	281	281	97	371	155	834
	240	561	360	132	614	312	366	0	303	391	463	425	487	64	489	156	356	369	266	447	393	238	256	327	120	461	290	387	398	511	650
	335	703	109	306	635	42	180	303	0	229	360	295	643	344	223	158	523	187	439	210	339	164	464	178	254	167	103	123	196	257	656
	256	898	132	461	859	270	50	391	229	0	589	523	831	452	166	316	703	44	612	420	141	375	622	406	410	326	329	141	420	161	881
	634	472	464	352	306	319	540	463	360	589	0	68	443	450	542	350	383	546	354	215	691	249	405	186	344	338	263	467	180	581	314
	580	515	397	326	368	254	474	425	295	523	68	0	478	421	476	300	401	480	357	154	628	198	406	124	309	274	200	400	113	514	379
	726	76	745	376	283	618	791	487	643	831	443	478	0	427	865	516	132	796	224	618	870	480	233	507	423	717	553	764	561	899	326
	300	501	412	100	571	347	425	64	344	452	450	421	427	0	542	188	296	428	210	465	457	250	195	336	116	494	314	438	411	566	609
	411	925	131	522	838	250	148	489	223	166	542	476	865	542	0	369	746	150	660	339	302	386	683	380	469	220	316	106	363	40	853
	285	583	240	153	567	160	276	156	158	316	350	300	516	188	369	0	389	281	299	295	373	102	316	186	101	307	137	264	250	397	596
	595	206	623	245	329	502	665	356	523	703	383	401	132	296	746	389	0	669	93	527	738	364	106	404	294	614	440	643	467	778	373
	262	862	90	429	818	227	7	369	187	44	546	480	796	428	150	281	669	0	579	377	175	335	592	364	378	287	287	102	377	155	840
	505	296	535	153	377	421	574	266	439	612	354	357	224	210	660	299	93	579	0	465	646	283	53	336	202	542	362	556	405	691	418
	539	661	289	387	520	172	371	447	210	420	215	154	618	465	339	295	527	377	465	0	543	216	508	134	351	124	160	283	61	378	528
	184	941	261	495	938	380	180	393	339	141	691	628	870	457	302	373	738	175	646	543	0	456	646	506	451	460	429	277	534	289	965
	385	539	270	175	486	139	329	238	164	375	249	198	480	250	386	102	364	335	283	216	456	0	316	89	136	263	79	286	162	420	511
	494	308	555	163	419	450	588	256	464	622	405	406	233	195	683	316	106	592	53	508	646	316	0	376	216	577	394	578	447	712	462
	460	558	285	254	461	139	357	327	178	406	186	124	507	336	380	186	404	364	336	134	506	89	376	0	221	211	78	292	76	417	480
	329	493	340	53	508	248	373	120	254	410	344	309	423	116	469	101	294	378	202	351	451	136	216	221	0	389	205	364	296	497	542
	494	767	200	435	642	149	281	461	167	326	338	274	717	494	220	307	614	287	542	124	460	263	577	211	389	0	186	185	164	259	651
	391	610	211	249	533	68	281	290	103	329	263	200	553	314	316	137	440	287	362	160	429	79	394	78	205	186	0	222	120	352	554
	339	825	29	416	753	156	97	387	123	141	467	400	764	438	106	264	643	102	556	283	277	286	578	292	364	185	222	0	291	136	771
	511	607	291	330	480	155	371	398	196	420	180	113	561	411	363	250	467	377	405	61	534	162	447	76	296	164	120	291	0	402	492
	414	959	158	550	876	285	155	511	257	161	581	514	899	566	40	397	778	155	691	378	289	420	712	417	497	259	352	136	402	0	891
	869	300	764	519	45	618	834	650	656	881	314	379	326	609	853	596	373	840	418	528	965	511	462	480	542	651	554	771	492	891	0

coordXY = Coordinates (x,y): line zero => x line one => y column => customers
 	465	460	157	404	200	154	203	463	171	218	88	90	474	485	56	308	461	205	441	21	340	236	492	151	371	6	174	129	76	58	161
	137	936	188	493	930	334	119	376	296	72	646	579	862	436	105	374	731	113	641	442	3	446	630	472	452	319	398	181	467	66	951

d_pit = Demand of item p at customer i in period t
 	77	41	74	11	15	23	43	30	46	90	56	68
	56	30	79	84	49	68	18	54	43	73	75	29
	95	82	41	46	62	79	55	70	88	68	85	64
	74	48	57	74	80	36	88	19	46	37	30	32
	82	49	90	43	11	11	12	24	15	64	52	79
	70	70	60	90	60	34	33	86	94	81	35	37
	45	72	99	28	85	10	76	61	53	47	43	62
	98	33	46	10	45	83	27	65	12	33	83	23
	13	13	41	12	75	51	35	50	99	42	43	52
	36	90	61	37	12	72	68	39	80	55	36	52
	14	71	68	93	87	96	77	87	39	96	61	24
	96	89	69	52	92	21	45	56	87	28	99	88
	71	73	29	85	24	98	71	41	25	20	37	51
	11	74	21	98	30	47	38	50	49	44	64	91
	40	47	63	25	73	47	22	69	90	27	50	44
	83	42	45	52	85	46	88	53	19	26	55	71
	58	80	23	81	35	22	23	91	80	65	22	93
	71	90	26	45	21	38	46	53	49	40	51	81
	26	27	44	86	75	99	98	40	52	19	20	73
	56	36	34	16	88	69	53	60	36	99	67	67
	11	13	85	45	89	48	85	80	85	67	55	32
	17	53	25	70	41	24	53	42	94	52	21	46
	43	84	45	15	86	27	12	66	64	79	51	83
	69	97	38	16	55	92	21	81	73	50	53	30
	64	76	62	96	33	43	73	63	45	87	22	84
	89	69	79	43	97	38	55	88	73	55	77	36
	88	94	33	75	57	38	62	13	92	25	97	44
	42	74	60	58	98	36	95	100	83	94	31	95
	12	95	54	41	39	34	49	32	77	31	15	58
	27	57	26	64	73	12	89	92	11	53	91	12

	84	11	79	29	90	98	27	14	66	84	31	22
	49	14	84	34	52	34	27	28	62	17	98	13
	84	31	81	54	70	30	93	85	37	20	23	49
	39	41	43	86	87	72	23	97	14	22	51	86
	55	82	51	76	64	52	97	60	55	37	48	93
	61	88	37	92	74	98	59	24	75	74	44	10
	66	71	79	48	100	78	23	57	42	68	62	96
	32	79	89	21	57	82	84	61	23	58	19	93
	81	63	78	82	81	67	80	14	53	58	56	20
	94	58	48	13	75	66	37	62	90	98	99	51
	77	30	81	24	61	82	76	99	56	24	62	47
	28	54	56	89	75	97	76	23	58	38	28	67
	84	77	81	47	81	71	15	22	73	94	60	89
	68	15	40	71	15	90	89	55	80	77	54	69
	70	39	100	90	99	29	73	81	21	76	21	98
	96	86	62	21	68	51	67	79	91	30	35	38
	18	22	76	33	94	49	51	83	33	51	62	92
	79	95	72	11	22	67	31	32	21	11	41	45
	72	12	12	32	96	71	14	45	36	71	92	95
	38	92	22	44	90	89	34	32	59	40	85	11
	65	87	94	73	18	63	20	95	35	36	61	14
	21	47	30	48	18	41	65	63	77	85	62	60
	55	27	46	83	52	24	53	18	93	42	35	64
	30	58	68	92	89	48	68	30	33	53	86	91
	71	84	45	86	44	46	85	61	85	69	21	25
	66	23	54	75	71	15	24	59	38	25	95	16
	96	38	15	61	87	68	94	57	39	75	47	25
	19	84	76	71	19	26	93	53	81	40	56	55
	67	67	20	30	58	36	79	56	22	20	27	28
	51	40	41	80	81	98	92	32	32	19	21	55

	74	44	49	78	46	65	41	28	83	44	53	53
	85	62	40	61	71	13	45	44	28	84	79	65
	29	41	89	70	52	99	21	68	51	13	46	37
	78	52	72	29	91	56	70	63	46	26	43	12
	26	41	70	66	72	66	21	54	10	38	15	80
	95	31	86	51	76	75	12	51	60	19	13	23
	90	57	82	83	52	62	37	60	56	66	57	18
	22	26	10	67	27	21	23	91	78	17	28	17
	26	71	51	60	62	74	84	73	96	11	57	21
	47	71	84	47	12	38	28	20	69	84	64	57
	89	23	35	76	65	97	16	88	52	97	63	25
	75	12	97	84	64	55	22	39	98	32	62	43
	11	51	11	19	94	91	73	68	16	48	75	99
	75	64	65	85	48	91	16	60	23	21	51	16
	14	80	87	35	89	50	26	92	44	80	11	65
	13	30	99	59	64	60	86	37	96	19	97	59
	36	67	64	47	87	54	41	31	86	34	55	52
	59	77	53	74	65	88	91	74	59	78	68	99
	54	77	39	50	40	58	15	24	41	21	49	85
	43	37	89	32	83	80	34	79	28	12	13	33
	10	80	29	61	92	59	22	63	44	21	70	69
	65	72	79	78	77	26	29	57	73	98	98	35
	21	48	86	54	22	92	88	86	15	78	70	37
	14	86	33	49	39	43	85	46	33	97	32	92
	57	97	90	35	65	11	93	22	77	89	78	69
	34	51	50	77	27	33	86	18	26	65	52	26
	83	55	36	25	61	77	65	51	99	64	24	76
	19	97	33	88	100	82	93	62	93	93	96	71
	78	31	17	54	99	23	51	36	13	10	26	75
	25	76	79	68	36	100	83	37	19	87	98	74

	58	62	62	62	90	97	83	52	21	71	68	16
	94	11	92	57	43	21	79	54	63	86	56	43
	28	21	70	46	55	65	100	23	48	29	32	15
	74	96	41	11	32	40	22	32	88	32	66	70
	24	53	31	27	32	18	99	82	30	36	55	97
	40	96	82	37	58	66	27	84	28	66	86	49
	36	78	18	44	90	77	78	64	75	87	59	82
	62	86	29	27	93	87	43	22	37	46	46	64
	28	13	95	57	36	88	82	64	63	64	96	20
	52	97	50	57	67	40	77	69	56	43	10	90
	54	22	22	29	52	61	54	65	19	73	24	59
	13	96	46	75	90	17	28	10	80	88	63	47
	28	65	45	91	14	53	19	76	60	52	29	93
	34	80	92	29	45	88	72	98	91	82	34	44
	78	81	73	39	39	13	90	89	33	61	33	23
	34	65	56	62	37	72	68	91	76	81	41	95
	17	12	99	94	42	69	51	69	34	76	52	28
	79	25	28	16	25	17	38	44	51	12	23	19
	74	79	41	43	96	89	27	68	71	33	66	13
	64	91	73	64	11	57	52	96	17	74	15	97
	18	26	95	19	57	35	74	91	33	69	67	19
	87	24	83	42	21	15	24	36	70	29	95	94
	33	11	84	70	87	83	54	94	52	38	48	81
	70	99	81	81	66	52	13	76	20	18	94	47
	85	32	30	12	72	91	12	97	46	94	27	18
	94	54	19	45	84	96	63	54	40	86	32	45
	85	89	34	22	50	39	42	84	25	25	91	33
	49	60	74	83	70	14	50	72	35	13	42	88
	78	48	89	80	39	80	84	92	61	77	61	29
	15	78	87	96	14	23	33	27	20	88	97	83

	16	37	60	10	12	74	23	33	30	100	53	93
	35	55	15	33	74	14	26	82	46	79	46	41
	83	30	28	98	48	79	47	32	65	51	77	35
	92	74	66	37	11	30	83	34	35	34	41	39
	32	97	25	99	21	86	61	90	47	18	66	83
	86	79	17	33	76	79	92	34	85	33	28	42
	58	53	33	92	85	81	42	58	32	40	47	55
	40	42	29	25	76	38	69	25	26	68	46	15
	98	13	33	42	74	20	94	46	86	89	23	64
	98	59	66	77	31	35	91	52	14	63	50	20
	35	79	39	45	41	27	56	43	12	92	26	94
	65	26	12	37	88	33	92	92	79	32	51	29
	82	18	34	46	95	17	81	89	15	44	43	45
	48	49	70	17	81	43	54	93	16	54	70	35
	95	62	64	70	90	60	12	99	42	42	61	44
	43	21	64	98	71	14	40	80	93	96	14	34
	96	54	77	73	77	42	17	73	64	55	64	62
	63	19	77	49	32	47	35	63	53	68	83	66
	83	87	92	19	45	54	73	39	67	54	93	24
	31	80	85	18	57	27	60	23	88	73	92	16
	17	95	66	98	86	26	79	48	77	64	58	44
	23	83	89	44	38	12	41	15	29	24	47	39
	85	48	67	86	90	88	59	65	35	91	16	33
	16	29	56	28	39	43	27	91	40	86	49	19
	16	64	84	66	78	28	99	29	67	92	95	58
	67	60	60	41	95	65	18	23	88	74	25	25
	17	66	61	32	33	15	67	55	11	55	13	48
	98	20	60	28	76	89	37	21	84	18	15	66
	90	32	32	83	28	96	66	35	64	40	40	65
	88	99	21	31	11	69	30	47	86	100	22	47

	70	91	25	50	19	55	13	75	99	43	48	64
	86	60	52	87	28	52	81	35	64	29	28	99
	62	11	14	40	41	60	50	87	97	11	88	51
	50	92	30	93	76	93	43	14	16	81	29	54
	78	70	69	52	45	46	35	27	24	12	81	36
	82	10	67	99	72	99	13	67	86	44	25	81
	18	37	52	12	67	21	70	26	92	33	26	41
	98	73	70	94	55	47	73	63	51	34	41	48
	21	98	44	68	26	80	70	77	58	84	81	38
	12	11	70	69	47	46	55	37	52	39	60	29
	46	27	75	88	45	43	18	94	90	36	65	32
	50	23	43	95	49	35	41	30	93	99	99	16
	78	64	29	55	20	50	32	37	69	96	39	46
	64	23	74	79	19	57	70	50	24	17	65	32
	59	93	65	70	96	93	59	88	18	44	29	68
	38	38	69	55	30	45	73	77	39	24	36	17
	97	88	25	93	99	59	63	64	91	60	41	37
	69	65	83	88	43	30	81	15	100	62	20	17
	75	12	23	59	72	88	22	76	55	72	26	72
	73	83	75	65	88	95	60	14	74	58	56	73
	70	88	97	92	18	97	33	45	18	32	77	69
	61	16	19	34	60	46	18	100	41	77	31	38
	51	52	87	80	49	96	60	48	93	67	21	84
	42	17	45	49	61	69	30	57	69	59	29	28
	17	53	93	53	69	32	17	36	93	100	91	42
	53	27	31	42	75	32	79	61	46	60	90	50
	88	51	23	72	85	13	43	54	65	85	76	65
	74	11	12	94	62	16	32	81	90	25	65	37
	56	76	71	27	11	48	10	91	70	40	38	76
	83	43	54	39	17	49	43	37	87	58	15	18

	88	32	41	75	31	30	35	83	97	70	32	33
	69	72	86	71	33	47	44	41	94	92	82	17
	83	14	46	89	90	40	96	82	70	81	83	28
	25	27	30	93	63	60	14	42	37	31	66	55
	57	61	82	66	38	32	42	66	76	46	42	29
	53	50	30	45	92	60	97	63	20	68	14	96
	69	70	71	97	52	94	21	69	23	91	98	78
	27	19	93	82	99	52	26	18	83	22	25	85
	46	21	66	84	33	54	45	75	38	87	89	48
	55	99	57	92	13	60	67	83	57	57	95	27
	63	19	98	97	56	95	35	31	86	26	18	88
	83	78	67	83	99	89	83	30	20	59	37	73
	14	74	54	87	88	35	95	18	57	82	92	81
	85	89	87	77	31	29	52	53	50	68	83	36
	12	81	76	62	28	63	59	65	94	88	25	36
	51	62	13	83	95	86	56	30	17	91	91	58
	42	42	27	21	13	86	82	63	57	69	81	26
	89	13	48	12	57	41	40	53	62	96	73	23
	76	64	15	100	32	75	28	25	72	62	79	33
	70	14	78	61	63	60	18	32	77	19	96	17
	27	18	20	60	24	54	95	22	33	22	41	67
	95	74	76	27	51	13	87	76	87	81	82	95
	62	76	17	83	53	91	97	88	60	67	76	60
	67	28	56	19	40	99	65	39	64	30	32	86
	90	76	52	64	11	56	98	94	87	18	22	34
	64	41	44	89	47	51	48	78	18	75	54	86
	59	42	82	17	84	99	28	35	92	51	64	11
	25	82	44	18	66	89	43	19	56	31	72	72
	96	46	64	34	58	34	21	29	77	38	100	25
	23	95	83	76	87	88	94	55	100	100	67	50

	14	71	77	10	82	65	73	90	30	58	31	90
	64	78	86	81	83	51	23	77	87	26	54	28
	66	91	89	46	13	98	61	94	72	61	50	20
	80	46	60	37	81	21	55	28	38	35	66	96
	66	76	11	83	33	25	47	28	96	51	88	65
	19	28	25	94	22	67	45	60	38	34	96	46
	76	90	74	92	35	77	52	22	47	57	48	40
	99	33	48	85	15	33	89	62	23	13	73	33
	84	67	23	32	81	73	70	13	81	63	51	53
	97	85	36	33	25	97	73	69	81	51	24	24
	41	99	29	52	18	33	31	26	35	97	99	89
	55	49	34	39	89	73	11	92	43	26	97	60
	54	57	46	26	42	42	44	72	66	75	57	71
	28	93	32	89	48	90	32	37	18	10	23	90
	76	59	97	95	86	76	63	61	61	89	34	36
	59	47	68	32	38	60	18	61	50	43	65	15
	32	99	89	95	51	68	75	35	90	52	25	36
	29	58	17	43	46	93	50	51	77	49	24	14
	19	52	40	46	39	57	78	81	71	86	40	73
	73	47	11	72	88	45	85	39	19	61	98	18
	45	25	98	75	66	35	90	96	74	58	67	64
	80	53	18	75	79	14	69	91	53	55	37	86
	67	64	99	89	63	96	56	71	15	38	51	37
	96	93	95	23	13	33	39	28	52	33	75	41
	99	39	80	67	56	93	25	33	36	78	18	42
	13	47	90	91	13	14	16	55	88	64	29	83
	45	33	97	60	30	91	44	77	98	19	24	32
	48	39	77	66	15	24	97	19	26	89	90	61
	45	23	78	94	29	45	27	40	23	22	94	45
	82	78	61	43	41	20	62	25	75	20	29	58

	48	32	94	96	58	52	66	18	17	84	71	88
	32	90	23	57	59	68	18	91	87	11	12	33
	86	49	37	94	23	83	58	49	65	48	29	24
	96	70	67	28	76	36	99	92	62	29	55	29
	78	17	93	41	24	58	49	41	77	67	38	52
	27	74	49	81	39	13	63	46	55	76	29	98
	73	66	74	94	36	34	44	20	27	90	77	73
	18	91	38	22	55	36	11	64	91	73	73	56
	65	68	38	26	61	43	91	15	32	82	15	27
	44	28	60	82	23	67	35	70	45	69	29	61
	65	66	10	92	91	43	67	73	25	59	33	48
	29	68	43	27	21	14	80	81	49	24	62	19
	57	16	45	87	18	98	24	23	77	57	25	71
	74	46	83	61	71	63	35	39	80	31	48	99
	36	51	100	39	61	34	15	69	10	63	22	36
	83	42	42	37	26	76	15	33	37	27	19	64
	65	21	96	49	78	77	43	90	97	79	18	77
	57	89	45	72	38	86	14	23	26	74	15	16
	43	36	50	58	86	72	88	14	21	37	48	12
	87	54	56	52	88	56	92	65	25	17	60	20
	84	68	68	72	64	72	84	92	91	31	25	82
	82	56	54	60	31	67	57	69	47	40	100	89
	73	33	39	47	21	44	36	86	43	19	31	55
	31	28	93	92	63	66	32	71	25	40	22	28
	42	72	35	16	97	93	89	72	99	37	86	35
	70	77	48	42	38	13	92	99	28	32	11	17
	89	69	27	57	16	53	74	61	92	27	50	32
	20	19	46	81	11	45	67	88	97	84	55	55
	90	64	89	16	19	92	16	13	53	28	66	89
	58	80	24	37	39	30	56	81	65	62	62	77

	21	92	74	61	48	48	73	64	80	28	92	24
	74	77	64	88	33	50	19	36	58	74	89	75
	30	80	80	56	80	86	11	29	31	21	49	87
	44	35	91	76	91	67	29	47	100	34	15	36
	42	91	27	40	34	78	61	81	88	58	84	32
	12	44	93	80	62	85	28	99	14	11	17	37
	59	52	42	24	39	77	55	98	65	63	86	93
	76	99	24	39	90	90	18	10	79	15	54	89
	77	24	46	91	69	45	94	87	68	72	70	70
	93	39	65	30	25	57	98	84	55	98	17	45
	26	25	86	37	58	83	43	22	93	68	70	45
	88	82	77	29	44	68	68	17	72	31	79	84
	43	42	37	49	77	90	77	16	23	30	38	76
	35	65	61	82	45	62	39	53	52	100	56	69
	99	20	83	70	17	50	61	26	93	47	46	88
	63	83	38	38	23	22	16	88	14	62	49	58
	41	64	16	23	34	19	37	66	87	78	74	38
	44	43	52	76	31	87	20	24	63	49	73	29
	25	37	72	36	78	51	10	48	87	57	12	26
	36	83	92	50	85	77	30	25	30	96	76	56
	18	23	20	89	60	88	80	44	83	68	73	10
	44	32	62	29	22	44	86	42	24	94	72	53
	84	68	11	73	32	13	66	19	59	77	73	89
	66	79	92	73	53	24	71	100	34	27	53	82
	19	83	34	86	82	17	73	41	60	62	47	91
	22	80	82	72	12	21	96	41	52	74	73	29
	81	73	69	19	76	90	25	15	14	67	83	92
	39	72	17	60	76	67	43	75	85	64	18	56
	77	91	14	14	96	82	96	42	39	97	84	18
	96	80	55	77	78	69	72	78	33	31	67	39

