Fo:	48449.99997038888
Tempo:	1340
Gap:	4.127905861929456e-05
Route:	[[0, 486, 502, 509, 521, 529, 534, 524, 510, 497, 481, 467, 462, 452, 442, 434, 413, 369, 365, 366, 370, 367, 420, 432, 446, 455, 472, 473, 456, 444, 438, 416, 419, 427, 441, 450, 460, 485, 490, 514, 515, 527, 532, 516, 513, 499, 488, 478, 491, 511, 518, 531, 212, 228, 234, 247, 257, 246, 240, 226, 201, 213, 227, 238, 244, 263, 259, 242, 237, 224, 210, 291, 309, 340, 334, 321, 290, 338, 310, 287, 337, 317, 288, 341, 146, 319, 279, 283, 315, 336, 286, 311, 147, 339, 335, 314, 289, 268, 282, 313, 331, 330, 312, 285, 269, 260, 250, 229, 219, 203, 214, 220, 230, 249, 256, 261, 252, 239, 222, 202, 205, 225, 235, 253, 255, 231, 223, 208, 525, 522, 512, 504, 484, 500, 482, 480, 498, 495, 479, 493, 477, 464, 459, 466, 451, 449, 440, 412, 417, 436, 430, 410, 421, 439, 448, 458, 463, 461, 431, 418, 374, 363, 376, 368, 362, 1, 2, 364, 372, 373, 375, 371, 3, 4, 180, 179, 5, 6, 360, 378, 380, 377, 381, 389, 388, 395, 379, 382, 383, 387, 402, 403, 401, 404, 386, 384, 391, 390, 361, 392, 408, 407, 406, 405, 393, 394, 424, 423, 396, 400, 397, 425, 426, 399, 398, 357, 358, 359, 7, 385, 19, 474, 134, 200, 132, 129, 133, 130, 127, 124, 121, 123, 120, 122, 192, 190, 119, 196, 197, 195, 125, 191, 126, 189, 131, 188, 128, 198, 199, 265, 266, 276, 274, 267, 170, 275, 356, 355, 164, 160, 162, 169, 168, 167, 166, 178, 177, 176, 175, 154, 156, 155, 159, 158, 342, 343, 344, 345, 323, 322, 326, 325, 324, 296, 297, 299, 300, 301, 346, 152, 304, 303, 306, 347, 348, 350, 349, 305, 302, 351, 352, 295, 294, 293, 353, 354, 298, 292, 161, 163, 165, 107, 103, 99, 100, 104, 108, 193, 111, 115, 194, 118, 116, 112, 109, 113, 117, 114, 110, 106, 102, 105, 101, 95, 96, 91, 88, 93, 97, 98, 94, 89, 85, 82, 86, 81, 80, 79, 84, 90, 83, 87, 92, 157, 153, 74, 69, 64, 59, 54, 55, 60, 65, 70, 75, 76, 71, 66, 61, 56, 57, 62, 67, 72, 77, 78, 73, 68, 63, 58, 50, 18, 51, 52, 53, 49, 17, 46, 47, 48, 44, 16, 45, 42, 43, 185, 184, 182, 181, 183, 186, 187, 15, 41, 14, 40, 13, 471, 453, 36, 12, 443, 435, 414, 411, 429, 445, 457, 470, 11, 469, 454, 32, 447, 437, 409, 422, 428, 28, 433, 415, 24, 9, 468, 10, 465, 476, 492, 23, 22, 21, 533, 25, 26, 520, 27, 507, 496, 483, 475, 503, 31, 508, 523, 30, 528, 29, 526, 33, 519, 34, 505, 35, 501, 489, 487, 494, 39, 506, 517, 38, 37, 530, 211, 221, 233, 245, 264, 262, 243, 241, 215, 209, 207, 216, 232, 248, 254, 258, 251, 236, 217, 206, 204, 218, 284, 307, 329, 151, 333, 150, 308, 277, 270, 272, 281, 318, 332, 327, 316, 280, 273, 271, 278, 320, 328, 149, 148, 171, 174, 172, 173, 144, 145, 136, 138, 142, 140, 143, 139, 141, 137, 135, 20, 8]]
iterações: 20
